x0,y0,z0,xd0,yd0,zd0,Tp,JC,stabilityIndex1,stabilityIndex2,alpha,beta,impactFlag,error
0.9991422113633820,0.0,-0.0027077538485902,0.0000000000000000,-0.0075725268978125,0.0000000000000000,6.0762488228513929,3.0000704634804403,40.910187,2.127085,-43.0372717003504,89.0194367114440,0,3.1e-12
0.9991633655677000,0.0,-0.0026706705453097,0.0000000000000000,-0.0077017625143954,0.0000000000000000,6.0712488228513930,3.0000705758434263,38.605544,2.310687,-40.9162310459556,91.2053420548589,0,3.3e-12
0.9991782739944496,0.0,-0.0026429170458702,0.0000000000000000,-0.0077971415080020,0.0000000000000000,6.0662488228513931,3.0000706882750618,36.305790,2.516200,-38.8219900043079,93.3526355165185,0,2.3e-11
0.9991902323083904,0.0,-0.0026195834540439,0.0000000000000000,-0.0078765661962787,0.0000000000000000,6.0612488228513932,3.0000708007740875,34.006044,2.748381,-36.7544251860832,95.4615813112129,0,2.6e-13
0.9992003776801867,0.0,-0.0025989736383654,0.0000000000000000,-0.0079462103449936,0.0000000000000000,6.0562488228513933,3.0000709133393562,31.699742,3.013665,-34.7134075042362,97.5324140325822,0,1.1e-11
0.9992092646786740,0.0,-0.0025802595514595,0.0000000000000000,-0.0080090832405301,0.0000000000000000,6.0512488228513934,3.0000710259696453,29.377744,3.321064,-32.6988085370223,99.5653806664781,0,3.2e-13
0.9992172132083351,0.0,-0.0025629630361457,0.0000000000000000,-0.0080669200091164,0.0000000000000000,6.0462488228513935,3.0000711386637251,27.026712,3.683790,-30.7105022955252,101.5607367416001,0,4.4e-13
0.9992244276704889,0.0,-0.0025467782666320,0.0000000000000000,-0.0081208288415565,0.0000000000000000,6.0412488228513936,3.0000712514203682,24.625927,4.122433,-28.7483599019731,103.5187306248562,0,4.3e-12
0.9992310480649200,0.0,-0.0025314955681522,0.0000000000000000,-0.0081715684807506,0.0000000000000000,6.0362488228513929,3.0000713642383312,22.140231,4.672020,-26.8122514543068,105.4396105625257,0,3.6e-13
0.9992371752505372,0.0,-0.0025169637413352,0.0000000000000000,-0.0082196853573819,0.0000000000000000,6.0312488228513930,3.0000714771163595,19.501157,5.400891,-24.9020482324279,107.3236294740432,0,1.2e-12
0.9992428847363775,0.0,-0.0025030694827051,0.0000000000000000,-0.0082655884428387,0.0000000000000000,6.0262488228513931,3.0000715900531887,16.536898,6.480722,-23.0176197045847,109.1710375311786,0,1.6e-12
0.9992482347952625,0.0,-0.0024897252726322,0.0000000000000000,-0.0083095932752962,0.0000000000000000,6.0212488228513932,3.0000717030475457,12.294658,8.864182,-21.1588405248807,110.9820947953897,0,6.0e-11
0.9992532715107321,0.0,-0.0024768618364196,0.0000000000000000,-0.0083519493410258,0.0000000000000000,6.0162488228513933,3.0000718160981363,19.150505,0.175058,-19.3255629517377,112.7570266205250,0,7.5e-14
0.9992580320810636,0.0,-0.0024644232088265,0.0000000000000000,-0.0083928579928082,0.0000000000000000,6.0112488228513934,3.0000719292036697,17.362360,0.155311,-17.5176717496284,114.4961111949149,0,1.8e-13
0.9992625470414123,0.0,-0.0024523634106059,0.0000000000000000,-0.0084324845015994,0.0000000000000000,6.0062488228513935,3.0000720423628326,15.598271,0.136758,-15.7350291100006,116.1995916868928,0,1.2e-12
0.9992668418278225,0.0,-0.0024406441101023,0.0000000000000000,-0.0084709665347581,0.0000000000000000,6.0012488228513936,3.0000721555743040,13.858246,0.119255,-13.9775011455711,117.8677188565459,0,4.4e-12
0.9992709378953264,0.0,-0.0024292329499484,0.0000000000000000,-0.0085084202166830,0.0000000000000000,5.9962488228513937,3.0000722688367509,12.142269,0.102687,-12.2449563268677,119.5007466762729,0,6.2e-13
0.9992748535408994,0.0,-0.0024181023154571,0.0000000000000000,-0.0085449445880259,0.0000000000000000,5.9912488228513929,3.0000723821488275,10.450305,0.086954,-10.5372589031546,121.0989250646101,0,1.1e-12
0.9992786045186712,0.0,-0.0024072284128419,0.0000000000000000,-0.0085806249393664,0.0000000000000000,5.9862488228513930,3.0000724955091749,8.782302,0.071973,-8.8542746754909,122.6625059954214,0,1.7e-13
0.9992822045101656,0.0,-0.0023965905648967,0.0000000000000000,-0.0086155353579680,0.0000000000000000,5.9812488228513931,3.0000726089164242,7.138197,0.057672,-7.1958686693089,124.1917410499906,0,9.6e-13
0.9992856654879901,0.0,-0.0023861706657377,0.0000000000000000,-0.0086497406975132,0.0000000000000000,5.9762488228513932,3.0000727223691936,5.517916,0.043990,-5.5619056160348,125.6868817332588,0,1.0e-12
0.9992889980014840,0.0,-0.0023759527524188,0.0000000000000000,-0.0086832981247148,0.0000000000000000,5.9712488228513934,3.0000728358660869,3.921377,0.030872,-3.9522488488931,127.1481784801642,0,1.4e-12
0.9992922114039006,0.0,-0.0023659226641533,0.0000000000000000,-0.0087162583489792,0.0000000000000000,5.9662488228513935,3.0000729494056970,2.348489,0.018273,-2.3667615367185,128.5758818644865,0,9.7e-13
0.9992953140347884,0.0,-0.0023560677683603,0.0000000000000000,-0.0087486666098928,0.0000000000000000,5.9612488228513936,3.0000730629866035,0.799158,0.006149,-0.8053074115736,129.9702427333058,0,1.9e-12
0.9992983133684838,0.0,-0.0023463767379034,0.0000000000000000,-0.0087805634802677,0.0000000000000000,5.9562488228513937,3.0000731766073727,-0.726719,-0.005534,0.7322525225324,131.3315100485653,0,1.3e-12
0.9993012161354536,0.0,-0.0023368393686252,0.0000000000000000,-0.0088119855229338,0.0000000000000000,5.9512488228513929,3.0000732902665574,-2.229245,-0.016810,2.2460553780435,132.6599339474879,0,1.2e-12
0.9993040284228588,0.0,-0.0023274464282696,0.0000000000000000,-0.0088429658345879,0.0000000000000000,5.9462488228513930,3.0000734039626984,-3.708533,-0.027708,3.7362401824789,133.9557631436882,0,3.1e-13
0.9993067557580932,0.0,-0.0023181895308126,0.0000000000000000,-0.0088735344976299,0.0000000000000000,5.9412488228513931,3.0000735176943216,-5.164693,-0.038253,5.2029461089382,135.2192460383008,0,1.3e-12
0.9993094031790960,0.0,-0.0023090610307530,0.0000000000000000,-0.0089037189602398,0.0000000000000000,5.9362488228513932,3.0000736314599394,-6.597844,-0.048470,6.6463134192844,136.4506303056424,0,1.1e-12
0.9993119752935770,0.0,-0.0023000539339068,0.0000000000000000,-0.0089335443567127,0.0000000000000000,5.9312488228513933,3.0000737452580521,-8.008103,-0.058379,8.0664815340518,137.6501636222972,0,1.2e-12
0.9993144763293471,0.0,-0.0022911618216505,0.0000000000000000,-0.0089630337794209,0.0000000000000000,5.9262488228513934,3.0000738590871441,-9.395592,-0.067999,9.4635911672694,138.8180926755468,0,4.0e-13
0.9993169101774216,0.0,-0.0022823787859907,0.0000000000000000,-0.0089922085117879,0.0000000000000000,5.9212488228513935,3.0000739729456862,-10.760434,-0.077349,10.8377835574738,139.9546635478203,0,2.7e-12
0.9993192804289284,0.0,-0.0022736993739259,0.0000000000000000,-0.0090210882277509,0.0000000000000000,5.9162488228513936,3.0000740868321363,-12.102757,-0.086444,12.1892009096536,141.0601215482369,0,5.1e-13
0.9993215904064534,0.0,-0.0022651185392305,0.0000000000000000,-0.0090496911633244,0.0000000000000000,5.9112488228513929,3.0000742007449488,-13.422688,-0.095299,13.5179873308627,142.1347102278342,0,3.1e-11
0.9993238431972198,0.0,-0.0022566315996083,0.0000000000000000,-0.0090780342799159,0.0000000000000000,5.9062488228513930,3.0000743146824904,-14.720342,-0.103927,14.8242681379916,143.1786814231814,0,9.3e-11
0.9993260416589276,0.0,-0.0022482342064417,0.0000000000000000,-0.0091061333416457,0.0000000000000000,5.9012488228513931,3.0000744286432828,-15.995882,-0.112340,16.1082214406808,144.1922644420726,0,6.5e-13
0.9993281884713131,0.0,-0.0022399223001817,0.0000000000000000,-0.0091340031247533,0.0000000000000000,5.8962488228513932,3.0000745426256414,-17.249411,-0.120550,17.3699608754579,145.1757132187921,0,2.0e-12
0.9993302861271184,0.0,-0.0022316920954311,0.0000000000000000,-0.0091616574269110,0.0000000000000000,5.8912488228513933,3.0000746566279739,-18.481072,-0.128567,18.6096397184819,146.1292664320787,0,1.6e-12
0.9993323369613661,0.0,-0.0022235400496489,0.0000000000000000,-0.0091891091994208,0.0000000000000000,5.8862488228513934,3.0000747706486490,-19.691000,-0.136402,19.8274017410883,147.0531653517718,0,1.7e-12
0.9993343431634325,0.0,-0.0022154628426061,0.0000000000000000,-0.0092163706169157,0.0000000000000000,5.8812488228513935,3.0000748846860197,-20.879330,-0.144062,21.0233919381169,147.9476505611031,0,4.4e-13
0.9993363067896220,0.0,-0.0022074573571249,0.0000000000000000,-0.0092434531457505,0.0000000000000000,5.8762488228513936,3.0000749987384228,-22.046198,-0.151557,22.1977549935694,148.8129617358475,0,5.1e-13
0.9993382297746995,0.0,-0.0021995206617873,0.0000000000000000,-0.0092703676059190,0.0000000000000000,5.8712488228513937,3.0000751128041823,-23.191743,-0.158894,23.3506365770008,149.6493378409332,0,1.7e-13
0.9993401139420679,0.0,-0.0021916499955080,0.0000000000000000,-0.0092971242260601,0.0000000000000000,5.8662488228513929,3.0000752268816049,-13.418926,-11.063256,24.4821823361612,150.4570170114821,0,1.1e-12
0.9993419610128160,0.0,-0.0021838427538043,0.0000000000000000,-0.0093237326923536,0.0000000000000000,5.8612488228513930,3.0000753409689795,-16.605242,-8.987297,25.5925387981453,151.2362366495143,0,1.3e-12
0.9993437726139102,0.0,-0.0021760964763966,0.0000000000000000,-0.0093502021926869,0.0000000000000000,5.8562488228513931,3.0000754550645836,-18.631775,-8.050078,26.6818525367698,151.9872333175588,0,7.7e-13
0.9993455502855745,0.0,-0.0021684088360449,0.0000000000000000,-0.0093765414564996,0.0000000000000000,5.8512488228513932,3.0000755691666749,-20.341134,-7.409137,27.7502705557119,152.7102427753193,0,2.4e-13
0.9993472954878813,0.0,-0.0021607776285320,0.0000000000000000,-0.0094027587903668,0.0000000000000000,5.8462488228513934,3.0000756832734963,-21.877261,-6.920679,28.7979399055216,153.4054998651035,0,6.2e-13
0.9993490096067387,0.0,-0.0021532007635766,0.0000000000000000,-0.0094288621103381,0.0000000000000000,5.8412488228513935,3.0000757973832735,-23.297583,-6.527425,29.8250088207817,154.0732388885490,0,6.6e-13
0.9993506939593325,0.0,-0.0021456762565800,0.0000000000000000,-0.0094548589713217,0.0000000000000000,5.8362488228513936,3.0000759114942168,-24.631754,-6.199871,30.8316248810379,154.7136929837931,0,4.5e-13
0.9993523497990672,0.0,-0.0021382022211486,0.0000000000000000,-0.0094807565936910,0.0000000000000000,5.8312488228513937,3.0000760256045189,-25.897370,-5.920566,31.8179364982629,155.3270946274193,0,1.3e-12
0.9993539783197839,0.0,-0.0021307768622968,0.0000000000000000,-0.0095065618869460,0.0000000000000000,5.8262488228513929,3.0000761397123608,-27.105846,-5.678246,32.7840928559063,155.9136754514373,0,5.5e-12
0.9993555806609583,0.0,-0.0021233984702936,0.0000000000000000,-0.0095322814738356,0.0000000000000000,5.8212488228513930,3.0000762538158887,-28.265063,-5.465180,33.7302429903287,156.4736670480164,0,6.9e-13
0.9993571579092766,0.0,-0.0021160654148438,0.0000000000000000,-0.0095579217066238,0.0000000000000000,5.8162488228513931,3.0000763679132580,-29.380719,-5.275817,34.6565358639602,157.0072985545512,0,1.1e-12
0.9993587111040829,0.0,-0.0021087761400487,0.0000000000000000,-0.0095834886891947,0.0000000000000000,5.8112488228513932,3.0000764820025907,-30.457094,-5.106029,35.5631231766469,157.5148004051455,0,1.6e-11
0.9993602412398299,0.0,-0.0021015291597466,0.0000000000000000,-0.0096089882921625,0.0000000000000000,5.8062488228513933,3.0000765960819904,-31.497487,-4.952662,36.4501487467046,157.9963980996873,0,2.6e-12
0.9993617492684317,0.0,-0.0020943230527512,0.0000000000000000,-0.0096344261688016,0.0000000000000000,5.8012488228513934,3.0000767101495525,-32.504522,-4.813248,37.3177697646500,158.4523226384738,0,1.2e-12
0.9993632361028602,0.0,-0.0020871564591233,0.0000000000000000,-0.0096598077701582,0.0000000000000000,5.7962488228513935,3.0000768242033442,-33.480317,-4.685822,38.1661386295802,158.8828023289495,0,2.9e-11
0.9993647026178529,0.0,-0.0020800280770840,0.0000000000000000,-0.0096851383526589,0.0000000000000000,5.7912488228513936,3.0000769382414298,-34.426598,-4.568795,38.9953927304859,159.2880550221100,0,1.5e-12
0.9993661496550560,0.0,-0.0020729366579498,0.0000000000000000,-0.0097104230017415,0.0000000000000000,5.7862488228513929,3.0000770522618385,-35.344838,-4.460858,39.8056959993552,159.6683138300202,0,1.8e-12
0.9993675780221181,0.0,-0.0020658810047286,0.0000000000000000,-0.0097356666310833,0.0000000000000000,5.7812488228513930,3.0000771662625927,-36.236267,-4.360929,40.5971965541274,160.0238013827825,0,2.0e-13
0.9993689884961919,0.0,-0.0020588599683067,0.0000000000000000,-0.0097608739991920,0.0000000000000000,5.7762488228513931,3.0000772802416922,-37.101947,-4.268098,41.3700451851328,160.3547408869518,0,7.6e-13
0.9993703818252020,0.0,-0.0020518724450125,0.0000000000000000,-0.0097860497170991,0.0000000000000000,5.7712488228513932,3.0000773941971235,-37.942799,-4.181593,42.1243926810692,160.6613546148641,0,5.4e-12
0.9993717587301753,0.0,-0.0020449173737114,0.0000000000000000,-0.0098111982600568,0.0000000000000000,5.7662488228513933,3.0000775081268465,-38.759642,-4.100757,42.8603985095070,160.9438703598644,0,3.0e-11
0.9993731199050938,0.0,-0.0020379937347887,0.0000000000000000,-0.0098363239678138,0.0000000000000000,5.7612488228513934,3.0000776220288108,-39.553174,-4.025025,43.5781989313168,161.2024977824210,0,8.4e-14
0.9993744660204608,0.0,-0.0020311005458340,0.0000000000000000,-0.0098614310642361,0.0000000000000000,5.7562488228513935,3.0000777359009456,-40.324056,-3.953905,44.2779608248586,161.4374684558137,0,2.2e-12
0.9993757977230500,0.0,-0.0020242368615914,0.0000000000000000,-0.0098865236543595,0.0000000000000000,5.7512488228513936,3.0000778497411580,-41.072861,-3.886970,44.9598314563404,161.6489983798738,0,3.1e-13
0.9993771156377035,0.0,-0.0020174017711866,0.0000000000000000,-0.0099116057353973,0.0000000000000000,5.7462488228513937,3.0000779635473398,-41.800116,-3.823848,45.6239646076296,161.8373078020770,0,9.3e-13
0.9993784203683891,0.0,-0.0020105943965566,0.0000000000000000,-0.0099366812021481,0.0000000000000000,5.7412488228513938,3.0000780773173639,-42.506304,-3.764209,46.2705131856912,162.0026154045147,0,5.0e-13
0.9993797124992615,0.0,-0.0020038138908325,0.0000000000000000,-0.0099617538527238,0.0000000000000000,5.7362488228513939,3.0000781910490817,-43.191869,-3.707761,46.8996302824114,162.1451391934359,0,1.9e-13
0.9993809925956338,0.0,-0.0019970594368212,0.0000000000000000,-0.0099868273939189,0.0000000000000000,5.7312488228513931,3.0000783047403292,-43.857223,-3.654246,47.5114690088094,162.2650963695537,0,5.6e-13
0.9993822612049073,0.0,-0.0019903302456002,0.0000000000000000,-0.0100119054462058,0.0000000000000000,5.7262488228513932,3.0000784183889202,-44.502750,-3.603434,48.1061834052144,162.3627043239496,0,9.6e-13
0.9993835188574466,0.0,-0.0019836255551689,0.0000000000000000,-0.0100369915485322,0.0000000000000000,5.7212488228513934,3.0000785319926520,-45.128810,-3.555117,48.6839263270335,162.4381784188290,0,8.3e-13
0.9993847660673389,0.0,-0.0019769446292443,0.0000000000000000,-0.0100620891625125,0.0000000000000000,5.7162488228513935,3.0000786455493009,-45.735743,-3.509110,49.2448525059521,162.4917352953812,0,9.2e-13
0.9993860033332230,0.0,-0.0019702867560680,0.0000000000000000,-0.0100872016767932,0.0000000000000000,5.7112488228513936,3.0000787590566236,-46.323869,-3.465246,49.7891151868350,162.5235892723958,0,1.4e-12
0.9993872311390105,0.0,-0.0019636512473143,0.0000000000000000,-0.0101123324109461,0.0000000000000000,5.7062488228513937,3.0000788725123586,-46.893494,-3.423374,50.3168678299361,162.5339541105475,0,4.6e-12
0.9993884499542077,0.0,-0.0019570374371347,0.0000000000000000,-0.0101374846181955,0.0000000000000000,5.7012488228513938,3.0000789859142283,-47.444910,-3.383357,50.8282662301972,162.5230458372957,0,9.9e-13
0.9993896602352660,0.0,-0.0019504446810610,0.0000000000000000,-0.0101626614907375,0.0000000000000000,5.6962488228513939,3.0000790992599273,-47.978393,-3.345070,51.3234628004125,162.4910755836445,0,4.6e-12
0.9993908624254340,0.0,-0.0019438723552311,0.0000000000000000,-0.0101878661610296,0.0000000000000000,5.6912488228513940,3.0000792125471385,-48.494214,-3.308400,51.8026140986130,162.4382589475965,0,1.4e-12
0.9993920569556994,0.0,-0.0019373198554547,0.0000000000000000,-0.0102131017058735,0.0000000000000000,5.6862488228513932,3.0000793257735210,-48.992628,-3.273244,52.2658718341821,162.3648051361167,0,8.9e-13
0.9993932442451787,0.0,-0.0019307865965020,0.0000000000000000,-0.0102383711487099,0.0000000000000000,5.6812488228513933,3.0000794389367167,-49.473886,-3.239506,52.7133914910571,162.2709273624903,0,4.3e-12
0.9993944247016534,0.0,-0.0019242720112325,0.0000000000000000,-0.0102636774627743,0.0000000000000000,5.6762488228513934,3.0000795520343457,-49.938230,-3.207099,53.1453289232049,162.1568387333887,0,2.6e-13
0.9993955987220087,0.0,-0.0019177755499762,0.0000000000000000,-0.0102890235732590,0.0000000000000000,5.6712488228513935,3.0000796650640100,-50.385893,-3.175943,53.5618368793810,162.0227481029849,0,1.1e-12
0.9993967666926665,0.0,-0.0019112966798204,0.0000000000000000,-0.0103144123598513,0.0000000000000000,5.6662488228513936,3.0000797780232920,-50.817104,-3.145966,53.9630697380907,161.8688657614325,0,3.1e-12
0.9993979289898066,0.0,-0.0019048348839511,0.0000000000000000,-0.0103398466588147,0.0000000000000000,5.6612488228513937,3.0000798909097539,-51.232101,-3.117096,54.3491980113391,161.6954230319282,0,9.6e-11
0.9993990859806546,0.0,-0.0018983896612773,0.0000000000000000,-0.0103653292655115,0.0000000000000000,5.6562488228513939,3.0000800037209356,-51.631057,-3.089276,54.7203324792230,161.5025716069574,0,3.2e-13
0.9994002380220655,0.0,-0.0018919605253950,0.0000000000000000,-0.0103908629357108,0.0000000000000000,5.6512488228513940,3.0000801164543627,-52.014228,-3.062442,55.0766702772813,161.2905773877530,0,6.6e-13
0.9994013854626427,0.0,-0.0018855470045281,0.0000000000000000,-0.0104164503881811,0.0000000000000000,5.6462488228513932,3.0000802291075379,-52.381809,-3.036543,55.4183523618707,161.0596313782319,0,6.3e-13
0.9994025286420896,0.0,-0.0018791486408079,0.0000000000000000,-0.0104420943058514,0.0000000000000000,5.6412488228513933,3.0000803416779438,-52.734005,-3.011528,55.7455327012108,160.8099416831051,0,6.1e-13
0.9994036678918857,0.0,-0.0018727649897902,0.0000000000000000,-0.0104677973381819,0.0000000000000000,5.6362488228513934,3.0000804541630446,-53.071016,-2.987350,56.0583666496711,160.5417177769166,0,1.7e-12
0.9994048035353855,0.0,-0.0018663956200605,0.0000000000000000,-0.0104935621021372,0.0000000000000000,5.6312488228513935,3.0000805665602841,-53.393042,-2.963966,56.3570079636350,160.2551668740950,0,2.5e-12
0.9994059358881665,0.0,-0.0018600401127719,0.0000000000000000,-0.0105193911839899,0.0000000000000000,5.6262488228513936,3.0000806788670862,-53.700276,-2.941335,56.6416107419443,159.9504963874920,0,5.6e-13
0.9994070652582784,0.0,-0.0018536980612621,0.0000000000000000,-0.0105452871406503,0.0000000000000000,5.6212488228513937,3.0000807910808560,-53.992912,-2.919419,56.9123304663750,159.6279156081985,0,3.9e-13
0.9994081919464957,0.0,-0.0018473690706411,0.0000000000000000,-0.0105712525011160,0.0000000000000000,5.6162488228513938,3.0000809031989779,-54.271139,-2.898182,57.1693210066674,159.2876313671511,0,1.4e-13
0.9994093162465384,0.0,-0.0018410527574463,0.0000000000000000,-0.0105972897676816,0.0000000000000000,5.6112488228513939,3.0000810152188189,-54.535145,-2.877591,57.4127361463346,158.9298502309161,0,2.0e-12
0.9994104384452857,0.0,-0.0018347487492912,0.0000000000000000,-0.0106234014171454,0.0000000000000000,5.6062488228513931,3.0000811271377232,-54.785116,-2.857615,57.6427314183045,158.5547813594092,0,1.9e-12
0.9994115588229837,0.0,-0.0018284566845419,0.0000000000000000,-0.0106495899019328,0.0000000000000000,5.6012488228513932,3.0000812389530198,-55.021234,-2.838225,57.8594587805571,158.1626285366503,0,1.2e-12
0.9994126776534470,0.0,-0.0018221762119921,0.0000000000000000,-0.0106758576512746,0.0000000000000000,5.5962488228513934,3.0000813506620134,-55.243682,-2.819392,58.0630738235378,157.7536010210904,0,1.1e-12
0.9994137952042369,0.0,-0.0018159069905839,0.0000000000000000,-0.0107022070721127,0.0000000000000000,5.5912488228513935,3.0000814622619951,-55.452638,-2.801091,58.2537297884712,157.3279045893385,0,1.4e-12
0.9994149117368256,0.0,-0.0018096486891692,0.0000000000000000,-0.0107286405499214,0.0000000000000000,5.5862488228513936,3.0000815737502307,-55.648283,-2.783298,58.4315807639940,156.8857466028996,0,1.4e-12
0.9994154799274629,0.0,-0.0018064662719983,0.0000000000000000,-0.0107421326118313,0.0000000000000000,5.5837029971419003,3.0000816304723390,-55.742841,-2.774425,58.5172661288540,156.6543571322904,0,4.1e-12
0.9994160368171231,0.0,-0.0018033488830009,0.0000000000000000,-0.0107553821703780,0.0000000000000000,5.5812070901408379,3.0000816860530697,-55.832260,-2.765846,58.5981060679089,156.4234387377594,0,3.1e-12
0.9994166051681795,0.0,-0.0018001692442295,0.0000000000000000,-0.0107689303575364,0.0000000000000000,5.5786592276974947,3.0000817427606363,-55.920210,-2.757207,58.6774171063617,156.1835893981886,0,3.0e-12
0.9994171622776523,0.0,-0.0017970545051121,0.0000000000000000,-0.0107822355703184,0.0000000000000000,5.5761613238763514,3.0000817983263577,-56.003191,-2.748851,58.7520422329967,155.9444239270297,0,2.3e-12
0.9994177425206842,0.0,-0.0017938126867151,0.0000000000000000,-0.0107961191264204,0.0000000000000000,5.5735593842469777,3.0000818561744715,-56.086236,-2.740264,58.8265004466346,155.6910945746988,0,3.1e-12
0.9994183113494791,0.0,-0.0017906370166747,0.0000000000000000,-0.0108097547266390,0.0000000000000000,5.5710084635756312,3.0000819128563432,-56.164316,-2.731959,58.8962745662448,155.4385961851985,0,2.9e-12
0.9994188920145084,0.0,-0.0017873978379554,0.0000000000000000,-0.0108236992780361,0.0000000000000000,5.5684044422453436,3.0000819706850974,-56.240636,-2.723594,58.9642299302971,155.1766464386487,0,2.3e-12
0.9994194729399767,0.0,-0.0017841599486381,0.0000000000000000,-0.0108376751115701,0.0000000000000000,5.5657993794272818,3.0000820285032024,-56.313590,-2.715337,59.0289270222038,154.9103797042274,0,1.2e-12
0.9994200425336123,0.0,-0.0017809880192916,0.0000000000000000,-0.0108514021771697,0.0000000000000000,5.5632453967719702,3.0000820851544225,-56.381839,-2.707348,59.0891871251929,154.6452735588296,0,3.6e-12
0.9994206240761950,0.0,-0.0017777525471931,0.0000000000000000,-0.0108654411136434,0.0000000000000000,5.5606382496817970,3.0000821429506255,-56.448187,-2.699299,59.1474860465127,154.3705292520131,0,4.3e-12
0.9994213362732262,0.0,-0.0017737944924832,0.0000000000000000,-0.0108826663838127,0.0000000000000000,5.5574461354969307,3.0000822136668424,-56.524888,-2.689585,59.2144734053257,154.0285152297979,0,2.8e-12
0.9994220347433308,0.0,-0.0017699175773618,0.0000000000000000,-0.0108995933425815,0.0000000000000000,5.5543166124767698,3.0000822829447404,-56.595280,-2.680210,59.2754906517142,153.6872469765224,0,6.2e-12
0.9994227480523583,0.0,-0.0017659634963216,0.0000000000000000,-0.0109169135145961,0.0000000000000000,5.5511219444850193,3.0000823536112025,-56.662273,-2.670786,59.3330597778559,153.3328375397002,0,5.2e-12
0.9994234765802131,0.0,-0.0017619307220530,0.0000000000000000,-0.0109346374071289,0.0000000000000000,5.5478607754385880,3.0000824256921041,-56.725637,-2.661315,59.3869524453263,152.9648164773403,0,4.4e-12
0.9994242058328743,0.0,-0.0017578999201956,0.0000000000000000,-0.0109524126541046,0.0000000000000000,5.5445983020918348,3.0000824977438465,-56.783994,-2.651987,59.4359812791827,152.5904042135312,0,7.7e-12
0.9994249358695941,0.0,-0.0017538710251160,0.0000000000000000,-0.0109702399295907,0.0000000000000000,5.5413345239005727,3.0000825697655653,-56.837384,-2.642797,59.4801806018616,152.2096471107482,0,3.9e-12
0.9994256816709371,0.0,-0.0017497618231566,0.0000000000000000,-0.0109884852830776,0.0000000000000000,5.5380028059818027,3.0000826432249617,-56.886786,-2.633558,59.5203436545674,151.8146366063258,0,5.7e-12
0.9994264284049251,0.0,-0.0017456545058834,0.0000000000000000,-0.0110067860753919,0.0000000000000000,5.5346697554903317,3.0000827166506583,-56.931100,-2.624455,59.5555556379285,151.4131301419727,0,6.5e-12
0.9994271761321950,0.0,-0.0017415490074012,0.0000000000000000,-0.0110251430184428,0.0000000000000000,5.5313353718697726,3.0000827900417222,-56.970370,-2.615486,59.5858553199733,151.0051810251409,0,5.2e-12
0.9994279402021187,0.0,-0.0017373615481293,0.0000000000000000,-0.0110439331353509,0.0000000000000000,5.5279315787189329,3.0000828648935789,-57.005285,-2.606466,59.6117505351760,150.5823235945991,0,4.7e-12
0.9994287210512386,0.0,-0.0017330904961078,0.0000000000000000,-0.0110631683001611,0.0000000000000000,5.5244569311750604,3.0000829412328565,-57.035590,-2.597397,59.6329866099951,150.1440442244966,0,3.3e-12
0.9994295031605047,0.0,-0.0017288212761249,0.0000000000000000,-0.0110824663781709,0.0000000000000000,5.5209808938163176,3.0000830175301876,-57.060568,-2.588459,59.6490275998514,149.6989684677205,0,5.9e-12
0.9994302865948679,0.0,-0.0017245538195169,0.0000000000000000,-0.0111018281660606,0.0000000000000000,5.5175034660610782,3.0000830937844927,-57.080266,-2.579651,59.6599164312123,149.2471553029968,0,5.0e-12
0.9994310874468707,0.0,-0.0017202010376857,0.0000000000000000,-0.0111216515108380,0.0000000000000000,5.5139536510439520,3.0000831715492122,-57.094973,-2.570791,59.6657636272067,148.7792440505816,0,5.7e-12
0.9994319061934586,0.0,-0.0017157612262689,0.0000000000000000,-0.0111419492747156,0.0000000000000000,5.5103299419113290,3.0000832508514415,-57.104417,-2.561880,59.6662977908527,148.2946939369660,0,6.3e-12
0.9994327101521019,0.0,-0.0017114119081564,0.0000000000000000,-0.0111619104028351,0.0000000000000000,5.5067772864109399,3.0000833285179063,-57.108273,-2.553272,59.6615450841242,147.8129530029239,0,3.0e-12
0.9994335489970240,0.0,-0.0017068849868193,0.0000000000000000,-0.0111827683316561,0.0000000000000000,5.5030766652009699,3.0000834093328712,-57.106665,-2.544435,59.6510993434125,147.3041862005994,0,3.5e-12
0.9994343896786957,0.0,-0.0017023597956629,0.0000000000000000,-0.0112037022623040,0.0000000000000000,5.4993745636516991,3.0000834900908759,-57.099375,-2.535723,59.6350979198041,146.7881895137014,0,4.4e-12
0.9994352494812263,0.0,-0.0016977439812440,0.0000000000000000,-0.0112251426525794,0.0000000000000000,5.4955953978391054,3.0000835724365653,-57.086141,-2.526958,59.6130987722202,146.2542897494700,0,3.9e-12
0.9994361289458125,0.0,-0.0016930357267549,0.0000000000000000,-0.0112471039583567,0.0000000000000000,5.4917375635425136,3.0000836563976945,-57.066664,-2.518141,59.5848053183265,145.7019056446070,0,2.5e-12
0.9994369929687870,0.0,-0.0016884232882902,0.0000000000000000,-0.0112687087428716,0.0000000000000000,5.4879553734782434,3.0000837386143604,-57.041788,-2.509620,59.5514084049078,145.1532163960258,0,3.1e-12
0.9994378949521023,0.0,-0.0016836223455291,0.0000000000000000,-0.0112912923448549,0.0000000000000000,5.4840156576042745,3.0000838241505039,-57.009862,-2.500870,59.5107325140332,144.5742576881769,0,2.2e-12
0.9994387993889785,0.0,-0.0016788230780385,0.0000000000000000,-0.0113139666412236,0.0000000000000000,5.4800743656064865,3.0000839096123730,-56.971860,-2.492241,59.4641011060788,143.9875968875617,0,4.4e-12
0.9994397248913516,0.0,-0.0016739275344142,0.0000000000000000,-0.0113371982363281,0.0000000000000000,5.4760510301202299,3.0000839967397370,-56.926889,-2.483556,59.4104452769183,143.3811197279751,0,1.5e-12
0.9994406720741933,0.0,-0.0016689337785562,0.0000000000000000,-0.0113610034334990,0.0000000000000000,5.4719439432638257,3.0000840855608102,-56.874630,-2.474815,59.3494453649670,142.7542093467064,0,1.5e-12
0.9994416221598084,0.0,-0.0016639416764905,0.0000000000000000,-0.0113849102778684,0.0000000000000000,5.4678352132241788,3.0000841742944133,-56.816012,-2.466193,59.2822054341781,142.1192663974800,0,3.8e-12
0.9994426145880548,0.0,-0.0016587454517943,0.0000000000000000,-0.0114099120373683,0.0000000000000000,5.4635553570147799,3.0000842665910104,-56.748306,-2.457337,59.2056437917868,141.4497297567202,0,4.7e-12
0.9994436103327942,0.0,-0.0016535509348938,0.0000000000000000,-0.0114350263640100,0.0000000000000000,5.4592737884242863,3.0000843587870816,-56.673882,-2.448601,59.1224835230086,140.7717339531737,0,5.0e-12
0.9994446299089520,0.0,-0.0016482521033526,0.0000000000000000,-0.0114607706242997,0.0000000000000000,5.4549030928170898,3.0000844527584740,-56.591105,-2.439806,59.0309106831751,140.0713086648734,0,9.9e-12
0.9994456531217607,0.0,-0.0016429549216408,0.0000000000000000,-0.0114866348492731,0.0000000000000000,5.4505306483949116,3.0000845466199118,-56.501519,-2.431127,58.9326452479384,139.3623385186968,0,1.0e-11
0.9994467010584279,0.0,-0.0016375512716406,0.0000000000000000,-0.0115131520202776,0.0000000000000000,5.4460671851494382,3.0000846422807683,-56.403182,-2.422385,58.8255674408369,138.6302271490656,0,1.4e-11
0.9994477529687151,0.0,-0.0016321492139255,0.0000000000000000,-0.0115397970264231,0.0000000000000000,5.4416019358742824,3.0000847378215085,-56.297954,-2.413756,58.7117090739961,137.8894975784083,0,1.7e-11
0.9994488305375422,0.0,-0.0016266384900557,0.0000000000000000,-0.0115671191137780,0.0000000000000000,5.4370437358038490,3.0000848351852838,-56.183576,-2.405061,58.5886372505540,137.1249164727858,0,1.7e-11
0.9994499124340711,0.0,-0.0016211293023689,0.0000000000000000,-0.0115945774091700,0.0000000000000000,5.4324837116909350,3.0000849324179959,-56.062232,-2.396474,58.4587061504834,136.3516625152968,0,1.6e-11
0.9994509987555080,0.0,-0.0016156215717571,0.0000000000000000,-0.0116221735881672,0.0000000000000000,5.4279218627526635,3.0000850295170012,-55.934025,-2.387990,58.3220152937746,135.5698826021949,0,2.4e-11
0.9994521119021256,0.0,-0.0016100028848994,0.0000000000000000,-0.0116504767094514,0.0000000000000000,5.4232650519858039,3.0000851284566270,-55.796239,-2.379435,58.1756744858453,134.7635233201058,0,2.5e-11
0.9994532074424169,0.0,-0.0016044979157712,0.0000000000000000,-0.0116783563481262,0.0000000000000000,5.4186995510421223,3.0000852252765751,-55.654492,-2.371147,58.0256395070317,133.9649918507964,0,2.2e-11
0.9994542856406908,0.0,-0.0015991042268057,0.0000000000000000,-0.0117058171686292,0.0000000000000000,5.4142235694909200,3.0000853200229707,-55.509229,-2.363114,57.8723424127692,133.1745998275210,0,1.7e-11
0.9994553467522860,0.0,-0.0015938194435209,0.0000000000000000,-0.0117328637962627,0.0000000000000000,5.4098353520124380,3.0000854127409933,-55.360863,-2.355322,57.7161848036914,132.3926228131024,0,2.2e-11
0.9994563910244847,0.0,-0.0015886412519876,0.0000000000000000,-0.0117595008215172,0.0000000000000000,5.4055331777090601,3.0000855034748857,-55.209787,-2.347760,57.5575468150562,131.6193166487078,0,1.7e-11
0.9994574186973145,0.0,-0.0015835673964759,0.0000000000000000,-0.0117857328037157,0.0000000000000000,5.4013153594300505,3.0000855922679683,-55.056359,-2.340418,57.3967769807475,130.8548960771627,0,1.6e-11
0.9994584300042541,0.0,-0.0015785956772565,0.0000000000000000,-0.0118115642740977,0.0000000000000000,5.3971802431095464,3.0000856791626553,-54.900917,-2.333287,57.2342028239605,130.0995549528782,0,1.7e-11
0.9994594251728912,0.0,-0.0015737239485119,0.0000000000000000,-0.0118369997386487,0.0000000000000000,5.3931262071175654,3.0000857642004655,-54.743775,-2.326355,57.0701297763989,129.3534626951491,0,1.5e-11
0.9994604044254869,0.0,-0.0015689501164109,0.0000000000000000,-0.0118620436802190,0.0000000000000000,5.3891516616237496,3.0000858474220395,-54.585224,-2.319616,56.9048405498606,128.6167621968732,0,1.6e-11
0.9994613679794904,0.0,-0.0015642721372668,0.0000000000000000,-0.0118867005605359,0.0000000000000000,5.3852550479736054,3.0000859288671511,-54.425540,-2.313061,56.7386005545917,127.8895796563818,0,9.7e-12
0.9994623160479835,0.0,-0.0015596880158342,0.0000000000000000,-0.0119109748216040,0.0000000000000000,5.3814348380769959,3.0000860085747250,-54.264972,-2.306682,56.5716533585123,127.1720145657453,0,5.3e-12
0.9994632488400885,0.0,-0.0015551958036711,0.0000000000000000,-0.0119348708870465,0.0000000000000000,5.3776895338086339,3.0000860865828489,-54.103754,-2.300472,56.4042255320319,126.4641485425616,0,7.5e-12
0.9994641665613280,0.0,-0.0015507935976052,0.0000000000000000,-0.0119583931630752,0.0000000000000000,5.3740176664203503,3.0000861629287887,-53.942106,-2.294424,56.2365297491468,125.7660507644305,0,9.3e-12
0.9994650878719356,0.0,-0.0015463915150036,0.0000000000000000,-0.0119820194984712,0.0000000000000000,5.3703443292059774,3.0000862391725689,-53.776892,-2.288412,56.0653036021824,125.0636852413354,0,1.1e-11
0.9994659942768872,0.0,-0.0015420775596512,0.0000000000000000,-0.0120052752058876,0.0000000000000000,5.3667430177172930,3.0000863137912384,-53.611571,-2.282554,55.8941253397619,124.3713025852801,0,8.1e-12
0.9994668859740203,0.0,-0.0015378499168913,0.0000000000000000,-0.0120281646501689,0.0000000000000000,5.3632123196794677,3.0000863868205019,-53.446326,-2.276844,55.7231698265396,123.6889273461550,0,1.1e-11
0.9994677631585701,0.0,-0.0015337068130034,0.0000000000000000,-0.0120506921818690,0.0000000000000000,5.3597508505109248,3.0000864582952844,-53.281326,-2.271276,55.5526020754732,123.0165774662692,0,1.2e-11
0.9994686616632343,0.0,-0.0015294791296315,0.0000000000000000,-0.0120737780636984,0.0000000000000000,5.3562173251436445,3.0000865311316236,-53.109883,-2.265621,55.3755039995627,122.3268815181084,0,8.7e-12
0.9994695455756314,0.0,-0.0015253359633404,0.0000000000000000,-0.0120964996117638,0.0000000000000000,5.3527530840347994,3.0000866024147954,-52.938894,-2.260106,55.1989996481625,121.6474914771104,0,1.1e-11
0.9994704150866989,0.0,-0.0015212755834056,0.0000000000000000,-0.0121188611527058,0.0000000000000000,5.3493567686685459,3.0000866721790249,-52.768511,-2.254724,55.0232342199597,120.9784028927595,0,8.4e-12
0.9994712878698495,0.0,-0.0015172151026746,0.0000000000000000,-0.0121413169571962,0.0000000000000000,5.3459590936502304,3.0000867418500059,-52.595380,-2.249363,54.8447437034350,120.3061214296908,0,4.4e-12
0.9994721463984808,0.0,-0.0015132357108467,0.0000000000000000,-0.0121634158625257,0.0000000000000000,5.3426280391351382,3.0000868100362248,-52.423084,-2.244131,54.6672141695153,119.6442435147862,0,5.7e-12
0.9994730081216218,0.0,-0.0015092561773963,0.0000000000000000,-0.0121856068069761,0.0000000000000000,5.3392956510617422,3.0000868781311669,-52.248223,-2.238917,54.4871393942547,118.9794148698218,0,5.0e-12
0.9994738557337671,0.0,-0.0015053560766076,0.0000000000000000,-0.0122074439530809,0.0000000000000000,5.3360286033364641,3.0000869447748331,-52.074407,-2.233824,54.3082310703695,118.3250756691643,0,2.4e-12
0.9994746894193379,0.0,-0.0015015337914716,0.0000000000000000,-0.0122289315888755,0.0000000000000000,5.3328256147799440,3.0000870099992762,-51.901743,-2.228850,54.1305920483244,117.6811733440989,0,4.1e-12
0.9994755261217456,0.0,-0.0014977113031796,0.0000000000000000,-0.0122505062561820,0.0000000000000000,5.3296213438990021,3.0000870751374915,-51.726810,-2.223890,53.9506991205491,117.0346995294774,0,1.1e-11
0.9994763658587665,0.0,-0.0014938886092157,0.0000000000000000,-0.0122721685448990,0.0000000000000000,5.3264157901604650,3.0000871401884672,-51.549645,-2.218943,53.7685873543677,116.3857146421828,0,7.2e-12
0.9994771917652217,0.0,-0.0014901421528110,0.0000000000000000,-0.0122934832523948,0.0000000000000000,5.3232730897928588,3.0000872038530608,-51.373884,-2.214108,53.5879920797393,115.7473161623802,0,6.7e-12
0.9994780206252577,0.0,-0.0014863954660110,0.0000000000000000,-0.0123148834062836,0.0000000000000000,5.3201291311928580,3.0000872674324488,-51.196039,-2.209284,53.4053227811391,115.1065989345232,0,4.8e-12
0.9994788357918539,0.0,-0.0014827234742438,0.0000000000000000,-0.0123359390793748,0.0000000000000000,5.3170468182046537,3.0000873296569046,-51.019754,-2.204568,53.2243213364338,114.4764900115631,0,7.8e-12
0.9994796538306913,0.0,-0.0014790512314431,0.0000000000000000,-0.0123570780466942,0.0000000000000000,5.3139632711381291,3.0000873917981963,-50.841524,-2.199860,53.0413840148828,113.8442475728696,0,5.0e-12
0.9994804747556041,0.0,-0.0014753787382880,0.0000000000000000,-0.0123783008358602,0.0000000000000000,5.3108784894811683,3.0000874538554121,-50.661375,-2.195162,52.8565365925126,113.2099150345584,0,6.4e-12
0.9994812820782832,0.0,-0.0014717794388682,0.0000000000000000,-0.0123991810858039,0.0000000000000000,5.3078541930771417,3.0000875145892794,-50.482996,-2.190565,52.6735606334940,112.5862884312592,0,4.5e-12
0.9994821087635242,0.0,-0.0014681064247687,0.0000000000000000,-0.0124205715719895,0.0000000000000000,5.3047669407161857,3.0000875764778310,-50.299132,-2.185882,52.4850137123038,111.9479581631344,0,5.1e-12
0.9994829217560528,0.0,-0.0014645066187951,0.0000000000000000,-0.0124416171818276,0.0000000000000000,5.3017402220183989,3.0000876370446461,-50.117166,-2.181299,52.2984644947235,111.3205040867092,0,7.1e-12
0.9994837212348568,0.0,-0.0014609785411501,0.0000000000000000,-0.0124623221786255,0.0000000000000000,5.2987728500603763,3.0000876963191208,-49.937156,-2.176813,52.1139683462258,110.7038253547050,0,4.6e-12
0.9994845398428007,0.0,-0.0014573781918218,0.0000000000000000,-0.0124835321569143,0.0000000000000000,5.2957437070880689,3.0000877567197666,-49.751778,-2.172240,51.9240173725696,110.0727899320300,0,1.1e-11
0.9994853448460010,0.0,-0.0014538495883427,0.0000000000000000,-0.0125043991973326,0.0000000000000000,5.2927739583568236,3.0000878158297248,-49.568476,-2.167763,51.7362389978543,109.4526924820846,0,5.0e-12
0.9994861526019170,0.0,-0.0014503207160870,0.0000000000000000,-0.0125253472386863,0.0000000000000000,5.2898030205074482,3.0000878748572566,-49.383581,-2.163289,51.5468701247356,108.8309611014338,0,6.6e-12
0.9994869631201591,0.0,-0.0014467915794842,0.0000000000000000,-0.0125463767542251,0.0000000000000000,5.2868308930470951,3.0000879338015389,-49.197118,-2.158819,51.3559366836466,108.2076423186040,0,8.3e-12
0.9994877601201818,0.0,-0.0014433327600016,0.0000000000000000,-0.0125670652650904,0.0000000000000000,5.2839170418568795,3.0000879914856027,-49.012888,-2.154439,51.1673268377598,107.5952894467673,0,8.7e-12
0.9994885761414173,0.0,-0.0014398030865735,0.0000000000000000,-0.0125882576673045,0.0000000000000000,5.2809425337108769,3.0000880502630860,-48.823394,-2.149973,50.9733665288704,106.9689521309492,0,5.5e-12
0.9994893785512826,0.0,-0.0014363437516881,0.0000000000000000,-0.0126091067195610,0.0000000000000000,5.2780263484826033,3.0000881077820982,-48.636240,-2.145596,50.7818356221103,106.3537217106116,0,6.6e-12
0.9994901836539662,0.0,-0.0014328841563710,0.0000000000000000,-0.0126300359921165,0.0000000000000000,5.2751089955178898,3.0000881652184725,-48.447673,-2.141220,50.5888929677013,105.7371273753110,0,5.4e-12
0.9994909752776078,0.0,-0.0014294934927675,0.0000000000000000,-0.0126506250240336,0.0000000000000000,5.2722488447806271,3.0000882214254130,-48.261529,-2.136932,50.3984601702515,105.1315776813642,0,4.1e-12
0.9994917857405112,0.0,-0.0014260333730210,0.0000000000000000,-0.0126717146265419,0.0000000000000000,5.2693291549080685,3.0000882786963095,-48.070231,-2.132555,50.2027857363805,104.5123947574411,0,6.1e-12
0.9994925826308149,0.0,-0.0014226422087301,0.0000000000000000,-0.0126924616465791,0.0000000000000000,5.2664667130532923,3.0000883347395728,-47.881454,-2.128264,50.0097186023611,103.9043859441413,0,1.0e-11
0.9994933661279096,0.0,-0.0014193186108142,0.0000000000000000,-0.0127128703743045,0.0000000000000000,5.2636603967231848,3.0000883895827308,-47.695221,-2.124058,49.8192788277322,103.3074115755185,0,8.6e-12
0.9994941521528012,0.0,-0.0014159947521783,0.0000000000000000,-0.0127333554629421,0.0000000000000000,5.2608529566082085,3.0000884443469649,-47.507786,-2.119850,49.6276356648269,102.7093547869010,0,7.1e-12
0.9994949407109305,0.0,-0.0014126706401729,0.0000000000000000,-0.0127539173149189,0.0000000000000000,5.2580443922435594,3.0000884990315733,-47.319170,-2.115639,49.4348081490315,102.1102504253861,0,8.7e-12
0.9994957318074821,0.0,-0.0014093462824756,0.0000000000000000,-0.0127745563331015,0.0000000000000000,5.2552347031641542,3.0000885536358535,-47.129394,-2.111424,49.2408178867613,101.5101389466604,0,5.1e-12
0.9994965095527379,0.0,-0.0014060881682639,0.0000000000000000,-0.0127948579074134,0.0000000000000000,5.2524801052150565,3.0000886070696464,-46.942304,-2.107291,49.0495946480395,100.9210791833762,0,9.6e-12
0.9994973056960215,0.0,-0.0014027633214853,0.0000000000000000,-0.0128156510713385,0.0000000000000000,5.2496681653273116,3.0000886615132303,-46.750286,-2.103069,48.8533550414128,100.3190688074594,0,1.2e-11
0.9994980883958337,0.0,-0.0013995047443513,0.0000000000000000,-0.0128361044856089,0.0000000000000000,5.2469113606743001,3.0000887147881845,-46.561042,-2.098927,48.6599693428165,99.7282275605528,0,3.4e-12
0.9994988735571375,0.0,-0.0013962459375855,0.0000000000000000,-0.0128566337117247,0.0000000000000000,5.2441534519934931,3.0000887679837311,-46.370756,-2.094780,48.4655362012089,99.1365451514303,0,6.8e-12
0.9994996611836436,0.0,-0.0013929869099946,0.0000000000000000,-0.0128772391320964,0.0000000000000000,5.2413944388283333,3.0000888210992014,-46.179448,-2.090629,48.2700761922376,98.5440609403556,0,1.3e-11
0.9995004512788302,0.0,-0.0013897276706776,0.0000000000000000,-0.0128979211295588,0.0000000000000000,5.2386343207219914,3.0000888741339278,-45.987141,-2.086471,48.0736112542185,97.9508174213499,0,4.6e-12
0.9995012279734583,0.0,-0.0013865334070194,0.0000000000000000,-0.0129182642329100,0.0000000000000000,5.2359283217142920,3.0000889260291825,-45.797722,-2.082390,47.8801116556127,97.3687203517034,0,9.1e-12
0.9995020229723272,0.0,-0.0013832737504382,0.0000000000000000,-0.0129390991510206,0.0000000000000000,5.2331659923726166,3.0000889789024816,-45.603481,-2.078220,47.6817005600403,96.7740517689756,0,1.2e-11
0.9995028204488522,0.0,-0.0013800139110524,0.0000000000000000,-0.0129600117901936,0.0000000000000000,5.2304025567179124,3.0000890316930384,-45.408296,-2.074042,47.4823379300105,96.1787250376024,0,5.6e-12
0.9995036043852364,0.0,-0.0013768190882540,0.0000000000000000,-0.0129805820341450,0.0000000000000000,5.2276933051689207,3.0000890833470661,-45.216112,-2.069941,47.2860533174088,95.5946913850225,0,2.3e-12
0.9995043749651674,0.0,-0.0013736879734471,0.0000000000000000,-0.0130008142411391,0.0000000000000000,5.2250371753146627,3.0000891338902820,-45.026921,-2.065915,47.0928359551021,95.0217758729939,0,2.5e-12
0.9995051797599753,0.0,-0.0013704275795657,0.0000000000000000,-0.0130219581448536,0.0000000000000000,5.2222704180312416,3.0000891864349022,-44.829053,-2.061714,46.8907669360868,94.4246819417228,0,4.7e-12
0.9995059708742854,0.0,-0.0013672322443869,0.0000000000000000,-0.0130427561305980,0.0000000000000000,5.2195579099403648,3.0000892378459891,-44.634293,-2.057589,46.6918814967530,93.8390153232667,0,1.0e-11
0.9995067643843408,0.0,-0.0013640367594629,0.0000000000000000,-0.0130636307499743,0.0000000000000000,5.2168443154374797,3.0000892891748383,-44.438711,-2.053455,46.4921655593207,93.2528754070179,0,8.3e-12
0.9995075602914809,0.0,-0.0013608411358327,0.0000000000000000,-0.0130845823681472,0.0000000000000000,5.2141296340730463,3.0000893404208124,-44.242325,-2.049311,46.2916359833637,92.6662949344052,0,3.1e-12
0.9995083426103366,0.0,-0.0013577092884768,0.0000000000000000,-0.0131051900929411,0.0000000000000000,5.2114681808003995,3.0000893905610497,-44.049094,-2.045242,46.0943359350193,92.0910322314014,0,1.2e-11
0.9995091432732135,0.0,-0.0013545133982326,0.0000000000000000,-0.0131262954169249,0.0000000000000000,5.2087513243836803,3.0000894416414625,-43.851159,-2.041079,45.8922376860704,91.5036590374605,0,1.1e-11
0.9995099463359010,0.0,-0.0013513174037343,0.0000000000000000,-0.0131474788313197,0.0000000000000000,5.2060333797554561,3.0000894926371005,-43.652471,-2.036905,45.6893764305352,90.9159445029115,0,3.0e-12
0.9995107517988723,0.0,-0.0013481213170611,0.0000000000000000,-0.0131687407027731,0.0000000000000000,5.2033143464650937,3.0000895435473254,-43.453041,-2.032721,45.4857621146994,90.3279065068250,0,5.1e-12
0.9995115596623830,0.0,-0.0013449251505466,0.0000000000000000,-0.0131900813983531,0.0000000000000000,5.2005942240616854,3.0000895943714987,-43.252891,-2.028526,45.2814167935799,89.7395898848458,0,6.0e-12
0.9995123537008502,0.0,-0.0013417928295049,0.0000000000000000,-0.0132110721934215,0.0000000000000000,5.1979274363652559,3.0000896440952847,-43.056061,-2.024403,45.0804634431242,89.1627966190731,0,5.7e-12
0.9995131500510762,0.0,-0.0013386604308865,0.0000000000000000,-0.0132321395598418,0.0000000000000000,5.1952595804754917,3.0000896937356076,-42.858569,-2.020268,44.8788373954139,88.5857924381195,0,2.8e-12
0.9995139327200130,0.0,-0.0013355906045670,0.0000000000000000,-0.0132528602872762,0.0000000000000000,5.1926440344722380,3.0000897423017596,-42.664398,-2.016205,44.6806028539623,88.0201455459127,0,7.1e-12
0.9995147336528803,0.0,-0.0013324580638088,0.0000000000000000,-0.0132740804639446,0.0000000000000000,5.1899740408909674,3.0000897917754394,-42.465640,-2.012046,44.4776855566967,87.4428026440881,0,1.2e-11
0.9995155533094890,0.0,-0.0013292615653212,0.0000000000000000,-0.0132958136234011,0.0000000000000000,5.1872484662633278,3.0000898421706825,-42.262195,-2.007789,44.2699838650011,86.8535612655571,0,7.0e-12
0.9995163589026393,0.0,-0.0013261289822815,0.0000000000000000,-0.0133171907938229,0.0000000000000000,5.1845763331760200,3.0000898914710663,-42.062213,-2.003604,44.0658165265770,86.2760113844479,0,1.2e-11
0.9995171668040884,0.0,-0.0013229963854940,0.0000000000000000,-0.0133386462822766,0.0000000000000000,5.1819031296821532,3.0000899406849633,-41.861650,-1.999406,43.8610554837674,85.6984092457175,0,6.3e-12
0.9995179607889715,0.0,-0.0013199264279738,0.0000000000000000,-0.0133597490675447,0.0000000000000000,5.1792823408587960,3.0000899888302826,-41.664546,-1.995278,43.6598229801526,85.1323256829371,0,8.8e-12
0.9995187732634266,0.0,-0.0013167938187315,0.0000000000000000,-0.0133813608341422,0.0000000000000000,5.1766069952444234,3.0000900378715429,-41.462873,-1.991051,43.4539239055966,84.5546934755769,0,5.1e-12
0.9995195717269073,0.0,-0.0013137238754422,0.0000000000000000,-0.0134026174485863,0.0000000000000000,5.1739841062741778,3.0000900858465127,-41.264712,-1.986895,43.2516066400602,83.9886425902063,0,4.2e-12
0.9995203887679813,0.0,-0.0013105913081113,0.0000000000000000,-0.0134243868751008,0.0000000000000000,5.1713066167645012,3.0000901347127580,-41.061991,-1.982639,43.0446299419419,83.4111031514310,0,2.7e-12
0.9995211917030716,0.0,-0.0013075214331482,0.0000000000000000,-0.0134457986746782,0.0000000000000000,5.1686816259070083,3.0000901825150454,-40.862830,-1.978453,42.8412835814372,82.8451979092736,0,4.2e-12
0.9995219968516156,0.0,-0.0013044516000976,0.0000000000000000,-0.0134672878729140,0.0000000000000000,5.1660555834645807,3.0000902302311943,-40.663197,-1.974252,42.6374495541993,82.2794086344511,0,8.1e-12
0.9995228207077698,0.0,-0.0013013191877374,0.0000000000000000,-0.0134892956675728,0.0000000000000000,5.1633748747918293,3.0000902788315553,-40.459020,-1.969950,42.4289697654464,81.7022276848559,0,4.9e-12
0.9995236303148221,0.0,-0.0012982495068671,0.0000000000000000,-0.0135109420863522,0.0000000000000000,5.1607467278479007,3.0000903263715322,-40.258478,-1.965717,42.2241944693246,81.1367644269798,0,7.9e-12
0.9995244421280761,0.0,-0.0012951799102801,0.0000000000000000,-0.0135326669143593,0.0000000000000000,5.1581175280111626,3.0000903738236402,-40.057507,-1.961468,42.0189750531111,80.5715070385282,0,4.8e-12
0.9995252727769157,0.0,-0.0012920477834685,0.0000000000000000,-0.0135549161898629,0.0000000000000000,5.1554335961706812,3.0000904221527906,-39.852008,-1.957115,41.8091230978511,79.9949540638784,0,2.9e-12
0.9995261057101560,0.0,-0.0012889158004943,0.0000000000000000,-0.0135772476316288,0.0000000000000000,5.1527485890323828,3.0000904703888520,-39.646092,-1.952744,41.5988364389707,79.4186734366376,0,7.1e-12
0.9995269409244658,0.0,-0.0012857839770555,0.0000000000000000,-0.0135996615957237,0.0000000000000000,5.1500625061497773,3.0000905185312154,-39.439778,-1.948356,41.3881329540557,78.8427029571588,0,5.4e-12
0.9995277616474854,0.0,-0.0012827149479068,0.0000000000000000,-0.0136217077757258,0.0000000000000000,5.1474290902967281,3.0000905656194319,-39.237214,-1.944037,41.1812508317574,78.2785762011907,0,4.2e-12
0.9995285845610081,0.0,-0.0012796460778012,0.0000000000000000,-0.0136438340670044,0.0000000000000000,5.1447946193652703,3.0000906126168827,-39.034292,-1.939700,40.9739918916913,77.7147947810873,0,7.5e-12
0.9995294265195330,0.0,-0.0012765147702954,0.0000000000000000,-0.0136664947545546,0.0000000000000000,5.1421053066226889,3.0000906604791129,-38.826878,-1.935255,40.7621327630638,77.1399023000980,0,4.0e-12
0.9995302707442235,0.0,-0.0012733836863596,0.0000000000000000,-0.0136892393829241,0.0000000000000000,5.1394149163476648,3.0000907082452413,-38.619121,-1.930791,40.5499115710756,76.5654338654947,0,5.7e-12
0.9995311172308534,0.0,-0.0012702528426134,0.0000000000000000,-0.0137120683112461,0.0000000000000000,5.1367234480922965,3.0000907559146608,-38.411038,-1.926306,40.3373442313243,75.9914230425618,0,7.1e-12
0.9995319659750092,0.0,-0.0012671222558783,0.0000000000000000,-0.0137349818991149,0.0000000000000000,5.1340309014083934,3.0000908034867653,-38.202644,-1.921802,40.1244455485745,75.4179012394354,0,6.3e-12
0.9995328169721088,0.0,-0.0012639919431437,0.0000000000000000,-0.0137579805068677,0.0000000000000000,5.1313372758474793,3.0000908509609476,-37.993954,-1.917276,39.9112297764217,74.8448984421725,0,3.7e-12
0.9995336702173840,0.0,-0.0012608619215871,0.0000000000000000,-0.0137810644953983,0.0000000000000000,5.1286425709607855,3.0000908983366021,-37.784980,-1.912730,39.6977092969211,74.2724406631889,0,6.2e-12
0.9995345085775356,0.0,-0.0012577947874218,0.0000000000000000,-0.0138037700799998,0.0000000000000000,5.1260007020355829,3.0000909446687514,-37.579924,-1.908253,39.4881766708410,73.7119879016108,0,1.3e-11
0.9995353662663606,0.0,-0.0012546653686731,0.0000000000000000,-0.0138270243769443,0.0000000000000000,5.1233038371796011,3.0000909918479075,-37.370435,-1.903663,39.2740976738764,73.1407035931825,0,8.0e-12
0.9995362437572277,0.0,-0.0012514724513362,0.0000000000000000,-0.0138508422832743,0.0000000000000000,5.1205508314904238,3.0000910398862755,-37.156424,-1.898956,39.0553800935339,72.5584172463804,0,8.0e-12
0.9995371059449167,0.0,-0.0012483437703017,0.0000000000000000,-0.0138742714512575,0.0000000000000000,5.1178518048065218,3.0000910868617039,-36.946468,-1.894321,38.8407882909291,71.9884536179375,0,7.7e-12
0.9995379703543683,0.0,-0.0012452154688651,0.0000000000000000,-0.0138977878153000,0.0000000000000000,5.1151516965486472,3.0000911337355736,-36.736304,-1.889662,38.6259656473876,71.4191925854369,0,2.2e-12
0.9995388369797835,0.0,-0.0012420875652118,0.0000000000000000,-0.0139213917405324,0.0000000000000000,5.1124505062662839,3.0000911805072792,-36.525940,-1.884980,38.4109196121434,70.8506491632991,0,7.3e-12
0.9995397235658831,0.0,-0.0012388962688744,0.0000000000000000,-0.0139455679194555,0.0000000000000000,5.1096930850359010,3.0000912281273737,-36.311102,-1.880177,38.1912784282959,70.2712952685757,0,1.8e-12
0.9995405946429484,0.0,-0.0012357692505589,0.0000000000000000,-0.0139693496764721,0.0000000000000000,5.1069897293193280,3.0000912746904396,-36.100391,-1.875446,37.9758365743385,69.7043232285779,0,4.5e-12
0.9995414857585492,0.0,-0.0012325788962959,0.0000000000000000,-0.0139937080788088,0.0000000000000000,5.1042300975397650,3.0000913220963792,-35.885220,-1.870592,37.7558127534122,69.1266173168738,0,5.5e-12
0.9995423791479696,0.0,-0.0012293890604035,0.0000000000000000,-0.0140181589951291,0.0000000000000000,5.1014693597768384,3.0000913693930120,-35.669910,-1.865713,37.5356227973185,68.5498033166944,0,5.1e-12
0.9995432568723258,0.0,-0.0012262635310714,0.0000000000000000,-0.0140422111221961,0.0000000000000000,5.0987627525030863,3.0000914156372320,-35.458783,-1.860905,37.3196876799387,67.9854166539249,0,2.4e-12
0.9995441730937692,0.0,-0.0012230096977186,0.0000000000000000,-0.0140673502011191,0.0000000000000000,5.0959434146109714,3.0000914636753677,-35.238831,-1.855871,37.0947013931444,67.3987153233388,0,1.1e-11
0.9995450916525680,0.0,-0.0012197564940387,0.0000000000000000,-0.0140925866241107,0.0000000000000000,5.0931229467123762,3.0000915115973013,-35.018783,-1.850808,36.8695915049193,66.8130505188341,0,2.7e-12
0.9995460125405699,0.0,-0.0012165039418862,0.0000000000000000,-0.0141179208060865,0.0000000000000000,5.0903013483340906,3.0000915594023572,-34.798649,-1.845717,36.6443650921404,66.2284362309555,0,4.6e-12
0.9995469357494351,0.0,-0.0012132520632657,0.0000000000000000,-0.0141433531630715,0.0000000000000000,5.0874786190025745,3.0000916070898609,-34.578445,-1.840595,36.4190400446103,65.6449118974247,0,6.2e-12
0.9995478994740735,0.0,-0.0012098668680083,0.0000000000000000,-0.0141699387284944,0.0000000000000000,5.0845383223808653,3.0000916566175975,-34.349107,-1.835231,36.1843374593468,65.0385252165431,0,7.1e-12
0.9995488656798468,0.0,-0.0012064825080259,0.0000000000000000,-0.0141966312129323,0.0000000000000000,5.0815968471027224,3.0000917060155832,-34.119733,-1.829833,35.9495660038029,64.4334046037204,0,3.0e-12
0.9995498149627187,0.0,-0.0012031666567796,0.0000000000000000,-0.0142228941367105,0.0000000000000000,5.0787130458224370,3.0000917542991892,-33.894923,-1.824511,35.7194329739106,63.8416346637080,0,1.3e-11
0.9995508058985839,0.0,-0.0011997149880189,0.0000000000000000,-0.0142503500310288,0.0000000000000000,5.0757091334736790,3.0000918044397005,-33.660843,-1.818934,35.4797766220841,63.2268349567906,0,1.0e-11
0.9995517993774288,0.0,-0.0011962642967626,0.0000000000000000,-0.0142779184945726,0.0000000000000000,5.0727040168497179,3.0000918544423483,-33.426781,-1.813321,35.2401013187205,62.6134687981054,0,5.9e-12
0.9995527953877464,0.0,-0.0011928146104106,0.0000000000000000,-0.0143056000260207,0.0000000000000000,5.0696976954422679,3.0000919043063337,-33.192754,-1.807671,35.0004247156714,62.0015745739023,0,2.7e-12
0.9995538143179832,0.0,-0.0011892956011089,0.0000000000000000,-0.0143339634427413,0.0000000000000000,5.0666287905752174,3.0000919550439864,-32.954001,-1.801868,34.7558685685331,61.3787381632771,0,8.7e-12
0.9995548153987416,0.0,-0.0011858480574884,0.0000000000000000,-0.0143618747163493,0.0000000000000000,5.0636200580269914,3.0000920046249924,-32.720099,-1.796142,34.5162404454412,60.7699293387014,0,7.9e-12
0.9995558817500521,0.0,-0.0011821863418696,0.0000000000000000,-0.0143916551389323,0.0000000000000000,5.0604220505224431,3.0000920571487151,-32.471683,-1.790016,34.2616987992100,60.1248265736725,0,3.4e-12
0.9995569508766752,0.0,-0.0011785259802548,0.0000000000000000,-0.0144215647619125,0.0000000000000000,5.0572227606309923,3.0000921095109478,-32.223393,-1.783846,34.0072386929750,59.4815683781812,0,3.3e-12
0.9995580446627416,0.0,-0.0011747923632696,0.0000000000000000,-0.0144522184634661,0.0000000000000000,5.0539568699092650,3.0000921627741390,-31.970189,-1.777504,33.7476930291881,58.8271355197451,0,2.6e-12
0.9995591865659625,0.0,-0.0011709064373107,0.0000000000000000,-0.0144842798814701,0.0000000000000000,5.0505549533852552,3.0000922180518081,-31.706735,-1.770850,33.4775853704583,58.1478692529959,0,6.4e-12
0.9995603549125004,0.0,-0.0011669430202668,0.0000000000000000,-0.0145171471454023,0.0000000000000000,5.0470822176051442,3.0000922742646670,-31.438139,-1.764006,33.2021448618345,57.4570749625177,0,1.9e-12
0.9995615264045330,0.0,-0.0011629814942934,0.0000000000000000,-0.0145501680884553,0.0000000000000000,5.0436080888692336,3.0000923302812579,-31.169799,-1.757107,32.9269065191882,56.7686835265500,0,2.0e-12
0.9995626775027225,0.0,-0.0011591010601339,0.0000000000000000,-0.0145826785721519,0.0000000000000000,5.0402020771218421,3.0000923849861882,-30.907102,-1.750292,32.6573939963851,56.0964454050608,0,3.0e-12
0.9995638084842200,0.0,-0.0011553000318960,0.0000000000000000,-0.0146146838200492,0.0000000000000000,5.0368628468237970,3.0000924384126271,-30.649944,-1.743559,32.3935033562054,55.4399843343733,0,1.1e-12
0.9995649196265960,0.0,-0.0011515767584254,0.0000000000000000,-0.0146461891094512,0.0000000000000000,5.0335890886213788,3.0000924905928539,-30.398224,-1.736909,32.1351328954093,54.7989354366163,0,2.3e-13
0.9995660112075644,0.0,-0.0011479296226602,0.0000000000000000,-0.0146771997660068,0.0000000000000000,5.0303795188328522,3.0000925415582831,-30.151841,-1.730340,31.8821807278516,54.1729390540303,0,8.6e-13
0.9995670835047189,0.0,-0.0011443570410023,0.0000000000000000,-0.0147077211583610,0.0000000000000000,5.0272328789450693,3.0000925913394880,-29.910691,-1.723853,31.6345442443493,53.5616394056036,0,1.9e-12
0.9995681367952886,0.0,-0.0011408574626889,0.0000000000000000,-0.0147377586930687,0.0000000000000000,5.0241479351199461,3.0000926399662227,-29.674674,-1.717447,31.3921209672760,52.9646861182113,0,1.5e-12
0.9995691713559055,0.0,-0.0011374293691699,0.0000000000000000,-0.0147673178097249,0.0000000000000000,5.0211234777106268,3.0000926874674421,-29.443692,-1.711122,31.1548134626210,52.3817459918640,0,2.5e-12
0.9995701874624000,0.0,-0.0011340712734910,0.0000000000000000,-0.0147964039762395,0.0000000000000000,5.0181583207871361,3.0000927338713286,-29.217638,-1.704877,30.9225146088286,51.8124673303432,0,1.2e-11
0.9995711853895891,0.0,-0.0011307817196822,0.0000000000000000,-0.0148250226843504,0.0000000000000000,5.0152513016713387,3.0000927792053056,-28.996430,-1.698711,30.6951413833095,51.2565604424491,0,7.6e-12
0.9995721654110881,0.0,-0.0011275592821796,0.0000000000000000,-0.0148531794450033,0.0000000000000000,5.0124012804810096,3.0000928234960655,-28.779953,-1.692625,30.4725780112662,50.7136618717570,0,1.9e-12
0.9995731277991499,0.0,-0.0011244025652012,0.0000000000000000,-0.0148808797845108,0.0000000000000000,5.0096071396828705,3.0000928667695845,-28.568121,-1.686617,30.2547383832233,50.1834829529353,0,4.7e-12
0.9995740728244781,0.0,-0.0011213102021996,0.0000000000000000,-0.0149081292400928,0.0000000000000000,5.0068677836543651,3.0000929090511428,-28.360833,-1.680688,30.0415205224620,49.6657012175036,0,5.1e-12
0.9995750007560930,0.0,-0.0011182808552542,0.0000000000000000,-0.0149349333563510,0.0000000000000000,5.0041821382540554,3.0000929503653473,-28.158008,-1.674835,29.8328439294199,49.1600491574458,0,1.8e-11
0.9995759118611938,0.0,-0.0011153132145197,0.0000000000000000,-0.0149612976813979,0.0000000000000000,5.0015491504004297,3.0000929907361460,-27.959531,-1.669062,29.6285921350147,48.6661766329524,0,3.9e-12
0.9995768064050047,0.0,-0.0011124059976705,0.0000000000000000,-0.0149872277632133,0.0000000000000000,4.9989677876589687,3.0000930301868465,-27.765330,-1.663364,29.4286937119147,48.1838449911021,0,4.7e-12
0.9995776846506926,0.0,-0.0011095579493247,0.0000000000000000,-0.0150127291465559,0.0000000000000000,4.9964370378373300,3.0000930687401373,-27.575314,-1.657742,29.2330561619297,47.7127681519590,0,8.3e-12
0.9995785468592197,0.0,-0.0011067678405366,0.0000000000000000,-0.0150378073692828,0.0000000000000000,4.9939559085884442,3.0000931064181016,-27.389386,-1.652196,29.0415822050546,47.2526517411978,0,6.5e-12
0.9995793932892676,0.0,-0.0011040344682301,0.0000000000000000,-0.0150624679596186,0.0000000000000000,4.9915234270214199,3.0000931432422338,-27.207462,-1.646726,28.8541881421549,46.8032368542869,0,2.7e-12
0.9995802241971309,0.0,-0.0011013566546946,0.0000000000000000,-0.0150867164329593,0.0000000000000000,4.9891386393200641,3.0000931792334575,-27.029464,-1.641329,28.6707944920024,46.3642776048049,0,1.6e-11
0.9995810398366476,0.0,-0.0010987332470461,0.0000000000000000,-0.0151105582892599,0.0000000000000000,4.9868006103688929,3.0000932144121428,-26.855294,-1.636008,28.4913025250870,45.9354843221696,0,3.0e-12
0.9995818404591095,0.0,-0.0010961631167292,0.0000000000000000,-0.0151339990102487,0.0000000000000000,4.9845084233864707,3.0000932487981178,-26.684884,-1.630760,28.3156438012937,45.5166428689463,0,7.9e-12
0.9995826263131962,0.0,-0.0010936451590254,0.0000000000000000,-0.0151570440567884,0.0000000000000000,4.9822611795659411,3.0000932824106852,-26.518146,-1.625584,28.1437304402035,45.1074947242353,0,1.1e-11
0.9995833976449202,0.0,-0.0010911782925385,0.0000000000000000,-0.0151796988666715,0.0000000000000000,4.9800579977226116,3.0000933152686398,-26.354994,-1.620482,27.9754754261511,44.7077857690264,0,8.8e-12
0.9995841546975626,0.0,-0.0010887614587255,0.0000000000000000,-0.0152019688522115,0.0000000000000000,4.9778980139484430,3.0000933473902776,-26.195369,-1.615450,27.8108195523220,44.3173310716970,0,8.3e-12
0.9995849128834603,0.0,-0.0010863453147986,0.0000000000000000,-0.0152243067353001,0.0000000000000000,4.9757371642317541,3.0000933794333808,-26.035992,-1.610389,27.6463810787089,43.9280881673856,0,3.3e-12
0.9995856570025216,0.0,-0.0010839781645608,0.0000000000000000,-0.0152462640390115,0.0000000000000000,4.9736186825815736,3.0000934107592565,-25.880055,-1.605400,27.4854551646630,43.5478359791616,0,4.3e-12
0.9995864022049168,0.0,-0.0010816116795082,0.0000000000000000,-0.0152682871564796,0.0000000000000000,4.9714993516363659,3.0000934420093719,-25.724370,-1.600380,27.3247507851510,43.1687763787064,0,2.0e-12
0.9995871335519523,0.0,-0.0010792931705952,0.0000000000000000,-0.0152899339572995,0.0000000000000000,4.9694215747026664,3.0000934725608257,-25.572050,-1.595432,27.1674823879846,42.7984708156516,0,3.5e-12
0.9995878659348407,0.0,-0.0010769753023520,0.0000000000000000,-0.0153116445489485,0.0000000000000000,4.9673429648018246,3.0000935030392095,-25.419985,-1.590455,27.0104402130864,42.4293414267689,0,7.8e-12
0.9995885846729181,0.0,-0.0010747044137540,0.0000000000000000,-0.0153329831013356,0.0000000000000000,4.9653051104986812,3.0000935328369867,-25.271204,-1.585548,26.8567523070496,42.0687199362307,0,1.7e-12
0.9995892900002477,0.0,-0.0010724795320381,0.0000000000000000,-0.0153539549497336,0.0000000000000000,4.9633072127116291,3.0000935619705631,-25.125642,-1.580712,26.7063542567931,41.7164178408138,0,3.7e-12
0.9995900107008909,0.0,-0.0010702098550394,0.0000000000000000,-0.0153754162820127,0.0000000000000000,4.9612677241952357,3.0000935916288065,-24.977361,-1.575749,26.5531098424993,41.3580605525733,0,1.1e-11
0.9995907179420711,0.0,-0.0010679861790809,0.0000000000000000,-0.0153965088331036,0.0000000000000000,4.9592682242179267,3.0000936206251354,-24.832292,-1.570856,26.4031487115709,41.0079810754297,0,1.1e-11
0.9995914119561973,0.0,-0.0010658075514133,0.0000000000000000,-0.0154172379319735,0.0000000000000000,4.9573079287377810,3.0000936489754979,-24.690365,-1.566035,26.2563999835487,40.6659772984153,0,8.3e-12
0.9995920929726421,0.0,-0.0010636730395133,0.0000000000000000,-0.0154376088703669,0.0000000000000000,4.9553860690848719,3.0000936766954220,-24.551511,-1.561283,26.1127934281083,40.3318505051262,0,2.7e-12
0.9995927612177319,0.0,-0.0010615817306309,0.0000000000000000,-0.0154576269014970,0.0000000000000000,4.9535018916598936,3.0000937038000299,-24.415665,-1.556599,25.9722646995439,40.0054177172516,0,7.9e-12
0.9995934303020019,0.0,-0.0010594909285205,0.0000000000000000,-0.0154776991369127,0.0000000000000000,4.9516169589456132,3.0000937308442328,-24.280046,-1.551890,25.8319361977535,39.6799771652004,0,7.1e-12
0.9995940868176034,0.0,-0.0010574424332957,0.0000000000000000,-0.0154974227515030,0.0000000000000000,4.9497689844362789,3.0000937572888473,-24.147363,-1.547250,25.6946129414877,39.3620180431014,0,6.0e-12
0.9995947309852793,0.0,-0.0010554353702996,0.0000000000000000,-0.0155168029301397,0.0000000000000000,4.9479572435032591,3.0000937831482029,-24.017555,-1.542678,25.5602330853333,39.0513668500365,0,1.8e-11
0.9995953630226959,0.0,-0.0010534688834214,0.0000000000000000,-0.0155358448150617,0.0000000000000000,4.9461810257250667,3.0000938084362549,-23.890544,-1.538174,25.4287182512161,38.7478103038666,0,3.2e-12
0.9995959831444208,0.0,-0.0010515421347219,0.0000000000000000,-0.0155545535044813,0.0000000000000000,4.9444396346088109,3.0000938331665954,-23.766284,-1.533736,25.3000199769572,38.4512100241726,0,5.4e-12
0.9995965915619345,0.0,-0.0010496543040290,0.0000000000000000,-0.0155729340515993,0.0000000000000000,4.9427323873171201,3.0000938573524629,-23.644702,-1.529365,25.1740664984843,38.1613715947847,0,3.6e-12
0.9995971884836413,0.0,-0.0010478045885490,0.0000000000000000,-0.0155909914637290,0.0000000000000000,4.9410586144004185,3.0000938810067534,-23.525746,-1.525059,25.0508043830322,37.8781467399909,0,2.0e-12
0.9995977741148636,0.0,-0.0010459922025214,0.0000000000000000,-0.0156087307010275,0.0000000000000000,4.9394176595344401,3.0000939041420298,-23.409351,-1.520818,24.9301686365469,37.6013595409298,0,6.5e-12
0.9995983486578686,0.0,-0.0010442163768095,0.0000000000000000,-0.0156261566761321,0.0000000000000000,4.9378088792629118,3.0000939267705289,-23.295468,-1.516641,24.8121090096147,37.3308717484798,0,5.6e-12
0.9995989123118652,0.0,-0.0010424763585773,0.0000000000000000,-0.0156432742529578,0.0000000000000000,4.9362316427452555,3.0000939489041745,-23.184031,-1.512528,24.6965591596235,37.0665061006991,0,6.6e-12
0.9995994652730299,0.0,-0.0010407714109195,0.0000000000000000,-0.0156600882462457,0.0000000000000000,4.9346853315092583,3.0000939705545826,-23.074989,-1.508478,24.5834669577301,36.8081213446728,0,6.4e-12
0.9996000077345151,0.0,-0.0010391008125231,0.0000000000000000,-0.0156766034208144,0.0000000000000000,4.9331693392085789,3.0000939917330731,-22.968284,-1.504491,24.4727742141161,36.5555621976138,0,5.9e-12
0.9996005398864773,0.0,-0.0010374638573225,0.0000000000000000,-0.0156928244911001,0.0000000000000000,4.9316830713850157,3.0000940124506741,-22.863876,-1.500564,24.3644403241392,36.3087174619964,0,5.3e-12
0.9996010619160893,0.0,-0.0010358598541738,0.0000000000000000,-0.0157087561205695,0.0000000000000000,4.9302259452354313,3.0000940327181351,-22.761699,-1.496699,24.2583977365562,36.0674102866440,0,4.7e-12
0.9996015740075661,0.0,-0.0010342881265350,0.0000000000000000,-0.0157244029212701,0.0000000000000000,4.9287973893832477,3.0000940525459288,-22.661717,-1.492894,24.1546115269867,35.8315448385981,0,9.0e-12
0.9996020763421821,0.0,-0.0010327480121492,0.0000000000000000,-0.0157397694534045,0.0000000000000000,4.9273968436544227,3.0000940719442650,-22.563870,-1.489148,24.0530187720678,35.6009572484583,0,8.8e-12
0.9996025690983090,0.0,-0.0010312388627239,0.0000000000000000,-0.0157548602251320,0.0000000000000000,4.9260237588578208,3.0000940909230929,-22.468111,-1.485462,23.9535731406437,35.3755248008361,0,8.0e-13
0.9996030524514227,0.0,-0.0010297600436422,0.0000000000000000,-0.0157696796921169,0.0000000000000000,4.9246775965698824,3.0000941094921103,-22.374398,-1.481834,23.8562315763485,35.1551337922351,0,3.4e-12
0.9996035265741474,0.0,-0.0010283109336573,0.0000000000000000,-0.0157842322573871,0.0000000000000000,4.9233578289235238,3.0000941276607711,-22.282686,-1.478263,23.7609489709219,34.9396659912087,0,5.1e-13
0.9996039916362702,0.0,-0.0010268909246058,0.0000000000000000,-0.0157985222711051,0.0000000000000000,4.9220639384011697,3.0000941454382923,-22.192931,-1.474748,23.6676794867233,34.7290018561271,0,9.6e-12
0.9996044478047766,0.0,-0.0010254994211286,0.0000000000000000,-0.0158125540303747,0.0000000000000000,4.9207954176318447,3.0000941628336570,-22.105081,-1.471291,23.5763720872951,34.5230095685664,0,5.9e-12
0.9996048952438867,0.0,-0.0010241358403708,0.0000000000000000,-0.0158263317793788,0.0000000000000000,4.9195517691922497,3.0000941798556258,-22.019101,-1.467888,23.4869893216012,34.3215911677384,0,5.2e-12
0.9996053341150634,0.0,-0.0010227996117474,0.0000000000000000,-0.0158398597088831,0.0000000000000000,4.9183325054117208,3.0000941965127397,-21.934946,-1.464541,23.3994875435703,34.1246341421296,0,3.5e-12
0.9996057645770655,0.0,-0.0010214901766472,0.0000000000000000,-0.0158531419565937,0.0000000000000000,4.9171371481810331,3.0000942128133277,-21.852574,-1.461248,23.3138221373540,33.9320239064569,0,8.3e-12
0.9996061867859666,0.0,-0.0010202069881847,0.0000000000000000,-0.0158661826069926,0.0000000000000000,4.9159652287649411,3.0000942287655086,-21.771959,-1.458007,23.2299670952868,33.7436925039891,0,9.2e-12
0.9996066008951943,0.0,-0.0010189495109427,0.0000000000000000,-0.0158789856914351,0.0000000000000000,4.9148162876183950,3.0000942443772054,-21.693041,-1.454821,23.1478619037592,33.5594863666421,0,2.1e-12
0.9996070070555563,0.0,-0.0010177172207256,0.0000000000000000,-0.0158915551882183,0.0000000000000000,4.9136898742063622,3.0000942596561400,-21.615800,-1.451685,23.0674862865576,33.3793527218776,0,7.9e-12
0.9996074054152770,0.0,-0.0010165096043143,0.0000000000000000,-0.0159038950227072,0.0000000000000000,4.9125855468271817,3.0000942746098467,-21.540186,-1.448602,22.9887881537547,33.2031596295419,0,5.4e-13
0.9996077961200240,0.0,-0.0010153261592357,0.0000000000000000,-0.0159160090673707,0.0000000000000000,4.9115028724393781,3.0000942892456752,-21.466172,-1.445569,22.9117415956241,33.0308409779013,0,2.8e-12
0.9996081793129453,0.0,-0.0010141663935248,0.0000000000000000,-0.0159279011420410,0.0000000000000000,4.9104414264918743,3.0000943035707914,-21.393718,-1.442587,22.8363042046091,32.8622897667428,0,3.0e-13
0.9996085551347098,0.0,-0.0010130298254872,0.0000000000000000,-0.0159395750142148,0.0000000000000000,4.9094007927575376,3.0000943175921879,-21.322791,-1.439653,22.7624443263832,32.6974257990477,0,2.3e-13
0.9996089237235344,0.0,-0.0010119159834818,0.0000000000000000,-0.0159510343992014,0.0000000000000000,4.9083805631699802,3.0000943313166872,-21.253357,-1.436769,22.6901259872153,32.5361585897768,0,1.1e-12
0.9996091044125722,0.0,-0.0010113702650802,0.0000000000000000,-0.0159566556941916,0.0000000000000000,4.9078805631699804,3.0000943380349181,-21.219358,-1.435353,22.6547098792197,32.4572364880858,0,2.3e-11
0.9996092851336797,0.0,-0.0010108246518134,0.0000000000000000,-0.0159622804221919,0.0000000000000000,4.9073805631699798,3.0000943447479171,-21.185399,-1.433933,22.6193322393185,32.3784413364457,0,1.7e-12
0.9996094658867460,0.0,-0.0010102791438606,0.0000000000000000,-0.0159679085845661,0.0000000000000000,4.9068805631699801,3.0000943514556813,-21.151458,-1.432512,22.5839699019419,32.2997155030298,0,3.1e-13
0.9996096466716844,0.0,-0.0010097337413139,0.0000000000000000,-0.0159735401836134,0.0000000000000000,4.9063805631699804,3.0000943581582078,-21.117542,-1.431089,22.5486304821499,32.2210779961461,0,3.3e-12
0.9996098274884057,0.0,-0.0010091884442886,0.0000000000000000,-0.0159791752213867,0.0000000000000000,4.9058805631699798,3.0000943648554950,-21.083648,-1.429663,22.5133120244096,32.1425237953999,0,2.1e-12
0.9996100083368173,0.0,-0.0010086432528929,0.0000000000000000,-0.0159848137000081,0.0000000000000000,4.9053805631699801,3.0000943715475397,-21.049779,-1.428236,22.4780148893904,32.0640538806296,0,2.6e-12
0.9996101892168334,0.0,-0.0010080981672349,0.0000000000000000,-0.0159904556216051,0.0000000000000000,4.9048805631699803,3.0000943782343401,-21.015937,-1.426807,22.4427434508928,31.9856789753442,0,9.4e-13
0.9996103701283569,0.0,-0.0010075531874388,0.0000000000000000,-0.0159961009881388,0.0000000000000000,4.9043805631699797,3.0000943849158945,-20.982117,-1.425375,22.4074920764130,31.9073851671015,0,2.5e-12
0.9996105510713019,0.0,-0.0010070083136131,0.0000000000000000,-0.0160017498017606,0.0000000000000000,4.9038805631699800,3.0000943915921989,-20.948332,-1.423940,22.3722734881944,31.8292040022602,0,2.1e-11
0.9996107320455374,0.0,-0.0010064635460538,0.0000000000000000,-0.0160074020626036,0.0000000000000000,4.9033805631699803,3.0000943982632537,-20.914479,-1.422516,22.3369820968427,31.7508713767355,0,2.1e-10
0.9996109130510982,0.0,-0.0010059188842528,0.0000000000000000,-0.0160130577792145,0.0000000000000000,4.9028805631699797,3.0000944049290537,-20.880811,-1.421068,22.3018783944943,31.6730393870920,0,2.3e-12
0.9996110940877652,0.0,-0.0010053743289658,0.0000000000000000,-0.0160187169470236,0.0000000000000000,4.9023805631699799,3.0000944115895978,-20.847094,-1.419627,22.2667217467896,31.5951053690808,0,3.8e-12
0.9996112751554779,0.0,-0.0010048298801126,0.0000000000000000,-0.0160243795700709,0.0000000000000000,4.9018805631699802,3.0000944182448843,-20.813384,-1.418187,22.2315688499355,31.5172115386511,0,4.1e-11
0.9996114562541847,0.0,-0.0010042855377261,0.0000000000000000,-0.0160300456513877,0.0000000000000000,4.9013805631699805,3.0000944248949093,-20.779731,-1.416741,22.1964709971883,31.4394856089041,0,2.8e-13
0.9996116373837527,0.0,-0.0010037413020134,0.0000000000000000,-0.0160357151919644,0.0000000000000000,4.9008805631699799,3.0000944315396727,-20.746074,-1.415296,22.1613674368630,31.3617761268686,0,3.6e-11
0.9996118185441466,0.0,-0.0010031971729055,0.0000000000000000,-0.0160413881959032,0.0000000000000000,4.9003805631699802,3.0000944381791692,-20.712526,-1.413837,22.1263723666083,31.2843684733842,0,1.6e-10
0.9996119997351695,0.0,-0.0010026531508453,0.0000000000000000,-0.0160470646616168,0.0000000000000000,4.8998805631699804,3.0000944448134010,-20.678877,-1.412394,22.0912713058648,31.2067265819087,0,4.7e-12
0.9996121809568326,0.0,-0.0010021092356490,0.0000000000000000,-0.0160527445945274,0.0000000000000000,4.8993805631699798,3.0000944514423611,-20.645311,-1.410941,22.0562516691086,31.1293186132763,0,8.6e-12
0.9996123622090082,0.0,-0.0010015654275323,0.0000000000000000,-0.0160584279955720,0.0000000000000000,4.8988805631699801,3.0000944580660498,-20.611765,-1.409486,22.0212506052902,31.0519874400802,0,4.1e-13
0.9996123984630987,0.0,-0.0010014566787631,0.0000000000000000,-0.0160595650921965,0.0000000000000000,4.8987805631699795,3.0000944593901542,-20.605052,-1.409195,22.0142466057676,31.0365154380267,0,1.9e-11
0.9996124347184009,0.0,-0.0010013479342901,0.0000000000000000,-0.0160607023275638,0.0000000000000000,4.8986805631699797,3.0000944607140481,-20.598352,-1.408903,22.0072543897883,31.0210741029672,0,8.9e-12
0.9996124709749337,0.0,-0.0010012391940684,0.0000000000000000,-0.0160618397021579,0.0000000000000000,4.8985805631699799,3.0000944620377323,-20.591627,-1.408615,22.0002373707463,31.0055718312661,0,6.7e-11
0.9996125072326612,0.0,-0.0010011304581939,0.0000000000000000,-0.0160629772150674,0.0000000000000000,4.8984805631699802,3.0000944633612034,-20.584951,-1.408320,21.9932705880021,30.9901966134719,0,4.8e-12
0.9996125434916113,0.0,-0.0010010217265834,0.0000000000000000,-0.0160641148671062,0.0000000000000000,4.8983805631699795,3.0000944646844636,-20.578244,-1.408029,21.9862725535098,30.9747443477655,0,8.2e-12
0.9996125797517749,0.0,-0.0010009129992662,0.0000000000000000,-0.0160652526580345,0.0000000000000000,4.8982805631699797,3.0000944660075142,-20.571546,-1.407737,21.9792824866065,30.9593131890877,0,2.7e-12
0.9996126160131522,0.0,-0.0010008042762387,0.0000000000000000,-0.0160663905878993,0.0000000000000000,4.8981805631699800,3.0000944673303525,-20.564848,-1.407445,21.9722924818611,30.9438834521034,0,6.4e-13
0.9996126522757393,0.0,-0.0010006955575081,0.0000000000000000,-0.0160675286566665,0.0000000000000000,4.8980805631699802,3.0000944686529802,-20.558151,-1.407152,21.9653037434647,30.9284580507830,0,4.8e-12
0.9996126885395304,0.0,-0.0010005868430993,0.0000000000000000,-0.0160686668640818,0.0000000000000000,4.8979805631699795,3.0000944699753962,-20.551432,-1.406863,21.9582921803067,30.9129768344527,0,5.4e-11
0.9996127248045517,0.0,-0.0010004781329206,0.0000000000000000,-0.0160698052111692,0.0000000000000000,4.8978805631699798,3.0000944712976017,-20.544749,-1.406569,21.9513175310107,30.8975890996531,0,1.7e-11
0.9996127610707386,0.0,-0.0010003694272031,0.0000000000000000,-0.0160709436954050,0.0000000000000000,4.8977805631699800,3.0000944726195984,-20.537944,-1.406292,21.9442169956137,30.8818873242168,0,3.2e-10
0.9996127973381969,0.0,-0.0010002607255279,0.0000000000000000,-0.0160720823214978,0.0000000000000000,4.8976805631699802,3.0000944739413784,-20.531367,-1.405984,21.9373508377126,30.8667738892167,0,2.4e-12
0.9996128336068336,0.0,-0.0010001520282779,0.0000000000000000,-0.0160732210851785,0.0000000000000000,4.8975805631699796,3.0000944752629506,-20.524667,-1.405692,21.9303582927363,30.8513450115341,0,1.6e-11
0.9996128698766770,0.0,-0.0010000433353252,0.0000000000000000,-0.0160743599879084,0.0000000000000000,4.8974805631699798,3.0000944765843109,-20.517980,-1.405399,21.9233792844288,30.8359513159560,0,6.5e-13
0.9996129061477282,0.0,-0.0009999346466760,0.0000000000000000,-0.0160754990296511,0.0000000000000000,4.8973805631699801,3.0000944779054604,-20.511286,-1.405107,21.9163922534995,30.8205387054490,0,9.1e-12
0.9996129424199874,0.0,-0.0009998259623104,0.0000000000000000,-0.0160766382106406,0.0000000000000000,4.8972805631699803,3.0000944792263984,-20.504602,-1.404814,21.9094155966305,30.8051532663975,0,7.3e-12
0.9996129786934488,0.0,-0.0009997172822592,0.0000000000000000,-0.0160777775305716,0.0000000000000000,4.8971805631699796,3.0000944805471246,-20.497907,-1.404522,21.9024281514545,30.7897421293899,0,7.0e-12
0.9996130149681188,0.0,-0.0009996086065029,0.0000000000000000,-0.0160789169896939,0.0000000000000000,4.8970805631699799,3.0000944818676407,-20.491220,-1.404229,21.8954487114855,30.7743521267878,0,2.9e-12
0.9996130512439908,0.0,-0.0009994999350553,0.0000000000000000,-0.0160800565878720,0.0000000000000000,4.8969805631699801,3.0000944831879450,-20.484538,-1.403935,21.8884740525576,30.7589752737505,0,1.1e-11
0.9996130875210636,0.0,-0.0009993912679147,0.0000000000000000,-0.0160811963251492,0.0000000000000000,4.8968805631699794,3.0000944845080375,-20.477847,-1.403643,21.8814899305806,30.7435760232932,0,1.7e-12
0.9996131237993424,0.0,-0.0009992826050718,0.0000000000000000,-0.0160823362016639,0.0000000000000000,4.8967805631699797,3.0000944858279186,-20.471161,-1.403350,21.8745104604464,30.7281895678754,0,5.0e-12
0.9996131600788211,0.0,-0.0009991739465360,0.0000000000000000,-0.0160834762173312,0.0000000000000000,4.8966805631699799,3.0000944871475888,-20.464484,-1.403055,21.8675405096708,30.7128282418602,0,1.4e-11
0.9996131963595024,0.0,-0.0009990652923074,0.0000000000000000,-0.0160846163721850,0.0000000000000000,4.8965805631699801,3.0000944884670480,-20.457796,-1.402763,21.8605586106152,30.6974381225883,0,2.6e-13
0.9996132326413828,0.0,-0.0009989566423883,0.0000000000000000,-0.0160857566662161,0.0000000000000000,4.8964805631699795,3.0000944897862953,-20.451114,-1.402470,21.8535835530441,30.6820662998419,0,7.4e-13
0.9996132689244625,0.0,-0.0009988479967749,0.0000000000000000,-0.0160868970995041,0.0000000000000000,4.8963805631699797,3.0000944911053313,-20.444436,-1.402176,21.8466121524945,30.6667049563245,0,8.9e-12
0.9996133052087375,0.0,-0.0009987393554782,0.0000000000000000,-0.0160880376719387,0.0000000000000000,4.8962805631699799,3.0000944924241559,-20.437753,-1.401883,21.8396361835186,30.6513333876550,0,2.6e-12
0.9996133414942174,0.0,-0.0009986307184815,0.0000000000000000,-0.0160891783837524,0.0000000000000000,4.8961805631699802,3.0000944937427687,-20.431073,-1.401589,21.8326615443792,30.6359661695990,0,2.9e-12
0.9996133777808918,0.0,-0.0009985220857989,0.0000000000000000,-0.0160903192348036,0.0000000000000000,4.8960805631699795,3.0000944950611705,-20.424396,-1.401295,21.8256916001928,30.6206121134238,0,1.8e-12
0.9996134140687634,0.0,-0.0009984134574315,0.0000000000000000,-0.0160914602251120,0.0000000000000000,4.8959805631699798,3.0000944963793610,-20.417718,-1.401002,21.8187190779817,30.6052527040904,0,2.9e-12
0.9996134503578324,0.0,-0.0009983048333649,0.0000000000000000,-0.0160926013548488,0.0000000000000000,4.8958805631699800,3.0000944976973392,-20.411043,-1.400708,21.8117504828768,30.5899043353456,0,4.4e-13
0.9996134866480957,0.0,-0.0009981962136153,0.0000000000000000,-0.0160937426238806,0.0000000000000000,4.8957805631699802,3.0000944990151064,-20.404370,-1.400413,21.8047841988955,30.5745630706346,0,7.2e-12
0.9996135229394152,0.0,-0.0009980875988485,0.0000000000000000,-0.0160948840251996,0.0000000000000000,4.8956805631699796,3.0000945003326640,-20.397414,-1.400158,21.7975252823272,30.5584881692478,0,7.6e-10
0.9996135592322044,0.0,-0.0009979789870623,0.0000000000000000,-0.0160960255799512,0.0000000000000000,4.8955805631699798,3.0000945016500058,-20.391023,-1.399825,21.7908490622661,30.5438775618548,0,6.8e-12
0.9996135955260479,0.0,-0.0009978703802728,0.0000000000000000,-0.0160971672669131,0.0000000000000000,4.8954805631699800,3.0000945029671384,-20.384350,-1.399531,21.7838811930428,30.5285357842798,0,2.0e-12
0.9996136318210839,0.0,-0.0009977617777885,0.0000000000000000,-0.0160983090933901,0.0000000000000000,4.8953805631699803,3.0000945042840588,-20.377679,-1.399237,21.7769159073529,30.5132018481707,0,1.7e-12
0.9996136681173103,0.0,-0.0009976531796264,0.0000000000000000,-0.0160994510592231,0.0000000000000000,4.8952805631699796,3.0000945056007682,-20.371009,-1.398942,21.7699515823500,30.4978714067022,0,1.3e-12
0.9996137044147300,0.0,-0.0009975445857803,0.0000000000000000,-0.0161005931645278,0.0000000000000000,4.8951805631699798,3.0000945069172653,-20.364339,-1.398648,21.7629870514227,30.4825416246096,0,2.1e-12
0.9996137407133407,0.0,-0.0009974359962479,0.0000000000000000,-0.0161017354093380,0.0000000000000000,4.8950805631699801,3.0000945082335515,-20.357673,-1.398353,21.7560263938577,30.4672227946827,0,2.3e-12
0.9996137770131310,0.0,-0.0009973274110498,0.0000000000000000,-0.0161028777934272,0.0000000000000000,4.8949805631699794,3.0000945095496263,-20.350997,-1.398060,21.7490558871541,30.4518807438666,0,2.1e-11
0.9996138133141259,0.0,-0.0009972188301594,0.0000000000000000,-0.0161040203172121,0.0000000000000000,4.8948805631699797,3.0000945108654884,-20.344338,-1.397764,21.7421022071120,30.4365815506685,0,3.8e-12
0.9996138496163011,0.0,-0.0009971102535952,0.0000000000000000,-0.0161051629804158,0.0000000000000000,4.8947805631699799,3.0000945121811387,-20.337674,-1.397469,21.7351425941192,30.4212689806043,0,4.1e-12
0.9996138859196634,0.0,-0.0009970016813585,0.0000000000000000,-0.0161063057830906,0.0000000000000000,4.8946805631699801,3.0000945134965775,-20.331012,-1.397174,21.7281857770384,30.4059645914932,0,5.3e-13
0.9996139222242137,0.0,-0.0009968931134380,0.0000000000000000,-0.0161074487253783,0.0000000000000000,4.8945805631699795,3.0000945148118054,-20.324352,-1.396879,21.7212317314011,30.3906683401443,0,9.9e-12
0.9996139585299463,0.0,-0.0009967845498545,0.0000000000000000,-0.0161085918070808,0.0000000000000000,4.8944805631699797,3.0000945161268211,-20.317686,-1.396584,21.7142698982954,30.3753537965459,0,3.5e-12
0.9996139948368671,0.0,-0.0009966759905881,0.0000000000000000,-0.0161097350284458,0.0000000000000000,4.8943805631699799,3.0000945174416245,-20.311023,-1.396289,21.7073114374915,30.3600489128665,0,1.1e-11
0.9996140311449729,0.0,-0.0009965674356483,0.0000000000000000,-0.0161108783893974,0.0000000000000000,4.8942805631699802,3.0000945187562169,-20.304367,-1.395993,21.7003606394777,30.3447642615457,0,4.8e-13
0.9996140674542607,0.0,-0.0009964588850336,0.0000000000000000,-0.0161120218899442,0.0000000000000000,4.8941805631699795,3.0000945200705975,-20.297691,-1.395701,21.6933884766328,30.3294274485676,0,4.8e-11
0.9996141037647339,0.0,-0.0009963503387444,0.0000000000000000,-0.0161131655301875,0.0000000000000000,4.8940805631699797,3.0000945213847650,-20.291051,-1.395403,21.6864540239735,30.3141863478919,0,5.7e-13
0.9996141400763876,0.0,-0.0009962417967889,0.0000000000000000,-0.0161143093099973,0.0000000000000000,4.8939805631699800,3.0000945226987215,-20.284397,-1.395107,21.6795045646948,30.2989087830195,0,7.0e-12
0.9996141763892212,0.0,-0.0009961332591712,0.0000000000000000,-0.0161154532293728,0.0000000000000000,4.8938805631699802,3.0000945240124661,-20.277736,-1.394812,21.6725468387709,30.2836116149197,0,1.0e-11
0.9996142127032424,0.0,-0.0009960247258502,0.0000000000000000,-0.0161165972887829,0.0000000000000000,4.8937805631699796,3.0000945253259985,-20.271098,-1.394514,21.6656135684734,30.2683771950010,0,3.4e-11
0.9996142490184334,0.0,-0.0009959161969138,0.0000000000000000,-0.0161177414873222,0.0000000000000000,4.8936805631699798,3.0000945266393195,-20.264432,-1.394220,21.6586520033104,30.2530727926535,0,1.2e-12
0.9996142853348087,0.0,-0.0009958076722860,0.0000000000000000,-0.0161188858258159,0.0000000000000000,4.8935805631699800,3.0000945279524283,-20.257778,-1.393924,21.6517015222193,30.2377974120436,0,4.8e-12
0.9996143216524417,0.0,-0.0009956991517190,0.0000000000000000,-0.0161200303069945,0.0000000000000000,4.8934805631699803,3.0000945292653247,-20.251229,-1.393614,21.6448599634668,30.2227963013546,0,2.7e-10
0.9996143579710947,0.0,-0.0009955906360266,0.0000000000000000,-0.0161211749220428,0.0000000000000000,4.8933805631699796,3.0000945305780102,-20.244481,-1.393331,21.6378125456301,30.2072803678898,0,7.3e-12
0.9996143942910021,0.0,-0.0009954821244036,0.0000000000000000,-0.0161223196797330,0.0000000000000000,4.8932805631699798,3.0000945318904835,-20.237825,-1.393036,21.6308602864586,30.1920041856057,0,1.1e-11
0.9996144306120887,0.0,-0.0009953736171105,0.0000000000000000,-0.0161234645772673,0.0000000000000000,4.8931805631699801,3.0000945332027440,-20.231178,-1.392740,21.6239173948305,30.1767525887902,0,6.5e-12
0.9996144669343486,0.0,-0.0009952651141582,0.0000000000000000,-0.0161246096145459,0.0000000000000000,4.8930805631699794,3.0000945345147927,-20.224531,-1.392443,21.6169740562592,30.1615012146787,0,6.0e-12
0.9996145032577853,0.0,-0.0009951566155427,0.0000000000000000,-0.0161257547916483,0.0000000000000000,4.8929805631699796,3.0000945358266295,-20.217888,-1.392146,21.6100347506725,30.1462610149199,0,2.4e-12
0.9996145395823938,0.0,-0.0009950481212677,0.0000000000000000,-0.0161269001085462,0.0000000000000000,4.8928805631699799,3.0000945371382546,-20.211239,-1.391850,21.6030886750610,30.1310050800541,0,9.2e-12
0.9996145759081778,0.0,-0.0009949396313309,0.0000000000000000,-0.0161280455653093,0.0000000000000000,4.8927805631699801,3.0000945384496678,-20.204599,-1.391553,21.5961519683435,30.1157738505843,0,1.1e-12
0.9996146122351343,0.0,-0.0009948311457349,0.0000000000000000,-0.0161291911619235,0.0000000000000000,4.8926805631699795,3.0000945397608683,-20.197953,-1.391257,21.5892089269162,30.1005278795278,0,7.5e-12
0.9996146485632625,0.0,-0.0009947226644790,0.0000000000000000,-0.0161303368984296,0.0000000000000000,4.8925805631699797,3.0000945410718565,-20.191313,-1.390960,21.5822722358399,30.0852991411144,0,2.0e-12
0.9996146848925640,0.0,-0.0009946141875602,0.0000000000000000,-0.0161314827748855,0.0000000000000000,4.8924805631699799,3.0000945423826328,-20.184676,-1.390662,21.5753388927640,30.0700797982767,0,9.6e-12
0.9996147212230339,0.0,-0.0009945057149850,0.0000000000000000,-0.0161326287912327,0.0000000000000000,4.8923805631699802,3.0000945436931974,-20.178036,-1.390365,21.5684014125507,30.0548514857917,0,8.2e-12
0.9996147575546751,0.0,-0.0009943972467662,0.0000000000000000,-0.0161337749473990,0.0000000000000000,4.8922805631699795,3.0000945450035492,-20.171400,-1.390068,21.5614691641405,30.0396373260852,0,1.8e-11
0.9996147938876793,0.0,-0.0009942887826138,0.0000000000000000,-0.0161349212471461,0.0000000000000000,4.8921805631699797,3.0000945463136817,-20.164991,-1.389739,21.5547698216433,30.0250050525671,0,6.3e-10
0.9996148302214624,0.0,-0.0009941803233518,0.0000000000000000,-0.0161360676796821,0.0000000000000000,4.8920805631699800,3.0000945476236169,-20.158116,-1.389474,21.5475903578222,30.0091768118259,0,7.6e-12
0.9996148665566085,0.0,-0.0009940718681595,0.0000000000000000,-0.0161372142558342,0.0000000000000000,4.8919805631699802,3.0000945489333324,-20.151483,-1.389177,21.5406601141415,29.9939713197923,0,2.3e-13
0.9996149028929210,0.0,-0.0009939634173180,0.0000000000000000,-0.0161383609719444,0.0000000000000000,4.8918805631699795,3.0000945502428356,-20.144852,-1.388879,21.5337311909631,29.9787703162580,0,8.2e-12
0.9996149392304102,0.0,-0.0009938549708110,0.0000000000000000,-0.0161395078282419,0.0000000000000000,4.8917805631699798,3.0000945515521265,-20.138215,-1.388582,21.5267970268952,29.9635571244783,0,1.1e-12
0.9996149755690451,0.0,-0.0009937465286788,0.0000000000000000,-0.0161406548242545,0.0000000000000000,4.8916805631699800,3.0000945528612051,-20.131584,-1.388284,21.5198680988066,29.9483587478573,0,4.0e-12
0.9996150119088534,0.0,-0.0009936380908922,0.0000000000000000,-0.0161418019603791,0.0000000000000000,4.8915805631699802,3.0000945541700714,-20.124951,-1.387986,21.5129372448389,29.9331564330131,0,2.0e-13
0.9996150482498191,0.0,-0.0009935296574555,0.0000000000000000,-0.0161429492365207,0.0000000000000000,4.8914805631699796,3.0000945554787264,-20.118286,-1.387693,21.5059738481801,29.9178737768307,0,9.1e-11
0.9996150845919609,0.0,-0.0009934212283927,0.0000000000000000,-0.0161440966526817,0.0000000000000000,4.8913805631699798,3.0000945567871664,-20.111699,-1.387389,21.4990896103618,29.9027905319216,0,2.1e-11
0.9996151209352688,0.0,-0.0009933128036106,0.0000000000000000,-0.0161452442095436,0.0000000000000000,4.8912805631699801,3.0000945580953977,-20.105043,-1.387095,21.4921347889152,29.8875317560378,0,5.3e-11
0.9996151572797238,0.0,-0.0009932043832297,0.0000000000000000,-0.0161463919060675,0.0000000000000000,4.8911805631699803,3.0000945594034136,-20.098432,-1.386795,21.4852261537460,29.8723901413065,0,8.7e-12
0.9996151936253463,0.0,-0.0009930959672048,0.0000000000000000,-0.0161475397427165,0.0000000000000000,4.8910805631699796,3.0000945607112182,-20.091805,-1.386497,21.4783015722606,29.8572094882612,0,8.8e-12
0.9996152299721303,0.0,-0.0009929875555204,0.0000000000000000,-0.0161486877196660,0.0000000000000000,4.8909805631699799,3.0000945620188104,-20.085189,-1.386197,21.4713870766281,29.8420554974048,0,1.5e-11
0.9996152663200731,0.0,-0.0009928791482007,0.0000000000000000,-0.0161498358366924,0.0000000000000000,4.8908805631699801,3.0000945633261900,-20.078558,-1.385900,21.4644571759219,29.8268638848982,0,3.8e-12
0.9996153026691705,0.0,-0.0009927707452634,0.0000000000000000,-0.0161509840936448,0.0000000000000000,4.8907805631699794,3.0000945646333577,-20.071927,-1.385602,21.4575281576381,29.8116756592163,0,2.3e-11
0.9996153390194331,0.0,-0.0009926623466342,0.0000000000000000,-0.0161521324913114,0.0000000000000000,4.8906805631699797,3.0000945659403127,-20.065314,-1.385303,21.4506161667476,29.7965314860180,0,6.3e-14
0.9996153753708534,0.0,-0.0009925539523845,0.0000000000000000,-0.0161532810289942,0.0000000000000000,4.8905805631699799,3.0000945672470549,-20.058693,-1.385004,21.4436967188998,29.7813696752474,0,9.5e-13
0.9996154117234262,0.0,-0.0009924455624991,0.0000000000000000,-0.0161544297068550,0.0000000000000000,4.8904805631699801,3.0000945685535849,-20.052073,-1.384705,21.4367785764844,29.7662123975072,0,2.9e-12
0.9996154480771525,0.0,-0.0009923371769842,0.0000000000000000,-0.0161555785248622,0.0000000000000000,4.8903805631699795,3.0000945698599022,-20.045448,-1.384407,21.4298537892149,29.7510395982355,0,1.5e-11
0.9996154844320430,0.0,-0.0009922287958078,0.0000000000000000,-0.0161567274833968,0.0000000000000000,4.8902805631699797,3.0000945711660072,-20.038835,-1.384108,21.4229420365155,29.7359006721707,0,1.5e-12
0.9996155207880856,0.0,-0.0009921204189999,0.0000000000000000,-0.0161578765821550,0.0000000000000000,4.8901805631699800,3.0000945724718995,-20.032216,-1.383809,21.4160248312099,29.7207492095590,0,4.6e-12
0.9996155571452789,0.0,-0.0009920120465625,0.0000000000000000,-0.0161590258211367,0.0000000000000000,4.8900805631699802,3.0000945737775786,-20.025606,-1.383509,21.4091158820000,29.7056197021353,0,1.1e-11
0.9996155935036271,0.0,-0.0009919036784848,0.0000000000000000,-0.0161601752004829,0.0000000000000000,4.8899805631699795,3.0000945750830463,-20.018992,-1.383210,21.4022018703930,29.6904787381686,0,1.1e-11
0.9996156298631208,0.0,-0.0009917953147925,0.0000000000000000,-0.0161613247199433,0.0000000000000000,4.8898805631699798,3.0000945763883009,-20.012362,-1.382913,21.3952726054011,29.6753005701502,0,3.0e-11
0.9996156662237803,0.0,-0.0009916869554272,0.0000000000000000,-0.0161624743802045,0.0000000000000000,4.8897805631699800,3.0000945776933423,-20.005763,-1.382611,21.3883742733516,29.6602012687087,0,5.6e-12
0.9996157025855796,0.0,-0.0009915786004590,0.0000000000000000,-0.0161636241804714,0.0000000000000000,4.8896805631699802,3.0000945789981723,-19.999128,-1.382315,21.3814389387488,29.6450102046835,0,5.7e-11
0.9996157389484867,0.0,-0.0009914702499719,0.0000000000000000,-0.0161647741198826,0.0000000000000000,4.8895805631699796,3.0000945803027892,-19.992478,-1.382021,21.3744885885151,29.6297830036687,0,1.6e-10
0.9996157753126401,0.0,-0.0009913619035912,0.0000000000000000,-0.0161659242026578,0.0000000000000000,4.8894805631699798,3.0000945816071924,-19.985933,-1.381712,21.3676462886324,29.6148275488990,0,1.3e-11
0.9996158116778904,0.0,-0.0009912535617184,0.0000000000000000,-0.0161670744242752,0.0000000000000000,4.8893805631699800,3.0000945829113834,-19.979318,-1.381413,21.3607308218761,29.5996900118491,0,5.3e-12
0.9996158480442876,0.0,-0.0009911452242223,0.0000000000000000,-0.0161682247862728,0.0000000000000000,4.8892805631699803,3.0000945842153621,-19.972706,-1.381114,21.3538193544501,29.5845636390710,0,1.6e-11
0.9996158844118381,0.0,-0.0009910368910792,0.0000000000000000,-0.0161693752889349,0.0000000000000000,4.8891805631699796,3.0000945855191277,-19.966107,-1.380813,21.3469205266481,29.5694701171160,0,3.9e-12
0.9996159207805322,0.0,-0.0009909285623177,0.0000000000000000,-0.0161705259319638,0.0000000000000000,4.8890805631699799,3.0000945868226805,-19.959502,-1.380513,21.3400150547960,29.5543612030766,0,4.0e-12
0.9996159571506178,0.0,-0.0009908202378465,0.0000000000000000,-0.0161716767166971,0.0000000000000000,4.8889805631699801,3.0000945881260370,-19.952381,-1.380284,21.3325778238920,29.5379094809740,0,1.4e-09
0.9996159935213593,0.0,-0.0009907119179082,0.0000000000000000,-0.0161728276395922,0.0000000000000000,4.8888805631699794,3.0000945894291484,-19.946290,-1.379913,21.3262027436478,29.5241433279342,0,6.8e-12
0.9996160298935060,0.0,-0.0009906036022100,0.0000000000000000,-0.0161739787047211,0.0000000000000000,4.8887805631699797,3.0000945907320649,-19.939643,-1.379619,21.3192543329262,29.5089298989261,0,1.2e-10
0.9996160662667610,0.0,-0.0009904952909990,0.0000000000000000,-0.0161751299093122,0.0000000000000000,4.8886805631699799,3.0000945920347641,-19.933087,-1.379313,21.3123993460503,29.4939526304259,0,4.4e-12
0.9996161026411787,0.0,-0.0009903869841073,0.0000000000000000,-0.0161762812550243,0.0000000000000000,4.8885805631699801,3.0000945933372534,-19.926484,-1.379013,21.3054960673738,29.4788550197147,0,1.1e-11
0.9996161390168403,0.0,-0.0009902786814249,0.0000000000000000,-0.0161774327432291,0.0000000000000000,4.8884805631699795,3.0000945946395330,-19.919817,-1.378721,21.2985255543454,29.4635877406622,0,1.9e-10
0.9996161753934385,0.0,-0.0009901703834550,0.0000000000000000,-0.0161785843682241,0.0000000000000000,4.8883805631699797,3.0000945959415928,-19.913289,-1.378411,21.2916991984058,29.4486877861376,0,6.6e-12
0.9996162117712784,0.0,-0.0009900620896989,0.0000000000000000,-0.0161797361357134,0.0000000000000000,4.8882805631699799,3.0000945972434425,-19.906692,-1.378110,21.2848022603947,29.4336096891550,0,4.2e-12
0.9996162481502600,0.0,-0.0009899538003228,0.0000000000000000,-0.0161808880438398,0.0000000000000000,4.8881805631699802,3.0000945985450804,-19.900092,-1.377810,21.2779011749928,29.4185223499322,0,1.5e-11
0.9996162845303820,0.0,-0.0009898455153156,0.0000000000000000,-0.0161820400927388,0.0000000000000000,4.8880805631699795,3.0000945998465043,-19.893507,-1.377508,21.2710154140554,29.4034747514510,0,1.1e-11
0.9996163209116421,0.0,-0.0009897372347008,0.0000000000000000,-0.0161831922821947,0.0000000000000000,4.8879805631699798,3.0000946011477163,-19.886910,-1.377207,21.2641168209149,29.3883959572230,0,1.9e-12
0.9996163572940411,0.0,-0.0009896289584651,0.0000000000000000,-0.0161843446123702,0.0000000000000000,4.8878805631699800,3.0000946024487152,-19.880319,-1.376906,21.2572248485170,29.3733350424214,0,7.2e-12
0.9996163936775788,0.0,-0.0009895206866057,0.0000000000000000,-0.0161854970833241,0.0000000000000000,4.8877805631699802,3.0000946037495004,-19.873723,-1.376605,21.2503278882851,29.3582626756782,0,2.9e-12
0.9996164300623478,0.0,-0.0009894124189496,0.0000000000000000,-0.0161866496969402,0.0000000000000000,4.8876805631699796,3.0000946050500779,-19.867010,-1.376321,21.2433098637665,29.3428855472849,0,3.3e-10
0.9996164664480560,0.0,-0.0009893041560567,0.0000000000000000,-0.0161878024472214,0.0000000000000000,4.8875805631699798,3.0000946063504319,-19.860541,-1.376003,21.2365430098347,29.3281443625565,0,7.2e-12
0.9996165028349897,0.0,-0.0009891958973816,0.0000000000000000,-0.0161889553398650,0.0000000000000000,4.8874805631699800,3.0000946076505843,-19.853771,-1.375726,21.2294657195190,29.3126221445526,0,4.9e-10
0.9996165392231373,0.0,-0.0009890876428918,0.0000000000000000,-0.0161901083758854,0.0000000000000000,4.8873805631699803,3.0000946089505138,-19.847360,-1.375400,21.2227591029810,29.2980324020362,0,1.9e-11
0.9996165756122823,0.0,-0.0009889793931246,0.0000000000000000,-0.0161912615488102,0.0000000000000000,4.8872805631699796,3.0000946102502324,-19.840767,-1.375099,21.2158644320941,29.2829725272374,0,3.5e-11
0.9996166120026322,0.0,-0.0009888711475765,0.0000000000000000,-0.0161924148644375,0.0000000000000000,4.8871805631699798,3.0000946115497391,-19.834197,-1.374795,21.2089928528382,29.2679709572085,0,5.1e-12
0.9996166483943290,0.0,-0.0009887629060212,0.0000000000000000,-0.0161935683257824,0.0000000000000000,4.8870805631699801,3.0000946128490256,-19.827899,-1.374454,21.2024016592948,29.2536722724156,0,7.6e-10
0.9996166847867107,0.0,-0.0009886546696763,0.0000000000000000,-0.0161947219178300,0.0000000000000000,4.8869805631699794,3.0000946141481144,-19.821024,-1.374192,21.1952159483886,29.2378868454311,0,8.2e-12
0.9996167211798499,0.0,-0.0009885464383218,0.0000000000000000,-0.0161958756440672,0.0000000000000000,4.8868805631699797,3.0000946154469705,-19.814583,-1.373871,21.1884780399911,29.2232360308335,0,3.8e-10
0.9996167575753134,0.0,-0.0009884382093353,0.0000000000000000,-0.0161970295347151,0.0000000000000000,4.8867805631699799,3.0000946167456362,-19.807862,-1.373588,21.1814499942965,29.2078348413396,0,3.4e-12
0.9996167939712788,0.0,-0.0009883299858092,0.0000000000000000,-0.0161981835539538,0.0000000000000000,4.8866805631699801,3.0000946180440731,-19.801382,-1.373272,21.1746705082505,29.1930715378998,0,2.6e-10
0.9996168303676793,0.0,-0.0009882217679620,0.0000000000000000,-0.0161993376989183,0.0000000000000000,4.8865805631699795,3.0000946193422986,-19.794618,-1.372996,21.1675986243817,29.1775853088412,0,2.3e-10
0.9996168667666975,0.0,-0.0009881135517485,0.0000000000000000,-0.0162004920170646,0.0000000000000000,4.8864805631699797,3.0000946206403203,-19.788127,-1.372681,21.1608078027033,29.1627824262981,0,2.6e-12
0.9996169031658692,0.0,-0.0009880053414260,0.0000000000000000,-0.0162016464571069,0.0000000000000000,4.8863805631699799,3.0000946219381550,-19.780691,-1.372498,21.1530411936540,29.1455447177071,0,2.3e-09
0.9996169395665854,0.0,-0.0009878971353408,0.0000000000000000,-0.0162028010432336,0.0000000000000000,4.8862805631699802,3.0000946232357109,-19.774971,-1.372076,21.1470465262869,29.1327538607644,0,5.2e-12
0.9996169759684145,0.0,-0.0009877889333175,0.0000000000000000,-0.0162039557723690,0.0000000000000000,4.8861805631699795,3.0000946245330926,-19.768307,-1.371785,21.1400770403405,29.1175149039429,0,2.4e-10
0.9996170123709767,0.0,-0.0009876807365173,0.0000000000000000,-0.0162051106333776,0.0000000000000000,4.8860805631699797,3.0000946258302474,-19.761824,-1.371470,21.1332939452873,29.1027517914309,0,7.5e-13
0.9996170487748575,0.0,-0.0009875725437033,0.0000000000000000,-0.0162062656399550,0.0000000000000000,4.8859805631699800,3.0000946271271962,-19.755244,-1.371168,21.1264113185090,29.0877365882129,0,1.8e-11