540,NaN,754239703.981179,NaN,NaN,39.0610238036446,NaN
600,NaN,754242047.042617,NaN,NaN,39.0427000325336,NaN
660,NaN,754244389.064278,NaN,NaN,39.0262133647858,NaN
720,NaN,754246730.146463,NaN,NaN,39.0115916717467,NaN
780,NaN,754249070.379707,NaN,NaN,38.9988621149364,NaN
840,NaN,754251409.926979,NaN,NaN,38.9880429990049,NaN
900,NaN,754253748.87276,NaN,NaN,38.979149972471,NaN
960,NaN,754256087.362847,NaN,NaN,38.9721928534979,NaN
1020,NaN,754258425.495836,NaN,NaN,38.9671726888959,NaN
1080,NaN,754260763.359972,NaN,NaN,38.9640894637938,NaN
1140,NaN,754263101.103796,NaN,NaN,38.9629359624997,NaN
1200,NaN,754265438.853194,NaN,NaN,38.9636986376555,NaN
1260,NaN,754267776.694544,NaN,NaN,38.9663586685196,NaN
1320,NaN,754270114.752402,NaN,NaN,38.9708933931433,NaN
1380,NaN,754272453.156123,NaN,NaN,38.9772740257642,NaN
1440,NaN,754274791.969699,NaN,NaN,38.9854659781273,NaN
1500,NaN,754277131.331506,NaN,NaN,38.9954339681435,NaN
1560,NaN,754279471.356144,NaN,NaN,39.0071309263567,NaN
1620,NaN,754281812.129724,NaN,NaN,39.0205074445084,NaN
1680,NaN,754284153.754573,NaN,NaN,39.0355120943221,NaN
1740,NaN,754286496.31656,NaN,NaN,39.0520885607224,NaN
1800,NaN,754288839.929778,NaN,NaN,39.0701709677636,NaN
1860,NaN,754291184.67883,NaN,NaN,39.0896974709535,NaN
1920,NaN,754293530.611561,NaN,NaN,39.1105963969984,NaN
1980,NaN,754295877.867542,NaN,NaN,39.1327919965131,NaN
2040,NaN,754298226.46875,NaN,NaN,39.1562090374149,NaN
2100,NaN,754300576.516885,NaN,NaN,39.1807664948746,NaN
2160,NaN,754302928.097736,NaN,NaN,39.2063787742236,NaN
2220,NaN,754305281.222564,NaN,NaN,39.23296340166,NaN
2280,NaN,754307635.974609,NaN,NaN,39.260424642054,NaN
2340,NaN,754309992.408191,NaN,NaN,39.2886753551742,NaN
2400,NaN,754312350.529369,NaN,NaN,39.3176201799256,NaN
2460,NaN,754314710.423654,NaN,NaN,39.3471640662996,NaN
2520,NaN,754317072.102787,NaN,NaN,39.3772084056193,NaN
2580,NaN,754319435.593215,NaN,NaN,39.4076545228941,NaN
2640,NaN,754321800.91998,NaN,NaN,39.4384027887016,NaN
2700,NaN,754324168.095724,NaN,NaN,39.4693514350874,NaN
2760,NaN,754326537.145166,NaN,NaN,39.500401375643,NaN
2820,NaN,754328908.046215,NaN,NaN,39.5314462837941,NaN
2880,NaN,754331280.825295,NaN,NaN,39.5623883535312,NaN
2940,NaN,754333655.42926,NaN,NaN,39.5931250362783,NaN
3000,NaN,754336031.895148,NaN,NaN,39.6235536880209,NaN
3060,NaN,754338410.163751,NaN,NaN,39.6535735802225,NaN
3120,NaN,754340790.220887,NaN,NaN,39.6830853368133,NaN
3180,NaN,754343172.0201,NaN,NaN,39.7119883254624,NaN
3240,NaN,754345555.53192,NaN,NaN,39.7401900774222,NaN
3300,NaN,754347940.728417,NaN,NaN,39.767591285779,NaN
3360,NaN,754350327.537685,NaN,NaN,39.7940998664028,NaN
3420,NaN,754352715.919114,NaN,NaN,39.8196228449887,NaN
3480,NaN,754355105.766664,NaN,NaN,39.8440735912441,NaN
3540,NaN,754357497.078846,NaN,NaN,39.867364577683,NaN
3600,NaN,754359889.734376,NaN,NaN,39.8894116429615,NaN
3660,NaN,754362283.679101,NaN,NaN,39.9101364513641,NaN
3720,NaN,754364678.809652,NaN,NaN,39.929458950972,NaN
3780,NaN,754367075.078327,NaN,NaN,39.9473092157469,NaN
3840,NaN,754369472.376035,NaN,NaN,39.9636165768499,NaN
3900,NaN,754371870.569286,NaN,NaN,39.9783155039237,NaN
3960,NaN,754374269.621198,NaN,NaN,39.9913439283465,NaN
4020,NaN,754376669.411993,NaN,NaN,40.0026473450965,NaN
4080,NaN,754379069.815853,NaN,NaN,40.0121729380514,NaN
4140,NaN,754381470.732605,NaN,NaN,40.0198713619853,NaN
4200,NaN,754383872.063496,NaN,NaN,40.025703928335,NaN
4260,NaN,754386273.684445,NaN,NaN,40.0296308448203,NaN
4320,NaN,754388675.47733,NaN,NaN,40.0316217612202,NaN
4380,NaN,754391077.33521,NaN,NaN,40.03165164441,NaN
4440,NaN,754393479.144603,NaN,NaN,40.0296990562304,NaN
4500,NaN,754395880.764588,NaN,NaN,40.0257482362163,NaN
4560,NaN,754398282.075304,NaN,NaN,40.0197928668173,NaN
4620,NaN,754400682.996131,NaN,NaN,40.0118284460243,NaN
4680,NaN,754403083.345769,NaN,NaN,40.0018587681105,NaN
4740,NaN,754405483.085333,NaN,NaN,39.9898922399529,NaN
4800,NaN,754407882.013673,NaN,NaN,39.9759454189586,NaN
4860,NaN,754410280.059513,NaN,NaN,39.9600379264407,NaN
7620,NaN,754518415.603797,NaN,NaN,38.3857438689968,NaN
7680,NaN,754520718.141016,NaN,NaN,38.3677205511272,NaN
7740,NaN,754523019.649567,NaN,NaN,38.3515595133326,NaN
7800,NaN,754525320.302346,NaN,NaN,38.3372909049977,NaN
7860,NaN,754527620.087348,NaN,NaN,38.3249327858752,NaN
7920,NaN,754529919.187687,NaN,NaN,38.3144994348605,NaN
7980,NaN,754532217.773396,NaN,NaN,38.3059989080081,NaN
8040,NaN,754534515.863961,NaN,NaN,38.2994387340807,NaN
8100,NaN,754536813.626383,NaN,NaN,38.2948138007339,NaN
8160,NaN,754539111.17867,NaN,NaN,38.292119049348,NaN
8220,NaN,754541408.622058,NaN,NaN,38.2913412948892,NaN
8280,NaN,754543706.084596,NaN,NaN,38.2924625346813,NaN
8340,NaN,754546003.654849,NaN,NaN,38.2954589651503,NaN
8400,NaN,754548301.481903,NaN,NaN,38.3003028105855,NaN
8460,NaN,754550599.636086,NaN,NaN,38.3069602744297,NaN
8520,NaN,754552898.235925,NaN,NaN,38.315393959247,NaN
8580,NaN,754555197.417831,NaN,NaN,38.325558348144,NaN
8640,NaN,754557497.258273,NaN,NaN,38.3374062266574,NaN
8700,NaN,754559797.843652,NaN,NaN,38.3508848134957,NaN
8760,NaN,754562099.301096,NaN,NaN,38.3659362896312,NaN
8820,NaN,754564401.698548,NaN,NaN,38.3825002420144,NaN
8880,NaN,754566705.133914,NaN,NaN,38.4005081821751,NaN
8940,NaN,754569009.689373,NaN,NaN,38.4198917793157,NaN
9000,NaN,754571315.431526,NaN,NaN,38.4405771667661,NaN
9060,NaN,754573622.474131,NaN,NaN,38.4624873248405,NaN
9120,NaN,754575930.855933,NaN,NaN,38.4855415847239,NaN
9180,NaN,754578240.655691,NaN,NaN,38.5096551713934,NaN
9240,NaN,754580551.933296,NaN,NaN,38.5347436766563,NaN
9300,NaN,754582864.748981,NaN,NaN,38.5607177399776,NaN
9360,NaN,754585179.131512,NaN,NaN,38.5874834565834,NaN
9420,NaN,754587495.162892,NaN,NaN,38.6149479450106,NaN
9480,NaN,754589812.862773,NaN,NaN,38.6430165096956,NaN
9540,NaN,754592132.231255,NaN,NaN,38.6715906200845,NaN
9600,NaN,754594453.351585,NaN,NaN,38.7005724052423,NaN
9660,NaN,754596776.193301,NaN,NaN,38.7298604075899,NaN
9720,NaN,754599100.835353,NaN,NaN,38.7593543932539,NaN
9780,NaN,754601427.216189,NaN,NaN,38.7889540295064,NaN
9840,NaN,754603755.408986,NaN,NaN,38.8185572557101,NaN
9900,NaN,754606085.366406,NaN,NaN,38.8480604217792,NaN
9960,NaN,754608417.071783,NaN,NaN,38.877363542508,NaN
10020,NaN,754610750.546424,NaN,NaN,38.9063640634132,NaN
10080,NaN,754613085.711565,NaN,NaN,38.9349599447657,NaN
10140,NaN,754615422.627074,NaN,NaN,38.9630550865287,NaN
10200,NaN,754617761.177009,NaN,NaN,38.9905466239297,NaN
10260,NaN,754620101.372197,NaN,NaN,39.0173398172832,NaN
10320,NaN,754622443.147217,NaN,NaN,39.0433385340197,NaN
10380,NaN,754624786.444954,NaN,NaN,39.0684489557564,NaN
10440,NaN,754627131.233163,NaN,NaN,39.0925781488727,NaN
10500,NaN,754629477.46199,NaN,NaN,39.1156380017698,NaN
10560,NaN,754631825.004081,NaN,NaN,39.1375425269965,NaN
10620,NaN,754634173.83952,NaN,NaN,39.1582081716068,NaN
10680,NaN,754636523.864061,NaN,NaN,39.1775537919461,NaN
10740,NaN,754638875.01018,NaN,NaN,39.1955022578258,NaN
10800,NaN,754641227.193214,NaN,NaN,39.2119796850752,NaN
10860,NaN,754643580.31941,NaN,NaN,39.2269169178604,NaN
10920,NaN,754645934.294038,NaN,NaN,39.2402482044769,NaN
10980,NaN,754648289.01175,NaN,NaN,39.2519122200341,NaN
11040,NaN,754650644.384656,NaN,NaN,39.2618509626808,NaN
11100,NaN,754653000.292043,NaN,NaN,39.2700137154237,NaN
11160,NaN,754655356.663605,NaN,NaN,39.276350693403,NaN
11220,NaN,754657713.321336,NaN,NaN,39.2808215605855,NaN
11280,NaN,754660070.220389,NaN,NaN,39.2833886653748,NaN
11340,NaN,754662427.205754,NaN,NaN,39.2840187425578,NaN
11400,NaN,754664784.160923,NaN,NaN,39.2826869407169,NaN
11460,NaN,754667140.976521,NaN,NaN,39.2793720964548,NaN
11520,NaN,754669497.549644,NaN,NaN,39.274057769714,NaN
11580,NaN,754671853.726407,NaN,NaN,39.2667366101459,NaN
11640,NaN,754674209.408178,NaN,NaN,39.2574040309895,NaN
11700,NaN,754676564.478971,NaN,NaN,39.2460640461134,NaN
11760,NaN,754678918.800848,NaN,NaN,39.2327249246876,NaN
11820,NaN,754681272.286525,NaN,NaN,39.2174002796349,NaN
11880,NaN,754683624.773318,NaN,NaN,39.2001131660592,NaN
14640,NaN,754789568.121047,NaN,NaN,37.5546102224755,NaN
14700,NaN,754791820.758627,NaN,NaN,37.5349125408717,NaN
14760,NaN,754794072.256842,NaN,NaN,37.5170797085552,NaN
14820,NaN,754796322.717502,NaN,NaN,37.5011387028573,NaN
14880,NaN,754798572.320527,NaN,NaN,37.487107911649,NaN
14940,NaN,754800821.14151,NaN,NaN,37.4750030378261,NaN
15000,NaN,754803069.277775,NaN,NaN,37.4648332501913,NaN
15060,NaN,754805316.852375,NaN,NaN,37.4566037602125,NaN
15120,NaN,754807564.00601,NaN,NaN,37.4503106262608,NaN
15180,NaN,754809810.845159,NaN,NaN,37.445948829226,NaN
15240,NaN,754812057.488013,NaN,NaN,37.4435065173996,NaN
15300,NaN,754814304.007184,NaN,NaN,37.442966765567,NaN
15360,NaN,754816550.545459,NaN,NaN,37.4443023212428,NaN
15420,NaN,754818797.23812,NaN,NaN,37.4474906419416,NaN
15480,NaN,754821044.192928,NaN,NaN,37.4524946892977,NaN
15540,NaN,754823291.478405,NaN,NaN,37.4592768179728,NaN
15600,NaN,754825539.255055,NaN,NaN,37.4677944277425,NaN
15660,NaN,754827787.550985,NaN,NaN,37.4779985541989,NaN
15720,NaN,754830036.540176,NaN,NaN,37.4898369391635,NaN
15780,NaN,754832286.274402,NaN,NaN,37.5032522323954,NaN
15840,NaN,754834536.845067,NaN,NaN,37.5181831773252,NaN
15900,NaN,754836788.36097,NaN,NaN,37.5345649089843,NaN
15960,NaN,754839040.941952,NaN,NaN,37.5523244343404,NaN
16020,NaN,754841294.590451,NaN,NaN,37.5713925246639,NaN
16080,NaN,754843549.413556,NaN,NaN,37.5916878638269,NaN
16140,NaN,754845805.507573,NaN,NaN,37.6131343726425,NaN
16200,NaN,754848062.923298,NaN,NaN,37.635644819523,NaN
16260,NaN,754850321.720641,NaN,NaN,37.6591343998346,NaN
16320,NaN,754852581.924879,NaN,NaN,37.6835149183785,NaN
16380,NaN,754854843.65206,NaN,NaN,37.7086933800109,NaN
16440,NaN,754857106.884153,NaN,NaN,37.7345759446581,NaN
16500,NaN,754859371.70805,NaN,NaN,37.7610680945395,NaN
16560,NaN,754861638.135582,NaN,NaN,37.7880715113443,NaN
16620,NaN,754863906.182033,NaN,NaN,37.8154878263077,NaN
16680,NaN,754866175.910269,NaN,NaN,37.8432163408199,NaN
16740,NaN,754868447.277207,NaN,NaN,37.8711574308225,NaN
16800,NaN,754870720.333517,NaN,NaN,37.8992090527339,NaN
16860,NaN,754872995.078871,NaN,NaN,37.9272674878503,NaN
16920,NaN,754875271.505131,NaN,NaN,37.9552327092578,NaN
16980,NaN,754877549.610176,NaN,NaN,37.9830030544829,NaN
17040,NaN,754879829.364166,NaN,NaN,38.010474650032,NaN
17100,NaN,754882110.760068,NaN,NaN,38.0375488906894,NaN
17160,NaN,754884393.744939,NaN,NaN,38.0641235753851,NaN
17220,NaN,754886678.34737,NaN,NaN,38.0900999564369,NaN
17280,NaN,754888964.465588,NaN,NaN,38.1153828442401,NaN
17340,NaN,754891252.0774,NaN,NaN,38.139874243645,NaN
17400,NaN,754893541.133567,NaN,NaN,38.1634801484014,NaN
17460,NaN,754895831.593851,NaN,NaN,38.1861089313545,NaN
17520,NaN,754898123.344861,NaN,NaN,38.2076704186977,NaN
17580,NaN,754900416.393452,NaN,NaN,38.228079304858,NaN
17640,NaN,754902710.602301,NaN,NaN,38.2472511914011,NaN
17700,NaN,754905005.926471,NaN,NaN,38.2651038933734,NaN
17760,NaN,754907302.271603,NaN,NaN,38.2815611595151,NaN
17820,NaN,754909599.577412,NaN,NaN,38.2965480575887,NaN
17880,NaN,754911897.732895,NaN,NaN,38.3099951558458,NaN
17940,NaN,754914196.636059,NaN,NaN,38.3218364623884,NaN
18000,NaN,754916496.234718,NaN,NaN,38.3320110531259,NaN
18060,NaN,754918796.355224,NaN,NaN,38.3404584303933,NaN
18120,NaN,754921096.947034,NaN,NaN,38.3471272735409,NaN
18180,NaN,754923397.877312,NaN,NaN,38.3519716457816,NaN
18240,NaN,754925699.027022,NaN,NaN,38.35494688377,NaN
18300,NaN,754928000.348746,NaN,NaN,38.3560158577126,NaN
18360,NaN,754930301.616265,NaN,NaN,38.3551458750132,NaN
18420,NaN,754932602.815946,NaN,NaN,38.3523093713559,NaN
18480,NaN,754934903.770964,NaN,NaN,38.3474865212074,NaN
18540,NaN,754937204.357594,NaN,NaN,38.3406608757577,NaN
18600,NaN,754939504.505231,NaN,NaN,38.331823998662,NaN
18660,NaN,754941804.045813,NaN,NaN,38.3209719780379,NaN
18720,NaN,754944102.885372,NaN,NaN,38.3081055067392,NaN
18780,NaN,754946400.887803,NaN,NaN,38.2932358518289,NaN
18840,NaN,754948697.939834,NaN,NaN,38.2763756730916,NaN
18900,NaN,754950993.898093,NaN,NaN,38.2575451775137,NaN
21660,NaN,755054229.443623,NaN,NaN,36.5324029096315,NaN
21720,NaN,755056420.68321,NaN,NaN,36.5108652061346,NaN
21780,NaN,755058610.663772,NaN,NaN,36.4911947852664,NaN
21840,NaN,755060799.551521,NaN,NaN,36.4734176055707,NaN
21900,NaN,755062987.420135,NaN,NaN,36.4575522711397,NaN
21960,NaN,755065174.412065,NaN,NaN,36.4436178093931,NaN
22020,NaN,755067360.599834,NaN,NaN,36.431618146564,NaN
22080,NaN,755069546.121566,NaN,NaN,36.4215630629603,NaN
22140,NaN,755071731.141373,NaN,NaN,36.4134492422786,NaN
22200,NaN,755073915.698594,NaN,NaN,36.4072700892225,NaN
22260,NaN,755076099.962418,NaN,NaN,36.4030117118229,NaN
22320,NaN,755078283.994689,NaN,NaN,36.4006602752979,NaN
22380,NaN,755080467.958888,NaN,NaN,36.4001895753262,NaN
22440,NaN,755082651.946926,NaN,NaN,36.4015759250202,NaN
22500,NaN,755084836.099021,NaN,NaN,36.4047809073815,NaN
22560,NaN,755087020.477474,NaN,NaN,36.4097685823934,NaN
22620,NaN,755089205.199831,NaN,NaN,36.4164972226233,NaN
22680,NaN,755091390.393496,NaN,NaN,36.4249180876802,NaN
22740,NaN,755093576.116514,NaN,NaN,36.4349770355483,NaN
22800,NaN,755095762.516387,NaN,NaN,36.4466183867857,NaN
22860,NaN,755097949.660655,NaN,NaN,36.4597792075838,NaN
22920,NaN,755100137.638638,NaN,NaN,36.4743959505472,NaN
22980,NaN,755102326.509259,NaN,NaN,36.4903999447229,NaN
23040,NaN,755104516.379578,NaN,NaN,36.5077135876676,NaN
23100,NaN,755106707.354607,NaN,NaN,36.5262636008574,NaN
23160,NaN,755108899.476188,NaN,NaN,36.5459679902744,NaN
23220,NaN,755111092.801468,NaN,NaN,36.5667452060774,NaN
23280,NaN,755113287.415899,NaN,NaN,36.5885059464777,NaN
23340,NaN,755115483.343214,NaN,NaN,36.6111615883494,NaN
23400,NaN,755117680.661717,NaN,NaN,36.6346234694859,NaN
23460,NaN,755119879.418074,NaN,NaN,36.6587952941216,NaN
23520,NaN,755122079.620685,NaN,NaN,36.6835809230716,NaN
23580,NaN,755124281.335276,NaN,NaN,36.708885377599,NaN
23640,NaN,755126484.607427,NaN,NaN,36.7346090353011,NaN
23700,NaN,755128689.408298,NaN,NaN,36.7606497538009,NaN
23760,NaN,755130895.773376,NaN,NaN,36.7869083511867,NaN
23820,NaN,755133103.742262,NaN,NaN,36.8132822970745,NaN
23880,NaN,755135313.287079,NaN,NaN,36.8396687637317,NaN
23940,NaN,755137524.391268,NaN,NaN,36.8659663989465,NaN
24000,NaN,755139737.093977,NaN,NaN,36.8920747193803,NaN
24060,NaN,755141951.342306,NaN,NaN,36.9178893348789,NaN
24120,NaN,755144167.134788,NaN,NaN,36.9433088165661,NaN
24180,NaN,755146384.441995,NaN,NaN,36.9682332437523,NaN
24240,NaN,755148603.203151,NaN,NaN,36.9925637239451,NaN
24300,NaN,755150823.424908,NaN,NaN,37.0162007553401,NaN
24360,NaN,755153045.051156,NaN,NaN,37.0390521162191,NaN
24420,NaN,755155267.990626,NaN,NaN,37.0610172226854,NaN
24480,NaN,755157492.257302,NaN,NaN,37.0820070470072,NaN
24540,NaN,755159717.700057,NaN,NaN,37.1019335239016,NaN
24600,NaN,755161944.36546,NaN,NaN,37.1207081916789,NaN
24660,NaN,755164172.113598,NaN,NaN,37.1382427364684,NaN
24720,NaN,755166400.826234,NaN,NaN,37.1544592294598,NaN
24780,NaN,755168630.471876,NaN,NaN,37.169280336956,NaN
24840,NaN,755170861.006842,NaN,NaN,37.1826304995747,NaN
24900,NaN,755173092.292109,NaN,NaN,37.1944391962813,NaN
24960,NaN,755175324.222643,NaN,NaN,37.2046403062874,NaN
25020,NaN,755177556.708021,NaN,NaN,37.2131698085199,NaN
25080,NaN,755179789.661476,NaN,NaN,37.2199734201633,NaN
25140,NaN,755182022.955113,NaN,NaN,37.2249947030325,NaN
25200,NaN,755184256.521846,NaN,NaN,37.2281867503127,NaN
25260,NaN,755186490.215268,NaN,NaN,37.229506313594,NaN
25320,NaN,755188723.922731,NaN,NaN,37.2289145046255,NaN
25380,NaN,755190957.541128,NaN,NaN,37.2263798120654,NaN
25440,NaN,755193190.943074,NaN,NaN,37.2218743637108,NaN
25500,NaN,755195424.014911,NaN,NaN,37.2153767301689,NaN
25560,NaN,755197656.653682,NaN,NaN,37.2068710918553,NaN
25620,NaN,755199888.70882,NaN,NaN,37.1963478564169,NaN
25680,NaN,755202120.080563,NaN,NaN,37.1838037463216,NaN
25740,NaN,755204350.638127,NaN,NaN,37.169239378212,NaN
25800,NaN,755206580.259433,NaN,NaN,37.1526639131389,NaN
25860,NaN,755208808.822196,NaN,NaN,37.1340920395404,NaN
25920,NaN,755211036.187526,NaN,NaN,37.1135410089551,NaN
28680,NaN,755310997.096966,NaN,NaN,35.301425869713,NaN
28740,NaN,755313114.412529,NaN,NaN,35.2779386314538,NaN
28800,NaN,755315230.370234,NaN,NaN,35.2563198702052,NaN
28860,NaN,755317345.106109,NaN,NaN,35.2365999242539,NaN
28920,NaN,755319458.713241,NaN,NaN,35.2187974385095,NaN
28980,NaN,755321571.286341,NaN,NaN,35.2029277587929,NaN
29040,NaN,755323682.996878,NaN,NaN,35.1890006130871,NaN
29100,NaN,755325793.907675,NaN,NaN,35.1770237749588,NaN
29160,NaN,755327904.171074,NaN,NaN,35.1669917246523,NaN
29220,NaN,755330013.882092,NaN,NaN,35.1589000327706,NaN
29280,NaN,755332123.198506,NaN,NaN,35.1527368241031,NaN
29340,NaN,755334232.162962,NaN,NaN,35.1484828531034,NaN
29400,NaN,755336340.955486,NaN,NaN,35.1461184412732,NaN
29460,NaN,755338449.641497,NaN,NaN,35.1456142983523,NaN
29520,NaN,755340558.377159,NaN,NaN,35.1469354786108,NaN
29580,NaN,755342667.205181,NaN,NaN,35.1500470718169,NaN
29640,NaN,755344776.307235,NaN,NaN,35.1549046251341,NaN
29700,NaN,755346885.739251,NaN,NaN,35.1614586096327,NaN
29760,NaN,755348995.619591,NaN,NaN,35.1696593989636,NaN
29820,NaN,755351106.023885,NaN,NaN,35.1794480658944,NaN
29880,NaN,755353217.076916,NaN,NaN,35.1907643322328,NaN
29940,NaN,755355328.844907,NaN,NaN,35.2035411410771,NaN
30000,NaN,755357441.440539,NaN,NaN,35.2177092185719,NaN
30060,NaN,755359554.907924,NaN,NaN,35.2331974651711,NaN
30120,NaN,755361669.355717,NaN,NaN,35.249925518126,NaN
30180,NaN,755363784.808493,NaN,NaN,35.2678167036348,NaN
30240,NaN,755365901.376304,NaN,NaN,35.2867841389966,NaN
30300,NaN,755368019.133568,NaN,NaN,35.3067449283968,NaN
30360,NaN,755370138.122129,NaN,NaN,35.3276080166546,NaN
30420,NaN,755372258.389827,NaN,NaN,35.3492795071302,NaN
30480,NaN,755374379.955731,NaN,NaN,35.371668325132,NaN
30540,NaN,755376502.903573,NaN,NaN,35.394679406073,NaN
30600,NaN,755378627.244916,NaN,NaN,35.4182132059825,NaN
30660,NaN,755380753.00141,NaN,NaN,35.4421704978014,NaN
30720,NaN,755382880.199212,NaN,NaN,35.4664520355704,NaN
30780,NaN,755385008.870094,NaN,NaN,35.490957310711,NaN
30840,NaN,755387139.003901,NaN,NaN,35.5155822033594,NaN
30900,NaN,755389270.638694,NaN,NaN,35.5402259140943,NaN
30960,NaN,755391403.741036,NaN,NaN,35.5647846437477,NaN
31020,NaN,755393538.301188,NaN,NaN,35.5891560098357,NaN
31080,NaN,755395674.32544,NaN,NaN,35.6132390576088,NaN
31140,NaN,755397811.800524,NaN,NaN,35.6369290756521,NaN
31200,NaN,755399950.649993,NaN,NaN,35.6601288376035,NaN
31260,NaN,755402090.906359,NaN,NaN,35.6827362396449,NaN
31320,NaN,755404232.485438,NaN,NaN,35.7046522402653,NaN
31380,NaN,755406375.338047,NaN,NaN,35.7257818726718,NaN
31440,NaN,755408519.456198,NaN,NaN,35.746029675767,NaN
31500,NaN,755410664.758559,NaN,NaN,35.7653018620257,NaN
31560,NaN,755412811.172209,NaN,NaN,35.783508904544,NaN
31620,NaN,755414958.641056,NaN,NaN,35.8005640785666,NaN
31680,NaN,755417107.119398,NaN,NaN,35.8163803463676,NaN
31740,NaN,755419256.472873,NaN,NaN,35.8308766141378,NaN
31800,NaN,755421406.701689,NaN,NaN,35.8439738741867,NaN
31860,NaN,755423557.649148,NaN,NaN,35.8555987561086,NaN
31920,NaN,755425709.227306,NaN,NaN,35.8656797612553,NaN
31980,NaN,755427861.395973,NaN,NaN,35.8741494480502,NaN
32040,NaN,755430014.004274,NaN,NaN,35.8809453123702,NaN
32100,NaN,755432166.967275,NaN,NaN,35.8860092246646,NaN
32160,NaN,755434320.195091,NaN,NaN,35.8892865346443,NaN
32220,NaN,755436473.543479,NaN,NaN,35.8907321759569,NaN
32280,NaN,755438626.936593,NaN,NaN,35.8902981903685,NaN
32340,NaN,755440780.245284,NaN,NaN,35.8879498504208,NaN
32400,NaN,755442933.343674,NaN,NaN,35.8836518417379,NaN
32460,NaN,755445086.155589,NaN,NaN,35.8773775706208,NaN
32520,NaN,755447238.496128,NaN,NaN,35.8691047136641,NaN
32580,NaN,755449390.310135,NaN,NaN,35.8588196227472,NaN
32640,NaN,755451541.422809,NaN,NaN,35.8465097926347,NaN
32700,NaN,755453691.746809,NaN,NaN,35.8321722416958,NaN
32760,NaN,755455841.155903,NaN,NaN,35.8158087710565,NaN
32820,NaN,755457989.502474,NaN,NaN,35.7974273510639,NaN
32880,NaN,755460136.71513,NaN,NaN,35.777041545993,NaN
32940,NaN,755462282.617875,NaN,NaN,35.7546717502197,NaN
35700,NaN,755558371.400532,NaN,NaN,33.8534131476681,NaN
35760,NaN,755560401.769358,NaN,NaN,33.8280014968206,NaN
35820,NaN,755562430.683786,NaN,NaN,33.8044654337868,NaN
35880,NaN,755564458.22807,NaN,NaN,33.7828353591456,NaN
35940,NaN,755566484.573291,NaN,NaN,33.7631305226689,NaN
36000,NaN,755568509.760248,NaN,NaN,33.745365675388,NaN
36060,NaN,755570533.970708,NaN,NaN,33.7295522525547,NaN
36120,NaN,755572557.243154,NaN,NaN,33.7156938576393,NaN
36180,NaN,755574579.760796,NaN,NaN,33.7037889692494,NaN
36240,NaN,755576601.647006,NaN,NaN,33.6938333884882,NaN
36300,NaN,755578622.979236,NaN,NaN,33.6858112400573,NaN
36360,NaN,755580643.890633,NaN,NaN,33.679708584045,NaN
36420,NaN,755582664.474908,NaN,NaN,33.6755007502625,NaN
36480,NaN,755584684.864461,NaN,NaN,33.6731608762379,NaN
36540,NaN,755586705.186043,NaN,NaN,33.6726550598288,NaN
36600,NaN,755588725.539153,NaN,NaN,33.6739454788909,NaN
36660,NaN,755590746.019847,NaN,NaN,33.6769895536322,NaN
36720,NaN,755592766.704798,NaN,NaN,33.6817392952394,NaN
36780,NaN,755594787.763137,NaN,NaN,33.6881408433656,NaN
36840,NaN,755596809.211664,NaN,NaN,33.696138642152,NaN
36900,NaN,755598831.211936,NaN,NaN,33.7056686026073,NaN
36960,NaN,755600853.82312,NaN,NaN,33.716670396201,NaN
37020,NaN,755602877.169555,NaN,NaN,33.7290686514588,NaN
37080,NaN,755604901.249869,NaN,NaN,33.7427920761529,NaN
37140,NaN,755606926.192264,NaN,NaN,33.7577662559292,NaN
37200,NaN,755608952.102856,NaN,NaN,33.773906491766,NaN
37260,NaN,755610978.996676,NaN,NaN,33.7911321514907,NaN
37320,NaN,755613006.961101,NaN,NaN,33.8093553090557,NaN
37380,NaN,755615036.046011,NaN,NaN,33.8284881520483,NaN
37440,NaN,755617066.306652,NaN,NaN,33.8484368395012,NaN
37500,NaN,755619097.788997,NaN,NaN,33.8691088951726,NaN
37560,NaN,755621130.511665,NaN,NaN,33.890407652072,NaN
37620,NaN,755623164.550859,NaN,NaN,33.912235497454,NaN
37680,NaN,755625199.893607,NaN,NaN,33.9344931185327,NaN
37740,NaN,755627236.590158,NaN,NaN,33.9570805115762,NaN
37800,NaN,755629274.638036,NaN,NaN,33.9798939721112,NaN
37860,NaN,755631314.066041,NaN,NaN,34.0028333636483,NaN
37920,NaN,755633354.876921,NaN,NaN,34.0257941387111,NaN
37980,NaN,755635397.063896,NaN,NaN,34.0486760679615,NaN
38040,NaN,755637440.612307,NaN,NaN,34.0713726242124,NaN
38100,NaN,755639485.520717,NaN,NaN,34.0937833830457,NaN
38160,NaN,755641531.760164,NaN,NaN,34.1158044833909,NaN
38220,NaN,755643579.331308,NaN,NaN,34.1373364109504,NaN
38280,NaN,755645628.143511,NaN,NaN,34.1582772944106,NaN
38340,NaN,755647678.216358,NaN,NaN,34.1785297530279,NaN
38400,NaN,755649729.458734,NaN,NaN,34.1979953662343,NaN
38460,NaN,755651781.839419,NaN,NaN,34.2165782906328,NaN
38520,NaN,755653835.311889,NaN,NaN,34.2341859509398,NaN
38580,NaN,755655889.830201,NaN,NaN,34.2507270725506,NaN
38640,NaN,755657945.277755,NaN,NaN,34.2661140903917,NaN
38700,NaN,755660001.639305,NaN,NaN,34.280260570748,NaN
38760,NaN,755662058.778987,NaN,NaN,34.2930855651244,NaN
38820,NaN,755664116.673602,NaN,NaN,34.3045096192056,NaN
38880,NaN,755666175.214144,NaN,NaN,34.3144559888815,NaN
38940,NaN,755668234.2622,NaN,NaN,34.3228552972473,NaN
39000,NaN,755670293.80298,NaN,NaN,34.3296400191437,NaN
39060,NaN,755672353.70485,NaN,NaN,34.3347470790877,NaN
39120,NaN,755674413.867121,NaN,NaN,34.3381178531176,NaN
39180,NaN,755676474.144925,NaN,NaN,34.3396969013429,NaN
39240,NaN,755678534.480728,NaN,NaN,34.3394387411826,NaN
39300,NaN,755680594.74576,NaN,NaN,34.3372967166903,NaN
39360,NaN,755682654.807513,NaN,NaN,34.3332348464603,NaN
39420,NaN,755684714.585985,NaN,NaN,34.3272170451705,NaN
39480,NaN,755686773.952038,NaN,NaN,34.3192183398523,NaN
39540,NaN,755688832.752236,NaN,NaN,34.3092170346237,NaN
39600,NaN,755690890.885086,NaN,NaN,34.2971949840217,NaN
39660,NaN,755692948.298921,NaN,NaN,34.2831438167561,NaN
39720,NaN,755695004.749586,NaN,NaN,34.267059267519,NaN
39780,NaN,755697060.215867,NaN,NaN,34.2489446252692,NaN
39840,NaN,755699114.484342,NaN,NaN,34.2288045472782,NaN
39900,NaN,755701167.50091,NaN,NaN,34.2066570931443,NaN
39960,NaN,755703219.128763,NaN,NaN,34.1825185953653,NaN
42720,NaN,NaN,755789251.884045,NaN,NaN,31.8200141620102
42780,NaN,NaN,755791160.259926,NaN,NaN,31.7947356921179
42840,NaN,NaN,755793067.195081,NaN,NaN,31.7713503211316
42900,NaN,NaN,755794972.772406,NaN,NaN,31.749886823765
42960,NaN,NaN,755796877.113906,NaN,NaN,31.7303651531228
43020,NaN,NaN,755798780.350565,NaN,NaN,31.7128015562349
43080,NaN,NaN,755800682.604993,NaN,NaN,31.6972042742784
43140,NaN,NaN,755802583.967684,NaN,NaN,31.6835790621087
43200,NaN,NaN,755804484.564171,NaN,NaN,31.6719247647551
43260,NaN,NaN,755806384.537948,NaN,NaN,31.6622345316061
43320,NaN,NaN,755808283.958396,NaN,NaN,31.654495119722
43380,NaN,NaN,755810183.010381,NaN,NaN,31.6486907026815
43440,NaN,NaN,755812081.755882,NaN,NaN,31.6447975198208
43500,NaN,NaN,755813980.342767,NaN,NaN,31.6427870869245
43560,NaN,NaN,755815878.838631,NaN,NaN,31.6426261925772
43620,NaN,NaN,755817777.395296,NaN,NaN,31.644276285247
43680,NaN,NaN,755819676.104426,NaN,NaN,31.6476942058593
43740,NaN,NaN,755821575.0459,NaN,NaN,31.652832272933
43800,NaN,NaN,755823474.352587,NaN,NaN,31.6596372336913
43860,NaN,NaN,755825374.124756,NaN,NaN,31.6680520622671
43920,NaN,NaN,755827274.454447,NaN,NaN,31.6780154429441
43980,NaN,NaN,755829175.440714,NaN,NaN,31.6894614437048
44040,NaN,NaN,755831077.102942,NaN,NaN,31.7023196249653
44100,NaN,NaN,755832979.626098,NaN,NaN,31.7165149652486
44160,NaN,NaN,755834883.035956,NaN,NaN,31.7319747075893
44220,NaN,NaN,755836787.397231,NaN,NaN,31.7486136363995
44280,NaN,NaN,755838692.780575,NaN,NaN,31.7663498798342
44340,NaN,NaN,755840599.276766,NaN,NaN,31.7850967519965
44400,NaN,NaN,755842506.92717,NaN,NaN,31.8047642570457
44460,NaN,NaN,755844415.764094,NaN,NaN,31.8252610170472
44520,NaN,NaN,755846325.871256,NaN,NaN,31.8464929688711
44580,NaN,NaN,755848237.278162,NaN,NaN,31.8683626324398
44640,NaN,NaN,755850149.972489,NaN,NaN,31.8907704772895
44700,NaN,NaN,755852064.082369,NaN,NaN,31.9136206101071
44760,NaN,NaN,755853979.519491,NaN,NaN,31.9368100626702
44820,NaN,NaN,755855896.370516,NaN,NaN,31.9602354282443
44880,NaN,NaN,755857814.647847,NaN,NaN,31.9837971055625
44940,NaN,NaN,755859734.3642,NaN,NaN,32.0073891083938
45000,NaN,NaN,755861655.459762,NaN,NaN,32.0309094880884
45060,NaN,NaN,755863577.95837,NaN,NaN,32.0542526827745
45120,NaN,NaN,755865501.859899,NaN,NaN,32.0773183609364
45180,NaN,NaN,755867427.111998,NaN,NaN,32.1000015198194
45240,NaN,NaN,755869353.757562,NaN,NaN,32.1222012966424
45300,NaN,NaN,755871281.680217,NaN,NaN,32.1438172510579
45360,NaN,NaN,755873210.893879,NaN,NaN,32.164749140094
45420,NaN,NaN,755875141.319985,NaN,NaN,32.1849001595768
45480,NaN,NaN,755877072.951121,NaN,NaN,32.204173585763
45540,NaN,NaN,755879005.720335,NaN,NaN,32.2224743032211
45600,NaN,NaN,755880939.534576,NaN,NaN,32.2397122761579
45660,NaN,NaN,755882874.359956,NaN,NaN,32.2558016848827
45720,NaN,NaN,755884810.113684,NaN,NaN,32.2706500915564
45780,NaN,NaN,755886746.716326,NaN,NaN,32.2841810173692
45840,NaN,NaN,755888684.072325,NaN,NaN,32.2963117662972
45900,NaN,NaN,755890622.156385,NaN,NaN,32.3069676848994
45960,NaN,NaN,755892560.788969,NaN,NaN,32.3160766679567
46020,NaN,NaN,755894499.941039,NaN,NaN,32.3235722461871
46080,NaN,NaN,755896439.485101,NaN,NaN,32.3293908781742
46140,NaN,NaN,755898379.333327,NaN,NaN,32.3334737559437
46200,NaN,NaN,755900319.366482,NaN,NaN,32.3357662053479
46260,NaN,NaN,755902259.474204,NaN,NaN,32.336220595129
46320,NaN,NaN,755904199.571918,NaN,NaN,32.3347913569331
46380,NaN,NaN,755906139.530851,NaN,NaN,32.331442343287
46440,NaN,NaN,755908079.209016,NaN,NaN,32.3261382847561
46500,NaN,NaN,755910018.521487,NaN,NaN,32.3188526674536
46560,NaN,NaN,755911957.340247,NaN,NaN,32.3095649527363
46620,NaN,NaN,755913895.535644,NaN,NaN,32.2982574047596
46680,NaN,NaN,755915832.987089,NaN,NaN,32.2849221272012
46740,NaN,NaN,755917769.594231,NaN,NaN,32.2695531380502
46800,NaN,NaN,755919705.219175,NaN,NaN,32.2521535298711
46860,NaN,NaN,755921639.693178,NaN,NaN,32.2327333536803
46920,NaN,NaN,755923572.980131,NaN,NaN,32.2113030626878
46980,NaN,NaN,755925504.91569,NaN,NaN,32.1878858148515
49740,NaN,NaN,756011685.102992,NaN,NaN,30.2436531442008
49800,NaN,NaN,756013498.88755,NaN,NaN,30.2176833678124
49860,NaN,NaN,756015311.167837,NaN,NaN,30.1936150738524
49920,NaN,NaN,756017122.057404,NaN,NaN,30.1714732879135
49980,NaN,NaN,756018931.692143,NaN,NaN,30.151283264595
50040,NaN,NaN,756020740.157806,NaN,NaN,30.1330558880349
50100,NaN,NaN,756022547.594176,NaN,NaN,30.116801390724
50160,NaN,NaN,756024354.104811,NaN,NaN,30.1025265202353
50220,NaN,NaN,756026159.827603,NaN,NaN,30.0902264550656
50280,NaN,NaN,756027964.877294,NaN,NaN,30.0798962136942
50340,NaN,NaN,756029769.366886,NaN,NaN,30.0715235204234
50400,NaN,NaN,756031573.411483,NaN,NaN,30.0650888422621
50460,NaN,NaN,756033377.123471,NaN,NaN,30.0605710622993
50520,NaN,NaN,756035180.615265,NaN,NaN,30.0579394546546
50580,NaN,NaN,756036983.999098,NaN,NaN,30.0571620473571
50640,NaN,NaN,756038787.430165,NaN,NaN,30.0581994346119
50700,NaN,NaN,756040590.930666,NaN,NaN,30.0610077174866
50760,NaN,NaN,756042394.67222,NaN,NaN,30.0655388380014
50820,NaN,NaN,756044198.732387,NaN,NaN,30.0717393298382
50880,NaN,NaN,756046003.228544,NaN,NaN,30.0795522027706
50940,NaN,NaN,756047808.216107,NaN,NaN,30.0889154399601
51000,NaN,NaN,756049613.827844,NaN,NaN,30.09976185296
51060,NaN,NaN,756051420.118161,NaN,NaN,30.1120227015608
51120,NaN,NaN,756053227.180585,NaN,NaN,30.1256232976448
51180,NaN,NaN,756055035.119292,NaN,NaN,30.1404860743382
51240,NaN,NaN,756056843.98457,NaN,NaN,30.1565319850423
51300,NaN,NaN,756058653.81295,NaN,NaN,30.1736728472173
51360,NaN,NaN,756060464.735641,NaN,NaN,30.1918254907394
51420,NaN,NaN,756062276.772864,NaN,NaN,30.2108979767728
51480,NaN,NaN,756064089.972609,NaN,NaN,30.2307984148535
51540,NaN,NaN,756065904.371662,NaN,NaN,30.251433268153
51600,NaN,NaN,756067720.033026,NaN,NaN,30.2727041754627
51660,NaN,NaN,756069537.00592,NaN,NaN,30.2945138908041
51720,NaN,NaN,756071355.300984,NaN,NaN,30.3167619423499
51780,NaN,NaN,756073174.937924,NaN,NaN,30.3393455191984
51840,NaN,NaN,756074995.903818,NaN,NaN,30.3621643726855
51900,NaN,NaN,756076818.283957,NaN,NaN,30.3851159533098
51960,NaN,NaN,756078642.039429,NaN,NaN,30.4080929301997
52020,NaN,NaN,756080467.166534,NaN,NaN,30.4309943891381
52080,NaN,NaN,756082293.637419,NaN,NaN,30.453716977315
52140,NaN,NaN,756084121.507724,NaN,NaN,30.4761531409156
52200,NaN,NaN,756085950.685451,NaN,NaN,30.4982049500737
52260,NaN,NaN,756087781.181725,NaN,NaN,30.5197655653776
52320,NaN,NaN,756089612.946852,NaN,NaN,30.5407355315539
52380,NaN,NaN,756091445.950089,NaN,NaN,30.5610163157969
52440,NaN,NaN,756093280.158504,NaN,NaN,30.5805086868008
52500,NaN,NaN,756095115.500019,NaN,NaN,30.599115902762
52560,NaN,NaN,756096951.929927,NaN,NaN,30.6167434750651
52620,NaN,NaN,756098789.382283,NaN,NaN,30.6332998310115
52680,NaN,NaN,756100627.804634,NaN,NaN,30.6486977828664
52740,NaN,NaN,756102467.113005,NaN,NaN,30.6628485414074
52800,NaN,NaN,756104307.217038,NaN,NaN,30.6756701375483
52860,NaN,NaN,756106148.070408,NaN,NaN,30.6870844050105
52920,NaN,NaN,756107989.532629,NaN,NaN,30.6970129934093
52980,NaN,NaN,756109831.586705,NaN,NaN,30.705387330319
53040,NaN,NaN,756111674.060756,NaN,NaN,30.7121375286552
53100,NaN,NaN,756113516.900676,NaN,NaN,30.7172005766784
53160,NaN,NaN,756115359.99753,NaN,NaN,30.7205172788417
53220,NaN,NaN,756117203.229419,NaN,NaN,30.7220363306345
53280,NaN,NaN,756119046.50562,NaN,NaN,30.7217065735035
53340,NaN,NaN,756120889.685113,NaN,NaN,30.7194847165652
53400,NaN,NaN,756122732.692478,NaN,NaN,30.7153325620818
53460,NaN,NaN,756124575.400608,NaN,NaN,30.7092183746236
53520,756130618.245729,NaN,NaN,30.1976379966149,NaN,NaN
53580,756132429.728723,NaN,NaN,30.187066991434,NaN,NaN
53640,756134240.561839,NaN,NaN,30.1744776064394,NaN,NaN
53700,756136050.546954,NaN,NaN,30.1598623002583,NaN,NaN
53760,756137859.592556,NaN,NaN,30.1432182475739,NaN,NaN
53820,756139667.572239,NaN,NaN,30.124545202866,NaN,NaN
53880,756141474.403989,NaN,NaN,30.1038530549824,NaN,NaN
53940,756143279.917739,NaN,NaN,30.0811559368925,NaN,NaN
54000,756145084.005638,NaN,NaN,30.0564765352331,NaN,NaN
65580,756468276.899532,NaN,NaN,26.4008489078209,NaN,NaN
65640,756469861.565644,NaN,NaN,26.4223522159966,NaN,NaN
65700,756471447.514,NaN,NaN,26.4443905394755,NaN,NaN
65760,756473034.772473,NaN,NaN,26.4668645435412,NaN,NaN
65820,756474623.436568,NaN,NaN,26.4896691098963,NaN,NaN
65880,756476213.475233,NaN,NaN,26.5127043427402,NaN,NaN
65940,756477804.864398,NaN,NaN,26.5358657101474,NaN,NaN
66000,756479397.670138,NaN,NaN,26.5590468405191,NaN,NaN
66060,756480991.876401,NaN,NaN,26.5821459101239,NaN,NaN
66120,756482587.420229,NaN,NaN,26.6050561301329,NaN,NaN
66180,756484184.359152,NaN,NaN,26.6276761362141,NaN,NaN
66240,756485782.648888,NaN,NaN,26.6498975103444,NaN,NaN
66300,756487382.239695,NaN,NaN,26.6716223830592,NaN,NaN
66360,756488983.14233,NaN,NaN,26.6927453531433,NaN,NaN
66420,756490585.25049,NaN,NaN,26.7131682414309,NaN,NaN
66480,756492188.581132,NaN,NaN,26.7327917780732,NaN,NaN
66540,756493793.068897,NaN,NaN,26.7515181277749,NaN,NaN
66600,756495398.637576,NaN,NaN,26.7692544475512,NaN,NaN
66660,756497005.271376,NaN,NaN,26.7859094058655,NaN,NaN
66720,756498612.855718,NaN,NaN,26.8013900614508,NaN,NaN
66780,756500221.308495,NaN,NaN,26.8156149064084,NaN,NaN
66840,756501830.592968,NaN,NaN,26.8284981321539,NaN,NaN
66900,756503440.606737,NaN,NaN,26.8399605764883,NaN,NaN
66960,756505051.257621,NaN,NaN,26.84992742164,NaN,NaN
67020,756506662.459593,NaN,NaN,26.8583277311134,NaN,NaN
67080,756508274.116039,NaN,NaN,26.8650918559868,NaN,NaN
67140,756509886.133237,NaN,NaN,26.8701596010844,NaN,NaN
67200,756511498.403882,NaN,NaN,26.873470039669,NaN,NaN
67260,756513110.815135,NaN,NaN,26.8749739404909,NaN,NaN
67320,756514723.29735,NaN,NaN,26.874619221242,NaN,NaN
67380,756516335.654157,NaN,NaN,26.8723663941825,NaN,NaN
67440,756517947.834807,NaN,NaN,26.8681753144243,NaN,NaN
67500,756519559.682998,NaN,NaN,26.8620149871059,NaN,NaN
67560,756521171.123565,NaN,NaN,26.8538586412613,NaN,NaN
67620,756522782.009781,NaN,NaN,26.8436891947462,NaN,NaN
67680,756524392.247979,NaN,NaN,26.8314895149239,NaN,NaN
67740,756526001.655331,NaN,NaN,26.8172517445082,NaN,NaN
67800,756527610.155359,NaN,NaN,26.8009727251919,NaN,NaN
67860,756529217.624671,NaN,NaN,26.7826587906999,NaN,NaN
67920,756530823.951591,NaN,NaN,26.762319277002,NaN,NaN
67980,756532428.9593,NaN,NaN,26.7399693992926,NaN,NaN
68040,756534032.591437,NaN,NaN,26.7156320693122,NaN,NaN
70800,756605070.33652,NaN,NaN,24.7544081884564,NaN,NaN
70860,756606554.754938,NaN,NaN,24.7288888343086,NaN,NaN
70920,756608037.733427,NaN,NaN,24.7053023036565,NaN,NaN
70980,756609519.334251,NaN,NaN,24.6836724545768,NaN,NaN
71040,756610999.696716,NaN,NaN,24.6640186022229,NaN,NaN
71100,756612478.959222,NaN,NaN,24.6463521984859,NaN,NaN
71160,756613957.207613,NaN,NaN,24.6306834131211,NaN,NaN
71220,756615434.598911,NaN,NaN,24.6170154862965,NaN,NaN
71280,756616911.201479,NaN,NaN,24.6053434737154,NaN,NaN
71340,756618387.17709,NaN,NaN,24.5956598641075,NaN,NaN
71400,756619862.625956,NaN,NaN,24.5879483180146,NaN,NaN
71460,756621337.676933,NaN,NaN,24.582191138891,NaN,NaN
71520,756622812.410842,NaN,NaN,24.5783620127389,NaN,NaN
71580,756624286.991306,NaN,NaN,24.5764323891111,NaN,NaN
71640,756625761.552069,NaN,NaN,24.5763659595847,NaN,NaN
71700,756627236.118629,NaN,NaN,24.5781204881569,NaN,NaN
71760,756628710.837325,NaN,NaN,24.5816542465281,NaN,NaN
71820,756630185.842735,NaN,NaN,24.5869151348699,NaN,NaN
71880,756631661.222655,NaN,NaN,24.5938477808531,NaN,NaN
71940,756633137.040073,NaN,NaN,24.6023951750262,NaN,NaN
72000,756634613.435474,NaN,NaN,24.6124905760305,NaN,NaN
72060,756636090.46289,NaN,NaN,24.6240703241016,NaN,NaN
72120,756637568.235624,NaN,NaN,24.6370608676858,NaN,NaN
72180,756639046.847939,NaN,NaN,24.6513876078993,NaN,NaN
72240,756640526.349106,NaN,NaN,24.6669702974356,NaN,NaN
72300,756642006.800548,NaN,NaN,24.6837273312175,NaN,NaN
72360,756643488.32904,NaN,NaN,24.701573592853,NaN,NaN
72420,756644970.925295,NaN,NaN,24.7204223040875,NaN,NaN
72480,756646454.67268,NaN,NaN,24.7401796611567,NaN,NaN
72540,756647939.64896,NaN,NaN,24.7607534389453,NaN,NaN
72600,756649425.883994,NaN,NaN,24.7820484533613,NaN,NaN
72660,756650913.415966,NaN,NaN,24.8039663295072,NaN,NaN
72720,756652402.272449,NaN,NaN,24.826408535828,NaN,NaN
72780,756653892.514799,NaN,NaN,24.8492715031148,NaN,NaN
72840,756655384.096689,NaN,NaN,24.8724565789931,NaN,NaN
72900,756656877.103645,NaN,NaN,24.8958578453628,NaN,NaN
72960,756658371.507458,NaN,NaN,24.9193702227066,NaN,NaN
73020,756659867.331774,NaN,NaN,24.942893483715,NaN,NaN
73080,756661364.547495,NaN,NaN,24.9663182724858,NaN,NaN
73140,756662863.175054,NaN,NaN,24.9895424946524,NaN,NaN
73200,756664363.184231,NaN,NaN,25.0124616887764,NaN,NaN
73260,756665864.558636,NaN,NaN,25.0349700209492,NaN,NaN
73320,756667367.295723,NaN,NaN,25.0569672251443,NaN,NaN
73380,756668871.292509,NaN,NaN,25.0783496094165,NaN,NaN
73440,756670376.575668,NaN,NaN,25.0990187277092,NaN,NaN
73500,756671883.070843,NaN,NaN,25.1188746699495,NaN,NaN
73560,756673390.709973,NaN,NaN,25.137819703994,NaN,NaN
73620,756674899.4633,NaN,NaN,25.1557621114173,NaN,NaN
73680,756676409.298529,NaN,NaN,25.1726083690966,NaN,NaN
73740,756677920.057624,NaN,NaN,25.1882690202242,NaN,NaN
73800,756679431.777998,NaN,NaN,25.2026605054675,NaN,NaN
73860,756680944.277727,NaN,NaN,25.2156988682295,NaN,NaN
73920,756682457.516968,NaN,NaN,25.227304184602,NaN,NaN
73980,756683971.42318,NaN,NaN,25.2374024574165,NaN,NaN
74040,756685485.865402,NaN,NaN,25.2459218091211,NaN,NaN
74100,756687000.796654,NaN,NaN,25.252795886353,NaN,NaN
74160,756688516.083508,NaN,NaN,25.2579624041246,NaN,NaN
74220,756690031.593457,NaN,NaN,25.2613627707643,NaN,NaN
74280,756691547.306754,NaN,NaN,25.2629464622166,NaN,NaN
74340,756693063.043302,NaN,NaN,25.2626641798702,NaN,NaN
74400,756694578.687231,NaN,NaN,25.2604747755405,NaN,NaN
74460,756696094.147971,NaN,NaN,25.2563392281624,NaN,NaN
74520,756697609.318184,NaN,NaN,25.2502310488951,NaN,NaN
74580,756699124.055033,NaN,NaN,25.2421208048583,NaN,NaN
74640,756700638.239484,NaN,NaN,25.2319905199695,NaN,NaN
74700,756702151.761914,NaN,NaN,25.2198274444587,NaN,NaN
74760,756703664.471678,NaN,NaN,25.2056224695031,NaN,NaN
74820,756705176.292776,NaN,NaN,25.1893757733744,NaN,NaN
74880,756706687.055294,NaN,NaN,25.1710910284938,NaN,NaN
74940,756708196.684545,NaN,NaN,25.1507796473905,NaN,NaN
75000,756709705.023545,NaN,NaN,25.128458364447,NaN,NaN
75060,756711211.956713,NaN,NaN,25.1041519683162,NaN,NaN
77820,756777812.899114,NaN,NaN,23.1550954262803,NaN,NaN
77880,756779201.407123,NaN,NaN,23.1300965949153,NaN,NaN
77940,756780588.459983,NaN,NaN,23.1070324589782,NaN,NaN
78000,756781974.177951,NaN,NaN,23.085928280458,NaN,NaN
78060,756783358.71854,NaN,NaN,23.066801806622,NaN,NaN
78120,756784742.141965,NaN,NaN,23.0496661327383,NaN,NaN
78180,756786124.608495,NaN,NaN,23.0345280200854,NaN,NaN
78240,756787506.231865,NaN,NaN,23.0213914514827,NaN,NaN
78300,756788887.119858,NaN,NaN,23.0102485086389,NaN,NaN
78360,756790267.407083,NaN,NaN,23.0010933994357,NaN,NaN
78420,756791647.196051,NaN,NaN,22.9939081753207,NaN,NaN
78480,756793026.612316,NaN,NaN,22.9886734926041,NaN,NaN
78540,756794405.773853,NaN,NaN,22.9853651767412,NaN,NaN
78600,756795784.792843,NaN,NaN,22.9839498120697,NaN,NaN
78660,756797163.785823,NaN,NaN,22.9843925225592,NaN,NaN
78720,756798542.853411,NaN,NaN,22.98665122296,NaN,NaN
78780,756799922.097384,NaN,NaN,22.9906826162039,NaN,NaN
78840,756801301.681024,NaN,NaN,22.9964331613901,NaN,NaN
78900,756802681.634357,NaN,NaN,23.0038472514891,NaN,NaN
78960,756804062.074147,NaN,NaN,23.0128694836465,NaN,NaN
79020,756805443.114679,NaN,NaN,23.0234298110592,NaN,NaN
79080,756806824.81116,NaN,NaN,23.0354639287503,NaN,NaN
79140,756808207.293335,NaN,NaN,23.0488992203637,NaN,NaN
79200,756809590.602972,NaN,NaN,23.0636589152172,NaN,NaN
79260,756810974.853616,NaN,NaN,23.0796653729326,NaN,NaN
79320,756812360.107947,NaN,NaN,23.0968336640352,NaN,NaN
79380,756813746.388219,NaN,NaN,23.115079544158,NaN,NaN
79440,756815133.836583,NaN,NaN,23.1343137707346,NaN,NaN
79500,756816522.425049,NaN,NaN,23.1544450908466,NaN,NaN
79560,756817912.287785,NaN,NaN,23.1753803818639,NaN,NaN
79620,756819303.40343,NaN,NaN,23.1970228091513,NaN,NaN
79680,756820695.844068,NaN,NaN,23.219274640277,NaN,NaN
79740,756822089.628791,NaN,NaN,23.2420354608345,NaN,NaN
79800,756823484.794291,NaN,NaN,23.2652039065487,NaN,NaN
79860,756824881.365989,NaN,NaN,23.2886800964107,NaN,NaN
79920,756826279.341192,NaN,NaN,23.312356900167,NaN,NaN
79980,756827678.737536,NaN,NaN,23.336131882029,NaN,NaN
80040,756829079.576808,NaN,NaN,23.3599022062907,NaN,NaN
80100,756830481.841638,NaN,NaN,23.3835598932407,NaN,NaN
80160,756831885.496254,NaN,NaN,23.4070029997404,NaN,NaN
80220,756833290.584686,NaN,NaN,23.4301253290853,NaN,NaN
80280,756834696.999817,NaN,NaN,23.4528216214926,NaN,NaN
80340,756836104.799031,NaN,NaN,23.4749939651671,NaN,NaN
80400,756837513.904416,NaN,NaN,23.4965368491353,NaN,NaN
80460,756838924.266991,NaN,NaN,23.5173519950215,NaN,NaN
80520,756840335.845278,NaN,NaN,23.5373401846237,NaN,NaN
80580,756841748.633762,NaN,NaN,23.5564059146183,NaN,NaN
80640,756843162.523492,NaN,NaN,23.574455017869,NaN,NaN
80700,756844577.451297,NaN,NaN,23.5913952647493,NaN,NaN
80760,756845993.381896,NaN,NaN,23.6071381000735,NaN,NaN
80820,756847410.207568,NaN,NaN,23.6215999756747,NaN,NaN
80880,756848827.840284,NaN,NaN,23.6346943092821,NaN,NaN
80940,756850246.211559,NaN,NaN,23.646347804517,NaN,NaN
81000,756851665.26282,NaN,NaN,23.6564833897053,NaN,NaN
81060,756853084.86081,NaN,NaN,23.6650318742666,NaN,NaN
81120,756854504.92086,NaN,NaN,23.6719230015961,NaN,NaN
81180,756855925.355977,NaN,NaN,23.6771005343771,NaN,NaN
81240,756857346.058305,NaN,NaN,23.6805045567404,NaN,NaN
81300,756858766.885676,NaN,NaN,23.6820836728348,NaN,NaN
81360,756860187.755496,NaN,NaN,23.6817912730958,NaN,NaN
81420,756861608.579077,NaN,NaN,23.6795858128893,NaN,NaN
81480,756863029.191772,NaN,NaN,23.6754316156192,NaN,NaN
81540,756864449.492836,NaN,NaN,23.6692980931098,NaN,NaN
81600,756865869.357847,NaN,NaN,23.6611626008715,NaN,NaN
81660,756867288.6729,NaN,NaN,23.651003118486,NaN,NaN
81720,756868707.33296,NaN,NaN,23.6388106632969,NaN,NaN
81780,756870125.21512,NaN,NaN,23.6245760813142,NaN,NaN
81840,NaN,756871436.783924,NaN,NaN,22.9808568204929,NaN
81900,NaN,756872815.003756,NaN,NaN,22.9616598228783,NaN
81960,NaN,756874192.055522,NaN,NaN,22.9404507808743,NaN
82020,NaN,756875567.742178,NaN,NaN,22.9172483246251,NaN
84840,NaN,756937407.114442,NaN,NaN,20.9303213650217,NaN
84900,NaN,756938662.139988,NaN,NaN,20.9056165221703,NaN
84960,NaN,756939915.73906,NaN,NaN,20.8828627502435,NaN
85020,NaN,756941168.044758,NaN,NaN,20.8620835652811,NaN
85080,NaN,756942419.133916,NaN,NaN,20.8432962818307,NaN
85140,NaN,756943669.151583,NaN,NaN,20.8265124991902,NaN
85200,NaN,756944918.259081,NaN,NaN,20.8117374935288,NaN
85260,NaN,756946166.514598,NaN,NaN,20.7989744117238,NaN
85320,NaN,756947414.080402,NaN,NaN,20.7882179667317,NaN
85380,NaN,756948661.048386,NaN,NaN,20.7794569184982,NaN
85440,NaN,756949907.5481,NaN,NaN,20.7726755702373,NaN
85500,NaN,756951153.697855,NaN,NaN,20.767853499452,NaN
85560,NaN,756952399.652521,NaN,NaN,20.7649641693121,NaN
85620,NaN,756953645.443497,NaN,NaN,20.7639748196218,NaN
85680,NaN,756954891.268239,NaN,NaN,20.764849448071,NaN
85740,NaN,756956137.164548,NaN,NaN,20.7675456601579,NaN
85800,NaN,756957383.28686,NaN,NaN,20.7720176133379,NaN
85860,NaN,756958629.741885,NaN,NaN,20.7782140056592,NaN
85920,NaN,756959876.621555,NaN,NaN,20.7860791317482,NaN
85980,NaN,756961123.999121,NaN,NaN,20.7955504953201,NaN
86040,NaN,756962371.992869,NaN,NaN,20.8065662467573,NaN
86100,NaN,756963620.728651,NaN,NaN,20.8190553444868,NaN
86160,NaN,756964870.245238,NaN,NaN,20.8329471109447,NaN
86220,NaN,756966120.607997,NaN,NaN,20.8481638112005,NaN
86280,NaN,756967371.938239,NaN,NaN,20.864626195173,NaN
86340,NaN,756968624.281225,NaN,NaN,20.8822515362943,NaN
86400,NaN,756969877.711786,NaN,NaN,20.9009531152325,NaN
