0,NaN,754217469.570106,NaN,NaN,38.3899830268563,NaN
60,NaN,754219773.490748,NaN,NaN,38.4096336311804,NaN
120,NaN,754222078.699335,NaN,NaN,38.4329003531273,NaN
180,NaN,754224385.410171,NaN,NaN,38.4596930721577,NaN
240,NaN,754226693.831816,NaN,NaN,38.4899086803993,NaN
300,NaN,754229004.166217,NaN,NaN,38.5234316727681,NaN
360,NaN,754231316.609199,NaN,NaN,38.5601348209011,NaN
420,NaN,754233631.34522,NaN,NaN,38.5998799224951,NaN
480,NaN,754235948.553516,NaN,NaN,38.6425186165791,NaN
540,NaN,754238268.403029,NaN,NaN,38.6878932547114,NaN
600,NaN,754240591.052971,NaN,NaN,38.7358378173698,NaN
660,NaN,754242916.652356,NaN,NaN,38.7861788645906,NaN
720,NaN,754245245.339616,NaN,NaN,38.8387365098212,NaN
780,NaN,754247577.242218,NaN,NaN,38.8933254060907,NaN
840,NaN,754249912.476355,NaN,NaN,38.949755733937,NaN
900,NaN,754252251.146727,NaN,NaN,39.0078341810507,NaN
960,NaN,754254593.346351,NaN,NaN,39.0673649042736,NaN
1020,NaN,754256939.157592,NaN,NaN,39.12815046539,NaN
1080,NaN,754259288.647527,NaN,NaN,39.1899927331076,NaN
1140,NaN,754261641.87475,NaN,NaN,39.2526937444807,NaN
1200,NaN,754263998.884863,NaN,NaN,39.3160565202683,NaN
1260,NaN,754266359.711714,NaN,NaN,39.3798858295576,NaN
1320,NaN,754268724.377491,NaN,NaN,39.4439889001524,NaN
1380,NaN,754271092.892918,NaN,NaN,39.5081760721925,NaN
1440,NaN,754273465.257439,NaN,NaN,39.572261393443,NaN
1500,NaN,754275841.459465,NaN,NaN,39.6360631555862,NaN
1560,NaN,754278221.476661,NaN,NaN,39.6994043716813,NaN
1620,NaN,754280605.276198,NaN,NaN,39.7621131956832,NaN
1680,NaN,754282992.81512,NaN,NaN,39.8240232855606,NaN
1740,NaN,754285384.041784,NaN,NaN,39.8849741121047,NaN
1800,NaN,754287778.891722,NaN,NaN,39.9448112160161,NaN
1860,NaN,754290177.294741,NaN,NaN,40.003386416105,NaN
1920,NaN,754292579.170871,NaN,NaN,40.0605579719279,NaN
1980,NaN,754294984.43178,NaN,NaN,40.1161907041752,NaN
2040,NaN,754297392.981258,NaN,NaN,40.1701560763711,NaN
2100,NaN,754299804.715581,NaN,NaN,40.2223322414731,NaN
2160,NaN,754302219.523893,NaN,NaN,40.2726040569582,NaN
2220,NaN,754304637.288664,NaN,NaN,40.3208630719329,NaN
2280,NaN,754307057.886017,NaN,NaN,40.3670074897144,NaN
2340,NaN,754309481.186213,NaN,NaN,40.4109421091953,NaN
2400,NaN,754311907.055083,NaN,NaN,40.452578248148,NaN
2460,NaN,754314335.349969,NaN,NaN,40.4918336514796,NaN
2520,NaN,754316765.926846,NaN,NaN,40.5286323871438,NaN
2580,NaN,754319198.636189,NaN,NaN,40.5629047324034,NaN
2640,NaN,754321633.324474,NaN,NaN,40.5945870527358,NaN
2700,NaN,754324069.834537,NaN,NaN,40.6236216755828,NaN
2760,NaN,754326508.005938,NaN,NaN,40.6499567608972,NaN
2820,NaN,754328947.675287,NaN,NaN,40.6735461702436,NaN
2880,NaN,754331388.676609,NaN,NaN,40.6943493360168,NaN
2940,NaN,754333830.841641,NaN,NaN,40.7123311321544,NaN
3000,NaN,754336274.000182,NaN,NaN,40.7274617475454,NaN
3060,NaN,754338717.98152,NaN,NaN,40.7397165631694,NaN
3120,NaN,754341162.610251,NaN,NaN,40.7490760338787,NaN
3180,NaN,754343607.713299,NaN,NaN,40.7555255754951,NaN
3240,NaN,754346053.115779,NaN,NaN,40.7590554579306,NaN
3300,NaN,754348498.64233,NaN,NaN,40.7596607047589,NaN
3360,NaN,754350944.117427,NaN,NaN,40.7573409996534,NaN
3420,NaN,754353389.365689,NaN,NaN,40.7521005999772,NaN
3480,NaN,754355834.212121,NaN,NaN,40.7439482577281,NaN
3540,NaN,754358278.482372,NaN,NaN,40.7328971479626,NaN
3600,NaN,754360722.003016,NaN,NaN,40.7189648047483,NaN
3660,NaN,754363164.601817,NaN,NaN,40.7021730646291,NaN
3720,NaN,754365606.109106,NaN,NaN,40.6825480175264,NaN
3780,NaN,754368046.353512,NaN,NaN,40.6601199649694,NaN
3840,NaN,754370485.168994,NaN,NaN,40.634923385406,NaN
3900,NaN,754372922.39058,NaN,NaN,40.6069969064521,NaN
3960,NaN,754375357.855744,NaN,NaN,40.5763832837366,NaN
4020,NaN,754377791.404636,NaN,NaN,40.5431293860333,NaN
4080,NaN,754380222.88035,NaN,NaN,40.5072861863101,NaN
4140,NaN,754382652.129159,NaN,NaN,40.468908758276,NaN
4200,NaN,754385079.000759,NaN,NaN,40.4280562779454,NaN
4260,NaN,754387503.348544,NaN,NaN,40.3847920296991,NaN
4320,NaN,754389925.029781,NaN,NaN,40.3391834162681,NaN
4380,NaN,754392343.905954,NaN,NaN,40.2913019719951,NaN
4440,NaN,754394759.844068,NaN,NaN,40.2412233786586,NaN
4500,NaN,754397172.712409,NaN,NaN,40.1890274831176,NaN
4560,NaN,754399582.387563,NaN,NaN,40.1347983158725,NaN
4620,NaN,754401988.750171,NaN,NaN,40.0786241096785,NaN
4680,NaN,754404391.686276,NaN,NaN,40.0205973171405,NaN
4740,NaN,754406791.087599,NaN,NaN,39.9608146262127,NaN
4800,NaN,754409186.851799,NaN,NaN,39.8993769723935,NaN
4860,NaN,754411578.882705,NaN,NaN,39.8363895463044,NaN
4920,NaN,754413967.09061,NaN,NaN,39.7719617952429,NaN
4980,NaN,754416351.39246,NaN,NaN,39.7062074171988,NaN
5040,NaN,754418731.712194,NaN,NaN,39.6392443456991,NaN
5100,NaN,754421107.98205,NaN,NaN,39.5711947237446,NaN
5160,NaN,754423480.138354,NaN,NaN,39.502184865011,NaN
5220,NaN,754425848.128506,NaN,NaN,39.4323452003158,NaN
5280,NaN,754428211.906735,NaN,NaN,39.3618102073772,NaN
5340,NaN,754430571.43546,NaN,NaN,39.2907183216881,NaN
5400,NaN,754432926.685524,NaN,NaN,39.219211826324,NaN
5460,NaN,754435277.636393,NaN,NaN,39.1474367184313,NaN
5520,NaN,754437624.276418,NaN,NaN,39.0755425501141,NaN
5580,NaN,754439966.603045,NaN,NaN,39.0036822414343,NaN
5640,NaN,754442304.622962,NaN,NaN,38.9320118632688,NaN
5700,NaN,754444638.352318,NaN,NaN,38.8606903878321,NaN
5760,NaN,754446967.818014,NaN,NaN,38.7898794047805,NaN
5820,NaN,754449293.053341,NaN,NaN,38.7197428009878,NaN
5880,NaN,754451614.104836,NaN,NaN,38.650446402227,NaN
5940,NaN,754453931.027938,NaN,NaN,38.5821575753658,NaN
6000,NaN,754456243.888142,NaN,NaN,38.515044789897,NaN
6060,NaN,754458552.761092,NaN,NaN,38.4492771380787,NaN
6120,NaN,754460857.73257,NaN,NaN,38.3850238133945,NaN
6180,NaN,754463158.898491,NaN,NaN,38.3224535475604,NaN
6240,NaN,754465456.36489,NaN,NaN,38.2617340068892,NaN
6300,NaN,754467750.24778,NaN,NaN,38.2030311494663,NaN
6360,NaN,754470040.673116,NaN,NaN,38.1465085452826,NaN
6420,NaN,754472327.777633,NaN,NaN,38.0923266622144,NaN
6480,NaN,754474611.70427,NaN,NaN,38.0406421215454,NaN
6540,NaN,754476892.608565,NaN,NaN,37.9916069274572,NaN
6600,NaN,754479170.653907,NaN,NaN,37.9453676758378,NaN
6660,NaN,754481446.012295,NaN,NaN,37.9020647484422,NaN
6720,NaN,754483718.863952,NaN,NaN,37.8618314992776,NaN
6780,NaN,754485989.396873,NaN,NaN,37.8247934407746,NaN
6840,NaN,754488257.806301,NaN,NaN,37.7910674379553,NaN
6900,NaN,754490524.294245,NaN,NaN,37.7607609193405,NaN
6960,NaN,754492789.068836,NaN,NaN,37.7339711137626,NaN
7020,NaN,754495052.343737,NaN,NaN,37.7107843225192,NaN
7080,NaN,754497314.337406,NaN,NaN,37.6912752364183,NaN
7140,NaN,754499575.273583,NaN,NaN,37.6755063071885,NaN
7200,NaN,754501835.375977,NaN,NaN,37.6635271824975,NaN
7260,NaN,754504094.874265,NaN,NaN,37.6553742132791,NaN
7320,NaN,754506353.998763,NaN,NaN,37.6510700415431,NaN
7380,NaN,754508612.980718,NaN,NaN,37.650623275858,NaN
7440,NaN,754510872.051487,NaN,NaN,37.6540282607307,NaN
7500,NaN,754513131.441638,NaN,NaN,37.6612649448779,NaN
7560,NaN,754515391.380123,NaN,NaN,37.6722988520364,NaN
7620,NaN,754517652.093361,NaN,NaN,37.6870811565087,NaN
7680,NaN,754519913.804462,NaN,NaN,37.7055488640781,NaN
7740,NaN,754522176.732299,NaN,NaN,37.7276250973607,NaN
7800,NaN,754524441.091865,NaN,NaN,37.7532194830799,NaN
7860,NaN,754526707.08896,NaN,NaN,37.7822286372115,NaN
7920,NaN,754528974.926181,NaN,NaN,37.8145367423956,NaN
7980,NaN,754531244.797692,NaN,NaN,37.8500162108391,NaN
8040,NaN,754533516.889672,NaN,NaN,37.8885284245413,NaN
8100,NaN,754535791.379679,NaN,NaN,37.9299245437471,NaN
8160,NaN,754538068.436032,NaN,NaN,37.9740463737059,NaN
8220,NaN,754540348.21732,NaN,NaN,38.0207272791873,NaN
8280,NaN,754542630.871899,NaN,NaN,38.0697931358095,NaN
8340,NaN,754544916.537476,NaN,NaN,38.1210633070967,NaN
8400,NaN,754547205.340751,NaN,NaN,38.1743516362436,NaN
8460,NaN,754549497.398246,NaN,NaN,38.2294674418252,NaN
8520,NaN,754551792.811527,NaN,NaN,38.2862165071729,NaN
8580,NaN,754554091.673849,NaN,NaN,38.3444020536857,NaN
8640,NaN,754556394.065435,NaN,NaN,38.4038256892783,NaN
8700,NaN,754558700.054601,NaN,NaN,38.4642883238903,NaN
8760,NaN,754561009.697729,NaN,NaN,38.5255910450575,NaN
8820,NaN,754563323.039267,NaN,NaN,38.587535947542,NaN
8880,NaN,754565640.111859,NaN,NaN,38.6499269120898,NaN
8940,NaN,754567960.936443,NaN,NaN,38.712570329446,NaN
9000,NaN,754570285.522429,NaN,NaN,38.7752757668021,NaN
9060,NaN,754572613.867931,NaN,NaN,38.8378565748498,NaN
9120,NaN,754574945.961095,NaN,NaN,38.9001304345578,NaN
9180,NaN,754577281.775915,NaN,NaN,38.96191984368,NaN
9240,NaN,754579621.279245,NaN,NaN,39.0230525436955,NaN
9300,NaN,754581964.426647,NaN,NaN,39.0833618887339,NaN
9360,NaN,754584311.163875,NaN,NaN,39.1426871584735,NaN
9420,NaN,754586661.427226,NaN,NaN,39.2008738175953,NaN
9480,NaN,754589015.143899,NaN,NaN,39.2577737247584,NaN
9540,NaN,754591372.232399,NaN,NaN,39.3132452943715,NaN
9600,NaN,754593732.602961,NaN,NaN,39.3671536146629,NaN
9660,NaN,754596096.157899,NaN,NaN,39.4193705257103,NaN
9720,NaN,754598462.792059,NaN,NaN,39.4697746611573,NaN
9780,NaN,754600832.393202,NaN,NaN,39.5182514573664,NaN
9840,NaN,754603204.843558,NaN,NaN,39.5646931337099,NaN
9900,NaN,754605580.015677,NaN,NaN,39.6089986476366,NaN
9960,NaN,754607957.779679,NaN,NaN,39.6510736279325,NaN
10020,NaN,754610337.999048,NaN,NaN,39.6908302895947,NaN
10080,NaN,754612720.532214,NaN,NaN,39.7281873333895,NaN
10140,NaN,754615105.232929,NaN,NaN,39.7630698330658,NaN
10200,NaN,754617491.950635,NaN,NaN,39.7954091129439,NaN
10260,NaN,754619880.530817,NaN,NaN,39.825142618386,NaN
10320,NaN,754622270.81539,NaN,NaN,39.8522137814326,NaN
10380,NaN,754624662.643097,NaN,NaN,39.8765718836667,NaN
10440,NaN,754627055.849755,NaN,NaN,39.8981719181513,NaN
10500,NaN,754629450.269801,NaN,NaN,39.9169744520729,NaN
10560,NaN,754631845.732084,NaN,NaN,39.9329454915521,NaN
10620,NaN,754634242.066965,NaN,NaN,39.946056349805,NaN
10680,NaN,754636639.102076,NaN,NaN,39.9562835198064,NaN
10740,NaN,754639036.663841,NaN,NaN,39.9636085522931,NaN
10800,NaN,754641434.577697,NaN,NaN,39.9680179398807,NaN
10860,NaN,754643832.668406,NaN,NaN,39.9695030078952,NaN
10920,NaN,754646230.760393,NaN,NaN,39.9680598123962,NaN
10980,NaN,754648628.677936,NaN,NaN,39.9636890457494,NaN
11040,NaN,754651026.245534,NaN,NaN,39.9563959499982,NaN
11100,NaN,754653423.288097,NaN,NaN,39.9461902381906,NaN
11160,NaN,754655819.632429,NaN,NaN,39.933086023724,NaN
11220,NaN,754658215.102854,NaN,NaN,39.9171017577154,NaN
11280,NaN,754660609.528393,NaN,NaN,39.898260174261,NaN
11340,NaN,754663002.73838,NaN,NaN,39.8765882435084,NaN
11400,NaN,754665394.563905,NaN,NaN,39.852117132278,NaN
11460,NaN,754667784.838062,NaN,NaN,39.8248821719907,NaN
11520,NaN,754670173.396181,NaN,NaN,39.7949228335868,NaN
11580,NaN,754672560.076101,NaN,NaN,39.7622827090725,NaN
11640,NaN,754674944.718356,NaN,NaN,39.727009499282,NaN
11700,NaN,754677327.166518,NaN,NaN,39.6891550073946,NaN
11760,NaN,754679707.26736,NaN,NaN,39.6487751377155,NaN
11820,NaN,754682084.872264,NaN,NaN,39.6059298991578,NaN
11880,NaN,754684459.832955,NaN,NaN,39.5606834128407,NaN
11940,NaN,754686832.008524,NaN,NaN,39.5131039231182,NaN
12000,NaN,754689201.261121,NaN,NaN,39.4632638113918,NaN
12060,NaN,754691567.457411,NaN,NaN,39.4112396118887,NaN
12120,NaN,754693930.468731,NaN,NaN,39.3571120286055,NaN
12180,NaN,754696290.171396,NaN,NaN,39.3009659525266,NaN
12240,NaN,754698646.44696,NaN,NaN,39.242890478152,NaN
12300,NaN,754700999.182435,NaN,NaN,39.1829789182864,NaN
12360,NaN,754703348.270571,NaN,NaN,39.1213288159833,NaN
12420,NaN,754705693.610074,NaN,NaN,39.0580419524433,NaN
12480,NaN,754708035.105903,NaN,NaN,38.9932243495657,NaN
12540,NaN,754710372.670628,NaN,NaN,38.9269862657675,NaN
12600,NaN,754712706.22018,NaN,NaN,38.8594421836158,NaN
12660,NaN,754715035.680861,NaN,NaN,38.7907107876634,NaN
12720,NaN,754717360.985102,NaN,NaN,38.7209149308693,NaN
12780,NaN,754719682.072819,NaN,NaN,38.6501815878015,NaN
12840,NaN,754721998.891677,NaN,NaN,38.5786417927992,NaN
12900,NaN,754724311.397324,NaN,NaN,38.5064305611617,NaN
12960,NaN,754726619.55362,NaN,NaN,38.4336867913651,NaN
13020,NaN,754728923.332864,NaN,NaN,38.360553146249,NaN
13080,NaN,754731222.716044,NaN,NaN,38.2871759110743,NaN
13140,NaN,754733517.693015,NaN,NaN,38.2137048263337,NaN
13200,NaN,754735808.263847,NaN,NaN,38.1402928931956,NaN
13260,NaN,754738094.434511,NaN,NaN,38.0670961495143,NaN
13320,NaN,754740376.223786,NaN,NaN,37.9942734143577,NaN
13380,NaN,754742653.658947,NaN,NaN,37.9219859991861,NaN
13440,NaN,754744926.777011,NaN,NaN,37.8503973838922,NaN
13500,NaN,754747195.624846,NaN,NaN,37.7796728561518,NaN
13560,NaN,754749460.259292,NaN,NaN,37.7099791127706,NaN
13620,NaN,754751720.747232,NaN,NaN,37.6414838220211,NaN
13680,NaN,754753977.165611,NaN,NaN,37.5743551463248,NaN
13740,NaN,754756229.601473,NaN,NaN,37.5087612250587,NaN
13800,NaN,754758478.151929,NaN,NaN,37.4448696177544,NaN
13860,NaN,754760722.92526,NaN,NaN,37.3828467084915,NaN
13920,NaN,754762964.036255,NaN,NaN,37.3228570729076,NaN
13980,NaN,754765201.612943,NaN,NaN,37.2650628098526,NaN
14040,NaN,754767435.791815,NaN,NaN,37.2096228404964,NaN
14100,NaN,754769666.718804,NaN,NaN,37.1566921783416,NaN
14160,NaN,754771894.549,NaN,NaN,37.1064211744105,NaN
14220,NaN,754774119.446371,NaN,NaN,37.0589547426112,NaN
14280,NaN,754776341.583374,NaN,NaN,37.0144315710631,NaN
14340,NaN,754778561.140587,NaN,NaN,36.9729833258944,NaN
14400,NaN,754780778.306282,NaN,NaN,36.9347338547114,NaN
14460,NaN,754782993.275873,NaN,NaN,36.8997983975622,NaN
14520,NaN,754785206.252557,NaN,NaN,36.8682828137499,NaN
14580,NaN,754787417.442192,NaN,NaN,36.8402828332949,NaN
14640,NaN,754789627.059447,NaN,NaN,36.8158833420814,NaN
14700,NaN,754791835.322608,NaN,NaN,36.795157709961,NaN
14760,NaN,754794042.454013,NaN,NaN,36.778167170964,NaN
14820,NaN,754796248.679293,NaN,NaN,36.7649602646226,NaN
14880,NaN,754798454.226569,NaN,NaN,36.7555723469967,NaN
14940,NaN,754800659.325735,NaN,NaN,36.7500251794109,NaN
15000,NaN,754802864.207512,NaN,NaN,36.7483266021358,NaN
15060,NaN,754805069.102718,NaN,NaN,36.7504702992878,NaN
15120,NaN,754807274.241328,NaN,NaN,36.7564356601038,NaN
15180,NaN,754809479.851675,NaN,NaN,36.7661877404705,NaN
15240,NaN,754811686.160679,NaN,NaN,36.7796773272004,NaN
15300,NaN,754813893.388515,NaN,NaN,36.7968411060859,NaN
15360,NaN,754816101.754501,NaN,NaN,36.8176019331778,NaN
15420,NaN,754818311.471828,NaN,NaN,36.8418692072749,NaN
15480,NaN,754820522.74781,NaN,NaN,36.869539339985,NaN
15540,NaN,754822735.783234,NaN,NaN,36.9004963183347,NaN
15600,NaN,754824950.771506,NaN,NaN,36.9346123534966,NaN
15660,NaN,754827167.89806,NaN,NaN,36.9717486079668,NaN
15720,NaN,754829387.339705,NaN,NaN,37.0117559924849,NaN
15780,NaN,754831609.263984,NaN,NaN,37.0544760230952,NaN
15840,NaN,754833833.828689,NaN,NaN,37.0997417280418,NaN
15900,NaN,754836061.182491,NaN,NaN,37.147378593761,NaN
15960,NaN,754838291.460003,NaN,NaN,37.1972055390264,NaN
16020,NaN,754840524.788167,NaN,NaN,37.2490359061779,NaN
16080,NaN,754842761.281494,NaN,NaN,37.3026784586991,NaN
16140,NaN,754845001.042884,NaN,NaN,37.3579383746788,NaN
16200,NaN,754847244.163448,NaN,NaN,37.4146182263277,NaN
16260,NaN,754849490.722427,NaN,NaN,37.4725189364167,NaN
16320,NaN,754851740.787076,NaN,NaN,37.5314407033445,NaN
16380,NaN,754853994.412687,NaN,NaN,37.5911838874948,NaN
16440,NaN,754856251.642545,NaN,NaN,37.6515498525553,NaN
16500,NaN,754858512.50813,NaN,NaN,37.7123417565216,NaN
16560,NaN,754860777.03026,NaN,NaN,37.7733652881775,NaN
16620,NaN,754863045.214847,NaN,NaN,37.8344293459209,NaN
16680,NaN,754865317.059794,NaN,NaN,37.8953466567548,NaN
16740,NaN,754867592.550797,NaN,NaN,37.9559343343608,NaN
16800,NaN,754869871.662704,NaN,NaN,38.0160143759463,NaN
16860,NaN,754872154.359859,NaN,NaN,38.0754140984565,NaN
16920,NaN,754874440.596403,NaN,NaN,38.1339665154519,NaN
16980,NaN,754876730.316624,NaN,NaN,38.1915106565895,NaN
17040,NaN,754879023.455364,NaN,NaN,38.2478918321905,NaN
17100,NaN,754881319.938368,NaN,NaN,38.3029618458243,NaN
17160,NaN,754883619.682682,NaN,NaN,38.3565791581849,NaN
17220,NaN,754885922.598184,NaN,NaN,38.4086090057971,NaN
17280,NaN,754888228.583528,NaN,NaN,38.4589234783005,NaN
17340,NaN,754890537.533227,NaN,NaN,38.5074015580731,NaN
17400,NaN,754892849.333649,NaN,NaN,38.5539291261223,NaN
17460,NaN,754895163.864517,NaN,NaN,38.5983989380211,NaN
17520,NaN,754897480.999309,NaN,NaN,38.640710573664,NaN
17580,NaN,754899800.605696,NaN,NaN,38.6807703644734,NaN
17640,NaN,754902122.545924,NaN,NaN,38.7184913015349,NaN
17700,NaN,754904446.677215,NaN,NaN,38.7537929279506,NaN
17760,NaN,754906772.852158,NaN,NaN,38.7866012185024,NaN
17820,NaN,754909100.919091,NaN,NaN,38.816848449497,NaN
17880,NaN,754911430.72248,NaN,NaN,38.8444730614351,NaN
17940,NaN,754913762.104376,NaN,NaN,38.8694195169165,NaN
18000,NaN,754916094.900343,NaN,NaN,38.8916381559779,NaN
18060,NaN,754918428.946474,NaN,NaN,38.91108505077,NaN
18120,NaN,754920764.075295,NaN,NaN,38.9277218613669,NaN
18180,NaN,754923100.11719,NaN,NaN,38.9415156941795,NaN
18240,NaN,754925436.900728,NaN,NaN,38.9524389643066,NaN
18300,NaN,754927774.252972,NaN,NaN,38.9604692629432,NaN
18360,NaN,754930111.999783,NaN,NaN,38.9655892307924,NaN
18420,NaN,754932449.966173,NaN,NaN,38.9677864382547,NaN
18480,NaN,754934787.976505,NaN,NaN,38.9670532730229,NaN
18540,NaN,754937125.854858,NaN,NaN,38.9633868355601,NaN
18600,NaN,754939463.426378,NaN,NaN,38.9567888428147,NaN
18660,NaN,754941800.513101,NaN,NaN,38.947265540419,NaN
18720,NaN,754944136.940907,NaN,NaN,38.9348276234646,NaN
18780,NaN,754946472.535382,NaN,NaN,38.9194901659324,NaN
18840,NaN,754948807.12309,NaN,NaN,38.9012725586876,NaN
18900,NaN,754951140.531915,NaN,NaN,38.8801984559133,NaN
18960,NaN,754953472.591298,NaN,NaN,38.8562957297757,NaN
19020,NaN,754955803.132437,NaN,NaN,38.8295964330452,NaN
19080,NaN,754958131.98862,NaN,NaN,38.8001367693405,NaN
19140,NaN,754960458.995408,NaN,NaN,38.7679570706047,NaN
19200,NaN,754962783.990917,NaN,NaN,38.7331017813681,NaN
19260,NaN,754965106.817176,NaN,NaN,38.695619449305,NaN
19320,NaN,754967427.315859,NaN,NaN,38.6555627215587,NaN
19380,NaN,754969745.335317,NaN,NaN,38.6129883462094,NaN
19440,NaN,754972060.726294,NaN,NaN,38.5679571782893,NaN
19500,NaN,754974373.343304,NaN,NaN,38.5205341896348,NaN
19560,NaN,754976683.044901,NaN,NaN,38.4707884818556,NaN
19620,NaN,754978989.693904,NaN,NaN,38.418793301623,NaN
19680,NaN,754981293.157625,NaN,NaN,38.3646260574442,NaN
19740,NaN,754983593.308187,NaN,NaN,38.3083683370311,NaN
19800,NaN,754985890.022703,NaN,NaN,38.2501059243039,NaN
19860,NaN,754988183.183572,NaN,NaN,38.1899288150001,NaN
19920,NaN,754990472.679845,NaN,NaN,38.1279312298143,NaN
19980,NaN,754992758.402979,NaN,NaN,38.0642116239206,NaN
20040,NaN,754995040.253821,NaN,NaN,37.9988726916167,NaN
20100,NaN,754997318.138424,NaN,NaN,37.932021364811,NaN
20160,NaN,754999591.969334,NaN,NaN,37.8637688039567,NaN
20220,NaN,755001861.665938,NaN,NaN,37.7942303799745,NaN
20280,NaN,755004127.154631,NaN,NaN,37.72352564561,NaN
20340,NaN,755006388.369133,NaN,NaN,37.6517782946049,NaN
20400,NaN,755008645.250705,NaN,NaN,37.5791161069888,NaN
20460,NaN,755010897.748373,NaN,NaN,37.5056708787208,NaN
20520,NaN,755013145.819234,NaN,NaN,37.4315783338442,NaN
20580,NaN,755015389.428597,NaN,NaN,37.3569780172647,NaN
20640,NaN,755017628.551406,NaN,NaN,37.2820131662242,NaN
20700,NaN,755019863.167929,NaN,NaN,37.2068305585246,NaN
20760,NaN,755022093.270709,NaN,NaN,37.1315803355205,NaN
20820,NaN,755024318.86026,NaN,NaN,37.056415797961,NaN
20880,NaN,755026539.946417,NaN,NaN,36.9814931727628,NaN
20940,NaN,755028756.54844,NaN,NaN,36.9069713488991,NaN
21000,NaN,755030968.6952,NaN,NaN,36.8330115806903,NaN
21060,NaN,755033176.42532,NaN,NaN,36.7597771569381,NaN
21120,NaN,755035379.78725,NaN,NaN,36.6874330345347,NaN
21180,NaN,755037578.8394,NaN,NaN,36.6161454354268,NaN
21240,NaN,755039773.650162,NaN,NaN,36.5460814061054,NaN
21300,NaN,755041964.299102,NaN,NaN,36.4774083391376,NaN
21360,NaN,755044150.872433,NaN,NaN,36.4102934566679,NaN
21420,NaN,755046333.469791,NaN,NaN,36.3449032562467,NaN
21480,NaN,755048512.199616,NaN,NaN,36.2814029198968,NaN
21540,NaN,755050687.180196,NaN,NaN,36.2199556878504,NaN
21600,NaN,755052858.53956,NaN,NaN,36.1607221990232,NaN
21660,NaN,755055026.415274,NaN,NaN,36.1038598009317,NaN
21720,NaN,755057190.954226,NaN,NaN,36.0495218324491,NaN
21780,NaN,755059352.312346,NaN,NaN,35.9978568835043,NaN
21840,NaN,755061510.654364,NaN,NaN,35.9490080365358,NaN
21900,NaN,755063666.153368,NaN,NaN,35.9031120952305,NaN
21960,NaN,755065818.991591,NaN,NaN,35.8602988067522,NaN
22020,NaN,755067969.35544,NaN,NaN,35.8206900843391,NaN
22080,NaN,755070117.441759,NaN,NaN,35.7843992376996,NaN
22140,NaN,755072263.452793,NaN,NaN,35.7515302191957,NaN
22200,NaN,755074407.596701,NaN,NaN,35.72217689416,NaN
22260,NaN,755076550.086994,NaN,NaN,35.69642234401,NaN
22320,NaN,755078691.141795,NaN,NaN,35.6743382109729,NaN
22380,NaN,755080830.983174,NaN,NaN,35.6559840932252,NaN
22440,NaN,755082969.836431,NaN,NaN,35.6414069990817,NaN
22500,NaN,755085107.929243,NaN,NaN,35.6306408685249,NaN
22560,NaN,755087245.490963,NaN,NaN,35.6237061698399,NaN
22620,NaN,755089382.752884,NaN,NaN,35.6206095784119,NaN
22680,NaN,755091519.942872,NaN,NaN,35.6213437438799,NaN
22740,NaN,755093657.291322,NaN,NaN,35.6258871507541,NaN
22800,NaN,755095795.025806,NaN,NaN,35.6342040764958,NaN
22860,NaN,755097933.371296,NaN,NaN,35.6462446496798,NaN
22920,NaN,755100072.549368,NaN,NaN,35.6619450094983,NaN
22980,NaN,755102212.777346,NaN,NaN,35.6812275664038,NaN
23040,NaN,755104354.267507,NaN,NaN,35.7040013621962,NaN
23100,NaN,755106497.226277,NaN,NaN,35.7301625263766,NaN
23160,NaN,755108641.853447,NaN,NaN,35.759594824164,NaN
23220,NaN,755110788.341525,NaN,NaN,35.7921702902345,NaN
23280,NaN,755112936.874976,NaN,NaN,35.8277499409997,NaN
23340,NaN,755115087.630754,NaN,NaN,35.8661845571392,NaN
23400,NaN,755117240.773187,NaN,NaN,35.9073155272297,NaN
23460,NaN,755119396.460212,NaN,NaN,35.9509757425438,NaN
23520,NaN,755121554.838374,NaN,NaN,35.9969905326275,NaN
23580,NaN,755123716.043558,NaN,NaN,36.0451786308965,NaN
23640,NaN,755125880.200555,NaN,NaN,36.095353159466,NaN
23700,NaN,755128047.422836,NaN,NaN,36.1473226225167,NaN
23760,NaN,755130217.812272,NaN,NaN,36.2008918978003,NaN
23820,NaN,755132391.45892,NaN,NaN,36.2558632164055,NaN
23880,NaN,755134568.440921,NaN,NaN,36.3120371215492,NaN
23940,NaN,755136748.824422,NaN,NaN,36.3692133979455,NaN
24000,NaN,755138932.664709,NaN,NaN,36.4271919641909,NaN
24060,NaN,755141120.001662,NaN,NaN,36.4857737215954,NaN
24120,NaN,755143310.866681,NaN,NaN,36.5447613538643,NaN
24180,NaN,755145505.278255,NaN,NaN,36.6039600731762,NaN
24240,NaN,755147703.24329,NaN,NaN,36.6631783091588,NaN
24300,NaN,755149904.7573,NaN,NaN,36.7222283383448,NaN
24360,NaN,755152109.804661,NaN,NaN,36.7809268526575,NaN
24420,NaN,755154318.358925,NaN,NaN,36.8390954663983,NaN
24480,NaN,755156530.383062,NaN,NaN,36.8965611620578,NaN
24540,NaN,755158745.829874,NaN,NaN,36.9531566760389,NaN
24600,NaN,755160964.642254,NaN,NaN,37.0087208260485,NaN
24660,NaN,755163186.754786,NaN,NaN,37.063098782493,NaN
24720,NaN,755165412.089557,NaN,NaN,37.1161422867148,NaN
24780,NaN,755167640.563352,NaN,NaN,37.1677098192354,NaN
24840,NaN,755169872.083527,NaN,NaN,37.2176667215641,NaN
24900,NaN,755172106.549601,NaN,NaN,37.2658852752458,NaN
24960,NaN,755174343.853603,NaN,NaN,37.3122447420195,NaN
25020,NaN,755176583.88053,NaN,NaN,37.3566313689876,NaN
25080,NaN,755178826.508782,NaN,NaN,37.3989383627017,NaN
25140,NaN,755181071.610553,NaN,NaN,37.4390658360125,NaN
25200,NaN,755183319.052249,NaN,NaN,37.4769207314235,NaN
25260,NaN,755185568.694876,NaN,NaN,37.5124167245537,NaN
25320,NaN,755187820.395627,NaN,NaN,37.5454741111212,NaN
25380,NaN,755190074.003674,NaN,NaN,37.576019680685,NaN
25440,NaN,755192329.36743,NaN,NaN,37.6039865801121,NaN
25500,NaN,755194586.330301,NaN,NaN,37.6293141695972,NaN
25560,NaN,755196844.732275,NaN,NaN,37.6519478737383,NaN
25620,NaN,755199104.410215,NaN,NaN,37.6718390299872,NaN
25680,NaN,755201365.198263,NaN,NaN,37.6889447365363,NaN
25740,NaN,755203626.928148,NaN,NaN,37.7032277014834,NaN
25800,NaN,755205889.429509,NaN,NaN,37.7146560948879,NaN
25860,NaN,755208152.530278,NaN,NaN,37.7232034051216,NaN
25920,NaN,755210416.056903,NaN,NaN,37.728848300713,NaN
25980,NaN,755212679.834724,NaN,NaN,37.7315744986919,NaN
26040,NaN,755214943.689389,NaN,NaN,37.731370640265,NaN
26100,NaN,755217207.44262,NaN,NaN,37.7282301744964,NaN
26160,NaN,755219470.919257,NaN,NaN,37.7221512504791,NaN
26220,NaN,755221733.943076,NaN,NaN,37.7131366184038,NaN
26280,NaN,755223996.338116,NaN,NaN,37.7011935397405,NaN
26340,NaN,755226257.928992,NaN,NaN,37.6863337066685,NaN
26400,NaN,755228518.541168,NaN,NaN,37.6685731707699,NaN
26460,NaN,755230778.001189,NaN,NaN,37.6479322809083,NaN
26520,NaN,755233036.136956,NaN,NaN,37.624435630122,NaN
26580,NaN,755235292.777957,NaN,NaN,37.5981120112841,NaN
26640,NaN,755237547.755542,NaN,NaN,37.5689943812052,NaN
26700,NaN,755239800.904301,NaN,NaN,37.5371198327873,NaN
26760,NaN,755242052.057767,NaN,NaN,37.5025295747816,NaN
26820,NaN,755244301.055473,NaN,NaN,37.4652689186173,NaN
26880,NaN,755246547.738651,NaN,NaN,37.4253872717604,NaN
26940,NaN,755248791.951628,NaN,NaN,37.3829381369598,NaN
27000,NaN,755251033.542063,NaN,NaN,37.3379791167213,NaN
27060,NaN,755253272.361194,NaN,NaN,37.2905719222759,NaN
27120,NaN,755255508.264085,NaN,NaN,37.2407823862745,NaN
27180,NaN,755257741.109861,NaN,NaN,37.1886804783838,NaN
27240,NaN,755259970.762011,NaN,NaN,37.1343403229133,NaN
27300,NaN,755262197.088541,NaN,NaN,37.0778402175353,NaN
27360,NaN,755264419.963447,NaN,NaN,37.0192626521171,NaN
27420,NaN,755266639.262409,NaN,NaN,36.9586943266359,NaN
27480,NaN,755268854.869812,NaN,NaN,36.8962261670693,NaN
27540,NaN,755271066.674492,NaN,NaN,36.8319533381051,NaN
27600,NaN,755273274.571143,NaN,NaN,36.7659752514456,NaN
27660,NaN,755275478.460532,NaN,NaN,36.6983955684302,NaN
27720,NaN,755277678.249776,NaN,NaN,36.6293221956233,NaN
27780,NaN,755279873.852606,NaN,NaN,36.5588672719368,NaN
27840,NaN,755282065.189588,NaN,NaN,36.4871471458149,NaN
27900,NaN,755284252.18842,NaN,NaN,36.4142823409334,NaN
27960,NaN,755286434.784113,NaN,NaN,36.3403975088017,NaN
28020,NaN,755288612.920458,NaN,NaN,36.2656213665844,NaN
28080,NaN,755290786.545674,NaN,NaN,36.1900866184335,NaN
28140,NaN,755292955.619455,NaN,NaN,36.1139298585581,NaN
28200,NaN,755295120.10867,NaN,NaN,36.0372914542343,NaN
28260,NaN,755297279.988724,NaN,NaN,35.9603154069262,NaN
28320,NaN,755299435.243762,NaN,NaN,35.8831491896857,NaN
28380,NaN,755301585.866887,NaN,NaN,35.8059435590227,NaN
28440,NaN,755303731.860328,NaN,NaN,35.7288523394621,NaN
28500,NaN,755305873.235631,NaN,NaN,35.6520321790696,NaN
28560,NaN,755308010.013842,NaN,NaN,35.5756422743185,NaN
28620,NaN,755310142.225588,NaN,NaN,35.4998440627928,NaN
28680,NaN,755312269.911284,NaN,NaN,35.4248008823879,NaN
28740,NaN,755314393.122272,NaN,NaN,35.3506775958679,NaN
28800,NaN,755316511.916501,NaN,NaN,35.2776401798837,NaN
28860,NaN,755318626.365206,NaN,NaN,35.2058552778463,NaN
28920,NaN,755320736.548572,NaN,NaN,35.1354897163923,NaN
28980,NaN,755322842.556746,NaN,NaN,35.0667099855628,NaN
29040,NaN,755324944.48986,NaN,NaN,34.9996816832522,NaN
29100,NaN,755327042.457919,NaN,NaN,34.9345689249749,NaN
29160,NaN,755329136.580737,NaN,NaN,34.871533720519,NaN
29220,NaN,755331226.987763,NaN,NaN,34.8107353196369,NaN
29280,NaN,755333313.817888,NaN,NaN,34.7523295295263,NaN
29340,NaN,755335397.21926,NaN,NaN,34.6964680074838,NaN
29400,NaN,755337477.350061,NaN,NaN,34.6432975327792,NaN
29460,NaN,755339554.373798,NaN,NaN,34.5929592624537,NaN
29520,NaN,755341628.465584,NaN,NaN,34.5455879763928,NaN
29580,NaN,755343699.807315,NaN,NaN,34.5013113176722,NaN
29640,NaN,755345768.5883,NaN,NaN,34.460249034744,NaN
29700,NaN,755347835.004777,NaN,NaN,34.4225122325972,NaN
29760,NaN,755349899.259392,NaN,NaN,34.3882026404761,NaN
29820,NaN,755351961.560546,NaN,NaN,34.357411904117,NaN
29880,NaN,755354022.12188,NaN,NaN,34.3302209107162,NaN
29940,NaN,755356081.161516,NaN,NaN,34.3066991549963,NaN
30000,NaN,755358138.901398,NaN,NaN,34.286904154724,NaN
30060,NaN,755360195.567653,NaN,NaN,34.2708809238705,NaN
30120,NaN,755362251.385386,NaN,NaN,34.2586615112977,NaN
30180,NaN,755364306.58456,NaN,NaN,34.2502646123455,NaN
30240,NaN,755366361.394769,NaN,NaN,34.245695260079,NaN
30300,NaN,755368416.045453,NaN,NaN,34.2449446021042,NaN
30360,NaN,755370470.765116,NaN,NaN,34.247989767913,NaN
30420,NaN,755372525.780477,NaN,NaN,34.2547938306159,NaN
30480,NaN,755374581.315615,NaN,NaN,34.2653058656953,NaN
30540,NaN,755376637.59113,NaN,NaN,34.2794611081068,NaN
30600,NaN,755378694.823321,NaN,NaN,34.2971812076815,NaN
30660,NaN,755380753.223419,NaN,NaN,34.3183745813717,NaN
30720,NaN,755382812.997866,NaN,NaN,34.3429368594802,NaN
30780,NaN,755384874.3431,NaN,NaN,34.3707514216473,NaN
30840,NaN,755386937.451598,NaN,NaN,34.4016900170501,NaN
30900,NaN,755389002.506685,NaN,NaN,34.4356134621158,NaN
30960,NaN,755391069.683008,NaN,NaN,34.4723724079174,NaN
31020,NaN,755393139.145989,NaN,NaN,34.5118081685459,NaN
31080,NaN,755395211.051266,NaN,NaN,34.5537536010223,NaN
31140,NaN,755397285.544207,NaN,NaN,34.5980340267422,NaN
31200,NaN,755399362.759512,NaN,NaN,34.6444681840981,NaN
31260,NaN,755401442.820812,NaN,NaN,34.6928692017904,NaN
31320,NaN,755403525.840403,NaN,NaN,34.7430455824065,NaN
31380,NaN,755405611.918964,NaN,NaN,34.7948021860633,NaN
31440,NaN,755407701.146522,NaN,NaN,34.8479412043393,NaN
31500,NaN,755409793.597786,NaN,NaN,34.9022631153239,NaN
31560,NaN,755411889.338832,NaN,NaN,34.9575676112887,NaN
31620,NaN,755413988.422624,NaN,NaN,35.0136544913805,NaN
31680,NaN,755416090.890117,NaN,NaN,35.0703245125798,NaN
31740,NaN,755418196.77036,NaN,NaN,35.1273801931942,NaN
31800,NaN,755420306.080633,NaN,NaN,35.1846265641554,NaN
31860,NaN,755422418.826612,NaN,NaN,35.2418718644102,NaN
31920,NaN,755424535.002566,NaN,NaN,35.298928177705,NaN
31980,NaN,755426654.591623,NaN,NaN,35.3556120090396,NaN
32040,NaN,755428777.566067,NaN,NaN,35.4117447999893,NaN
32100,NaN,755430903.888727,NaN,NaN,35.4671533829524,NaN
32160,NaN,755433033.508856,NaN,NaN,35.5216703751719,NaN
32220,NaN,755435166.369207,NaN,NaN,35.5751345140393,NaN
32280,NaN,755437302.40193,NaN,NaN,35.6273909358552,NaN
32340,NaN,755439441.530081,NaN,NaN,35.6782914006722,NaN
32400,NaN,755441583.668029,NaN,NaN,35.7276944663039,NaN
32460,NaN,755443728.721864,NaN,NaN,35.7754656148974,NaN
32520,NaN,755445876.589795,NaN,NaN,35.8214773357143,NaN
32580,NaN,755448027.162631,NaN,NaN,35.865609167929,NaN
32640,NaN,755450180.324124,NaN,NaN,35.9077477073458,NaN
32700,NaN,755452335.951456,NaN,NaN,35.9477865809502,NaN
32760,NaN,755454493.916749,NaN,NaN,35.9856263931801,NaN
32820,NaN,755456654.083007,NaN,NaN,36.021174647726,NaN
32880,NaN,755458816.311247,NaN,NaN,36.0543456485154,NaN
32940,NaN,755460980.456452,NaN,NaN,36.0850603834244,NaN
33000,NaN,755463146.369014,NaN,NaN,36.1132463940129,NaN
33060,NaN,755465313.895214,NaN,NaN,36.1388376344043,NaN
33120,NaN,755467482.877537,NaN,NaN,36.1617743222005,NaN
33180,NaN,755469653.15506,NaN,NaN,36.1820027840924,NaN
33240,NaN,755471824.563851,NaN,NaN,36.1994752985787,NaN
33300,NaN,755473996.937236,NaN,NaN,36.2141499379754,NaN
33360,NaN,755476170.106248,NaN,NaN,36.2259904116612,NaN
33420,NaN,755478343.901007,NaN,NaN,36.234965912282,NaN
33480,NaN,755480518.146577,NaN,NaN,36.2410509664147,NaN
33540,NaN,755482692.670005,NaN,NaN,36.2442252909605,NaN
33600,NaN,755484867.296197,NaN,NaN,36.2444736563802,NaN
33660,NaN,755487041.849223,NaN,NaN,36.2417857576541,NaN
33720,NaN,755489216.152747,NaN,NaN,36.2361560936999,NaN
33780,NaN,755491390.030208,NaN,NaN,36.2275838558073,NaN
33840,NaN,755493563.30513,NaN,NaN,36.2160728255024,NaN
33900,NaN,755495735.801441,NaN,NaN,36.2016312821112,NaN
33960,NaN,755497907.343634,NaN,NaN,36.1842719201687,NaN
34020,NaN,755500077.757156,NaN,NaN,36.1640117766975,NaN
34080,NaN,755502246.868562,NaN,NaN,36.1408721682779,NaN
34140,NaN,755504414.506975,NaN,NaN,36.1148786377266,NaN
34200,NaN,755506580.499751,NaN,NaN,36.0860609101175,NaN
34260,NaN,755508744.679579,NaN,NaN,36.0544528577858,NaN
34320,NaN,755510906.88016,NaN,NaN,36.0200924738929,NaN
34380,NaN,755513066.937579,NaN,NaN,35.9830218540447,NaN
34440,NaN,755515224.6906,NaN,NaN,35.9432871853967,NaN
34500,NaN,755517379.980871,NaN,NaN,35.9009387426167,NaN
34560,NaN,755519532.653177,NaN,NaN,35.8560308900114,NaN
34620,NaN,755521682.555671,NaN,NaN,35.8086220890686,NaN
34680,NaN,755523829.540172,NaN,NaN,35.7587749106089,NaN
34740,NaN,755525973.462345,NaN,NaN,35.7065560506895,NaN
34800,NaN,755528114.183119,NaN,NaN,35.6520363493433,NaN
34860,NaN,755530251.564422,NaN,NaN,35.5952908111879,NaN
34920,NaN,755532385.476194,NaN,NaN,35.5363986268738,NaN
34980,NaN,755534515.792107,NaN,NaN,35.4754431942972,NaN
35040,NaN,755536642.390987,NaN,NaN,35.4125121384413,NaN
35100,NaN,755538765.157013,NaN,NaN,35.3476973286589,NaN
35160,NaN,755540883.980029,NaN,NaN,35.2810948921398,NaN
35220,NaN,755542998.755771,NaN,NaN,35.2128052222544,NaN
35280,NaN,755545109.386118,NaN,NaN,35.1429329804148,NaN
35340,NaN,755547215.779377,NaN,NaN,35.07158709003,NaN
35400,NaN,755549317.85048,NaN,NaN,34.9988807210729,NaN
35460,NaN,755551415.522446,NaN,NaN,34.9249312637177,NaN
35520,NaN,755553508.722053,NaN,NaN,34.8498602894689,NaN
35580,NaN,755555597.386887,NaN,NaN,34.7737934981542,NaN
35640,NaN,755557681.461077,NaN,NaN,34.6968606490959,NaN
35700,NaN,755559760.896647,NaN,NaN,34.6191954747471,NaN
35760,NaN,755561835.653765,NaN,NaN,34.540935575067,NaN
35820,NaN,755563905.700968,NaN,NaN,34.4622222908849,NaN
35880,NaN,755565971.015393,NaN,NaN,34.3832005545072,NaN
35940,NaN,755568031.582967,NaN,NaN,34.3040187158314,NaN
36000,NaN,755570087.398602,NaN,NaN,34.2248283422733,NaN
36060,NaN,755572138.466418,NaN,NaN,34.1457839908783,NaN
36120,NaN,755574184.801002,NaN,NaN,34.0670429510644,NaN
36180,NaN,755576226.423086,NaN,NaN,33.9887649565557,NaN
36240,NaN,755578263.366426,NaN,NaN,33.9111118652215,NaN
36300,NaN,755580295.673415,NaN,NaN,33.8342473056945,NaN
36360,NaN,755582323.396304,NaN,NaN,33.7583362898788,NaN
36420,NaN,755584346.597291,NaN,NaN,33.6835447907011,NaN
36480,NaN,755586365.348538,NaN,NaN,33.6100392847612,NaN
36540,NaN,755588379.73219,NaN,NaN,33.5379862598747,NaN
36600,NaN,755590389.840395,NaN,NaN,33.4675516878856,NaN
36660,NaN,755592395.7752,NaN,NaN,33.3989004635538,NaN
36720,NaN,755594397.648524,NaN,NaN,33.3321958107869,NaN
36780,NaN,755596395.581989,NaN,NaN,33.2675986579953,NaN
36840,NaN,755598389.707942,NaN,NaN,33.205266984886,NaN
36900,NaN,755600380.164694,NaN,NaN,33.1453551435844,NaN
36960,NaN,755602367.103101,NaN,NaN,33.0880131575611,NaN
37020,NaN,755604350.681717,NaN,NaN,33.0333860024386,NaN
37080,NaN,755606331.067654,NaN,NaN,32.9816128733686,NaN
37140,NaN,755608308.436144,NaN,NaN,32.9328264442565,NaN
37200,NaN,755610282.970214,NaN,NaN,32.8871521246819,NaN
37260,NaN,755612254.860146,NaN,NaN,32.8447073208935,NaN
37320,NaN,755614224.303005,NaN,NaN,32.8056007077303,NaN
37380,NaN,755616191.502131,NaN,NaN,32.7699315187423,NaN
37440,NaN,755618156.666481,NaN,NaN,32.7377888620887,NaN
37500,NaN,755620120.011177,NaN,NaN,32.7092510700099,NaN
37560,NaN,755622081.752326,NaN,NaN,32.6843850897726,NaN
37620,NaN,755624042.113083,NaN,NaN,32.6632459239658,NaN
37680,NaN,755626001.318379,NaN,NaN,32.6458761278429,NaN
37740,NaN,755627959.595353,NaN,NaN,32.6323053710911,NaN
37800,NaN,755629917.172503,NaN,NaN,32.6225500709469,NaN
37860,NaN,755631874.27889,NaN,NaN,32.616613102952,NaN
37920,NaN,755633831.143386,NaN,NaN,32.6144835948692,NaN
37980,NaN,755635787.993741,NaN,NaN,32.6161368083833,NaN
38040,NaN,755637745.055849,NaN,NaN,32.6215341121745,NaN
38100,NaN,755639702.55283,NaN,NaN,32.6306230488119,NaN
38160,NaN,755641660.705417,NaN,NaN,32.6433374966916,NaN
38220,NaN,755643619.726541,NaN,NaN,32.6595979269686,NaN
38280,NaN,755645579.827397,NaN,NaN,32.6793117540947,NaN
38340,NaN,755647541.212084,NaN,NaN,32.7023737772852,NaN
38400,NaN,755649504.078032,NaN,NaN,32.7286667089275,NaN
38460,NaN,755651468.615294,NaN,NaN,32.7580617847254,NaN
38520,NaN,755653435.005864,NaN,NaN,32.7904194492304,NaN
38580,NaN,755655403.423056,NaN,NaN,32.8255901093851,NaN
38640,NaN,755657374.030923,NaN,NaN,32.8634149478232,NaN
38700,NaN,755659346.983752,NaN,NaN,32.9037267869601,NaN
38760,NaN,755661322.425554,NaN,NaN,32.946350994336,NaN
38820,NaN,755663300.490789,NaN,NaN,32.991106419316,NaN
38880,NaN,755665281.299507,NaN,NaN,33.0378063510856,NaN
38940,NaN,755667264.963789,NaN,NaN,33.086259487881,NaN
39000,NaN,755669251.58298,NaN,NaN,33.1362709076039,NaN
39060,NaN,755671241.244676,NaN,NaN,33.1876430302927,NaN
39120,NaN,755673234.024538,NaN,NaN,33.2401765634748,NaN
39180,NaN,755675229.98626,NaN,NaN,33.2936714220583,NaN
39240,NaN,755677229.181504,NaN,NaN,33.3479276151977,NaN
39300,NaN,755679231.649978,NaN,NaN,33.4027460933975,NaN
39360,NaN,755681237.419506,NaN,NaN,33.4579295500533,NaN
39420,NaN,755683246.506093,NaN,NaN,33.5132831725898,NaN
39480,NaN,755685258.914223,NaN,NaN,33.5686153393257,NaN
39540,NaN,755687274.63805,NaN,NaN,33.6237382591743,NaN
39600,NaN,755689293.657253,NaN,NaN,33.678468552236,NaN
39660,NaN,755691315.944026,NaN,NaN,33.7326277702333,NaN
39720,NaN,755693341.458873,NaN,NaN,33.786042856618,NaN
39780,NaN,755695370.152107,NaN,NaN,33.8385465469272,NaN
39840,NaN,755697401.964177,NaN,NaN,33.8899777106894,NaN
39900,NaN,755699436.82606,NaN,NaN,33.9401816367924,NaN
39960,NaN,755701474.659639,NaN,NaN,33.989010264758,NaN
40020,NaN,755703515.378128,NaN,NaN,34.0363223648112,NaN
40080,NaN,755705558.886478,NaN,NaN,34.0819836699862,NaN
40140,NaN,755707605.081783,NaN,NaN,34.1258669637817,NaN
40200,NaN,755709653.854847,NaN,NaN,34.1678521270701,NaN
40260,NaN,755711705.086119,NaN,NaN,34.207826148093,NaN
40320,NaN,755713758.652826,NaN,NaN,34.2456830993997,NaN
40380,NaN,755715814.424941,NaN,NaN,34.2813240856121,NaN
40440,NaN,755717872.266727,NaN,NaN,34.3146571658056,NaN
40500,NaN,755719932.037114,NaN,NaN,34.3455972542091,NaN
40560,NaN,755721993.590144,NaN,NaN,34.3740660027864,NaN
40620,NaN,755724056.77535,NaN,NaN,34.3999916690724,NaN
40680,NaN,755726121.438158,NaN,NaN,34.4233089724512,NaN
40740,NaN,755728187.420265,NaN,NaN,34.4439589418465,NaN
40800,NaN,755730254.560004,NaN,NaN,34.4618887575813,NaN
40860,NaN,755732322.693877,NaN,NaN,34.4770515899116,NaN
40920,NaN,755734391.652345,NaN,NaN,34.4894064365194,NaN
40980,NaN,NaN,755731561.945774,NaN,NaN,34.0707791846933
41040,NaN,NaN,755733606.405004,NaN,NaN,34.0790290359719
41100,NaN,NaN,755735651.272654,NaN,NaN,34.0843893724511
41160,NaN,NaN,755737696.374738,NaN,NaN,34.0868408902736
41220,NaN,NaN,755739741.536295,NaN,NaN,34.0863693484497
41280,NaN,NaN,755741786.581615,NaN,NaN,34.0829654353133
41340,NaN,NaN,755743831.334599,NaN,NaN,34.0766246437239
41400,NaN,NaN,755745875.619028,NaN,NaN,34.0673471556489
41460,NaN,NaN,755747919.258812,NaN,NaN,34.05513773659
41520,NaN,NaN,755749962.079422,NaN,NaN,34.0400056401765
41580,NaN,NaN,755752003.903628,NaN,NaN,34.0219645231077
41640,NaN,NaN,755754044.558545,NaN,NaN,34.0010323704973
41700,NaN,NaN,755756083.871339,NaN,NaN,33.9772314315645
41760,NaN,NaN,755758121.670669,NaN,NaN,33.9505881654978
41820,NaN,NaN,755760157.786882,NaN,NaN,33.9211331972251
41880,NaN,NaN,755762192.052307,NaN,NaN,33.8889012827244
41940,NaN,NaN,755764224.301476,NaN,NaN,33.8539312834318
42000,NaN,NaN,755766254.371364,NaN,NaN,33.8162661492118
42060,NaN,NaN,755768282.101653,NaN,NaN,33.7759529092895
42120,NaN,NaN,755770307.334966,NaN,NaN,33.7330426704638
42180,NaN,NaN,755772329.917143,NaN,NaN,33.6875906218575
42240,NaN,NaN,755774349.698525,NaN,NaN,33.6396560453929
42300,NaN,NaN,755776366.529813,NaN,NaN,33.5893023311139
42360,NaN,NaN,755778380.268983,NaN,NaN,33.5365969964233
42420,NaN,NaN,755780390.777059,NaN,NaN,33.4816117082266
42480,NaN,NaN,755782397.919503,NaN,NaN,33.4244223069308
42540,NaN,NaN,755784401.566456,NaN,NaN,33.3651088311757
42600,NaN,NaN,755786401.592981,NaN,NaN,33.3037555421194
42660,NaN,NaN,755788397.87931,NaN,NaN,33.2404509460423
42720,NaN,NaN,755790390.311134,NaN,NaN,33.1752878139725
42780,NaN,NaN,755792378.779823,NaN,NaN,33.1083631969752
42840,NaN,NaN,755794363.182725,NaN,NaN,33.0397784357018
42900,NaN,NaN,755796343.424486,NaN,NaN,32.9696391627334
42960,NaN,NaN,755798319.412873,NaN,NaN,32.8980552961966
43020,NaN,NaN,755800291.06572,NaN,NaN,32.82514102309
43080,NaN,NaN,755802258.306767,NaN,NaN,32.7510147706939
43140,NaN,NaN,755804221.066933,NaN,NaN,32.6757991644219
43200,NaN,NaN,755806179.284634,NaN,NaN,32.5996209704223
43260,NaN,NaN,755808132.906026,NaN,NaN,32.5226110212118
43320,NaN,NaN,755810081.885235,NaN,NaN,32.4449041226027
43380,NaN,NaN,755812026.184575,NaN,NaN,32.3666389401906
43440,NaN,NaN,755813965.774802,NaN,NaN,32.2879578636736
43500,NaN,NaN,755815900.635337,NaN,NaN,32.2090068472968
43560,NaN,NaN,755817830.755566,NaN,NaN,32.1299352247553
43620,NaN,NaN,755819756.130554,NaN,NaN,32.0508954969438
43680,NaN,NaN,755821676.767995,NaN,NaN,31.9720430910583
43740,NaN,NaN,755823592.683859,NaN,NaN,31.8935360896247
43800,NaN,NaN,755825503.90367,NaN,NaN,31.8155349282013
43860,NaN,NaN,755827410.462641,NaN,NaN,31.7382020606575
43920,NaN,NaN,755829312.405789,NaN,NaN,31.6617015911323
43980,NaN,NaN,755831209.788015,NaN,NaN,31.586198872025
44040,NaN,NaN,755833102.674162,NaN,NaN,31.5118600676391
44100,NaN,NaN,755834991.139062,NaN,NaN,31.4388516834138
44160,NaN,NaN,755836875.267534,NaN,NaN,31.3673400610278
44220,NaN,NaN,755838755.155478,NaN,NaN,31.2974908400513
44280,NaN,NaN,755840630.905328,NaN,NaN,31.2294683872391
44340,NaN,NaN,755842502.632703,NaN,NaN,31.1634351950373
44400,NaN,NaN,755844370.461774,NaN,NaN,31.0995512513366
44460,NaN,NaN,755846234.526209,NaN,NaN,31.0379733830518
44520,NaN,NaN,755848094.968992,NaN,NaN,30.9788545766264
44580,NaN,NaN,755849951.942149,NaN,NaN,30.9223432791225
44640,NaN,NaN,755851805.606441,NaN,NaN,30.868582684107
44700,NaN,NaN,755853656.131075,NaN,NaN,30.8177100070984
44760,NaN,NaN,755855503.693261,NaN,NaN,30.7698557558719
44820,NaN,NaN,755857348.477836,NaN,NaN,30.7251430014276
44880,NaN,NaN,755859190.67679,NaN,NaN,30.6836866558888
44940,NaN,NaN,755861030.489858,NaN,NaN,30.6455927639948
45000,NaN,NaN,755862868.119471,NaN,NaN,30.6109578152093
45060,NaN,NaN,755864703.77695,NaN,NaN,30.5798680837068
45120,NaN,NaN,755866537.677319,NaN,NaN,30.5523990036476
45180,NaN,NaN,755868370.039777,NaN,NaN,30.5286145872039
45240,NaN,NaN,755870201.087052,NaN,NaN,30.5085668927343
45300,NaN,NaN,755872031.044584,NaN,NaN,30.492295550284
45360,NaN,NaN,755873860.139827,NaN,NaN,30.4798273512548
45420,NaN,NaN,755875688.601461,NaN,NaN,30.4711759086208
45480,NaN,NaN,755877516.658534,NaN,NaN,30.4663413934467
45540,NaN,NaN,755879344.539757,NaN,NaN,30.4653103527202
45600,NaN,NaN,755881172.473692,NaN,NaN,30.4680556126568
45660,NaN,NaN,755883000.683525,NaN,NaN,30.4745362706468
45720,NaN,NaN,755884829.392915,NaN,NaN,30.4846977779435
45780,NaN,NaN,755886658.820772,NaN,NaN,30.4984721140561
45840,NaN,NaN,755888489.181466,NaN,NaN,30.5157780526138
45900,NaN,NaN,755890320.684142,NaN,NaN,30.536521517232
45960,NaN,NaN,755892153.531922,NaN,NaN,30.5605960247043
46020,NaN,NaN,755893987.921184,NaN,NaN,30.5878832116397
46080,NaN,NaN,755895824.040842,NaN,NaN,30.6182534395315
46140,NaN,NaN,755897662.071715,NaN,NaN,30.6515664721795
46200,NaN,NaN,755899502.185931,NaN,NaN,30.6876722184404
46260,NaN,NaN,755901344.547439,NaN,NaN,30.7264115324561
46320,NaN,NaN,755903189.307026,NaN,NaN,30.7676170628297
46380,NaN,NaN,755905036.608578,NaN,NaN,30.8111141416818
46440,NaN,NaN,755906886.584189,NaN,NaN,30.8567217041981
46500,NaN,NaN,755908739.354919,NaN,NaN,30.9042532290681
46560,NaN,NaN,755910595.030504,NaN,NaN,30.9535176902375
46620,NaN,NaN,755912453.709077,NaN,NaN,31.0043205105243
46680,NaN,NaN,755914315.477045,NaN,NaN,31.0564645079842
46740,NaN,NaN,755916180.408925,NaN,NaN,31.1097508263688
46800,NaN,NaN,755918048.567262,NaN,NaN,31.1639798416147
46860,NaN,NaN,755919920.002634,NaN,NaN,31.2189520370007
46920,NaN,NaN,755921794.754788,NaN,NaN,31.27446884038
46980,NaN,NaN,755923672.848243,NaN,NaN,31.3303334177743
47040,NaN,NaN,755925554.299127,NaN,NaN,31.3863514184838
47100,NaN,NaN,755927439.110915,NaN,NaN,31.4423316678277
47160,NaN,NaN,755929327.275689,NaN,NaN,31.4980868045128
47220,NaN,NaN,755931218.774439,NaN,NaN,31.5534338605569
47280,NaN,NaN,755933113.577295,NaN,NaN,31.6081947825544
47340,NaN,NaN,755935011.643893,NaN,NaN,31.6621968938999
47400,NaN,NaN,755936912.923673,NaN,NaN,31.7152732983473
47460,NaN,NaN,755938817.356226,NaN,NaN,31.7672632259731
47520,NaN,NaN,755940724.87171,NaN,NaN,31.8180123232319
47580,NaN,NaN,755942635.391201,NaN,NaN,31.867372889325
47640,NaN,NaN,755944548.828266,NaN,NaN,31.9152040615582
47700,NaN,NaN,755946465.08482,NaN,NaN,31.9613719527399
47760,NaN,NaN,755948384.058363,NaN,NaN,32.0057497439426
47820,NaN,NaN,755950305.637854,NaN,NaN,32.0482177361974
47880,NaN,NaN,755952229.705314,NaN,NaN,32.0886633648002
47940,NaN,NaN,755954156.136185,NaN,NaN,32.1269811800043
48000,NaN,NaN,755956084.799803,NaN,NaN,32.1630727978825
48060,NaN,NaN,755958015.559836,NaN,NaN,32.1968468251051
48120,NaN,NaN,755959948.274648,NaN,NaN,32.2282187613008
48180,NaN,NaN,755961882.797765,NaN,NaN,32.257110882547
48240,NaN,NaN,755963818.978211,NaN,NaN,32.2834521093823
48300,NaN,NaN,755965756.662109,NaN,NaN,32.3071778625481
48360,NaN,NaN,755967695.688485,NaN,NaN,32.328229909478
48420,NaN,NaN,755969635.896456,NaN,NaN,32.3465562043328
48480,NaN,NaN,755971577.121068,NaN,NaN,32.3621107241747
48540,NaN,NaN,755973519.194778,NaN,NaN,32.3748533036214
48600,NaN,NaN,755975461.947816,NaN,NaN,32.3847494701088
48660,NaN,NaN,755977405.208488,NaN,NaN,32.3917702816722
48720,NaN,NaN,755979348.803553,NaN,NaN,32.395892168922
48780,NaN,NaN,755981292.558481,NaN,NaN,32.3970967826779
48840,NaN,NaN,755983236.29783,NaN,NaN,32.3953708485232
48900,NaN,NaN,755985179.845497,NaN,NaN,32.3907060293493
48960,NaN,NaN,755987123.02612,NaN,NaN,32.3830987967604
49020,NaN,NaN,755989065.660935,NaN,NaN,32.3725503120425
49080,NaN,NaN,755991007.574734,NaN,NaN,32.3590663172343
49140,NaN,NaN,755992948.591674,NaN,NaN,32.3426570366823
49200,NaN,NaN,755994888.536649,NaN,NaN,32.3233370893142
49260,NaN,NaN,755996827.235576,NaN,NaN,32.3011254117385
49320,NaN,NaN,755998764.515618,NaN,NaN,32.2760451921437
49380,NaN,NaN,756000700.205468,NaN,NaN,32.24812381486
49440,NaN,NaN,756002634.135572,NaN,NaN,32.2173928153352
49500,NaN,NaN,756004566.138415,NaN,NaN,32.1838878451738
49560,NaN,NaN,756006496.048727,NaN,NaN,32.1476486467968
49620,NaN,NaN,756008423.70486,NaN,NaN,32.108719037181
49680,NaN,NaN,756010348.944574,NaN,NaN,32.0671469000557
49740,NaN,NaN,756012271.61197,NaN,NaN,32.0229841858629
49800,NaN,NaN,756014191.553279,NaN,NaN,31.9762869186864
49860,NaN,NaN,756016108.618211,NaN,NaN,31.9271152093016
49920,NaN,NaN,756018022.660196,NaN,NaN,31.875533273413
49980,NaN,NaN,756019933.536663,NaN,NaN,31.8216094540768
50040,NaN,NaN,756021841.109245,NaN,NaN,31.7654162472379
50100,NaN,NaN,756023745.244058,NaN,NaN,31.7070303292425
50160,NaN,NaN,756025645.81194,NaN,NaN,31.6465325851167
50220,NaN,NaN,756027542.688731,NaN,NaN,31.5840081363396
50280,NaN,NaN,756029435.755471,NaN,NaN,31.5195463667709
50340,NaN,NaN,756031324.899846,NaN,NaN,31.4532409453327
50400,NaN,NaN,756033210.011905,NaN,NaN,31.3851898439776
50460,NaN,NaN,756035090.991064,NaN,NaN,31.3154953494349
50520,NaN,NaN,756036967.741906,NaN,NaN,31.2442640671365
50580,NaN,NaN,756038840.175535,NaN,NaN,31.1716069157083
50640,NaN,NaN,756040708.209828,NaN,NaN,31.0976391103424
50700,NaN,NaN,756042571.769711,NaN,NaN,31.0224801333384
50760,NaN,NaN,756044430.787405,NaN,NaN,30.9462536900586
50820,NaN,NaN,756046285.202674,NaN,NaN,30.8690876485267
50880,NaN,NaN,756048134.963079,NaN,NaN,30.791113960872
50940,NaN,NaN,756049980.024217,NaN,NaN,30.7124685648324
51000,NaN,NaN,756051820.351106,NaN,NaN,30.6332912635384
51060,NaN,NaN,756053655.91384,NaN,NaN,30.5537255818212
51120,NaN,NaN,756055486.694665,NaN,NaN,30.4739185973579
51180,NaN,NaN,756057312.68357,NaN,NaN,30.3940207449886
51240,NaN,NaN,756059133.879722,NaN,NaN,30.3141855926757
51300,NaN,NaN,756060950.291539,NaN,NaN,30.2345695876717
51360,NaN,NaN,756062761.936952,NaN,NaN,30.1553317716014
51420,NaN,NaN,756064568.843468,NaN,NaN,30.0766334633399
51480,NaN,NaN,756066371.048337,NaN,NaN,29.9986379087656
51540,NaN,NaN,756068168.59868,NaN,NaN,29.9215098967006
51600,NaN,NaN,756069961.551512,NaN,NaN,29.8454153406277
51660,NaN,NaN,756071749.974971,NaN,NaN,29.770520826069
51720,NaN,NaN,756073533.943799,NaN,NaN,29.6969931238404
51780,NaN,NaN,756075313.546142,NaN,NaN,29.6249986697912
51840,NaN,NaN,756077088.878944,NaN,NaN,29.5547030120058
51900,NaN,NaN,756078860.049083,NaN,NaN,29.4862702269137
51960,NaN,NaN,756080627.1732,NaN,NaN,29.4198623061952
52020,NaN,NaN,756082390.377576,NaN,NaN,29.3556385168638
52080,NaN,NaN,756084149.79795,NaN,NaN,29.2937547374075
52140,NaN,NaN,756085905.579306,NaN,NaN,29.2343627733902
52200,NaN,NaN,756087657.875594,NaN,NaN,29.177609656431
52260,NaN,NaN,756089406.849405,NaN,NaN,29.1236369309977
52320,NaN,NaN,756091152.672805,NaN,NaN,29.0725799339521
52380,NaN,NaN,756092895.522349,NaN,NaN,29.0245670722582
52440,NaN,NaN,756094635.585482,NaN,NaN,28.9797191047185
52500,NaN,NaN,756096373.05552,NaN,NaN,28.938148433977
52560,NaN,NaN,756098108.132248,NaN,NaN,28.8999584153699
52620,NaN,NaN,756099841.021359,NaN,NaN,28.8652426894731
52680,NaN,NaN,756101571.933859,NaN,NaN,28.8340845453594
52740,NaN,NaN,756103301.085454,NaN,NaN,28.806556321661
52800,NaN,NaN,756105028.695786,NaN,NaN,28.7827188525049
52860,NaN,NaN,756106754.987846,NaN,NaN,28.7626209652621
52920,NaN,NaN,756108480.187164,NaN,NaN,28.7462990367835
52980,NaN,NaN,756110204.52107,NaN,NaN,28.7337766144126
53040,NaN,NaN,756111928.219032,NaN,NaN,28.7250641075727
53100,NaN,NaN,756113651.507375,NaN,NaN,28.720158555093
53160,NaN,NaN,756115374.615226,NaN,NaN,28.7190434726981
53220,NaN,NaN,756117097.769155,NaN,NaN,28.7216887842467
53280,NaN,NaN,756118821.193564,NaN,NaN,28.728050839356
53340,NaN,NaN,756120545.109801,NaN,NaN,28.7380725190313
53400,NaN,NaN,756122269.735401,NaN,NaN,28.7516834298557
53460,NaN,NaN,756123995.283282,NaN,NaN,28.7688001861599
53520,756129922.566715,NaN,NaN,28.285845851836,NaN,NaN
53580,756131620.353037,NaN,NaN,28.3092178528043,NaN,NaN
53640,756133319.638044,NaN,NaN,28.3357812975176,NaN,NaN
53700,756135020.610493,NaN,NaN,28.3654053399336,NaN,NaN
53760,756136723.447562,NaN,NaN,28.3979487736532,NaN,NaN
53820,756138428.321082,NaN,NaN,28.4332607682675,NaN,NaN
53880,756140135.392398,NaN,NaN,28.4711816599822,NaN,NaN
53940,756141844.813065,NaN,NaN,28.511543788365,NaN,NaN
54000,756143556.724342,NaN,NaN,28.5541723705969,NaN,NaN
54060,756145271.256819,NaN,NaN,28.5988864042956,NaN,NaN
54120,756146988.530058,NaN,NaN,28.6454995898251,NaN,NaN
54180,756148708.652305,NaN,NaN,28.6938212629946,NaN,NaN
54240,756150431.720265,NaN,NaN,28.7436573292077,NaN,NaN
54300,756152157.818904,NaN,NaN,28.7948111904161,NaN,NaN
54360,756153887.022485,NaN,NaN,28.8470846566551,NaN,NaN
54420,756155619.389968,NaN,NaN,28.9002788344986,NaN,NaN
54480,756157354.971747,NaN,NaN,28.9541949853855,NaN,NaN
54540,756159093.805205,NaN,NaN,29.0086353475226,NaN,NaN
54600,756160835.915921,NaN,NaN,29.0634039158449,NaN,NaN
54660,756162581.317743,NaN,NaN,29.1183071753553,NaN,NaN
54720,756164330.013028,NaN,NaN,29.1731547840174,NaN,NaN
54780,756166081.992832,NaN,NaN,29.2277602022459,NaN,NaN
54840,756167837.237133,NaN,NaN,29.2819412668745,NaN,NaN
54900,756169595.715122,NaN,NaN,29.3355207083157,NaN,NaN
54960,756171357.38551,NaN,NaN,29.3883266104062,NaN,NaN
55020,756173122.19801,NaN,NaN,29.440192813156,NaN,NaN
55080,756174890.089152,NaN,NaN,29.4909592592964,NaN,NaN
55140,756176660.989424,NaN,NaN,29.5404722861001,NaN,NaN
55200,756178434.819182,NaN,NaN,29.5885848645007,NaN,NaN
55260,756180211.490169,NaN,NaN,29.6351567879631,NaN,NaN
65760,756475348.761121,NaN,NaN,27.0876306837839,NaN,NaN
65820,756476971.77607,NaN,NaN,27.0142515935872,NaN,NaN
65880,756478590.348745,NaN,NaN,26.939612591159,NaN,NaN
65940,756480204.408316,NaN,NaN,26.863835103753,NaN,NaN
66000,756481813.890207,NaN,NaN,26.7870448407139,NaN,NaN
66060,756483418.737548,NaN,NaN,26.7093717314406,NaN,NaN
66120,756485018.901358,NaN,NaN,26.6309498430447,NaN,NaN
66180,756486614.340829,NaN,NaN,26.5519172757049,NaN,NaN
66240,756488205.023567,NaN,NaN,26.4724160337567,NaN,NaN
66300,756489790.925807,NaN,NaN,26.3925918706136,NaN,NaN
66360,756491372.032634,NaN,NaN,26.3125941056992,NaN,NaN
66420,756492948.3382,NaN,NaN,26.2325754116849,NaN,NaN
66480,756494519.845895,NaN,NaN,26.1526915704682,NaN,NaN
66540,756496086.569691,NaN,NaN,26.0731011964968,NaN,NaN
66600,756497648.529772,NaN,NaN,25.9939654262432,NaN,NaN
66660,756499205.759421,NaN,NaN,25.9154475728951,NaN,NaN
66720,756500758.300664,NaN,NaN,25.8377127455596,NaN,NaN
66780,756502306.205463,NaN,NaN,25.7609274326241,NaN,NaN
66840,756503849.535812,NaN,NaN,25.6852590492438,NaN,NaN
66900,756505388.363766,NaN,NaN,25.6108754493026,NaN,NaN
66960,756506922.771441,NaN,NaN,25.5379444026032,NaN,NaN
67020,756508452.851016,NaN,NaN,25.4666330384761,NaN,NaN
67080,756509978.704654,NaN,NaN,25.3971072574633,NaN,NaN
67140,756511500.444411,NaN,NaN,25.3295311132087,NaN,NaN
67200,756513018.193264,NaN,NaN,25.2640661671972,NaN,NaN
67260,756514532.080399,NaN,NaN,25.2008708194801,NaN,NaN
67320,756516042.247779,NaN,NaN,25.1400996190491,NaN,NaN
67380,756517548.845365,NaN,NaN,25.0819025580011,NaN,NaN
67440,756519052.031996,NaN,NaN,25.0264243541492,NaN,NaN
67500,756520551.97498,NaN,NaN,24.9738037271801,NaN,NaN
67560,756522048.849771,NaN,NaN,24.9241726738947,NaN,NaN
67620,756523542.83952,NaN,NaN,24.8776557484455,NaN,NaN
67680,756525034.134615,NaN,NaN,24.8343693538134,NaN,NaN
67740,756526522.932151,NaN,NaN,24.7944210510265,NaN,NaN
67800,756528009.435403,NaN,NaN,24.7579088928015,NaN,NaN
67860,756529493.854367,NaN,NaN,24.724920788392,NaN,NaN
67920,756530976.400594,NaN,NaN,24.695533906432,NaN,NaN
67980,756532457.293323,NaN,NaN,24.6698141224721,NaN,NaN
68040,756533936.754261,NaN,NaN,24.6478155177012,NaN,NaN
68100,756535415.007999,NaN,NaN,24.6295799350484,NaN,NaN
68160,756536892.281246,NaN,NaN,24.6151365984468,NaN,NaN
68220,756538368.802108,NaN,NaN,24.6045018005282,NaN,NaN
68280,756539844.799246,NaN,NaN,24.5976786633922,NaN,NaN
68340,756541320.501122,NaN,NaN,24.5946569763923,NaN,NaN
68400,756542796.135192,NaN,NaN,24.5954131140817,NaN,NaN
68460,756544271.927068,NaN,NaN,24.5999100365884,NaN,NaN
68520,756545748.100876,NaN,NaN,24.6080973737813,NaN,NaN
68580,756547224.87397,NaN,NaN,24.6199115936018,NaN,NaN
68640,756548702.462842,NaN,NaN,24.6352762539382,NaN,NaN
68700,756550181.077901,NaN,NaN,24.6541023364583,NaN,NaN
68760,756551660.923878,NaN,NaN,24.6762886597751,NaN,NaN
68820,756553142.199045,NaN,NaN,24.701722368392,NaN,NaN
68880,756554625.094588,NaN,NaN,24.7302794929823,NaN,NaN
68940,756556109.793915,NaN,NaN,24.7618255766876,NaN,NaN
69000,756557596.472108,NaN,NaN,24.7962163613793,NaN,NaN
69060,756559085.295275,NaN,NaN,24.8332985271751,NaN,NaN
69120,756560576.420083,NaN,NaN,24.8729104779634,NaN,NaN
69180,756562069.993301,NaN,NaN,24.914883165238,NaN,NaN
69240,756563566.152451,NaN,NaN,24.9590409422628,NaN,NaN
69300,756565065.020969,NaN,NaN,25.0052024404135,NaN,NaN
69360,756566566.714648,NaN,NaN,25.0531814594827,NaN,NaN
69420,756568071.336853,NaN,NaN,25.102787863846,NaN,NaN
69480,756569578.979432,NaN,NaN,25.1538284765586,NaN,NaN
69540,756571089.722606,NaN,NaN,25.2061079637841,NaN,NaN
69600,756572603.634797,NaN,NaN,25.25942970237,NaN,NaN
69660,756574120.772633,NaN,NaN,25.3135966238901,NaN,NaN
69720,756575641.180916,NaN,NaN,25.3684120290558,NaN,NaN
69780,756577164.892692,NaN,NaN,25.4236803670388,NaN,NaN
69840,756578691.929306,NaN,NaN,25.4792079749384,NaN,NaN
69900,756580222.301702,NaN,NaN,25.5348037733472,NaN,NaN
69960,756581756.006057,NaN,NaN,25.59027991471,NaN,NaN
70020,756583293.030771,NaN,NaN,25.6454523818833,NaN,NaN
70080,756584833.352232,NaN,NaN,25.7001415350797,NaN,NaN
70140,756586376.936156,NaN,NaN,25.7541726060293,NaN,NaN
70200,756587923.737956,NaN,NaN,25.8073761388899,NaN,NaN
70260,756589473.703028,NaN,NaN,25.8595883780623,NaN,NaN
70320,756591026.767141,NaN,NaN,25.9106516036376,NaN,NaN
70380,756592582.85678,NaN,NaN,25.9604144157318,NaN,NaN
70440,756594141.889532,NaN,NaN,26.0087319694235,NaN,NaN
70500,756595703.774507,NaN,NaN,26.0554661624131,NaN,NaN
70560,756597268.413862,NaN,NaN,26.1004857778628,NaN,NaN
70620,756598835.698714,NaN,NaN,26.1436665851598,NaN,NaN
70680,756600405.516302,NaN,NaN,26.1848914015458,NaN,NaN
70740,756601977.745927,NaN,NaN,26.2240501177549,NaN,NaN
70800,756603552.260491,NaN,NaN,26.2610396908708,NaN,NaN
70860,756605128.926953,NaN,NaN,26.2957641076986,NaN,NaN
70920,756606707.606682,NaN,NaN,26.3281343219499,NaN,NaN
70980,756608288.155918,NaN,NaN,26.3580681685171,NaN,NaN
71040,756609870.426192,NaN,NaN,26.3854902580482,NaN,NaN
71100,756611454.264703,NaN,NaN,26.4103318549427,NaN,NaN
71160,756613039.514733,NaN,NaN,26.4325307417673,NaN,NaN
71220,756614626.017118,NaN,NaN,26.4520310729542,NaN,NaN
71280,756616213.606198,NaN,NaN,26.4687832204889,NaN,NaN
71340,756617802.116853,NaN,NaN,26.4827436141132,NaN,NaN
71400,756619391.380418,NaN,NaN,26.4938745784119,NaN,NaN
71460,756620981.226149,NaN,NaN,26.5021441689428,NaN,NaN
71520,756622571.481537,NaN,NaN,26.5075260093961,NaN,NaN
71580,756624161.972674,NaN,NaN,26.5099991315828,NaN,NaN
71640,756625752.524521,NaN,NaN,26.5095478198533,NaN,NaN
71700,756627342.961287,NaN,NaN,26.5061614613692,NaN,NaN
71760,756628933.106663,NaN,NaN,26.4998344034742,NaN,NaN
71820,756630522.784166,NaN,NaN,26.4905658192322,NaN,NaN
71880,756632111.817397,NaN,NaN,26.4783595820331,NaN,NaN
71940,756633700.031441,NaN,NaN,26.4632241500043,NaN,NaN
72000,756635287.248674,NaN,NaN,26.4451724608156,NaN,NaN
72060,756636873.295744,NaN,NaN,26.424221837309,NaN,NaN
72120,756638457.999339,NaN,NaN,26.4003939042529,NaN,NaN
72180,756640041.187566,NaN,NaN,26.3737145163801,NaN,NaN
72240,756641622.690238,NaN,NaN,26.3442136977335,NaN,NaN
72300,756643202.339058,NaN,NaN,26.3119255922345,NaN,NaN
72360,756644779.967914,NaN,NaN,26.2768884252569,NaN,NaN
72420,756646355.413114,NaN,NaN,26.2391444758745,NaN,NaN
72480,756647928.51363,NaN,NaN,26.1987400593458,NaN,NaN
72540,756649499.111316,NaN,NaN,26.1557255192916,NaN,NaN
72600,756651067.052291,NaN,NaN,26.1101552288977,NaN,NaN
72660,756652632.182714,NaN,NaN,26.0620876003887,NaN,NaN
72720,756654194.355697,NaN,NaN,26.0115851019165,NaN,NaN
72780,756655753.427152,NaN,NaN,25.9587142808861,NaN,NaN
72840,756657309.257053,NaN,NaN,25.9035457926532,NaN,NaN
72900,756658861.709784,NaN,NaN,25.8461544334298,NaN,NaN
72960,756660410.654298,NaN,NaN,25.7866191761329,NaN,NaN
73020,756661955.964465,NaN,NaN,25.7250232077991,NaN,NaN
73080,756663497.519224,NaN,NaN,25.6614539671039,NaN,NaN
73140,756665035.202905,NaN,NaN,25.5960031804293,NaN,NaN
73200,756666568.90549,NaN,NaN,25.5287668948238,NaN,NaN
73260,756668098.523965,NaN,NaN,25.4598455061116,NaN,NaN
73320,756669623.958076,NaN,NaN,25.3893437803149,NaN,NaN
73380,756671145.117393,NaN,NaN,25.3173708664946,NaN,NaN
73440,756672661.917031,NaN,NaN,25.2440402990201,NaN,NaN
73500,756674174.279035,NaN,NaN,25.1694699872329,NaN,NaN
73560,756675682.132677,NaN,NaN,25.0937821904119,NaN,NaN
73620,756677185.41468,NaN,NaN,25.0171034759105,NaN,NaN
73680,756678684.069501,NaN,NaN,24.9395646583179,NaN,NaN
73740,756680178.049554,NaN,NaN,24.8613007174913,NaN,NaN
73800,756681667.315475,NaN,NaN,24.7824506933272,NaN,NaN
73860,756683151.83638,NaN,NaN,24.7031575551778,NaN,NaN
73920,756684631.591188,NaN,NaN,24.6235680438899,NaN,NaN
73980,756686106.564363,NaN,NaN,24.5438324845356,NaN,NaN
74040,756687576.752845,NaN,NaN,24.46410456804,NaN,NaN
74100,756689042.16181,NaN,NaN,24.3845411000574,NaN,NaN
74160,756690502.805875,NaN,NaN,24.3053017156604,NaN,NaN
74220,756691958.709358,NaN,NaN,24.2265485586245,NaN,NaN
74280,756693409.906327,NaN,NaN,24.1484459243725,NaN,NaN
74340,756694856.440818,NaN,NaN,24.0711598659405,NaN,NaN
74400,756696298.366817,NaN,NaN,23.994857762684,NaN,NaN
74460,756697735.748409,NaN,NaN,23.9197078518182,NaN,NaN
74520,756699168.659786,NaN,NaN,23.8458787233045,NaN,NaN
74580,756700597.185254,NaN,NaN,23.7735387790554,NaN,NaN
74640,756702021.420325,NaN,NaN,23.7028556579001,NaN,NaN
74700,756703441.467149,NaN,NaN,23.6339956282589,NaN,NaN
74760,756704857.44118,NaN,NaN,23.5671229509988,NaN,NaN
74820,756706269.466507,NaN,NaN,23.5023992154669,NaN,NaN
74880,756707677.676852,NaN,NaN,23.4399826522379,NaN,NaN
74940,756709082.215283,NaN,NaN,23.3800274266466,NaN,NaN
75000,756710483.233983,NaN,NaN,23.3226829176833,NaN,NaN
75060,756711880.893956,NaN,NaN,23.2680929873229,NaN,NaN
75120,756713275.364618,NaN,NaN,23.2163952458104,NaN,NaN
75180,756714666.823478,NaN,NaN,23.1677203188316,NaN,NaN
75240,756716055.455608,NaN,NaN,23.1221911228492,NaN,NaN
75300,756717441.45438,NaN,NaN,23.0799221551613,NaN,NaN
75360,756718825.016346,NaN,NaN,23.0410188054462,NaN,NaN
75420,756720206.347496,NaN,NaN,23.0055766956698,NaN,NaN
75480,756721585.658117,NaN,NaN,22.9736810552554,NaN,NaN
75540,756722963.16328,NaN,NaN,22.9454061383334,NaN,NaN
75600,756724339.082163,NaN,NaN,22.9208146897076,NaN,NaN
75660,756725713.637371,NaN,NaN,22.8999574658805,NaN,NaN
75720,756727087.054163,NaN,NaN,22.8828728170831,NaN,NaN
75780,756728459.559721,NaN,NaN,22.8695863357462,NaN,NaN
75840,756729831.382378,NaN,NaN,22.8601105762533,NaN,NaN
75900,756731202.750836,NaN,NaN,22.854444850117,NaN,NaN
75960,756732573.894454,NaN,NaN,22.8525750999367,NaN,NaN
76020,756733945.037988,NaN,NaN,22.8544738546584,NaN,NaN
76080,756735316.407519,NaN,NaN,22.8601002677355,NaN,NaN
76140,756736688.225153,NaN,NaN,22.8694002388537,NaN,NaN
76200,756738060.709329,NaN,NaN,22.8823066189121,NaN,NaN
76260,756739434.074122,NaN,NaN,22.8987394969695,NaN,NaN
76320,756740808.528405,NaN,NaN,22.9186065668888,NaN,NaN
76380,756742184.275157,NaN,NaN,22.9418035705088,NaN,NaN
76440,756743561.510767,NaN,NaN,22.9682148132513,NaN,NaN
76500,756744940.424344,NaN,NaN,22.9977137472486,NaN,NaN
76560,756746321.197086,NaN,NaN,23.0301636163594,NaN,NaN
76620,756747704.002848,NaN,NaN,23.0654181567622,NaN,NaN
76680,756749089.003038,NaN,NaN,23.1033223462659,NaN,NaN
76740,756750476.352913,NaN,NaN,23.1437131950284,NaN,NaN
76800,756751866.196605,NaN,NaN,23.1864205701071,NaN,NaN
76860,756753258.667836,NaN,NaN,23.2312680459842,NaN,NaN
76920,756754653.889589,NaN,NaN,23.2780737731796,NaN,NaN
76980,756756051.973774,NaN,NaN,23.3266513570878,NaN,NaN
77040,756757453.021036,NaN,NaN,23.376810739326,NaN,NaN
77100,756758857.120506,NaN,NaN,23.428359074137,NaN,NaN
77160,756760264.349668,NaN,NaN,23.4811015927435,NaN,NaN
77220,756761674.774315,NaN,NaN,23.5348424489898,NaN,NaN
77280,756763088.448456,NaN,NaN,23.5893855401252,NaN,NaN
77340,756764505.415488,NaN,NaN,23.6445352971534,NaN,NaN
77400,756765925.703723,NaN,NaN,23.7000974398122,NaN,NaN
77460,756767349.333241,NaN,NaN,23.755879691867,NaN,NaN
77520,756768776.31155,NaN,NaN,23.8116924531401,NaN,NaN
77580,756770206.634881,NaN,NaN,23.8673494253292,NaN,NaN
77640,756771640.288373,NaN,NaN,23.9226681893831,NaN,NaN
77700,756773077.246392,NaN,NaN,23.9774707328603,NaN,NaN
77760,756774517.472727,NaN,NaN,24.0315839263432,NaN,NaN
77820,756775960.920977,NaN,NaN,24.0848399485889,NaN,NaN
77880,756777407.5348,NaN,NaN,24.1370766606648,NaN,NaN
77940,756778857.248316,NaN,NaN,24.1881379298387,NaN,NaN
78000,756780309.987628,NaN,NaN,24.2378739044657,NaN,NaN
78060,756781765.666603,NaN,NaN,24.2861412415447,NaN,NaN
78120,756783224.194128,NaN,NaN,24.3328032889414,NaN,NaN
78180,756784685.469952,NaN,NaN,24.3777302246454,NaN,NaN
78240,756786149.386262,NaN,NaN,24.4207991556223,NaN,NaN
78300,756787615.828035,NaN,NaN,24.46189417905,NaN,NaN
78360,756789084.673561,NaN,NaN,24.500906408873,NaN,NaN
78420,756790555.794773,NaN,NaN,24.5377339707084,NaN,NaN
78480,756792029.057713,NaN,NaN,24.5722819681916,NaN,NaN
78540,756793504.322922,NaN,NaN,24.604462423871,NaN,NaN
78600,756794981.44589,NaN,NaN,24.6341941977341,NaN,NaN
78660,756796460.278558,NaN,NaN,24.6614028864009,NaN,NaN
78720,756797940.665209,NaN,NaN,24.6860207059457,NaN,NaN
78780,756799422.449664,NaN,NaN,24.707986361176,NaN,NaN
78840,756800905.471097,NaN,NaN,24.7272449041265,NaN,NaN
78900,756802389.565602,NaN,NaN,24.7437475843322,NaN,NaN
78960,756803874.566506,NaN,NaN,24.7574516933293,NaN,NaN
79020,756805360.304773,NaN,NaN,24.7683204056574,NaN,NaN
79080,756806846.6093,NaN,NaN,24.776322618472,NaN,NaN
79140,756808333.30731,NaN,NaN,24.7814327917061,NaN,NaN
79200,756809820.224665,NaN,NaN,24.7836307905457,NaN,NaN
79260,756811307.186137,NaN,NaN,24.7829017318167,NaN,NaN
79320,756812794.01694,NaN,NaN,24.7792358357044,NaN,NaN
79380,756814280.538413,NaN,NaN,24.7726282840687,NaN,NaN
79440,756815766.575172,NaN,NaN,24.763079086432,NaN,NaN
79500,756817251.95084,NaN,NaN,24.7505929545989,NaN,NaN
79560,756818736.489453,NaN,NaN,24.7351791866722,NaN,NaN
79620,756820220.015742,NaN,NaN,24.7168515611062,NaN,NaN
79680,756821702.355404,NaN,NaN,24.6956282412874,NaN,NaN
79740,756823183.335348,NaN,NaN,24.6715316909985,NaN,NaN
79800,756824662.783955,NaN,NaN,24.6445886009842,NaN,NaN
79860,756826140.531346,NaN,NaN,24.6148298267165,NaN,NaN
79920,756827616.4096,NaN,NaN,24.5822903373308,NaN,NaN
79980,756829090.253041,NaN,NaN,24.547009175576,NaN,NaN
80040,756830561.899543,NaN,NaN,24.5090294285207,NaN,NaN
80100,756832031.186355,NaN,NaN,24.468398208636,NaN,NaN
80160,756833497.957008,NaN,NaN,24.4251666447462,NaN,NaN
80220,756834962.057126,NaN,NaN,24.3793898822608,NaN,NaN
80280,756836423.335761,NaN,NaN,24.3311270919679,NaN,NaN
80340,756837881.645613,NaN,NaN,24.2804414865585,NaN,NaN
80400,756839336.843313,NaN,NaN,24.2274003439489,NaN,NaN
80460,756840788.789656,NaN,NaN,24.1720750363685,NaN,NaN
80520,756842237.349838,NaN,NaN,24.1145410640491,NaN,NaN
80580,756843682.393698,NaN,NaN,24.0548780922507,NaN,NaN
80640,756845123.795993,NaN,NaN,23.9931699902599,NaN,NaN
80700,756846561.437774,NaN,NaN,23.9295048708822,NaN,NaN
80760,756847995.202103,NaN,NaN,23.8639751288266,NaN,NaN
80820,756849424.981117,NaN,NaN,23.7966774762954,NaN,NaN
80880,756850850.671757,NaN,NaN,23.7277129739879,NaN,NaN
80940,756852272.177148,NaN,NaN,23.6571870556218,NaN,NaN
81000,756853689.406872,NaN,NaN,23.5852095439838,NaN,NaN
81060,756855102.277241,NaN,NaN,23.5118946564398,NaN,NaN
81120,756856510.711552,NaN,NaN,23.4373609977683,NaN,NaN
81180,756857914.640339,NaN,NaN,23.3617315381118,NaN,NaN
81240,756859314.001669,NaN,NaN,23.2851335737934,NaN,NaN
81300,756860708.741332,NaN,NaN,23.2076986687209,NaN,NaN
81360,756862098.814302,NaN,NaN,23.1295625740884,NaN,NaN
81420,756863484.180449,NaN,NaN,23.0508651241021,NaN,NaN
81480,756864864.811481,NaN,NaN,22.9717501054977,NaN,NaN
81540,756866240.686756,NaN,NaN,22.8923650986823,NaN,NaN
81600,756867611.794616,NaN,NaN,22.8128612884433,NaN,NaN
81660,756868978.132535,NaN,NaN,22.7333932422959,NaN,NaN
81720,756870339.707384,NaN,NaN,22.6541186547189,NaN,NaN
81780,756871696.535556,NaN,NaN,22.5751980557448,NaN,NaN
81840,NaN,756872943.273852,NaN,NaN,21.8693860471412,NaN
81900,NaN,756874253.025781,NaN,NaN,21.7907790479058,NaN
81960,NaN,756875558.08628,NaN,NaN,21.7130330772974,NaN
82020,NaN,756876858.513179,NaN,NaN,21.6363163584445,NaN
82080,NaN,756878154.371053,NaN,NaN,21.5607979246034,NaN
82140,NaN,756879445.738008,NaN,NaN,21.4866470988529,NaN
82200,NaN,756880732.701161,NaN,NaN,21.4140329368718,NaN
82260,NaN,756882015.357776,NaN,NaN,21.3431236344432,NaN
82320,NaN,756883293.815149,NaN,NaN,21.2740859018825,NaN
82380,NaN,756884568.190538,NaN,NaN,21.207084308144,NaN
82440,NaN,756885838.610955,NaN,NaN,21.1422805979412,NaN
82500,NaN,756887105.21306,NaN,NaN,21.0798329857821,NaN
82560,NaN,756888368.142841,NaN,NaN,21.0198954313883,NaN
82620,NaN,756889627.555412,NaN,NaN,20.9626169014968,NaN
82680,NaN,756890883.614652,NaN,NaN,20.9081406235574,NaN
82740,NaN,756892136.493927,NaN,NaN,20.8566033372908,NaN
82800,NaN,756893386.371283,NaN,NaN,20.8081345504724,NaN
82860,NaN,756894633.435616,NaN,NaN,20.7628558056308,NaN
82920,NaN,756895877.881773,NaN,NaN,20.7208799646103,NaN
82980,NaN,756897119.911075,NaN,NaN,20.6823105180924,NaN
83040,NaN,756898359.730778,NaN,NaN,20.647240927234,NaN
83100,NaN,756899597.553383,NaN,NaN,20.6157540045355,NaN
83160,NaN,756900833.596079,NaN,NaN,20.5879213408864,NaN
83220,NaN,756902068.079971,NaN,NaN,20.563802785468,NaN
83280,NaN,756903301.229388,NaN,NaN,20.5434459848073,NaN
83340,NaN,756904533.271173,NaN,NaN,20.5268859867767,NaN
83400,NaN,756905764.434963,NaN,NaN,20.5141449147374,NaN
83460,NaN,756906994.947992,NaN,NaN,20.5052317163244,NaN
83520,NaN,756908225.040986,NaN,NaN,20.5001419905738,NaN
83580,NaN,756909454.942892,NaN,NaN,20.4988578962632,NaN
83640,NaN,756910684.881165,NaN,NaN,20.5013481433787,NaN
83700,NaN,756911915.081008,NaN,NaN,20.5075680686923,NaN
83760,NaN,756913145.764528,NaN,NaN,20.5174597954341,NaN
83820,NaN,756914377.149962,NaN,NaN,20.5309524760434,NaN
83880,NaN,756915609.450923,NaN,NaN,20.547962616017,NaN
83940,NaN,756916842.875655,NaN,NaN,20.568394475926,NaN
84000,NaN,756918077.626301,NaN,NaN,20.5921405477381,NaN
84060,NaN,756919313.89931,NaN,NaN,20.6190821007859,NaN
84120,NaN,756920551.880352,NaN,NaN,20.6490897919627,NaN
84180,NaN,756921791.750377,NaN,NaN,20.6820243339999,NaN
84240,NaN,756923033.68059,NaN,NaN,20.7177372152121,NaN
84300,NaN,756924277.833022,NaN,NaN,20.75607146359,NaN
84360,NaN,756925524.360053,NaN,NaN,20.7968624477742,NaN
84420,NaN,756926773.403979,NaN,NaN,20.8399387072568,NaN
84480,NaN,756928025.096608,NaN,NaN,20.8851228040573,NaN
84540,NaN,756929279.558971,NaN,NaN,20.93223218812,NaN
84600,NaN,756930536.90099,NaN,NaN,20.9810800688085,NaN
84660,NaN,756931797.221292,NaN,NaN,21.0314762851132,NaN
84720,NaN,756933060.608138,NaN,NaN,21.0832281675056,NaN
84780,NaN,756934327.134785,NaN,NaN,21.1361413847932,NaN
84840,NaN,756935596.86618,NaN,NaN,21.1900207697674,NaN
84900,NaN,756936869.854452,NaN,NaN,21.2446711180478,NaN
84960,NaN,756938146.140005,NaN,NaN,21.2998979550401,NaN
85020,NaN,756939425.751626,NaN,NaN,21.3555082665905,NaN
85080,NaN,756940708.706596,NaN,NaN,21.4113111895472,NaN
85140,NaN,756941995.010815,NaN,NaN,21.4671186590918,NaN
85200,NaN,756943284.658993,NaN,NaN,21.5227460103564,NaN
85260,NaN,756944577.634877,NaN,NaN,21.5780125324798,NaN
85320,NaN,756945873.911508,NaN,NaN,21.6327419738702,NaN
85380,NaN,756947173.451508,NaN,NaN,21.6867629980382,NaN
85440,NaN,756948476.208464,NaN,NaN,21.7399095899049,NaN
85500,NaN,756949782.122836,NaN,NaN,21.7920214130223,NaN
85560,NaN,756951091.129009,NaN,NaN,21.8429441185679,NaN
85620,NaN,756952403.151148,NaN,NaN,21.8925296074597,NaN
85680,NaN,756953718.104744,NaN,NaN,21.940636247233,NaN
85740,NaN,756955035.896981,NaN,NaN,21.9871290456905,NaN
85800,NaN,756956356.427145,NaN,NaN,22.0318797835785,NaN
85860,NaN,756957679.587049,NaN,NaN,22.0747671087729,NaN
85920,NaN,756959005.261409,NaN,NaN,22.1156765946259,NaN
85980,NaN,756960333.328291,NaN,NaN,22.1545007652459,NaN
86040,NaN,756961663.659537,NaN,NaN,22.1911390905725,NaN
86100,NaN,756962996.122281,NaN,NaN,22.2254979541507,NaN
86160,NaN,756964330.574857,NaN,NaN,22.2574905965341,NaN
86220,NaN,756965666.873999,NaN,NaN,22.2870370371785,NaN
86280,NaN,756967004.870687,NaN,NaN,22.3140639777188,NaN
86340,NaN,756968344.411711,NaN,NaN,22.3385046893673,NaN
86400,NaN,756969685.340081,NaN,NaN,22.3602988871269,NaN
