x0_n,y0_n,z0_n,xd0_n,yd0_n,zd0_n,Tp,JC,L2ExcessVelocity_mps,landingVelocity_mps,stabilityIndex1,stabilityIndex2...,error_tol=1e-12,n_Nodes=6,stepsize=1.0
0.8369254887350852,-0.0000000000000000,0.0000406608607838,-0.0000000000003186,-0.0000000024856820,-0.0000000009887338,2.7693696024513192,3.1883216947,0.000,2322.911,3360.5983,1.9671
0.8369651691681419,-0.0000000000000000,0.0044227239272386,-0.0000000000000181,-0.0000294103375816,-0.0000000000017901,2.7697141612705169,3.1882210272,0.000,2322.933,3357.7459,1.9669
0.8370048365731984,-0.0000000000000000,0.0062540667656578,0.0000000000000066,-0.0000588107257607,0.0000000000004554,2.7700587200897147,3.1881204144,0.000,2322.956,3354.8968,1.9667
0.8370444909619882,-0.0000000000000000,0.0076589982318757,-0.0000000000000028,-0.0000882036563542,-0.0000000000001866,2.7704032789089124,3.1880198563,0.000,2322.979,3352.0511,1.9665
0.8370841323386831,0.0000000000000000,0.0088431442236504,0.0000000000000005,-0.0001175891298195,0.0000000000000032,2.7707478377281096,3.1879193527,0.000,2323.001,3349.2087,1.9663
0.8371237607074467,-0.0000000000000000,0.0098861616938522,-0.0000000000000051,-0.0001469671466426,-0.0000000000002245,2.7710923965473073,3.1878189036,0.000,2323.024,3346.3696,1.9660
0.8371633760724474,0.0000000000000000,0.0108289075229799,-0.0000000000000118,-0.0001763377073177,-0.0000000000004574,2.7714369553665050,3.1877185090,0.000,2323.047,3343.5339,1.9658
0.8372029784378441,-0.0000000000000000,0.0116956547256726,0.0000000000000017,-0.0002057008122971,0.0000000000000476,2.7717815141857027,3.1876181689,0.000,2323.069,3340.7015,1.9656
0.8372425678078075,-0.0000000000000000,0.0125022198585871,0.0000000000000024,-0.0002350564620792,0.0000000000000788,2.7721260730049004,3.1875178832,0.000,2323.092,3337.8723,1.9654
0.8372821441865037,0.0000000000000000,0.0132595900509939,0.0000000000000186,-0.0002644046571580,0.0000000000006412,2.7724706318240981,3.1874176518,0.000,2323.115,3335.0466,1.9652
0.8373217075780963,-0.0000000000000000,0.0139757656187885,-0.0000000000000134,-0.0002937453980033,-0.0000000000004193,2.7728151906432958,3.1873174747,0.000,2323.137,3332.2241,1.9649
0.8373612579866723,-0.0000000000000000,-0.0146567866436625,-0.0000000000006328,-0.0003230786849965,0.0000000000099316,2.7731597494624931,3.1872173519,0.000,2323.160,3329.4049,1.9647
0.8374007954166363,-0.0000000000000000,0.0153073460448863,-0.0000000000000134,-0.0003524045189788,-0.0000000000003751,2.7735043082816908,3.1871172834,0.000,2323.182,3326.5890,1.9645
0.8374403198719141,-0.0000000000000000,0.0159311761554342,-0.0000000000000232,-0.0003817229000864,-0.0000000000006288,2.7738488671008885,3.1870172690,0.000,2323.205,3323.7764,1.9643
0.8374798313567974,-0.0000000000000000,0.0165313033784127,-0.0000000000000056,-0.0004110338289758,-0.0000000000001816,2.7741934259200862,3.1869173088,0.000,2323.228,3320.9671,1.9641
0.8377560489281649,0.0000000000000000,0.0202358621202156,0.0000000000000001,-0.0006160017094969,0.0000000000000140,2.7766053376544702,3.1862190997,0.000,2323.385,3301.3937,1.9625
0.8380316325807230,0.0000000000000000,0.0233539763377265,0.0000000000000178,-0.0008206046265246,0.0000000000003294,2.7790172493888536,3.1855235270,0.000,2323.542,3281.9797,1.9610
0.8383065837419653,-0.0000000000000000,-0.0260967386808250,-0.0000000000065578,-0.0010248427555934,0.0000000000592336,2.7814291611232371,3.1848305762,0.000,2323.698,3262.7235,1.9595
0.8385809038428982,-0.0000000000000000,0.0285724741843109,-0.0000000000000146,-0.0012287162817857,-0.0000000000002670,2.7838410728576206,3.1841402329,0.000,2323.854,3243.6235,1.9579
0.8388545943083817,-0.0000000000000000,0.0308455706370531,0.0000000000000089,-0.0014322253862648,0.0000000000001336,2.7862529845920045,3.1834524826,0.000,2324.009,3224.6783,1.9564
0.8391276565666975,-0.0000000000000000,-0.0329580049340213,-0.0000000000029006,-0.0016353702593936,0.0000000000217600,2.7886648963263880,3.1827673112,0.000,2324.164,3205.8862,1.9549
0.8394000920457951,-0.0000000000000000,-0.0349389515947394,-0.0000000000015797,-0.0018381510958205,0.0000000000112482,2.7910768080607715,3.1820847044,0.000,2324.318,3187.2459,1.9534
0.8396719021716900,-0.0000000000000000,0.0368096650982738,-0.0000000000000055,-0.0020405680922261,-0.0000000000000767,2.7934887197951550,3.1814046482,0.000,2324.471,3168.7558,1.9519
0.8399430883701152,-0.0000000000000000,0.0385862005312899,-0.0000000000000087,-0.0022426214496236,-0.0000000000001095,2.7959006315295385,3.1807271285,0.000,2324.624,3150.4144,1.9504
0.8402136520666955,-0.0000000000000000,0.0402810386897292,0.0000000000000108,-0.0024443113734865,0.0000000000000993,2.7983125432639224,3.1800521315,0.000,2324.777,3132.2204,1.9489
0.8404835946857642,-0.0000000000000000,-0.0419041109950356,-0.0000000000035016,-0.0026456380721440,0.0000000000192788,2.8007244549983059,3.1793796433,0.000,2324.928,3114.1723,1.9474
0.8407529176531623,-0.0000000000000000,-0.0434634747976861,0.0000000000043307,-0.0028466017611864,-0.0000000000236506,2.8031363667326894,3.1787096501,0.000,2325.079,3096.2686,1.9459
0.8410216223896133,-0.0000000000000000,-0.0449657746751083,0.0000000000041245,-0.0030472026532810,-0.0000000000217256,2.8055482784670729,3.1780421383,0.000,2325.230,3078.5080,1.9444
0.8412897103179674,0.0000000000000000,0.0464165671885074,0.0000000000000039,-0.0032474409692291,0.0000000000000131,2.8079601902014568,3.1773770942,0.000,2325.380,3060.8892,1.9429
0.8415571828610037,-0.0000000000000000,0.0478205555003467,0.0000000000000245,-0.0034473169342598,0.0000000000002302,2.8103721019358403,3.1767145045,0.000,2325.529,3043.4106,1.9414
0.8418240414386747,-0.0000000000000000,0.0491817626586855,0.0000000000000025,-0.0036468307746287,0.0000000000000277,2.8127840136702238,3.1760543555,0.000,2325.678,3026.0710,1.9399
0.8420902874705773,0.0000000000000000,0.0505036620844190,0.0000000000000376,-0.0038459827209320,0.0000000000003411,2.8151959254046073,3.1753966341,0.000,2325.826,3008.8691,1.9384
0.8423559223754939,-0.0000000000000001,-0.0517892775145614,0.0000000000013200,-0.0040447730073881,-0.0000000000060609,2.8176078371389908,3.1747413268,0.000,2325.974,2991.8034,1.9369
0.8426209475705340,-0.0000000000000000,-0.0530412607119630,0.0000000000015982,-0.0042432018708156,-0.0000000000065282,2.8200197488733747,3.1740884206,0.000,2326.121,2974.8728,1.9354
0.8428853644718796,-0.0000000000000000,0.0542619527061065,-0.0000000000000164,-0.0044412695515916,-0.0000000000001526,2.8224316606077582,3.1734379023,0.000,2326.268,2958.0759,1.9339
0.8431491744953310,-0.0000000000000000,0.0554534326400165,-0.0000000000000043,-0.0046389762943047,-0.0000000000000466,2.8248435723421417,3.1727897589,0.000,2326.414,2941.4114,1.9325
0.8434123790543931,0.0000000000000000,0.0566175571583068,0.0000000000004618,-0.0048363223455643,0.0000000000035705,2.8272554840765252,3.1721439774,0.000,2326.560,2924.8781,1.9310
0.8436749795613945,-0.0000000000000000,-0.0577559924882902,-0.0000000000030813,-0.0050333079546648,0.0000000000123586,2.8296673958109091,3.1715005450,25.974,2326.705,2908.4746,1.9295
0.8439369774290946,0.0000000000000000,0.0588702407973935,-0.0000000000000141,-0.0052299333769734,-0.0000000000001109,2.8320793075452926,3.1708594488,36.702,2326.849,2892.1999,1.9280
0.8441983740655455,-0.0000000000000000,-0.0599616620374063,-0.0000000000025301,-0.0054261988660764,0.0000000000098034,2.8344912192796761,3.1702206762,44.910,2326.993,2876.0526,1.9266
0.8444591708805513,-0.0000000000000001,-0.0610314921800620,-0.0000000000030650,-0.0056221046827428,0.0000000000118222,2.8369031310140596,3.1695842145,51.811,2327.136,2860.0315,1.9251
0.8447193692813812,-0.0000000000000000,0.0620808585489522,0.0000000000000176,-0.0058176510893165,0.0000000000001227,2.8393150427484430,3.1689500510,57.875,2327.279,2844.1355,1.9237
0.8449789706723003,-0.0000000000000001,-0.0631107927950754,-0.0000000000019633,-0.0060128383489463,0.0000000000072582,2.8417269544828270,3.1683181734,63.342,2327.422,2828.3633,1.9222
0.8452379764583178,-0.0000000000000000,-0.0641222419414877,-0.0000000000029310,-0.0062076667306004,0.0000000000107049,2.8441388662172105,3.1676885692,68.355,2327.564,2812.7138,1.9208
0.8454963880422739,-0.0000000000000000,0.0651160778395648,0.0000000000000109,-0.0064021365053454,0.0000000000000716,2.8465507779515939,3.1670612260,73.009,2327.705,2797.1858,1.9193
0.8457542068237434,-0.0000000000000000,-0.0660931053079494,-0.0000000000012493,-0.0065962479446785,0.0000000000039651,2.8489626896859774,3.1664361317,77.369,2327.846,2781.7782,1.9179
0.8460114342029867,-0.0000000000000000,0.0670540691685453,0.0000000000000101,-0.0067900013259022,0.0000000000000689,2.8513746014203614,3.1658132739,81.481,2327.986,2766.4899,1.9164
0.8462680715765452,-0.0000000000000001,-0.0679996603613413,-0.0000000000014292,-0.0069833969263058,0.0000000000049015,2.8537865131547449,3.1651926405,85.382,2328.126,2751.3196,1.9150
0.8465241203410266,-0.0000000000000000,0.0689305212780049,-0.0000000000000045,-0.0071764350281110,-0.0000000000000237,2.8561984248891283,3.1645742196,89.099,2328.265,2736.2664,1.9135
0.8467795818894674,-0.0000000000000000,-0.0698472504351367,-0.0000000000010225,-0.0073691159137220,0.0000000000034582,2.8586103366235118,3.1639579991,92.655,2328.404,2721.3291,1.9121
0.8470344576146754,-0.0000000000000000,0.0707504065828666,-0.0000000000008226,-0.0075614398701253,-0.0000000000050716,2.8610222483578953,3.1633439671,96.067,2328.542,2706.5065,1.9107
0.8472887489067117,-0.0000000000000000,-0.0716405123317307,0.0000000000022227,-0.0077534071854727,-0.0000000000069998,2.8634341600922792,3.1627321118,99.351,2328.680,2691.7978,1.9093
0.8475424571534171,-0.0000000000000001,-0.0725180573632377,0.0000000000027626,-0.0079450181500051,-0.0000000000087064,2.8658460718266627,3.1621224214,102.518,2328.817,2677.2017,1.9078
0.8477955837408236,-0.0000000000000000,0.0733835012827944,0.0000000000000015,-0.0081362730564241,0.0000000000000102,2.8682579835610462,3.1615148842,105.580,2328.954,2662.7173,1.9064
0.8480481300549852,-0.0000000000000000,-0.0742372761620083,0.0000000000034448,-0.0083271722022999,-0.0000000000106915,2.8706698952954297,3.1609094885,108.545,2329.090,2648.3434,1.9050
0.8483000974764479,-0.0000000000000000,-0.0750797888102058,0.0000000000022782,-0.0085177158828415,-0.0000000000068269,2.8730818070298136,3.1603062229,111.421,2329.226,2634.0791,1.9036
0.8485514873860611,-0.0000000000000000,0.0759114228100044,0.0000000000000105,-0.0087079043986094,0.0000000000000602,2.8754937187641971,3.1597050758,114.215,2329.361,2619.9234,1.9022
0.8488023011627223,-0.0000000000000000,0.0767325403469797,-0.0000000000000006,-0.0088977380524056,-0.0000000000000024,2.8779056304985806,3.1591060359,116.933,2329.496,2605.8752,1.9008
0.8490525401827452,-0.0000000000000000,-0.0775434838569042,0.0000000000034810,-0.0090872171485574,-0.0000000000104538,2.8803175422329641,3.1585090917,119.580,2329.631,2591.9335,1.8994
0.8493022058182419,-0.0000000000000001,-0.0783445775138176,-0.0000000000008757,-0.0092763419907139,0.0000000000028102,2.8827294539673476,3.1579142319,122.161,2329.765,2578.0974,1.8980
0.8495512994431154,-0.0000000000000000,0.0791361285753089,-0.0000000000000025,-0.0094651128898668,-0.0000000000000035,2.8851413657017315,3.1573214455,124.679,2329.898,2564.3659,1.8966
0.8497998224260432,-0.0000000000000000,0.0799184286050286,-0.0000000000003698,-0.0096535301548959,-0.0000000000020437,2.8875532774361150,3.1567307211,127.140,2330.031,2550.7380,1.8952
0.8500477761344727,-0.0000000000000000,-0.0806917545811814,-0.0000000000002405,-0.0098415940979970,0.0000000000009170,2.8899651891704985,3.1561420477,129.545,2330.163,2537.2127,1.8938
0.8502951619334993,-0.0000000000000001,-0.0814563699073463,-0.0000000000002409,-0.0100293050331766,0.0000000000007690,2.8923771009048820,3.1555554144,131.898,2330.295,2523.7892,1.8924
0.8505419811857504,-0.0000000000000001,-0.0822125253349151,-0.0000000000014656,-0.0102166632760352,0.0000000000043210,2.8947890126392659,3.1549708101,134.202,2330.427,2510.4665,1.8910
0.8507882352522181,-0.0000000000000000,0.0829604598051044,0.0000000000000061,-0.0104036691450088,0.0000000000000425,2.8972009243736494,3.1543882239,136.459,2330.558,2497.2436,1.8896
0.8510339254902740,-0.0000000000000000,0.0837004012214527,0.0000000000000002,-0.0105903229585548,0.0000000000000055,2.8996128361080329,3.1538076451,138.672,2330.689,2484.1197,1.8883
0.8512790532559543,-0.0000000000000000,0.0844325671580643,0.0000000000000012,-0.0107766250382238,0.0000000000000063,2.9020247478424164,3.1532290629,140.843,2330.819,2471.0938,1.8869
0.8515236199030802,-0.0000000000000000,-0.0851571655088303,0.0000000000035141,-0.0109625757075755,-0.0000000000095791,2.9044366595767999,3.1526524665,142.974,2330.949,2458.1650,1.8855
0.8517676267806447,-0.0000000000000000,-0.0858743950871308,-0.0000000000000080,-0.0111481752888212,0.0000000000000962,2.9068485713111838,3.1520778454,145.066,2331.078,2445.3325,1.8842
0.8520110752386766,-0.0000000000000000,-0.0865844461766690,-0.0000000000007990,-0.0113334241101471,0.0000000000022396,2.9092604830455673,3.1515051890,147.121,2331.207,2432.5954,1.8828
0.8522539666227710,-0.0000000000000000,0.0872875010410330,-0.0000000000000211,-0.0115183224990189,-0.0000000000000980,2.9116723947799508,3.1509344868,149.142,2331.335,2419.9528,1.8814
0.8524963022758033,-0.0000000000000000,0.0879837343942281,-0.0000000000000638,-0.0117028707840679,-0.0000000000003214,2.9140843065143343,3.1503657282,151.128,2331.463,2407.4039,1.8801
0.8527380835387468,-0.0000000000000000,0.0886733138366615,0.0000000000000408,-0.0118870692962834,0.0000000000002167,2.9164962182487182,3.1497989031,153.082,2331.590,2394.9477,1.8787
0.8529793117491843,-0.0000000000000002,-0.0893564002589151,-0.0000000000049458,-0.0120709183668787,0.0000000000131728,2.9189081299831017,3.1492340010,155.005,2331.718,2382.5836,1.8774
0.8532199882442699,-0.0000000000000000,-0.0900331482120049,-0.0000000000003113,-0.0122544183322056,0.0000000000008432,2.9213200417174852,3.1486710116,156.898,2331.844,2370.3105,1.8760
0.8534601143554181,-0.0000000000000000,0.0907037062650045,0.0000000000000150,-0.0124375695246757,0.0000000000000737,2.9237319534518686,3.1481099248,158.762,2331.970,2358.1278,1.8747
0.8536996914133370,-0.0000000000000000,0.0913682173192461,-0.0000000000000326,-0.0126203722813918,-0.0000000000001609,2.9261438651862521,3.1475507305,160.599,2332.096,2346.0346,1.8734
0.8539387207457768,-0.0000000000000000,-0.0920268189143852,0.0000000000005893,-0.0128028269402500,-0.0000000000016004,2.9285557769206361,3.1469934185,162.408,2332.221,2334.0301,1.8720
0.8541772036773930,-0.0000000000000000,-0.0926796435085839,0.0000000000004568,-0.0129849338399308,-0.0000000000011305,2.9309676886550196,3.1464379789,164.192,2332.346,2322.1134,1.8707
0.8544151415305054,-0.0000000000000000,-0.0933268187410132,0.0000000000003614,-0.0131666933208322,-0.0000000000008908,2.9333796003894030,3.1458844016,165.950,2332.471,2310.2839,1.8694
0.8546525356244680,0.0000000000000000,0.0939684676767076,0.0000000000000201,-0.0133481057243294,0.0000000000000941,2.9357915121237865,3.1453326769,167.685,2332.595,2298.5407,1.8681
0.8548893872760857,-0.0000000000000000,0.0946047090360888,0.0000000000000225,-0.0135291713932137,0.0000000000000922,2.9382034238581705,3.1447827947,169.395,2332.718,2286.8831,1.8668
0.8551256977992703,-0.0000000000000002,-0.0952356574093483,0.0000000000005637,-0.0137098906713323,-0.0000000000013448,2.9406153355925539,3.1442347455,171.084,2332.841,2275.3102,1.8655
0.8553614685048496,-0.0000000000000000,-0.0958614234576726,0.0000000000005167,-0.0138902639032876,-0.0000000000013334,2.9430272473269374,3.1436885193,172.750,2332.964,2263.8214,1.8641
0.8555967007011965,-0.0000000000000002,-0.0964821141018786,0.0000000000004010,-0.0140702914352396,-0.0000000000008843,2.9454391590613209,3.1431441067,174.394,2333.087,2252.4158,1.8628
0.8558313956936001,-0.0000000000000000,0.0970978326994526,0.0000000000000088,-0.0142499736141326,0.0000000000000400,2.9478510707957044,3.1426014979,176.018,2333.209,2241.0928,1.8615
0.8560655547847454,-0.0000000000000000,0.0977086792110875,-0.0000000000001277,-0.0144293107882363,-0.0000000000005798,2.9502629825300883,3.1420606834,177.622,2333.330,2229.8517,1.8602
0.8562991792741703,0.0000000000000000,0.0983147503570958,0.0000000000000557,-0.0146083033064871,0.0000000000002486,2.9526748942644718,3.1415216537,179.206,2333.451,2218.6915,1.8590
0.8565322704586981,-0.0000000000000002,-0.0989161397647162,0.0000000000004942,-0.0147869515190465,-0.0000000000011360,2.9550868059988553,3.1409843993,180.772,2333.572,2207.6118,1.8577
0.8567648296319086,-0.0000000000000002,-0.0995129381069232,0.0000000000004281,-0.0149652557765959,-0.0000000000009682,2.9574987177332388,3.1404489109,182.318,2333.692,2196.6117,1.8564
0.8569968580847604,-0.0000000000000000,-0.1001052332332377,0.0000000000003704,-0.0151432164310994,-0.0000000000008366,2.9599106294676227,3.1399151792,183.847,2333.812,2185.6906,1.8551
0.8572283571049716,-0.0000000000000002,-0.1006931102932883,-0.0000000000008378,-0.0153208338350297,0.0000000000019685,2.9623225412020062,3.1393831949,185.358,2333.932,2174.8477,1.8538
0.8574593279778944,-0.0000000000000000,0.1012766518526298,-0.0000000000000080,-0.0154981083426316,-0.0000000000000351,2.9647344529363897,3.1388529486,186.852,2334.051,2164.0824,1.8526
0.8576897719850504,-0.0000000000000000,0.1018559380043498,0.0000000000000047,-0.0156750403076221,0.0000000000000218,2.9671463646707732,3.1383244314,188.330,2334.170,2153.3939,1.8513
0.8579196904054546,-0.0000000000000000,0.1024310464717374,-0.0000000000000011,-0.0158516300853423,-0.0000000000000043,2.9695582764051567,3.1377976340,189.791,2334.288,2142.7817,1.8500
0.8581490845150448,-0.0000000000000002,-0.1030020527074617,0.0000000000004367,-0.0160278780317404,-0.0000000000009614,2.9719701881395406,3.1372725474,191.236,2334.406,2132.2450,1.8488
0.8583779555864756,-0.0000000000000000,-0.1035690299868082,0.0000000000003762,-0.0162037845032342,-0.0000000000007987,2.9743820998739241,3.1367491627,192.666,2334.523,2121.7832,1.8475
0.8586063048900296,-0.0000000000000002,-0.1041320494959536,0.0000000000027365,-0.0163793498577754,-0.0000000000063229,2.9767940116083076,3.1362274707,194.080,2334.641,2111.3956,1.8463
0.8588341336911105,-0.0000000000000000,-0.1046911804160800,0.0000000000002753,-0.0165545744516788,-0.0000000000005774,2.9792059233426911,3.1357074627,195.480,2334.757,2101.0815,1.8450
0.8590614432544003,-0.0000000000000000,-0.1052464900024702,-0.0000000000011570,-0.0167294586448915,0.0000000000026560,2.9816178350770750,3.1351891298,196.866,2334.874,2090.8404,1.8438
0.8592882348405577,-0.0000000000000000,0.1057980436598080,-0.0000000000000036,-0.0169040027969732,-0.0000000000000034,2.9840297468114585,3.1346724631,198.237,2334.990,2080.6717,1.8425
0.8595145097063157,-0.0000000000000000,0.1063459050146866,-0.0000000000000111,-0.0170782072667961,-0.0000000000000440,2.9864416585458420,3.1341574540,199.595,2335.106,2070.5745,1.8413
0.8597402691062040,-0.0000000000000000,0.1068901359833839,-0.0000000000000006,-0.0172520724150756,-0.0000000000000051,2.9888535702802255,3.1336440938,200.939,2335.221,2060.5484,1.8401
0.8599655142912800,-0.0000000000000000,0.1074307968362022,0.0000000000000091,-0.0174255986026565,0.0000000000000444,2.9912654820146090,3.1331323737,202.270,2335.336,2050.5928,1.8389
0.8601902465094775,-0.0000000000000000,0.1079679462595549,0.0000000000000185,-0.0175987861909248,0.0000000000000815,2.9936773937489929,3.1326222853,203.588,2335.450,2040.7070,1.8376
0.8604144670056374,-0.0000000000000003,-0.1085016414145697,0.0000000000003619,-0.0177716355418429,-0.0000000000006757,2.9960893054833764,3.1321138199,204.894,2335.564,2030.8904,1.8364
0.8606381770211803,-0.0000000000000003,-0.1090319379930419,0.0000000000003481,-0.0179441470175234,-0.0000000000007084,2.9985012172177599,3.1316069691,206.187,2335.678,2021.1424,1.8352
0.8608613777945997,-0.0000000000000000,-0.1095588902706182,0.0000000000004759,-0.0181163209808509,-0.0000000000009985,3.0009131289521433,3.1311017244,207.468,2335.792,2011.4624,1.8340
0.8610840705613699,-0.0000000000000000,-0.1100825511576754,0.0000000000022989,-0.0182881577953457,-0.0000000000050704,3.0033250406865273,3.1305980774,208.737,2335.905,2001.8499,1.8328
0.8613062565525458,-0.0000000000000000,-0.1106029722480552,0.0000000000006324,-0.0184596578233369,-0.0000000000014461,3.0057369524209108,3.1300960198,209.994,2336.017,1992.3042,1.8316
0.8615279369975012,-0.0000000000000000,0.1111202038641881,-0.0000000000000141,-0.0186308214297147,-0.0000000000000546,3.0081488641552943,3.1295955432,211.240,2336.130,1982.8248,1.8304
0.8617491131218097,-0.0000000000000000,0.1116342951031827,0.0000000000000109,-0.0188016489786185,0.0000000000000467,3.0105607758896777,3.1290966395,212.475,2336.242,1973.4112,1.8292
0.8619697861475678,-0.0000000000000000,0.1121452938775208,0.0000000000000031,-0.0189721408344425,0.0000000000000132,3.0129726876240612,3.1285993004,213.699,2336.353,1964.0627,1.8280
0.8621899572937309,0.0000000000000000,0.1126532469558832,-0.0000000000000007,-0.0191422973619747,-0.0000000000000007,3.0153845993584452,3.1281035178,214.912,2336.465,1954.7788,1.8268
0.8624096277759953,-0.0000000000000000,0.1131582000017680,-0.0000000000000426,-0.0193121189262806,-0.0000000000001730,3.0177965110928286,3.1276092835,216.115,2336.576,1945.5590,1.8257
0.8626287988068522,-0.0000000000000000,-0.1136601976103743,0.0000000000004027,-0.0194816058927494,-0.0000000000008842,3.0202084228272121,3.1271165895,217.307,2336.686,1936.4027,1.8245
0.8628474715957744,-0.0000000000000003,-0.1141592833438971,0.0000000000030518,-0.0196507586273521,-0.0000000000065387,3.0226203345615956,3.1266254279,218.489,2336.796,1927.3093,1.8233
0.8630656473471676,-0.0000000000000000,-0.1146554997656231,0.0000000000003583,-0.0198195774939692,-0.0000000000006898,3.0250322462959796,3.1261357905,219.661,2336.906,1918.2784,1.8222
0.8632833272654754,-0.0000000000000003,-0.1151488884717091,0.0000000000027199,-0.0199880628609523,-0.0000000000058056,3.0274441580303630,3.1256476695,220.823,2337.016,1909.3093,1.8210
0.8635005125477704,-0.0000000000000003,-0.1156394901232366,-0.0000000000015266,-0.0201562150915766,0.0000000000033254,3.0298560697647465,3.1251610570,221.975,2337.125,1900.4017,1.8198
0.8637172043920588,-0.0000000000000003,-0.1161273444749740,-0.0000000000011062,-0.0203240345546845,0.0000000000020925,3.0322679814991300,3.1246759452,223.118,2337.234,1891.5549,1.8187
0.8639334039898477,-0.0000000000000000,0.1166124904036752,-0.0000000000000212,-0.0204915216155550,-0.0000000000000649,3.0346798932335135,3.1241923264,224.252,2337.342,1882.7684,1.8176
0.8641491125302159,-0.0000000000000000,0.1170949659376761,0.0000000000000286,-0.0206586766400308,0.0000000000001215,3.0370918049678974,3.1237101926,225.377,2337.450,1874.0418,1.8164
0.8643643311992458,-0.0000000000000000,0.1175748082810376,-0.0000000000000125,-0.0208254999949131,-0.0000000000000490,3.0395037167022809,3.1232295364,226.492,2337.558,1865.3745,1.8153
0.8645790611793807,-0.0000000000000000,0.1180520538393340,0.0000000000000055,-0.0209919920466136,0.0000000000000219,3.0419156284366644,3.1227503499,227.599,2337.666,1856.7661,1.8141
0.8647933036497299,-0.0000000000000000,0.1185267382441244,0.0000000000008744,-0.0211581531616175,0.0000000000034043,3.0443275401710479,3.1222726257,228.697,2337.773,1848.2159,1.8130
0.8650070597860346,-0.0000000000000000,0.1189988963762403,0.0000000000000006,-0.0213239837063425,0.0000000000000075,3.0467394519054318,3.1217963561,229.786,2337.880,1839.7237,1.8119
0.8652203307606388,-0.0000000000000000,-0.1194685623881573,-0.0000000000001788,-0.0214894840472678,0.0000000000003827,3.0491513636398153,3.1213215336,230.867,2337.986,1831.2888,1.8108
0.8654331177432346,-0.0000000000000000,-0.1199357697254205,0.0000000000034215,-0.0216546545517102,-0.0000000000072639,3.0515632753741988,3.1208481507,231.940,2338.092,1822.9108,1.8097
0.8656454218974496,-0.0000000000000000,0.1204005511479563,-0.0000000000000037,-0.0218194955835297,-0.0000000000000134,3.0539751871085823,3.1203762001,233.005,2338.198,1814.5891,1.8086
0.8658572443873911,-0.0000000000000000,0.1208629387489658,0.0000000000000209,-0.0219840075114489,0.0000000000000818,3.0563870988429658,3.1199056742,234.061,2338.304,1806.3235,1.8075
0.8660685863712759,-0.0000000000000000,-0.1213229639751144,0.0000000000002651,-0.0221481907009356,-0.0000000000005245,3.0587990105773497,3.1194365659,235.110,2338.409,1798.1133,1.8064
0.8662794490049335,-0.0000000000000000,-0.1217806576444872,0.0000000000031461,-0.0223120455186476,-0.0000000000064165,3.0612109223117332,3.1189688676,236.151,2338.514,1789.9581,1.8053
0.8664898334392316,-0.0000000000000003,-0.1222360499648358,0.0000000000027812,-0.0224755723291255,-0.0000000000056647,3.0636228340461167,3.1185025723,237.184,2338.618,1781.8575,1.8042
0.8666997408228712,-0.0000000000000000,0.1226891705502222,0.0000000000000217,-0.0226387714983681,0.0000000000000796,3.0660347457805002,3.1180376727,238.209,2338.723,1773.8110,1.8031
0.8669091723019787,0.0000000000000000,0.1231400484377025,-0.0000000000000189,-0.0228016433932826,-0.0000000000000729,3.0684466575148841,3.1175741615,239.228,2338.827,1765.8181,1.8020
0.8671181290178060,-0.0000000000000003,-0.1235887121035859,0.0000000000003965,-0.0229641883787551,-0.0000000000007509,3.0708585692492676,3.1171120316,240.238,2338.930,1757.8784,1.8009
0.8673266121082281,-0.0000000000000000,-0.1240351894785915,-0.0000000000007569,-0.0231264068195391,0.0000000000015191,3.0732704809836511,3.1166512760,241.242,2339.033,1749.9916,1.7999
0.8675346227086316,-0.0000000000000003,-0.1244795079626393,-0.0000000000007241,-0.0232882990813477,0.0000000000012742,3.0756823927180346,3.1161918876,242.238,2339.136,1742.1570,1.7988
0.8677421619503715,-0.0000000000000000,0.1249216944392563,0.0000000000000033,-0.0234498655289363,0.0000000000000109,3.0780943044524181,3.1157338593,243.228,2339.239,1734.3744,1.7978
0.8679492309610333,0.0000000000000000,0.1253617752893172,0.0000000000000654,-0.0236111065264050,0.0000000000002457,3.0805062161868020,3.1152771842,244.210,2339.341,1726.6433,1.7967
0.8681558308653002,0.0000000000000000,0.1257997764045038,0.0000000000000075,-0.0237720224382476,0.0000000000000273,3.0829181279211855,3.1148218553,245.186,2339.444,1718.9632,1.7957
0.8683619627847045,-0.0000000000000000,-0.1262357232001315,0.0000000000065690,-0.0239326136289424,-0.0000000000207185,3.0853300396555690,3.1143678658,246.155,2339.545,1711.3337,1.7946
0.8685676278354070,-0.0000000000000000,0.1266696406274950,-0.0000000000000364,-0.0240928804607069,-0.0000000000001406,3.0877419513899524,3.1139152087,247.118,2339.647,1703.7545,1.7936
0.8687728271329924,-0.0000000000000000,0.1271015531861547,0.0000000000000779,-0.0242528232984009,0.0000000000002948,3.0901538631243364,3.1134638773,248.073,2339.748,1696.2251,1.7925
0.8689775617874851,-0.0000000000000003,-0.1275314849352942,-0.0000000000008257,-0.0244124425043301,0.0000000000016662,3.0925657748587199,3.1130138647,249.023,2339.849,1688.7451,1.7915
0.8691818329066360,-0.0000000000000000,0.1279594595051971,-0.0000000000000097,-0.0245717384418292,-0.0000000000000329,3.0949776865931033,3.1125651643,249.966,2339.949,1681.3142,1.7905
0.8693856415934061,-0.0000000000000004,-0.1283855001078479,-0.0000000000012484,-0.0247307114722706,0.0000000000024159,3.0973895983274868,3.1121177692,250.903,2340.050,1673.9318,1.7895
0.8695889889490563,0.0000000000000000,0.1288096295477496,0.0000000000000224,-0.0248893619587672,0.0000000000000853,3.0998015100618703,3.1116716729,251.833,2340.150,1666.5977,1.7885
0.8697918760696262,-0.0000000000000000,0.1292318702319063,-0.0000000000000143,-0.0250476902619174,-0.0000000000000429,3.1022134217962543,3.1112268686,252.758,2340.249,1659.3113,1.7874
0.8699943040486769,-0.0000000000000000,0.1296522441796315,0.0000000000000377,-0.0252056967431321,0.0000000000001378,3.1046253335306377,3.1107833499,253.676,2340.349,1652.0725,1.7864
0.8701962739759467,-0.0000000000000000,-0.1300707730328154,-0.0000000000018835,-0.0253633817628242,0.0000000000035951,3.1070372452650212,3.1103411101,254.589,2340.448,1644.8806,1.7854
0.8703977869380861,-0.0000000000000004,-0.1304874780625932,-0.0000000000014029,-0.0255207456819233,0.0000000000026690,3.1094491569994047,3.1099001427,255.495,2340.546,1637.7355,1.7844
0.8705988440187203,-0.0000000000000004,-0.1309023801832566,0.0000000000009388,-0.0256777888606629,-0.0000000000016476,3.1118610687337886,3.1094604413,256.396,2340.645,1630.6366,1.7835
0.8707994462955188,0.0000000000000000,0.1313154999548720,-0.0000000000000105,-0.0258345116566001,-0.0000000000000066,3.1142729804681721,3.1090219993,257.291,2340.743,1623.5837,1.7825
0.8709995948453727,-0.0000000000000000,-0.1317268575966749,-0.0000000000015908,-0.0259909144295170,0.0000000000030151,3.1166848922025556,3.1085848104,258.181,2340.841,1616.5763,1.7815
0.8711992907413015,-0.0000000000000000,-0.1321364729925085,-0.0000000000012409,-0.0261469975384657,0.0000000000023253,3.1190968039369391,3.1081488683,259.065,2340.939,1609.6141,1.7805
0.8713985350517863,-0.0000000000000004,-0.1325443656993358,-0.0000000000012453,-0.0263027613406877,0.0000000000023407,3.1215087156713226,3.1077141664,259.943,2341.036,1602.6968,1.7796
0.8715973288426933,-0.0000000000000000,0.1329505549550460,0.0000000000000193,-0.0264582061939311,0.0000000000000716,3.1239206274057065,3.1072806986,260.816,2341.133,1595.8239,1.7786
0.8717956731755220,0.0000000000000000,0.1333550596857365,-0.0000000000000080,-0.0266133324543548,-0.0000000000000279,3.1263325391400900,3.1068484586,261.684,2341.230,1588.9951,1.7776
0.8719935691091197,-0.0000000000000000,0.1337578985130187,-0.0000000000000119,-0.0267681404785514,-0.0000000000000399,3.1287444508744735,3.1064174401,262.546,2341.327,1582.2101,1.7767
0.8721910176981403,-0.0000000000000004,-0.1341590897608211,-0.0000000000018167,-0.0269226306217106,0.0000000000033539,3.1311563626088570,3.1059876370,263.403,2341.423,1575.4685,1.7757
0.8723880199949680,-0.0000000000000000,-0.1345586514623814,-0.0000000000019508,-0.0270768032398995,0.0000000000035008,3.1335682743432409,3.1055590431,264.255,2341.519,1568.7700,1.7748
0.8725845770473806,-0.0000000000000000,-0.1349566013666090,-0.0000000000019918,-0.0272306586872462,0.0000000000036238,3.1359801860776244,3.1051316522,265.102,2341.615,1562.1142,1.7739
0.8727806899004076,-0.0000000000000000,0.1353529569445846,-0.0000000000000083,-0.0273841973181651,-0.0000000000000297,3.1383920978120079,3.1047054582,265.943,2341.710,1555.5007,1.7729
0.8729763595943505,-0.0000000000000000,0.1357477353957887,0.0000000000000223,-0.0275374194849539,0.0000000000000795,3.1408040095463914,3.1042804551,266.780,2341.805,1548.9294,1.7720
0.8731715871673076,-0.0000000000000000,0.1361409536539953,0.0000000000000259,-0.0276903255408285,0.0000000000000917,3.1432159212807749,3.1038566369,267.612,2341.900,1542.3997,1.7711
0.8733663736536473,-0.0000000000000000,0.1365326283935398,-0.0000000000000368,-0.0278429158380162,-0.0000000000000330,3.1456278330151588,3.1034339975,268.439,2341.995,1535.9115,1.7702
0.8735607200831280,-0.0000000000000000,-0.1369227760333505,-0.0000000000019687,-0.0279951907269523,0.0000000000035347,3.1480397447495423,3.1030125310,269.261,2342.089,1529.4643,1.7693
0.8737546274843245,-0.0000000000000004,-0.1373114127456625,-0.0000000000020705,-0.0281471505598470,0.0000000000037367,3.1504516564839258,3.1025922315,270.078,2342.183,1523.0578,1.7684
0.8739480968804589,-0.0000000000000004,-0.1376985544582391,-0.0000000000020440,-0.0282987956862349,0.0000000000036412,3.1528635682183093,3.1021730930,270.890,2342.277,1516.6918,1.7675
0.8741411292921971,-0.0000000000000000,0.1380842168611059,0.0000000000000131,-0.0284501264559744,0.0000000000000505,3.1552754799526932,3.1017551098,271.698,2342.371,1510.3659,1.7666
0.8743337257354820,-0.0000000000000000,0.1384684154114773,-0.0000000000000054,-0.0286011432167446,-0.0000000000000181,3.1576873916870767,3.1013382759,272.502,2342.464,1504.0797,1.7657
0.8745258872240752,-0.0000000000000000,0.1388511653384246,0.0000000000000032,-0.0287518463170922,0.0000000000000125,3.1600993034214602,3.1009225855,273.300,2342.557,1497.8331,1.7648
0.8747176147678307,0.0000000000000000,0.1392324816478565,-0.0000000000000224,-0.0289022361043171,-0.0000000000000754,3.1625112151558437,3.1005080330,274.095,2342.650,1491.6256,1.7639
0.8749089093726821,-0.0000000000000000,-0.1396123791271892,-0.0000000000020619,-0.0290523129244381,0.0000000000036351,3.1649231268902271,3.1000946125,274.884,2342.742,1485.4569,1.7631
0.8750997720424414,-0.0000000000000004,-0.1399908723496791,-0.0000000000020553,-0.0292020771244240,0.0000000000035791,3.1673350386246111,3.0996823184,275.670,2342.835,1479.3268,1.7622
0.8752902037759952,-0.0000000000000000,-0.1403679756791686,-0.0000000000026169,-0.0293515290486672,0.0000000000046779,3.1697469503589946,3.0992711449,276.451,2342.927,1473.2350,1.7613
0.8754802055695150,-0.0000000000000000,-0.1407437032741317,-0.0000000000027987,-0.0295006690417474,0.0000000000051320,3.1721588620933781,3.0988610865,277.227,2343.018,1467.1812,1.7605
0.8756697784160233,-0.0000000000000000,0.1411180690918972,-0.0000000000000215,-0.0296494974478723,-0.0000000000000722,3.1745707738277615,3.0984521375,278.000,2343.110,1461.1650,1.7596
0.8758589233034079,-0.0000000000000000,0.1414910868930121,-0.0000000000000224,-0.0297980146083945,-0.0000000000000767,3.1769826855621455,3.0980442924,278.768,2343.201,1455.1861,1.7588
0.8760476412178342,-0.0000000000000000,0.1418627702447360,0.0000000000000221,-0.0299462208660358,0.0000000000000722,3.1793945972965290,3.0976375456,279.532,2343.292,1449.2444,1.7580
0.8762359331414370,-0.0000000000000000,0.1422331325252279,-0.0000000000000083,-0.0300941165620119,-0.0000000000000245,3.1818065090309124,3.0972318915,280.292,2343.383,1443.3395,1.7571
0.8764238000528997,-0.0000000000000000,0.1426021869272361,-0.0000000000000203,-0.0302417020367393,-0.0000000000000696,3.1842184207652959,3.0968273247,281.048,2343.473,1437.4710,1.7563
0.8766112429275795,-0.0000000000000004,-0.1429699464616711,0.0000000000007834,-0.0303889776300000,-0.0000000000014344,3.1866303324996794,3.0964238397,281.800,2343.564,1431.6388,1.7555
0.8767982627362957,-0.0000000000000000,-0.1433364239617210,-0.0000000000025535,-0.0305359436792983,0.0000000000044308,3.1890422442340634,3.0960214311,282.548,2343.654,1425.8426,1.7547
0.8769848604490328,-0.0000000000000000,-0.1437016320850863,-0.0000000000018811,-0.0306826005247409,0.0000000000031938,3.1914541559684468,3.0956200936,283.291,2343.744,1420.0820,1.7539
0.8771710370297244,-0.0000000000000000,-0.1440655833188761,-0.0000000000019346,-0.0308289485021594,0.0000000000034598,3.1938660677028303,3.0952198216,284.031,2343.833,1414.3569,1.7531
0.8773567934399297,-0.0000000000000004,-0.1444282899819699,-0.0000000000018475,-0.0309749879479643,0.0000000000031684,3.1962779794372138,3.0948206099,284.767,2343.922,1408.6669,1.7523
0.8775421306380693,-0.0000000000000000,0.1447897642284828,0.0000000000000055,-0.0311207191980381,0.0000000000000191,3.1986898911715977,3.0944224532,285.500,2344.012,1403.0117,1.7515
0.8777270495778992,-0.0000000000000000,0.1451500180510912,-0.0000000000000021,-0.0312661425859368,-0.0000000000000073,3.2011018029059812,3.0940253461,286.228,2344.100,1397.3911,1.7507
0.8779115512109648,-0.0000000000000000,0.1455090632838091,-0.0000000000000000,-0.0314112584457846,0.0000000000000019,3.2035137146403647,3.0936292835,286.953,2344.189,1391.8049,1.7499
0.8780956364849732,0.0000000000000000,0.1458669116051734,-0.0000000000000034,-0.0315560671103341,-0.0000000000000096,3.2059256263747482,3.0932342600,287.674,2344.277,1386.2528,1.7491
0.8782793063442091,-0.0000000000000000,0.1462235745411403,0.0000000000005282,-0.0317005689114614,0.0000000000017377,3.2083375381091317,3.0928402706,288.391,2344.365,1380.7344,1.7484
0.8784625617290093,-0.0000000000000000,-0.1465790634679834,-0.0000000000024428,-0.0318447641794394,0.0000000000041471,3.2107494498435156,3.0924473100,289.105,2344.453,1375.2496,1.7476
0.8786454035778366,-0.0000000000000000,-0.1469333896146968,-0.0000000000024458,-0.0319886532456431,0.0000000000041974,3.2131613615778991,3.0920553730,289.815,2344.541,1369.7982,1.7469
0.8788278328249596,-0.0000000000000000,0.1472865640667315,-0.0000000000000170,-0.0321322364393909,0.0000000000000686,3.2155732733122826,3.0916644546,290.521,2344.628,1364.3797,1.7461
0.8790098503993128,-0.0000000000000000,0.1476385977665656,-0.0000000000000064,-0.0322755140870224,-0.0000000000000120,3.2179851850466661,3.0912745497,291.224,2344.716,1358.9941,1.7454
0.8791914572286817,-0.0000000000000000,-0.1479895015196089,-0.0000000000024206,-0.0324184865163406,0.0000000000040902,3.2203970967810500,3.0908856532,291.923,2344.803,1353.6410,1.7446
0.8793726542377645,-0.0000000000000000,-0.1483392859933033,-0.0000000000023632,-0.0325611540548437,0.0000000000039729,3.2228090085154335,3.0904977601,292.619,2344.889,1348.3202,1.7439
0.8795534423463881,-0.0000000000000000,-0.1486879617216520,-0.0000000000023712,-0.0327035170271975,0.0000000000039384,3.2252209202498170,3.0901108654,293.312,2344.976,1343.0315,1.7432
0.8797338224721086,-0.0000000000000000,0.1490355391068618,-0.0000000000000437,-0.0328455757585278,-0.0000000000001398,3.2276328319842005,3.0897249640,294.001,2345.062,1337.7747,1.7424
0.8799137955274674,-0.0000000000000000,0.1493820284222185,0.0000000000000561,-0.0329873305709593,0.0000000000001849,3.2300447437185840,3.0893400511,294.687,2345.148,1332.5494,1.7417
0.8800933624232131,-0.0000000000000000,0.1497274398137735,-0.0000000000000081,-0.0331287817876353,-0.0000000000000247,3.2324566554529679,3.0889561217,295.369,2345.234,1327.3554,1.7410
0.8802725240656605,-0.0000000000000005,-0.1500717833030809,-0.0000000000023255,-0.0332699297294260,0.0000000000038542,3.2348685671873514,3.0885731709,296.048,2345.320,1322.1926,1.7403
0.8804512813592971,-0.0000000000000005,-0.1504150687889330,-0.0000000000023529,-0.0334107747181298,0.0000000000039277,3.2372804789217349,3.0881911938,296.724,2345.405,1317.0606,1.7396
0.8806296352036685,-0.0000000000000005,-0.1507573060500224,-0.0000000000024313,-0.0335513170726281,0.0000000000040923,3.2396923906561184,3.0878101856,297.397,2345.490,1311.9593,1.7389
0.8808075864955061,-0.0000000000000005,-0.1510985047467562,-0.0000000000024099,-0.0336915571114745,0.0000000000040098,3.2421043023905023,3.0874301415,298.066,2345.575,1306.8884,1.7383
0.8809851361286739,-0.0000000000000000,0.1514386744232162,0.0000000000000491,-0.0338314951528604,0.0000000000001513,3.2445162141248858,3.0870510566,298.732,2345.660,1301.8477,1.7376
0.8811622849920653,-0.0000000000000000,0.1517778245095804,-0.0000000000000047,-0.0339711315119502,-0.0000000000000142,3.2469281258592693,3.0866729263,299.395,2345.744,1296.8369,1.7369
0.8813390339728296,0.0000000000000000,0.1521159643235342,0.0000000000000022,-0.0341104665049037,0.0000000000000044,3.2493400375936528,3.0862957456,300.055,2345.829,1291.8560,1.7362
0.8815153839542453,0.0000000000000000,0.1524531030725669,-0.0000000000000139,-0.0342495004462079,-0.0000000000000336,3.2517519493280362,3.0859195100,300.712,2345.913,1286.9045,1.7356
0.8816913358156849,-0.0000000000000000,-0.1527892498556964,-0.0000000000020698,-0.0343882336486466,0.0000000000033643,3.2541638610624202,3.0855442147,301.365,2345.997,1281.9824,1.7349
0.8818668904347974,-0.0000000000000005,-0.1531244136652624,-0.0000000000019963,-0.0345266664259664,0.0000000000035600,3.2565757727968037,3.0851698551,302.016,2346.080,1277.0893,1.7343
0.8820420486840818,-0.0000000000000005,-0.1534586033889981,-0.0000000000022002,-0.0346647990885798,0.0000000000036475,3.2589876845311871,3.0847964265,302.664,2346.164,1272.2251,1.7336
0.8822168114335215,-0.0000000000000005,-0.1537918278114631,-0.0000000000031239,-0.0348026319469437,0.0000000000055605,3.2613995962655706,3.0844239242,303.308,2346.247,1267.3896,1.7330
0.8823911795505037,-0.0000000000000000,0.1541240956156793,-0.0000000000000264,-0.0349401653113568,-0.0000000000000793,3.2638115079999546,3.0840523437,303.950,2346.330,1262.5826,1.7324
0.8825651538968483,-0.0000000000000000,0.1544554153855796,0.0000000000001760,-0.0350773994882161,0.0000000000005958,3.2662234197343381,3.0836816805,304.589,2346.413,1257.8037,1.7318
0.8827387353330854,0.0000000000000000,0.1547857956066120,0.0000000000000396,-0.0352143347854178,0.0000000000001268,3.2686353314687215,3.0833119299,305.225,2346.496,1253.0530,1.7311
0.8829119247158150,-0.0000000000000000,0.1551152446679714,0.0000000000002506,-0.0353509715090253,0.0000000000007797,3.2710472432031050,3.0829430874,305.858,2346.578,1248.3300,1.7305
0.8830847228983163,-0.0000000000000000,0.1554437708640243,-0.0000000000000172,-0.0354873099639774,-0.0000000000000433,3.2734591549374885,3.0825751485,306.488,2346.660,1243.6347,1.7299
0.8832571307300702,-0.0000000000000000,-0.1557713823959888,-0.0000000000020495,-0.0356233504535541,0.0000000000032210,3.2758710666718724,3.0822081088,307.115,2346.742,1238.9668,1.7293
0.8834291490587174,-0.0000000000000005,-0.1560980873729891,-0.0000000000019913,-0.0357590932817593,0.0000000000030390,3.2782829784062559,3.0818419638,307.740,2346.824,1234.3262,1.7287
0.8836007787271956,-0.0000000000000000,-0.1564238938141623,-0.0000000000020228,-0.0358945387497287,0.0000000000035455,3.2806948901406394,3.0814767090,308.362,2346.906,1229.7125,1.7282
0.8837720205754751,-0.0000000000000005,-0.1567488096497434,-0.0000000000018699,-0.0360296871578977,0.0000000000030930,3.2831068018750234,3.0811123401,308.981,2346.987,1225.1257,1.7276
0.8839428754403701,-0.0000000000000005,-0.1570728427225821,-0.0000000000020803,-0.0361645388057716,0.0000000000034189,3.2855187136094068,3.0807488526,309.597,2347.068,1220.5656,1.7270
0.8841133441554415,-0.0000000000000000,-0.1573960007893787,-0.0000000000022132,-0.0362990939917809,0.0000000000036151,3.2879306253437903,3.0803862422,310.210,2347.149,1216.0318,1.7264
0.8842834275514401,-0.0000000000000000,0.1577182915221227,-0.0000000000000167,-0.0364333530138348,-0.0000000000000497,3.2903425370781738,3.0800245046,310.821,2347.230,1211.5244,1.7259
0.8844531264543122,-0.0000000000000000,0.1580397225098376,-0.0000000000000028,-0.0365673161667597,-0.0000000000000092,3.2927544488125573,3.0796636354,311.430,2347.311,1207.0430,1.7253
0.8846224416882595,-0.0000000000000000,0.1583603012591572,-0.0000000000000730,-0.0367009837461851,-0.0000000000002140,3.2951663605469408,3.0793036303,312.035,2347.391,1202.5874,1.7248
0.8847913740737046,-0.0000000000000000,0.1586800351960783,-0.0000000000000419,-0.0368343560459678,-0.0000000000001317,3.2975782722813243,3.0789444851,312.638,2347.471,1198.1576,1.7243
0.8849599244278473,-0.0000000000000000,0.1589989316671219,-0.0000000000000062,-0.0369674333588372,-0.0000000000000214,3.2999901840157082,3.0785861955,313.238,2347.552,1193.7532,1.7237
0.8851280935641849,-0.0000000000000000,-0.1593169979407718,-0.0000000000022328,-0.0371002159758105,0.0000000000036268,3.3024020957500917,3.0782287572,313.836,2347.631,1189.3742,1.7232
0.8852958822942695,-0.0000000000000000,-0.1596342412076157,-0.0000000000020097,-0.0372327041885147,0.0000000000032405,3.3048140074844756,3.0778721661,314.431,2347.711,1185.0203,1.7227
0.8854632914251698,-0.0000000000000000,-0.1599506685835028,-0.0000000000018669,-0.0373648982856198,0.0000000000029450,3.3072259192188591,3.0775164180,315.024,2347.790,1180.6914,1.7222
0.8856303217609028,-0.0000000000000005,-0.1602662871088690,-0.0000000000024182,-0.0374967985550759,0.0000000000038965,3.3096378309532426,3.0771615087,315.614,2347.870,1176.3873,1.7217
0.8857969741027859,-0.0000000000000000,-0.1605811037508097,-0.0000000000023457,-0.0376284052842422,0.0000000000037535,3.3120497426876261,3.0768074341,316.202,2347.949,1172.1077,1.7212
0.8859632492484537,-0.0000000000000005,-0.1608951254038241,-0.0000000000021675,-0.0377597187587832,0.0000000000035211,3.3144616544220096,3.0764541900,316.787,2348.028,1167.8526,1.7207
0.8861291479924019,-0.0000000000000000,-0.1612083588911558,-0.0000000000020497,-0.0378907392632347,0.0000000000032738,3.3168735661563931,3.0761017723,317.370,2348.106,1163.6218,1.7202
0.8862946711264521,-0.0000000000000000,0.1615208109655404,0.0000000000000959,-0.0380214670817039,0.0000000000002965,3.3192854778907770,3.0757501770,317.951,2348.185,1159.4150,1.7197
0.8864598194378387,-0.0000000000000000,0.1618324883109035,0.0000000000000218,-0.0381519024953027,0.0000000000000698,3.3216973896251605,3.0753994000,318.529,2348.263,1155.2321,1.7192
0.8866245937119613,-0.0000000000000000,0.1621433975425319,-0.0000000000000114,-0.0382820457857300,-0.0000000000000173,3.3241093013595440,3.0750494372,319.104,2348.341,1151.0730,1.7188
0.8867889947305631,-0.0000000000000000,0.1624535452086395,-0.0000000000000019,-0.0384118972329209,-0.0000000000000042,3.3265212130939275,3.0747002846,319.677,2348.419,1146.9374,1.7183
0.8869530232722054,-0.0000000000000000,0.1627629377912230,0.0000000000000843,-0.0385414571156018,0.0000000000002658,3.3289331248283114,3.0743519383,320.248,2348.497,1142.8252,1.7179
0.8871166801122592,-0.0000000000000000,0.1630715817070367,-0.0000000000000050,-0.0386707257113088,-0.0000000000000201,3.3313450365626949,3.0740043942,320.817,2348.575,1138.7363,1.7174
0.8872799660224724,-0.0000000000000006,-0.1633794833086682,-0.0000000000020075,-0.0387997032958103,0.0000000000032132,3.3337569482970784,3.0736576484,321.383,2348.652,1134.6705,1.7170
0.8874428817727226,-0.0000000000000000,-0.1636866488849945,-0.0000000000021828,-0.0389283901453295,0.0000000000034306,3.3361688600314618,3.0733116970,321.947,2348.729,1130.6275,1.7165
0.8876054281285354,-0.0000000000000000,-0.1639930846627881,-0.0000000000021906,-0.0390567865333854,0.0000000000034791,3.3385807717658453,3.0729665360,322.509,2348.806,1126.6073,1.7161
0.8877676058525384,-0.0000000000000006,-0.1642987968072015,-0.0000000000022665,-0.0391848927326011,0.0000000000036898,3.3409926835002293,3.0726221615,323.068,2348.883,1122.6098,1.7157
0.8879294157042923,-0.0000000000000006,-0.1646037914227314,-0.0000000000022286,-0.0393127090145056,0.0000000000035881,3.3434045952346128,3.0722785697,323.625,2348.960,1118.6346,1.7153
0.8880908584402102,-0.0000000000000000,-0.1649080745541239,-0.0000000000021665,-0.0394402356494142,0.0000000000034261,3.3458165069689962,3.0719357567,324.180,2349.037,1114.6817,1.7149
0.8882519348135420,-0.0000000000000006,-0.1652116521871553,-0.0000000000021208,-0.0395674729063982,0.0000000000033487,3.3482284187033802,3.0715937186,324.733,2349.113,1110.7509,1.7145
0.8884126455743830,-0.0000000000000006,-0.1655145302495858,-0.0000000000021906,-0.0396944210532597,0.0000000000034843,3.3506403304377637,3.0712524516,325.284,2349.189,1106.8421,1.7141
0.8885729914702617,0.0000000000000000,0.1658167146116816,-0.0000000000000183,-0.0398210803573459,-0.0000000000000574,3.3530522421721471,3.0709119519,325.832,2349.265,1102.9552,1.7137
0.8887329732440405,-0.0000000000000000,0.1661182110877833,-0.0000000000000016,-0.0399474510827326,-0.0000000000000069,3.3554641539065306,3.0705722158,326.379,2349.341,1099.0898,1.7133
0.8888925916369668,-0.0000000000000000,0.1664190254360821,0.0000000000000065,-0.0400735334942339,0.0000000000000211,3.3578760656409141,3.0702332395,326.923,2349.417,1095.2460,1.7130
0.8890518473866771,-0.0000000000000000,0.1667191633600492,-0.0000000000000198,-0.0401993278547761,-0.0000000000000610,3.3602879773752976,3.0698950191,327.465,2349.492,1091.4236,1.7126
0.8892107412277033,-0.0000000000000000,0.1670186305090436,-0.0000000000000084,-0.0403248344260484,-0.0000000000000250,3.3626998891096815,3.0695575511,328.005,2349.567,1087.6223,1.7122
0.8893692738914751,-0.0000000000000000,0.1673174324790604,-0.0000000000000156,-0.0404500534684935,-0.0000000000000470,3.3651118008440650,3.0692208316,328.543,2349.643,1083.8421,1.7119
0.8895274461063291,-0.0000000000000000,0.1676155748134759,-0.0000000000000961,-0.0405749852413096,-0.0000000000003082,3.3675237125784485,3.0688848571,329.078,2349.718,1080.0829,1.7116
0.8896852585975124,-0.0000000000000000,0.1679130630037634,0.0000000000000066,-0.0406996300024490,0.0000000000000205,3.3699356243128324,3.0685496237,329.612,2349.792,1076.3444,1.7112
0.8898427120867437,-0.0000000000000006,-0.1682099024903775,-0.0000000000019586,-0.0408239880080219,0.0000000000030625,3.3723475360472159,3.0682151280,330.144,2349.867,1072.6265,1.7109
0.8899998072940118,-0.0000000000000000,-0.1685060986628082,-0.0000000000018995,-0.0409480595146425,0.0000000000029703,3.3747594477815994,3.0678813661,330.674,2349.941,1068.9292,1.7106
0.8901565449348912,-0.0000000000000006,-0.1688016568612525,-0.0000000000018038,-0.0410718447759190,0.0000000000028106,3.3771713595159829,3.0675483345,331.201,2350.016,1065.2522,1.7103
0.8903129257223239,-0.0000000000000000,-0.1690965823765469,-0.0000000000016423,-0.0411953440447743,0.0000000000025385,3.3795832712503664,3.0672160297,331.727,2350.090,1061.5954,1.7099
0.8904689503661474,-0.0000000000000006,-0.1693908804512110,-0.0000000000019980,-0.0413185575727779,0.0000000000035313,3.3819951829847499,3.0668844479,332.251,2350.164,1057.9586,1.7096
0.8906246195732765,-0.0000000000000000,-0.1696845562798664,-0.0000000000018803,-0.0414414856103956,0.0000000000031840,3.3844070947191338,3.0665535858,332.772,2350.238,1054.3418,1.7094
0.8907799340474724,-0.0000000000000000,-0.1699776150100098,-0.0000000000017680,-0.0415641284067100,0.0000000000027781,3.3868190064535173,3.0662234396,333.292,2350.311,1050.7448,1.7091
0.8909348944894510,-0.0000000000000006,-0.1702700617425727,-0.0000000000019589,-0.0416864862095650,0.0000000000030748,3.3892309181879008,3.0658940059,333.810,2350.385,1047.1675,1.7088
0.8910895015974701,-0.0000000000000000,0.1705619015324854,-0.0000000000000224,-0.0418085592661788,-0.0000000000000647,3.3916428299222843,3.0655652811,334.326,2350.458,1043.6097,1.7085
0.8912437560652724,-0.0000000000000000,0.1708531393898087,-0.0000000000000141,-0.0419303478206376,-0.0000000000000418,3.3940547416566682,3.0652372618,334.840,2350.531,1040.0713,1.7083
0.8913976585849716,-0.0000000000000000,0.1711437802794626,-0.0000000000001244,-0.0420518521175284,-0.0000000000003789,3.3964666533910517,3.0649099445,335.352,2350.604,1036.5521,1.7080
0.8915512098452160,-0.0000000000000000,0.1714338291224133,0.0000000000000337,-0.0421730723995799,0.0000000000001027,3.3988785651254352,3.0645833257,335.863,2350.677,1033.0521,1.7078
0.8917044105316456,-0.0000000000000000,0.1717232907961053,-0.0000000000000271,-0.0422940089082354,-0.0000000000000844,3.4012904768598187,3.0642574019,336.371,2350.750,1029.5711,1.7075
0.8918572613268908,-0.0000000000000000,0.1720121701350253,-0.0000000000000134,-0.0424146618836396,-0.0000000000000395,3.4037023885942022,3.0639321698,336.878,2350.823,1026.1089,1.7073
0.8920097629105869,-0.0000000000000000,0.1723004719312712,0.0000000000001002,-0.0425350315646600,0.0000000000003051,3.4061143003285861,3.0636076259,337.383,2350.895,1022.6655,1.7071
0.8921619159593911,-0.0000000000000000,0.1725882009351274,0.0000000000000173,-0.0426551181888744,0.0000000000000682,3.4085262120629696,3.0632837669,337.886,2350.967,1019.2408,1.7068
0.8923137211465860,-0.0000000000000006,-0.1728753618555894,-0.0000000000013976,-0.0427749219920761,0.0000000000021658,3.4109381237973531,3.0629605893,338.387,2351.039,1015.8345,1.7066
0.8924651791434288,-0.0000000000000006,-0.1731619593607402,-0.0000000000016319,-0.0428944432100012,0.0000000000021513,3.4133500355317370,3.0626380897,338.886,2351.111,1012.4466,1.7064
0.8926162906176154,-0.0000000000000006,-0.1734479980784939,-0.0000000000014348,-0.0430136820763221,0.0000000000023058,3.4157619472661205,3.0623162649,339.384,2351.183,1009.0769,1.7062
0.8927670562335418,-0.0000000000000006,-0.1737334825972267,-0.0000000000013976,-0.0431326388229569,0.0000000000022176,3.4181738590005040,3.0619951115,339.880,2351.255,1005.7254,1.7060
0.8929174766531416,-0.0000000000000000,-0.1740184174658944,-0.0000000000015710,-0.0432513136812126,0.0000000000031309,3.4205857707348875,3.0616746261,340.374,2351.326,1002.3918,1.7058
0.8930675525350358,-0.0000000000000000,-0.1743028071948840,-0.0000000000014442,-0.0433697068805387,0.0000000000022979,3.4229976824692709,3.0613548056,340.866,2351.397,999.0762,1.7057
0.8932172845353139,-0.0000000000000006,-0.1745866562561916,-0.0000000000012383,-0.0434878186497447,0.0000000000018223,3.4254095942036544,3.0610356465,341.357,2351.469,995.7783,1.7055
0.8933666733067634,-0.0000000000000006,-0.1748699690842418,-0.0000000000013684,-0.0436056492157678,0.0000000000021773,3.4278215059380384,3.0607171456,341.846,2351.540,992.4981,1.7053
0.8935157194994324,-0.0000000000000000,-0.1751527500760934,-0.0000000000012102,-0.0437231988045284,0.0000000000019121,3.4302334176724218,3.0603992997,342.333,2351.610,989.2354,1.7052
0.8936644237605612,0.0000000000000000,0.1754350035919651,0.0000000000000107,-0.0438404676407972,0.0000000000000326,3.4326453294068053,3.0600821056,342.818,2351.681,985.9901,1.7051
0.8938127867337597,-0.0000000000000000,0.1757167339560717,-0.0000000000000074,-0.0439574559470701,-0.0000000000000212,3.4350572411411888,3.0597655599,343.302,2351.752,982.7621,1.7049
0.8939608090604944,-0.0000000000000000,0.1759979454564039,0.0000000000000243,-0.0440741639455797,0.0000000000000725,3.4374691528755728,3.0594496596,343.784,2351.822,979.5512,1.7048
0.8941084913790472,-0.0000000000000000,0.1762786423456475,-0.0000000000000024,-0.0441905918568688,-0.0000000000000058,3.4398810646099562,3.0591344013,344.265,2351.892,976.3575,1.7047
0.8942558343247906,-0.0000000000000000,0.1765588288415058,-0.0000000000000172,-0.0443067399001556,-0.0000000000000479,3.4422929763443397,3.0588197819,344.744,2351.963,973.1807,1.7045
0.8944028385301934,-0.0000000000000000,0.1768385091271242,0.0000000000000859,-0.0444226082933255,0.0000000000002752,3.4447048880787232,3.0585057984,345.221,2352.033,970.0207,1.7044
0.8945495046248295,-0.0000000000000000,0.1771176873515414,-0.0000000000000290,-0.0445381972529537,-0.0000000000000851,3.4471167998131067,3.0581924474,345.697,2352.102,966.8775,1.7043
0.8946958332353789,-0.0000000000000000,0.1773963676300711,-0.0000000000003007,-0.0446535069942686,-0.0000000000009335,3.4495287115474906,3.0578797259,346.171,2352.172,963.7509,1.7043
0.8948418249856419,-0.0000000000000000,0.1776745540447550,-0.0000000000000113,-0.0447685377311578,-0.0000000000000339,3.4519406232818741,3.0575676307,346.643,2352.242,960.6408,1.7042
0.8949874804962841,-0.0000000000000006,-0.1779522506448906,-0.0000000000011804,-0.0448832896758522,0.0000000000018988,3.4543525350162576,3.0572561588,347.114,2352.311,957.5471,1.7041
0.8951328003858415,-0.0000000000000006,-0.1782294614468586,-0.0000000000011378,-0.0449977630402688,0.0000000000017577,3.4567644467506415,3.0569453071,347.583,2352.380,954.4697,1.7040
0.8952777852692694,-0.0000000000000000,-0.1785061904353882,-0.0000000000010620,-0.0451119580340010,0.0000000000016281,3.4591763584850250,3.0566350724,348.051,2352.450,951.4085,1.7040
0.8954224357588593,-0.0000000000000006,-0.1787824415634026,-0.0000000000010936,-0.0452258748655434,0.0000000000017728,3.4615882702194085,3.0563254518,348.517,2352.519,948.3633,1.7039
0.8955667524640702,-0.0000000000000006,-0.1790582187524563,-0.0000000000010231,-0.0453395137421257,0.0000000000016138,3.4640001819537920,3.0560164421,348.982,2352.588,945.3342,1.7039
0.8957107359915293,-0.0000000000000000,-0.1793335258932302,-0.0000000000010086,-0.0454528748696213,0.0000000000016479,3.4664120936881755,3.0557080404,349.445,2352.656,942.3209,1.7038
0.8958543869449369,-0.0000000000000006,-0.1796083668457790,-0.0000000000010329,-0.0455659584525051,0.0000000000015319,3.4688240054225590,3.0554002436,349.906,2352.725,939.3234,1.7038
0.8959977059253159,-0.0000000000000006,-0.1798827454399888,-0.0000000000009543,-0.0456787646940545,0.0000000000013963,3.4712359171569425,3.0550930487,350.367,2352.793,936.3416,1.7038
0.8961406935306873,-0.0000000000000000,-0.1801566654759834,-0.0000000000011711,-0.0457912937959836,0.0000000000019185,3.4736478288913264,3.0547864527,350.825,2352.862,933.3753,1.7038
0.8962833503564058,-0.0000000000000006,-0.1804301307242743,-0.0000000000010116,-0.0459035459589157,0.0000000000016213,3.4760597406257099,3.0544804526,351.282,2352.930,930.4245,1.7038
0.8964256769948427,-0.0000000000000007,-0.1807031449263717,-0.0000000000009813,-0.0460155213818548,0.0000000000015274,3.4784716523600938,3.0541750456,351.738,2352.998,927.4891,1.7038
0.8965676740358651,-0.0000000000000000,0.1809757117947750,-0.0000000000000062,-0.0461272202629172,-0.0000000000000158,3.4808835640944773,3.0538702285,352.192,2353.066,924.5689,1.7038
0.8967093420658814,-0.0000000000000000,0.1812478350140144,0.0000000000000205,-0.0462386427979216,0.0000000000000601,3.4832954758288608,3.0535659985,352.645,2353.134,921.6639,1.7038
0.8968506816691262,0.0000000000000000,0.1815195182400769,0.0000000000000250,-0.0463497891822388,0.0000000000000760,3.4857073875632443,3.0532623527,353.096,2353.201,918.7740,1.7038
0.8969916934268221,-0.0000000000000000,0.1817907651013154,0.0000000000000077,-0.0464606596095680,0.0000000000000211,3.4881192992976278,3.0529592881,353.546,2353.269,915.8990,1.7039
0.8971323779174029,-0.0000000000000000,0.1820615791986346,-0.0000000000000300,-0.0465712542722596,-0.0000000000000865,3.4905312110320112,3.0526568019,353.994,2353.336,913.0389,1.7039
0.8972727357165162,-0.0000000000000000,0.1823319641058178,0.0000000000000396,-0.0466815733613018,0.0000000000001145,3.4929431227663952,3.0523548912,354.441,2353.404,910.1936,1.7040
0.8974127673970298,-0.0000000000000000,0.1826019233698244,0.0000000000001209,-0.0467916170663137,0.0000000000003641,3.4953550345007787,3.0520535530,354.886,2353.471,907.3630,1.7040
0.8975524735290353,-0.0000000000000000,0.1828714605111243,-0.0000000000000255,-0.0469013855755586,-0.0000000000000734,3.4977669462351622,3.0517527845,355.331,2353.538,904.5470,1.7041
0.8976918546798565,-0.0000000000000000,0.1831405790239957,0.0000000000000211,-0.0470108790759315,0.0000000000000632,3.5001788579695456,3.0514525830,355.773,2353.605,901.7455,1.7042
0.8978309114140526,-0.0000000000000000,0.1834092823768258,-0.0000000000000281,-0.0471200977529530,-0.0000000000000786,3.5025907697039296,3.0511529455,356.215,2353.671,898.9584,1.7042
0.8979696442935097,-0.0000000000000000,0.1836775740125703,-0.0000000000000321,-0.0472290417908838,-0.0000000000000139,3.5050026814383131,3.0508538692,356.655,2353.738,896.1856,1.7043
0.8981080538767797,-0.0000000000000007,-0.1839454573484707,-0.0000000000012536,-0.0473377113718349,0.0000000000019769,3.5074145931726965,3.0505553513,357.093,2353.804,893.4270,1.7044
0.8982461407209464,-0.0000000000000007,-0.1842129357770146,-0.0000000000011305,-0.0474461066783584,0.0000000000018715,3.5098265049070800,3.0502573890,357.531,2353.871,890.6826,1.7045
0.8983839053791538,-0.0000000000000007,-0.1844800126661963,-0.0000000000011870,-0.0475542278898359,0.0000000000018454,3.5122384166414635,3.0499599796,357.966,2353.937,887.9522,1.7047
0.8985213484022998,-0.0000000000000003,-0.1847466913592852,-0.0000000000029442,-0.0476620751850835,0.0000000000068928,3.5146503283758475,3.0496631203,358.401,2354.003,885.2358,1.7048
0.8986584703385092,-0.0000000000000007,-0.1850129751754012,-0.0000000000012069,-0.0477696487413901,0.0000000000018681,3.5170622401102309,3.0493668082,358.834,2354.069,882.5332,1.7049
0.8987952717331646,-0.0000000000000007,-0.1852788674099486,-0.0000000000010063,-0.0478769487347156,0.0000000000015653,3.5194741518446144,3.0490710407,359.266,2354.135,879.8444,1.7051
0.8989317531288233,-0.0000000000000000,-0.1855443713346016,-0.0000000000010183,-0.0479839753394685,0.0000000000016250,3.5218860635789984,3.0487758150,359.697,2354.201,877.1693,1.7052
0.8990679150654011,-0.0000000000000000,-0.1858094901977184,-0.0000000000009957,-0.0480907287287692,0.0000000000011542,3.5242979753133818,3.0484811284,360.126,2354.267,874.5078,1.7054
0.8992037580803650,-0.0000000000000000,-0.1860742272245735,-0.0000000000010551,-0.0481972090747126,0.0000000000016595,3.5267098870477653,3.0481869782,360.554,2354.332,871.8598,1.7055
0.8993392827080317,-0.0000000000000000,-0.1863385856176131,-0.0000000000010933,-0.0483034165474129,0.0000000000017724,3.5291217987821488,3.0478933617,360.981,2354.397,869.2253,1.7057
0.8994744894802995,-0.0000000000000000,-0.1866025685567744,-0.0000000000010863,-0.0484093513159471,0.0000000000016722,3.5315337105165323,3.0476002762,361.407,2354.463,866.6041,1.7059
0.8996093789263792,-0.0000000000000000,-0.1868661791996159,-0.0000000000009540,-0.0485150135480418,0.0000000000015136,3.5339456222509158,3.0473077190,361.831,2354.528,863.9962,1.7061
0.8997439515726378,-0.0000000000000000,-0.1871294206816788,-0.0000000000009354,-0.0486204034098181,0.0000000000014917,3.5363575339852997,3.0470156875,362.254,2354.593,861.4015,1.7063
0.8998782079430834,-0.0000000000000000,0.1873922961164946,0.0000000000000089,-0.0487255210665015,0.0000000000000295,3.5387694457196832,3.0467241789,362.675,2354.658,858.8199,1.7065
0.9000121485584399,-0.0000000000000000,0.1876548085965570,0.0000000000000032,-0.0488303666809461,0.0000000000000131,3.5411813574540667,3.0464331907,363.096,2354.723,856.2513,1.7067
0.9001457739373384,-0.0000000000000000,0.1879169611925057,-0.0000000000000256,-0.0489349404155428,-0.0000000000000747,3.5435932691884506,3.0461427203,363.515,2354.787,853.6956,1.7069
0.9002790845955470,0.0000000000000000,0.1881787569540591,-0.0000000000000648,-0.0490392424309803,-0.0000000000001898,3.5460051809228341,3.0458527649,363.933,2354.852,851.1528,1.7072
0.9004120810462037,0.0000000000000000,0.1884401989100961,-0.0000000000004060,-0.0491432728866022,-0.0000000000011058,3.5484170926572176,3.0455633221,364.350,2354.916,848.6228,1.7074
0.9005447637996956,-0.0000000000000000,0.1887012900687668,0.0000000000000483,-0.0492470319401822,0.0000000000001449,3.5508290043916011,3.0452743892,364.766,2354.981,846.1055,1.7077
0.9006771333639023,-0.0000000000000000,0.1889620334179713,-0.0000000000000548,-0.0493505197483549,-0.0000000000001612,3.5532409161259846,3.0449859635,365.180,2355.045,843.6008,1.7079
0.9008091902439678,-0.0000000000000000,0.1892224319253178,0.0000000000001721,-0.0494537364662037,0.0000000000004908,3.5556528278603681,3.0446980427,365.593,2355.109,841.1087,1.7082
0.9009409349424269,-0.0000000000000000,0.1894824885385054,0.0000000000000411,-0.0495566822474478,0.0000000000001200,3.5580647395947520,3.0444106240,366.005,2355.173,838.6290,1.7085
0.9010723679591685,0.0000000000000000,0.1897422061854657,0.0000000000000034,-0.0496593572443987,0.0000000000000105,3.5604766513291355,3.0441237049,366.416,2355.237,836.1617,1.7088
0.9012034897914648,-0.0000000000000000,0.1900015877746239,0.0000000000000543,-0.0497617616079831,0.0000000000001621,3.5628885630635190,3.0438372829,366.826,2355.301,833.7067,1.7090
0.9013343009339606,-0.0000000000000000,0.1902606361950881,0.0000000000000172,-0.0498638954877219,0.0000000000000498,3.5653004747979025,3.0435513555,367.234,2355.364,831.2640,1.7094
0.9014648018787020,-0.0000000000000000,0.1905193543169059,-0.0000000000000160,-0.0499657590317523,-0.0000000000000259,3.5677123865322864,3.0432659201,367.642,2355.428,828.8334,1.7097
0.9015949931148153,-0.0000000000000007,-0.1907777449913673,-0.0000000000012994,-0.0500673523863161,0.0000000000020929,3.5701242982666699,3.0429809742,368.048,2355.491,826.4149,1.7100
0.9017248751298091,-0.0000000000000007,-0.1910358110502961,-0.0000000000004978,-0.0501686756978823,0.0000000000008196,3.5725362100010534,3.0426965154,368.453,2355.555,824.0084,1.7103
0.9018544484073100,-0.0000000000000007,-0.1912935553081548,-0.0000000000003368,-0.0502697291094108,0.0000000000004052,3.5749481217354369,3.0424125411,368.857,2355.618,821.6139,1.7107
0.9019837134290775,-0.0000000000000007,-0.1915509805604527,-0.0000000000004941,-0.0503705127636483,0.0000000000009005,3.5773600334698208,3.0421290488,369.260,2355.681,819.2312,1.7110
0.9021126706741202,-0.0000000000000007,-0.1918080895847603,-0.0000000000010620,-0.0504710268016764,0.0000000000025278,3.5797719452042043,3.0418460361,369.661,2355.744,816.8604,1.7114
0.9022413206189067,-0.0000000000000000,-0.1920648851407563,-0.0000000000003754,-0.0505712713632037,0.0000000000005320,3.5821838569385878,3.0415635006,370.062,2355.807,814.5012,1.7117
0.9023696637372679,-0.0000000000000000,-0.1923213699703805,-0.0000000000004121,-0.0506712465865142,0.0000000000006988,3.5845957686729712,3.0412814397,370.461,2355.870,812.1538,1.7121
0.9024977005004554,-0.0000000000000000,-0.1925775467980976,-0.0000000000003737,-0.0507709526084291,0.0000000000005542,3.5870076804073552,3.0409998510,370.860,2355.932,809.8179,1.7125
0.9026254313771923,-0.0000000000000007,-0.1928334183310194,-0.0000000000004382,-0.0508703895644498,0.0000000000006980,3.5894195921417387,3.0407187322,371.257,2355.995,807.4935,1.7129
0.9027528568336121,-0.0000000000000000,-0.1930889872591176,-0.0000000000004506,-0.0509695575886025,0.0000000000007575,3.5918315038761222,3.0404380808,371.653,2356.057,805.1805,1.7133
0.9028799773332832,-0.0000000000000007,-0.1933442562554345,-0.0000000000004197,-0.0510684568135168,0.0000000000006944,3.5942434156105056,3.0401578943,372.048,2356.120,802.8790,1.7137
0.9030067933372324,-0.0000000000000000,-0.1935992279761837,-0.0000000000003366,-0.0511670873704280,0.0000000000005826,3.5966553273448891,3.0398781705,372.442,2356.182,800.5887,1.7141
0.9031333053038804,-0.0000000000000000,-0.1938539050610383,-0.0000000000003482,-0.0512654493890732,0.0000000000006313,3.5990672390792726,3.0395989068,372.835,2356.244,798.3097,1.7145
0.9032595136891878,-0.0000000000000000,0.1941082901330595,-0.0000000000000009,-0.0513635429979592,-0.0000000000000011,3.6014791508136565,3.0393201010,373.227,2356.306,796.0418,1.7150
0.9033854189464638,-0.0000000000000000,0.1943623857995024,-0.0000000000000015,-0.0514613683238412,-0.0000000000000013,3.6038910625480400,3.0390417506,373.618,2356.368,793.7850,1.7154
0.9035110215265697,-0.0000000000000000,0.1946161946511115,0.0000000000000744,-0.0515589254923633,0.0000000000002214,3.6063029742824235,3.0387638533,374.008,2356.430,791.5393,1.7159
0.9036363218778033,0.0000000000000000,0.1948697192628651,0.0000000000000287,-0.0516562146276473,0.0000000000000878,3.6087148860168070,3.0384864067,374.397,2356.492,789.3046,1.7163
0.9037613204459292,0.0000000000000000,0.1951229621940032,-0.0000000000000334,-0.0517532358523854,-0.0000000000000970,3.6111267977511909,3.0382094085,374.784,2356.553,787.0807,1.7168
0.9038860176741899,-0.0000000000000000,0.1953759259881850,-0.0000000000000332,-0.0518499892878528,-0.0000000000000965,3.6135387094855744,3.0379328564,375.171,2356.615,784.8677,1.7173
0.9040104140033081,-0.0000000000000000,0.1956286131736583,0.0000000000001163,-0.0519464750538989,0.0000000000003418,3.6159506212199579,3.0376567480,375.557,2356.676,782.6655,1.7178
0.9041345098714964,-0.0000000000000000,0.1958810262634247,-0.0000000000000200,-0.0520426932689547,-0.0000000000000600,3.6183625329543414,3.0373810811,375.942,2356.738,780.4740,1.7183
0.9042583057144450,-0.0000000000000000,0.1961331677553858,0.0000000000000340,-0.0521386440500060,0.0000000000001038,3.6207744446887249,3.0371058532,376.325,2356.799,778.2931,1.7188
0.9043818019653492,-0.0000000000000000,0.1963850401325179,-0.0000000000000745,-0.0522343275126355,-0.0000000000002145,3.6231863564231088,3.0368310623,376.708,2356.860,776.1228,1.7193
0.9045049990548940,-0.0000000000000000,0.1966366458630123,0.0000000000000038,-0.0523297437709767,0.0000000000000102,3.6255982681574923,3.0365567058,377.090,2356.921,773.9631,1.7198
0.9046278974112757,0.0000000000000000,0.1968879874004436,0.0000000000000388,-0.0524248929377455,0.0000000000001127,3.6280101798918758,3.0362827816,377.470,2356.982,771.8138,1.7204
0.9047504974601923,0.0000000000000000,0.1971390671839108,0.0000000000000169,-0.0525197751242244,0.0000000000000496,3.6304220916262597,3.0360092874,377.850,2357.043,769.6749,1.7209
0.9048727996249327,-0.0000000000000000,-0.1973898876383147,-0.0000000000000108,-0.0526143904402842,0.0000000000002284,3.6328340033606432,3.0357362210,378.229,2357.104,767.5463,1.7215
0.9049948043259907,-0.0000000000000007,-0.1976404511740056,-0.0000000000002298,-0.0527087389942019,0.0000000000005133,3.6352459150950267,3.0354635800,378.607,2357.164,765.4280,1.7220
0.9051165119818735,-0.0000000000000000,-0.1978907601877033,-0.0000000000003017,-0.0528028208932046,0.0000000000008324,3.6376578268294102,3.0351913623,378.984,2357.225,763.3199,1.7226
0.9052379230082097,0.0000000000000000,0.1981408170619873,0.0000000000000079,-0.0528966362427198,0.0000000000000209,3.6400697385637937,3.0349195656,379.359,2357.285,761.2220,1.7232
0.9053590378183674,-0.0000000000000000,0.1983906241660500,-0.0000000000001253,-0.0529901851468107,-0.0000000000003644,3.6424816502981772,3.0346481877,379.734,2357.346,759.1342,1.7238
0.9054798568231563,0.0000000000000000,0.1986401838551414,-0.0000000000002277,-0.0530834677081893,-0.0000000000006785,3.6448935620325611,3.0343772264,380.108,2357.406,757.0564,1.7244
0.9056003804309820,-0.0000000000000000,0.1988894984712801,0.0000000000000068,-0.0531764840281248,0.0000000000000565,3.6473054737669446,3.0341066795,380.481,2357.466,754.9886,1.7250
0.9057206090477189,-0.0000000000000008,-0.1991385703428916,-0.0000000000001475,-0.0532692342062671,0.0000000000004205,3.6497173855013281,3.0338365447,380.853,2357.526,752.9307,1.7256
0.9058405430768178,-0.0000000000000000,-0.1993874017854273,-0.0000000000002021,-0.0533617183411497,0.0000000000004725,3.6521292972357120,3.0335668198,381.225,2357.586,750.8826,1.7263
0.9059601829193935,-0.0000000000000008,-0.1996359951012968,-0.0000000000000055,-0.0534539365296711,0.0000000000001865,3.6545412089700955,3.0332975028,381.595,2357.646,748.8444,1.7269
0.9060795289738863,-0.0000000000000000,-0.1998843525799621,-0.0000000000000382,-0.0535458888671909,0.0000000000002906,3.6569531207044790,3.0330285914,381.964,2357.706,746.8159,1.7276
0.9061985816364112,-0.0000000000000000,0.2001324764980061,0.0000000000000303,-0.0536375754477693,0.0000000000000881,3.6593650324388625,3.0327600835,382.333,2357.766,744.7971,1.7282
0.9063173413007933,-0.0000000000000000,0.2003803691196886,0.0000000000000363,-0.0537289963640102,0.0000000000001035,3.6617769441732460,3.0324919769,382.700,2357.825,742.7880,1.7289
0.9064358083582216,-0.0000000000000000,0.2006280326964217,-0.0000000000000001,-0.0538201517070311,-0.0000000000000007,3.6641888559076294,3.0322242694,383.067,2357.885,740.7884,1.7296
0.9065539831975257,-0.0000000000000000,0.2008754694673413,-0.0000000000000322,-0.0539110415665169,-0.0000000000000963,3.6666007676420134,3.0319569589,383.433,2357.944,738.7983,1.7303
0.9066718662046069,-0.0000000000000008,-0.2011226816597308,-0.0000000000022907,-0.0540016660298711,0.0000000000037244,3.6690126793763969,3.0316900433,383.798,2358.003,736.8178,1.7310
0.9067894577650384,-0.0000000000000000,-0.2013696714871732,0.0000000000000032,-0.0540920251864060,0.0000000000002636,3.6714245911107803,3.0314235204,384.161,2358.063,734.8466,1.7317
0.9069067582586789,-0.0000000000000008,-0.2016164411534472,0.0000000000002654,-0.0541821191188387,-0.0000000000006353,3.6738365028451638,3.0311573882,384.525,2358.122,732.8848,1.7324
0.9070237680652625,-0.0000000000000008,-0.2018629928490713,-0.0000000000002343,-0.0542719479119123,0.0000000000005120,3.6762484145795478,3.0308916445,384.887,2358.181,730.9323,1.7331
0.9071404875616451,-0.0000000000000000,0.2021093287529611,-0.0000000000000081,-0.0543615116482901,-0.0000000000000235,3.6786603263139313,3.0306262872,385.248,2358.240,728.9890,1.7339
0.9072569171220803,-0.0000000000000000,0.2023554510327747,-0.0000000000001131,-0.0544508104086609,-0.0000000000003302,3.6810722380483147,3.0303613143,385.609,2358.299,727.0550,1.7346
0.9073730571185130,0.0000000000000000,0.2026013618442736,-0.0000000000000154,-0.0545398442726278,-0.0000000000000516,3.6834841497826982,3.0300967236,385.968,2358.358,725.1301,1.7354
0.9074889079205459,-0.0000000000000000,-0.2028470633320399,-0.0000000000000795,-0.0546286133182405,0.0000000000003765,3.6858960615170817,3.0298325130,386.327,2358.417,723.2142,1.7362
0.9076044698952344,-0.0000000000000008,-0.2030925576290143,0.0000000000000173,-0.0547171176221597,0.0000000000001685,3.6883079732514656,3.0295686806,386.685,2358.475,721.3075,1.7369
0.9077197434073477,-0.0000000000000000,-0.2033378468572360,0.0000000000000658,-0.0548053572594521,0.0000000000001258,3.6907198849858491,3.0293052241,387.042,2358.534,719.4097,1.7377
0.9078347288192111,-0.0000000000000008,-0.2035829331276626,-0.0000000000001562,-0.0548933323037241,0.0000000000005962,3.6931317967202326,3.0290421417,387.398,2358.592,717.5209,1.7385
0.9079494264909229,-0.0000000000000008,-0.2038278185402118,0.0000000000005915,-0.0549810428273348,-0.0000000000015228,3.6955437084546165,3.0287794312,387.754,2358.651,715.6409,1.7393
0.9080638367799316,-0.0000000000000000,0.2040725051838366,-0.0000000000000035,-0.0550684889009543,-0.0000000000000105,3.6979556201890000,3.0285170905,388.108,2358.709,713.7698,1.7402
0.9081779600416630,-0.0000000000000000,0.2043169951372072,0.0000000000000553,-0.0551556705938922,0.0000000000001609,3.7003675319233835,3.0282551177,388.462,2358.767,711.9075,1.7410
0.9082917966288868,-0.0000000000000000,0.2045612904678949,0.0000000000000112,-0.0552425879739535,0.0000000000000314,3.7027794436577670,3.0279935107,388.815,2358.825,710.0539,1.7418
0.9084053468920955,-0.0000000000000000,0.2048053932330947,-0.0000000000005909,-0.0553292411074904,-0.0000000000017373,3.7051913553921505,3.0277322675,389.167,2358.883,708.2090,1.7427
0.9085186111794165,-0.0000000000000000,0.2050493054796309,-0.0000000000000108,-0.0554156300593788,-0.0000000000000311,3.7076032671265340,3.0274713861,389.519,2358.941,706.3728,1.7435
0.9086315898355499,-0.0000000000000008,-0.2052930292446625,-0.0000000000045024,-0.0555017548913652,0.0000000000072719,3.7100151788609179,3.0272108645,389.869,2358.999,704.5451,1.7444
0.9087442832071920,-0.0000000000000008,-0.2055365665524755,0.0000000000000747,-0.0555876156704069,0.0000000000000362,3.7124270905953014,3.0269507007,390.219,2359.057,702.7260,1.7453
0.9088566916320231,-0.0000000000000008,-0.2057799194210742,-0.0000000000000298,-0.0556732124519437,0.0000000000003778,3.7148390023296849,3.0266908927,390.568,2359.115,700.9154,1.7462
0.9089688154499138,-0.0000000000000008,-0.2060230898560509,0.0000000000000947,-0.0557585452966568,0.0000000000001545,3.7172509140640688,3.0264314384,390.916,2359.173,699.1132,1.7471
0.9090806549970439,-0.0000000000000000,0.2062660798535558,-0.0000000000000030,-0.0558436142619285,-0.0000000000000091,3.7196628257984523,3.0261723360,391.264,2359.230,697.3195,1.7480
0.9091922106077130,0.0000000000000000,0.2065088914003268,0.0000000000014615,-0.0559284194039906,0.0000000000042893,3.7220747375328358,3.0259135835,391.610,2359.288,695.5341,1.7489
0.9093034826134542,-0.0000000000000000,0.2067515264729259,0.0000000000000354,-0.0560129607773009,0.0000000000001053,3.7244866492672193,3.0256551788,391.956,2359.345,693.7570,1.7499
0.9094144713436063,-0.0000000000000000,0.2069939870385580,0.0000000000000109,-0.0560972384349667,0.0000000000000305,3.7268985610016028,3.0253971201,392.301,2359.402,691.9881,1.7508
0.9095251771251648,0.0000000000000000,0.2072362750548572,-0.0000000000000439,-0.0561812524285756,-0.0000000000001273,3.7293104727359863,3.0251394054,392.645,2359.460,690.2275,1.7518
0.9096356002826840,-0.0000000000000008,-0.2074783924702727,-0.0000000000007314,-0.0562650028079697,0.0000000000012932,3.7317223844703702,3.0248820327,392.989,2359.517,688.4751,1.7527
0.9097457411389359,-0.0000000000000008,-0.2077203412231410,0.0000000000000214,-0.0563484896226260,0.0000000000001949,3.7341342962047537,3.0246250002,393.332,2359.574,686.7307,1.7537
0.9098556000133863,-0.0000000000000008,-0.2079621232435927,-0.0000000000000106,-0.0564317129187848,0.0000000000002110,3.7365462079391372,3.0243683058,393.674,2359.631,684.9945,1.7547
0.9099651772239917,-0.0000000000000000,-0.2082037404520630,0.0000000000000735,-0.0565146727424869,0.0000000000000924,3.7389581196735207,3.0241119476,394.015,2359.688,683.2663,1.7557
0.9100744730860633,-0.0000000000000008,-0.2084451947600897,0.0000000000000519,-0.0565973691378175,0.0000000000001627,3.7413700314079046,3.0238559238,394.356,2359.745,681.5461,1.7567
0.9101834879126993,-0.0000000000000008,-0.2086864880702165,0.0000000000005614,-0.0566798021474911,-0.0000000000012181,3.7437819431422881,3.0236002324,394.696,2359.802,679.8338,1.7577
0.9102922220144742,-0.0000000000000000,0.2089276222760055,-0.0000000000000956,-0.0567619718126281,-0.0000000000002813,3.7461938548766716,3.0233448715,395.035,2359.859,678.1294,1.7587
0.9104006757001023,0.0000000000000000,0.2091685992626949,0.0000000000000010,-0.0568438781730368,0.0000000000000049,3.7486057666110550,3.0230898393,395.373,2359.915,676.4329,1.7598
0.9105088492755856,-0.0000000000000000,0.2094094209063876,0.0000000000000450,-0.0569255212668668,0.0000000000001299,3.7510176783454390,3.0228351338,395.711,2359.972,674.7442,1.7608
0.9106167430447411,-0.0000000000000000,0.2096500890747377,0.0000000000000315,-0.0570069011308107,0.0000000000000905,3.7534295900798225,3.0225807531,396.048,2360.028,673.0633,1.7619
0.9107243573090928,-0.0000000000000000,0.2098906056269562,-0.0000000000000783,-0.0570880178000931,-0.0000000000002207,3.7558415018142060,3.0223266953,396.384,2360.085,671.3901,1.7629
0.9108316923679743,-0.0000000000000008,-0.2101309724137750,-0.0000000000000775,-0.0571688713084244,0.0000000000004748,3.7582534135485894,3.0220729587,396.720,2360.141,669.7246,1.7640
0.9109387485181352,-0.0000000000000000,-0.2103711912774071,0.0000000000001212,-0.0572494616880146,0.0000000000000167,3.7606653252829734,3.0218195413,397.054,2360.197,668.0668,1.7651
0.9110455260542941,-0.0000000000000000,-0.2106112640521086,0.0000000000001781,-0.0573297889695596,0.0000000000000238,3.7630772370173569,3.0215664412,397.389,2360.254,666.4165,1.7662
0.9111520252687408,-0.0000000000000008,-0.2108511925638696,0.0000000000002588,-0.0574098531821812,-0.0000000000002982,3.7654891487517403,3.0213136566,397.722,2360.310,664.7738,1.7673
0.9112582464514616,-0.0000000000000000,0.2110909786304162,-0.0000000000000379,-0.0574896543535676,-0.0000000000001119,3.7679010604861238,3.0210611857,398.055,2360.366,663.1387,1.7684
0.9113641898904965,-0.0000000000000000,0.2113306240619121,-0.0000000000001007,-0.0575691925100706,-0.0000000000002996,3.7703129722205073,3.0208090266,398.387,2360.422,661.5110,1.7696
0.9114698558711956,-0.0000000000000000,0.2115701306601795,0.0000000000000088,-0.0576484676762750,0.0000000000000316,3.7727248839548908,3.0205571775,398.718,2360.478,659.8908,1.7707
0.9115752446768471,-0.0000000000000008,-0.2118095002194611,-0.0000000000000928,-0.0577274798753286,0.0000000000003724,3.7751367956892743,3.0203056364,399.049,2360.534,658.2779,1.7719
0.9116803565883486,-0.0000000000000000,-0.2120487345257494,0.0000000000002279,-0.0578062291290637,-0.0000000000000758,3.7775487074236582,3.0200544017,399.379,2360.590,656.6725,1.7730
0.9117851918842448,-0.0000000000000008,-0.2122878353579317,0.0000000000002999,-0.0578847154573403,-0.0000000000002503,3.7799606191580417,3.0198034715,399.708,2360.645,655.0743,1.7742
0.9118897508408395,-0.0000000000000000,0.2125268044868794,-0.0000000000007741,-0.0579629388787885,-0.0000000000023393,3.7823725308924256,3.0195528440,400.037,2360.701,653.4835,1.7754
0.9119940337326057,-0.0000000000000000,0.2127656436763985,-0.0000000000000721,-0.0580408994107276,-0.0000000000002058,3.7847844426268091,3.0193025173,400.365,2360.757,651.8999,1.7766
0.9120980408312289,-0.0000000000000000,0.2130043546823898,0.0000000000001259,-0.0581185970686819,0.0000000000003675,3.7871963543611926,3.0190524897,400.692,2360.812,650.3234,1.7778
0.9122017724062979,-0.0000000000000000,0.2132429392535367,-0.0000000000000356,-0.0581960318666779,-0.0000000000001027,3.7896082660955761,3.0188027594,401.019,2360.868,648.7542,1.7791
0.9123052287250794,-0.0000000000000000,-0.2134813991314370,-0.0000000000006483,-0.0582732038170590,0.0000000000013494,3.7920201778299596,3.0185533245,401.345,2360.923,647.1921,1.7803
0.9124084100530359,-0.0000000000000008,-0.2137197360496649,0.0000000000002643,-0.0583501129316509,-0.0000000000000376,3.7944320895643431,3.0183041833,401.670,2360.978,645.6370,1.7815
0.9125113166522192,-0.0000000000000000,0.2139579517355261,0.0000000000000279,-0.0584267592188649,0.0000000000000818,3.7968440012987270,3.0180553340,401.995,2361.034,644.0891,1.7828
0.9126139487838049,0.0000000000000000,0.2141960479090750,0.0000000000000075,-0.0585031426872972,0.0000000000000230,3.7992559130331105,3.0178067748,402.319,2361.089,642.5481,1.7841
0.9127163067060210,-0.0000000000000008,-0.2144340262832010,0.0000000000000170,-0.0585792633432621,0.0000000000002142,3.8016678247674940,3.0175585040,402.642,2361.144,641.0141,1.7853
0.9128183906747624,-0.0000000000000000,-0.2146718885635247,0.0000000000001245,-0.0586551211917035,0.0000000000001019,3.8040797365018779,3.0173105197,402.965,2361.199,639.4871,1.7866
0.9129202009439430,-0.0000000000000008,-0.2149096364492906,0.0000000000003666,-0.0587307162360113,-0.0000000000001870,3.8064916482362614,3.0170628203,403.287,2361.254,637.9669,1.7879
0.9130217377647495,-0.0000000000000000,0.2151472716327929,-0.0000000000000497,-0.0588060484776323,-0.0000000000001397,3.8089035599706449,3.0168154040,403.609,2361.309,636.4537,1.7892
0.9131230013873326,-0.0000000000000008,-0.2153847957996343,0.0000000000005410,-0.0588811179176053,-0.0000000000005716,3.8113154717050284,3.0165682690,403.930,2361.364,634.9472,1.7906
0.9132239920579999,-0.0000000000000008,-0.2156222106285964,-0.0000000000000670,-0.0589559245540674,0.0000000000012726,3.8137273834394119,3.0163214135,404.250,2361.419,633.4476,1.7919
0.9133247100215797,-0.0000000000000000,0.2158595177918963,-0.0000000000001254,-0.0590304683841896,-0.0000000000003687,3.8161392951737954,3.0160748359,404.570,2361.473,631.9547,1.7932
0.9134251555211720,-0.0000000000000000,0.2160967189555616,0.0000000000000413,-0.0591047494041189,0.0000000000001261,3.8185512069081793,3.0158285344,404.889,2361.528,630.4685,1.7946
0.9135253287971989,-0.0000000000000008,-0.2163338157787688,0.0000000000006465,-0.0591787676080176,-0.0000000000007259,3.8209631186425628,3.0155825073,405.208,2361.583,628.9890,1.7960
0.9136252300871984,-0.0000000000000000,-0.2165708099143534,0.0000000000005975,-0.0592525229879664,-0.0000000000005709,3.8233750303769467,3.0153367528,405.526,2361.637,627.5162,1.7974
0.9137248596273406,-0.0000000000000008,-0.2168077030089537,0.0000000000006160,-0.0593260155352294,-0.0000000000006304,3.8257869421113297,3.0150912692,405.843,2361.692,626.0500,1.7987
0.9138242176510193,-0.0000000000000000,0.2170444967028084,-0.0000000000000025,-0.0593992452390559,-0.0000000000000054,3.8281988538457137,3.0148460548,406.160,2361.746,624.5904,1.8002
0.9139233043902193,-0.0000000000000000,0.2172811926302632,-0.0000000000000589,-0.0594722120878613,-0.0000000000001767,3.8306107655800972,3.0146011080,406.476,2361.801,623.1373,1.8016
0.9140221200738279,-0.0000000000000000,-0.2175177924194415,-0.0000000000004475,-0.0595449160675566,0.0000000000009454,3.8330226773144807,3.0143564269,406.791,2361.855,621.6907,1.8030
0.9141206649292443,-0.0000000000000000,-0.2177542976916850,0.0000000000004996,-0.0596173571638634,-0.0000000000002199,3.8354345890488641,3.0141120099,407.106,2361.909,620.2507,1.8044
0.9142189391802422,0.0000000000000000,0.2179907100633018,-0.0000000000035105,-0.0596895353586083,-0.0000000000103713,3.8378465007832476,3.0138678554,407.421,2361.963,618.8170,1.8059
0.9143169430501693,0.0000000000000000,0.2182270311445075,0.0000000000000624,-0.0597614506344169,0.0000000000001924,3.8402584125176316,3.0136239615,407.734,2362.018,617.3898,1.8074
0.9144146767595386,-0.0000000000000008,-0.2184632625390613,0.0000000000004589,-0.0598331029715643,-0.0000000000000880,3.8426703242520150,3.0133803266,408.048,2362.072,615.9690,1.8088
0.9145121405257226,-0.0000000000000000,-0.2186994058453544,0.0000000000007166,-0.0599044923479869,-0.0000000000007422,3.8450822359863990,3.0131369491,408.360,2362.126,614.5545,1.8103
0.9146093345648820,-0.0000000000000000,-0.2189354626559655,0.0000000000006947,-0.0599756187409035,-0.0000000000007654,3.8474941477207825,3.0128938273,408.672,2362.180,613.1463,1.8118
0.9147062590904340,-0.0000000000000000,0.2191714345575903,-0.0000000000003551,-0.0600464821255320,-0.0000000000010554,3.8499060594551660,3.0126509594,408.984,2362.234,611.7444,1.8133
0.9148029143144062,-0.0000000000000000,0.2194073231316610,0.0000000000000621,-0.0601170824762381,0.0000000000001925,3.8523179711895494,3.0124083439,409.295,2362.287,610.3488,1.8148
0.9148993004457310,0.0000000000000000,0.2196431299536817,0.0000000000000345,-0.0601874197650338,0.0000000000001031,3.8547298829239329,3.0121659790,409.605,2362.341,608.9594,1.8164
0.9149954176914485,-0.0000000000000000,-0.2198788565939568,-0.0000000000003242,-0.0602574939624790,0.0000000000008806,3.8571417946583164,3.0119238631,409.915,2362.395,607.5762,1.8179
0.9150912662566101,-0.0000000000000000,-0.2201145046166389,0.0000000000005602,-0.0603273050383169,-0.0000000000004675,3.8595537063926999,3.0116819945,410.224,2362.449,606.1991,1.8195
0.9151868463433456,-0.0000000000000001,-0.2203500755813894,0.0000000000013200,-0.0603968529592594,-0.0000000000025996,3.8619656181270834,3.0114403717,410.533,2362.502,604.8281,1.8211
0.9152821581519232,-0.0000000000000000,0.2205855710419540,0.0000000000010735,-0.0604661376912051,0.0000000000031346,3.8643775298614673,3.0111989929,410.841,2362.556,603.4633,1.8226
0.9153772018811983,-0.0000000000000000,0.2208209925470720,0.0000000000000274,-0.0605351591992078,0.0000000000000796,3.8667894415958508,3.0109578564,411.149,2362.609,602.1045,1.8242
0.9154719777271471,-0.0000000000000009,-0.2210563416400763,0.0000000000008015,-0.0606039174459713,-0.0000000000011975,3.8692013533302347,3.0107169608,411.456,2362.663,600.7517,1.8258
0.9155664858829659,-0.0000000000000009,-0.2212916198590930,0.0000000000005419,-0.0606724123921735,-0.0000000000003579,3.8716132650646182,3.0104763043,411.763,2362.716,599.4049,1.8275
0.9156607265405124,-0.0000000000000000,-0.2215268287372744,0.0000000000004675,-0.0607406439976345,-0.0000000000000794,3.8740251767990017,3.0102358852,412.069,2362.770,598.0641,1.8291
0.9157546998888703,-0.0000000000000000,0.2217619698025928,0.0000000000006744,-0.0608086122200607,0.0000000000020255,3.8764370885333852,3.0099957021,412.374,2362.823,596.7293,1.8307
0.9158484061158003,-0.0000000000000000,0.2219970445781899,-0.0000000000000112,-0.0608763170163956,-0.0000000000000263,3.8788490002677687,3.0097557532,412.679,2362.876,595.4003,1.8324
0.9159418454059935,-0.0000000000000000,0.2222320545820691,0.0000000000002964,-0.0609437583411621,0.0000000000008907,3.8812609120021522,3.0095160369,412.984,2362.929,594.0772,1.8340
0.9160350179422213,0.0000000000000000,0.2224670013273947,-0.0000000000001010,-0.0610109361475310,-0.0000000000003048,3.8836728237365357,3.0092765517,413.288,2362.983,592.7600,1.8357
0.9161279239045473,-0.0000000000000009,-0.2227018863228684,-0.0000000000020784,-0.0610778503861933,0.0000000000036041,3.8860847354709196,3.0090372958,413.591,2363.036,591.4486,1.8374
0.9162205634732536,-0.0000000000000000,-0.2229367110709083,0.0000000000012772,-0.0611445010101058,-0.0000000000022663,3.8884966472053031,3.0087982678,413.894,2363.089,590.1430,1.8391
0.9163129368222300,-0.0000000000000009,-0.2231714770713919,0.0000000000008977,-0.0612108879642140,-0.0000000000014497,3.8909085589396870,3.0085594660,414.196,2363.142,588.8431,1.8408
0.9164050441261652,-0.0000000000000000,0.2234061858179551,0.0000000000004155,-0.0612770111963652,0.0000000000012538,3.8933204706740705,3.0083208888,414.498,2363.195,587.5490,1.8426
0.9164968855573542,-0.0000000000000000,0.2236408388002173,0.0000000000003661,-0.0613428706521224,0.0000000000011107,3.8957323824084540,3.0080825346,414.800,2363.247,586.2606,1.8443
0.9165884612851224,0.0000000000000000,0.2238754375029899,0.0000000000002055,-0.0614084662747270,0.0000000000006264,3.8981442941428375,3.0078444018,415.101,2363.300,584.9779,1.8461
0.9166797714768520,-0.0000000000000000,0.2241099834066439,-0.0000000000000146,-0.0614737980060264,-0.0000000000000479,3.9005562058772210,3.0076064889,415.401,2363.353,583.7008,1.8478
0.9167708162981008,-0.0000000000000009,-0.2243444779870354,0.0000000000007390,-0.0615388657865538,-0.0000000000010910,3.9029681176116049,3.0073687942,415.701,2363.406,582.4293,1.8496
0.9168615959112852,-0.0000000000000009,-0.2245789227154932,0.0000000000006756,-0.0616036695544112,-0.0000000000009608,3.9053800293459879,3.0071313162,416.001,2363.459,581.1634,1.8514
0.9169521104776055,-0.0000000000000009,-0.2248133190590775,0.0000000000005322,-0.0616682092469252,-0.0000000000002077,3.9077919410803719,3.0068940533,416.299,2363.511,579.9031,1.8532
0.9170423601556058,-0.0000000000000009,-0.2250476684805947,0.0000000000005831,-0.0617324847993184,-0.0000000000002650,3.9102038528147554,3.0066570040,416.598,2363.564,578.6483,1.8550
0.9171323451014084,-0.0000000000000000,0.2252819724382974,-0.0000000000003537,-0.0617964961450049,-0.0000000000010702,3.9126157645491393,3.0064201666,416.896,2363.616,577.3990,1.8569
0.9172220654699799,-0.0000000000000000,0.2255162323865772,0.0000000000003952,-0.0618602432167305,0.0000000000011975,3.9150276762835228,3.0061835396,417.193,2363.669,576.1553,1.8587
0.9173115214130569,-0.0000000000000000,0.2257504497753393,-0.0000000000017340,-0.0619237259445865,-0.0000000000051952,3.9174395880179063,3.0059471214,417.491,2363.721,574.9169,1.8606
0.9174007130805140,0.0000000000000000,0.2259846260504358,0.0000000000000522,-0.0619869442573880,0.0000000000001552,3.9198514997522897,3.0057109105,417.787,2363.774,573.6840,1.8624
0.9174896406199524,-0.0000000000000000,-0.2262187626539031,-0.0000000000008026,-0.0620498980819312,0.0000000000017939,3.9222634114866732,3.0054749054,418.083,2363.826,572.4565,1.8643
0.9175783041775291,-0.0000000000000009,-0.2264528610227906,0.0000000000006063,-0.0621125873449538,-0.0000000000003964,3.9246753232210567,3.0052391044,418.379,2363.878,571.2344,1.8662
0.9176667038955892,-0.0000000000000009,-0.2266869225913934,0.0000000000004005,-0.0621750119687490,0.0000000000001982,3.9270872349554407,3.0050035060,418.674,2363.931,570.0176,1.8681
0.9177548399156820,-0.0000000000000000,-0.2269209487893381,-0.0000000000003624,-0.0622371718760752,0.0000000000024036,3.9294991466898241,3.0047681088,418.969,2363.983,568.8061,1.8700
0.9178427123764957,-0.0000000000000000,0.2271549410423873,-0.0000000000000421,-0.0622990669872043,-0.0000000000001255,3.9319110584242076,3.0045329111,419.263,2364.035,567.5999,1.8720
0.9179303214153618,-0.0000000000000000,0.2273889007727656,-0.0000000000005879,-0.0623606972215113,-0.0000000000017800,3.9343229701585911,3.0042979113,419.557,2364.087,566.3991,1.8739
0.9180176671665952,-0.0000000000000000,0.2276228293985614,-0.0000000000145014,-0.0624220624959603,-0.0000000000439212,3.9367348818929750,3.0040631081,419.850,2364.139,565.2034,1.8759
0.9181047497624500,-0.0000000000000000,0.2278567283342417,0.0000000000001845,-0.0624831627258754,0.0000000000005573,3.9391467936273585,3.0038284998,420.143,2364.191,564.0130,1.8778
0.9181915693332527,-0.0000000000000000,0.2280905989904876,0.0000000000003225,-0.0625439978252658,0.0000000000009898,3.9415587053617420,3.0035940849,420.436,2364.243,562.8277,1.8798
0.9182781260065955,-0.0000000000000009,-0.2283244427747061,-0.0000000000017449,-0.0626045677055424,0.0000000000034074,3.9439706170961255,3.0033598619,420.728,2364.295,561.6477,1.8818
0.9183644199097392,-0.0000000000000000,-0.2285582610893223,0.0000000000008334,-0.0626648722795395,-0.0000000000010975,3.9463825288305090,3.0031258293,421.019,2364.347,560.4727,1.8838
0.9184504511645448,-0.0000000000000009,-0.2287920553350809,0.0000000000024561,-0.0627249114533519,-0.0000000000061369,3.9487944405648929,3.0028919855,421.310,2364.399,559.3029,1.8859
0.9185362198932173,-0.0000000000000000,-0.2290258269078796,0.0000000000006578,-0.0627846851352249,-0.0000000000004856,3.9512063522992764,3.0026583291,421.601,2364.451,558.1382,1.8879
0.9186217262145886,-0.0000000000000000,0.2292595772005160,-0.0000000000001735,-0.0628441932300496,-0.0000000000005287,3.9536182640336603,3.0024248585,421.891,2364.503,556.9786,1.8899
0.9187069702464375,-0.0000000000000000,0.2294933076024296,0.0000000000000219,-0.0629034356422674,0.0000000000000685,3.9560301757680438,3.0021915722,422.181,2364.554,555.8240,1.8920
0.9187919521033104,0.0000000000000000,0.2297270194994405,0.0000000000003179,-0.0629624122735782,0.0000000000009734,3.9584420875024273,3.0019584687,422.471,2364.606,554.6744,1.8941
0.9188766718978362,-0.0000000000000000,0.2299607142741244,-0.0000000000000295,-0.0630211230242458,-0.0000000000001028,3.9608539992368108,3.0017255465,422.760,2364.658,553.5298,1.8962
0.9189611297410324,-0.0000000000000000,-0.2301943933056155,0.0000000000005420,-0.0630795677933643,-0.0000000000001945,3.9632659109711943,3.0014928041,423.048,2364.709,552.3902,1.8983
0.9190453257385954,-0.0000000000000000,-0.2304280579704545,-0.0000000000050018,-0.0631377464745194,0.0000000000083059,3.9656778227055778,3.0012602401,423.336,2364.761,551.2555,1.9004
0.9191292600019914,0.0000000000000000,0.2306617096393613,0.0000000000000910,-0.0631956589705166,0.0000000000002621,3.9680897344399613,3.0010278528,423.624,2364.812,550.1258,1.9025
0.9192129326309787,-0.0000000000000000,-0.2308953496838540,0.0000000000005860,-0.0632533051683328,-0.0000000000002725,3.9705016461743452,3.0007956409,423.911,2364.864,549.0010,1.9047
0.9192963437278966,-0.0000000000000000,-0.2311289794694653,0.0000000000002660,-0.0633106849611459,0.0000000000006774,3.9729135579087287,3.0005636028,424.198,2364.915,547.8810,1.9068
