x0_n,y0_n,z0_n,xd0_n,yd0_n,zd0_n,Tp,JC,L2ExcessVelocity_mps,...,error_tol=1e-12,n_Nodes=6,stepsize=1.0
1.0204616853085191,-0.0000000000000000,-0.0000000000001073,0.0000000000000084,-0.0000000328825288,0.0000964098746487,3.1893627094861454,3.0036091817,1.325
1.0203906186614915,-0.0000000000000000,0.0000000000000072,0.0000000000000018,-0.0001449186493945,0.0063846860048513,3.1950780074750909,3.0035684502,87.719
1.0203208193629705,-0.0000000000000000,0.0000000000000299,-0.0000000000000065,-0.0002887964403164,0.0089913003647984,3.2007933054640363,3.0035284389,123.497
1.0202522544655137,0.0000000000000000,-0.0000000000000652,0.0000000000000152,-0.0004316872927729,0.0109665706801031,3.2065086034529817,3.0034891261,150.587
1.0201848922393106,-0.0000000000000000,0.0000000000014429,0.0000000000007156,-0.0005736114370334,-0.0126114485366201,3.2122239014419272,3.0034504910,173.129
1.0201187021128664,0.0000000000000000,0.0000000000000083,-0.0000000000000022,-0.0007145883348656,0.0140431308400257,3.2179391994308726,3.0034125136,192.734
1.0200536546188621,-0.0000000000000000,0.0000000000015656,0.0000000000009073,-0.0008546367191082,-0.0153220377559350,3.2236544974198180,3.0033751747,210.234
1.0199897213404767,0.0000000000000000,0.0000000000000243,-0.0000000000000094,-0.0009937746255370,0.0164842488900065,3.2293697954087635,3.0033384560,226.127
1.0199268748639467,-0.0000000000000000,0.0000000000000057,0.0000000000000099,-0.0011320194292332,0.0175533947648811,3.2350850933977089,3.0033023396,240.738
1.0198650887317688,-0.0000000000000000,0.0000000000005743,0.0000000000004093,-0.0012693878720795,-0.0185459747062662,3.2408003913866543,3.0032668086,254.294
1.0198043373985965,-0.0000000000000000,0.0000000000039192,0.0000000000029747,-0.0014058960966881,-0.0194740641102521,3.2465156893755998,3.0032318465,266.962
1.0197445961896394,0.0000000000000000,-0.0000000000000045,0.0000000000000030,-0.0015415596672006,0.0203468258630271,3.2522309873645452,3.0031974375,278.868
1.0196858412648768,-0.0000000000000000,0.0000000000000321,-0.0000000000000140,-0.0016763936045302,0.0211714149125417,3.2579462853534906,3.0031635666,290.112
1.0196280495785335,-0.0000000000000000,0.0000000000000051,-0.0000000000000022,-0.0018104124030737,0.0219535498439860,3.2636615833424365,3.0031302190,300.771
1.0195711988467524,-0.0000000000000000,0.0000000000022852,0.0000000000020840,-0.0019436300582103,-0.0226978902393613,3.2693768813313819,3.0030973807,310.910
1.0195152675125323,0.0000000000000000,-0.0000000000000058,0.0000000000000039,-0.0020760600856935,0.0234082949576417,3.2750921793203274,3.0030650380,320.583
1.0194602347181065,-0.0000000000000000,-0.0000000000000028,0.0000000000000028,-0.0022077155466510,0.0240880043420316,3.2808074773092728,3.0030331779,329.835
1.0194060802720166,-0.0000000000000000,0.0000000000001137,0.0000000000001174,-0.0023386090630493,-0.0247397721215124,3.2865227752982182,3.0030017878,338.703
1.0193527846228081,0.0000000000000000,0.0000000000000044,-0.0000000000000025,-0.0024687528387857,0.0253659630369192,3.2922380732871637,3.0029708553,347.220
1.0193003288324189,-0.0000000000000000,0.0000000000004351,0.0000000000004527,-0.0025981586769805,-0.0259686265107035,3.2979533712761091,3.0029403688,355.415
1.0192486945504979,0.0000000000000000,0.0000000000000048,-0.0000000000000040,-0.0027268379964766,0.0265495531950682,3.3036686692650545,3.0029103169,363.312
1.0191978639913351,-0.0000000000000000,0.0000000000001242,0.0000000000001397,-0.0028548018486133,-0.0271103190350794,3.3093839672540000,3.0028806886,370.933
1.0191478199103394,0.0000000000000000,-0.0000000000000082,0.0000000000000044,-0.0029820609316157,0.0276523200709364,3.3150992652429454,3.0028514733,378.298
1.0190985455830424,-0.0000000000000000,0.0000000000000380,0.0000000000000479,-0.0031086256055696,-0.0281768002582238,3.3208145632318908,3.0028226607,385.424
1.0190500247842711,0.0000000000000000,-0.0000000000000171,0.0000000000000124,-0.0032345059059095,0.0286848739526492,3.3265298612208363,3.0027942409,392.325
1.0190022417688154,-0.0000000000000000,0.0000000000000451,0.0000000000000573,-0.0033597115565687,-0.0291775442623122,3.3322451592097817,3.0027662043,399.017
1.0189551812528368,-0.0000000000000000,0.0000000000006891,0.0000000000008359,-0.0034842519825312,-0.0296557181642061,3.3379604571987271,3.0027385416,405.511
1.0189088283956780,-0.0000000000000000,0.0000000000000016,-0.0000000000000026,-0.0036081363207580,0.0301202190574198,3.3436757551876726,3.0027112438,411.819
1.0188631687841518,-0.0000000000000000,-0.0000000000000064,0.0000000000000015,-0.0037313734333117,-0.0305717972693301,3.3493910531766180,3.0026843023,417.951
1.0188181884152816,-0.0000000000000000,-0.0000000000000042,0.0000000000000043,-0.0038539719162776,0.0310111389080115,3.3551063511655634,3.0026577085,423.917
1.0187738736814989,0.0000000000000000,0.0000000000000054,0.0000000000000065,-0.0039759401110096,0.0314388733724674,3.3608216491545089,3.0026314543,429.726
1.0187302113562373,-0.0000000000000001,-0.0000000000001938,-0.0000000000002274,-0.0040972861126790,-0.0318555797562107,3.3665369471434543,3.0026055319,435.385
1.0186871885794315,-0.0000000000000000,-0.0000000000000004,0.0000000000000006,-0.0042180177819773,0.0322617923539878,3.3722522451323997,3.0025799335,440.903
1.0186447928445181,-0.0000000000000000,-0.0000000000000034,0.0000000000000029,-0.0043381427512919,0.0326580053963774,3.3779675431213452,3.0025546516,446.285
1.0186030119859162,-0.0000000000000001,0.0000000000007802,0.0000000000010507,-0.0044576684349435,-0.0330446771650600,3.3836828411102906,3.0025296792,451.538
1.0185618341658738,-0.0000000000000000,-0.0000000000000008,0.0000000000000014,-0.0045766020360013,0.0334222335723939,3.3893981390992360,3.0025050092,456.668
1.0185212478645971,-0.0000000000000000,-0.0000000000000021,0.0000000000000044,-0.0046949505558062,0.0337910712909468,3.3951134370881815,3.0024806347,461.681
1.0184812418674403,-0.0000000000000000,0.0000000000002676,0.0000000000003852,-0.0048127207996413,-0.0341515605036335,3.4008287350771269,3.0024565493,466.582
1.0184418052549085,-0.0000000000000000,0.0000000000004984,0.0000000000006654,-0.0049299193844410,-0.0345040473257708,3.4065440330660723,3.0024327464,471.375
1.0184029273925119,-0.0000000000000000,0.0000000000000011,-0.0000000000000007,-0.0050465527458943,0.0348488559488354,3.4122593310550178,3.0024092200,476.065
1.0183645979211782,0.0000000000000000,-0.0000000000000015,0.0000000000000013,-0.0051626271444272,0.0351862905410879,3.4179746290439637,3.0023859639,480.656
1.0183268067477413,-0.0000000000000001,0.0000000000015608,0.0000000000021938,-0.0052781486718726,-0.0355166369423837,3.4236899270329091,3.0023629723,485.152
1.0182895440348025,-0.0000000000000001,0.0000000000005831,0.0000000000007445,-0.0053931232562593,-0.0358401641776935,3.4294052250218545,3.0023402396,489.557
1.0182528001948028,-0.0000000000000000,-0.0000000000000019,0.0000000000000023,-0.0055075566695819,0.0361571258088846,3.4351205230108000,3.0023177601,493.874
1.0182165658795381,0.0000000000000000,-0.0000000000000028,0.0000000000000019,-0.0056214545313951,0.0364677611533428,3.4408358209997454,3.0022955284,498.107
1.0181808319729033,-0.0000000000000001,0.0000000000001834,0.0000000000003622,-0.0057348223146976,-0.0367722963798370,3.4465511189886908,3.0022735394,502.258
1.0181455895835163,-0.0000000000000000,0.0000000000005154,0.0000000000008974,-0.0058476653511360,-0.0370709454966937,3.4522664169776363,3.0022517880,506.332
1.0181108300369579,-0.0000000000000000,-0.0000000000000012,0.0000000000000018,-0.0059599888352143,0.0373639112470061,3.4579817149665817,3.0022302691,510.329
1.0180765448697120,-0.0000000000000000,0.0000000000000071,-0.0000000000000070,-0.0060717978298033,0.0376513859200436,3.4636970129555271,3.0022089780,514.254
1.0180427258216020,-0.0000000000000001,0.0000000000008248,0.0000000000010972,-0.0061830972698979,-0.0379335520885908,3.4694123109444726,3.0021879100,518.108
1.0180093648292334,-0.0000000000000000,0.0000000000007309,0.0000000000010210,-0.0062938919667324,-0.0382105832821603,3.4751276089334180,3.0021670605,521.895
1.0179764540207716,-0.0000000000000000,0.0000000000008934,0.0000000000012851,-0.0064041866127226,-0.0384826445974017,3.4808429069223634,3.0021464250,525.615
1.0179439857086734,-0.0000000000000000,0.0000000000000066,-0.0000000000000061,-0.0065139857838681,0.0387498932606676,3.4865582049113089,3.0021259993,529.272
1.0179119523856286,-0.0000000000000000,0.0000000000000012,-0.0000000000000007,-0.0066232939457926,0.0390124791396462,3.4922735029002543,3.0021057790,532.868
1.0178803467174531,-0.0000000000000001,0.0000000000006417,0.0000000000008962,-0.0067321154552219,-0.0392705452155060,3.4979888008891997,3.0020857601,536.404
1.0178491615382208,-0.0000000000000001,0.0000000000003319,0.0000000000005759,-0.0068404545643352,-0.0395242280162890,3.5037040988781452,3.0020659386,539.882
1.0178183898458515,-0.0000000000000000,0.0000000000005455,0.0000000000008608,-0.0069483154241866,-0.0397736580116508,3.5094193968670906,3.0020463106,543.305
1.0177880247962523,-0.0000000000000000,-0.0000000000000056,0.0000000000000074,-0.0070557020877637,0.0400189599858510,3.5151346948560360,3.0020268722,546.673
1.0177580596995330,-0.0000000000000000,-0.0000000000000089,0.0000000000000118,-0.0071626185133455,0.0402602533711240,3.5208499928449815,3.0020076198,549.989
1.0177284880147119,-0.0000000000000000,0.0000000000007153,0.0000000000012590,-0.0072690685672306,-0.0404976525650020,3.5265652908339269,3.0019885497,553.253
1.0176993033450741,-0.0000000000000000,0.0000000000006153,0.0000000000010997,-0.0073750560260811,-0.0407312672195892,3.5322805888228723,3.0019696583,556.469
1.0176704994350609,-0.0000000000000001,0.0000000000006563,0.0000000000011895,-0.0074805845809633,-0.0409612025100441,3.5379958868118178,3.0019509423,559.636
1.0176420701650624,-0.0000000000000000,-0.0000000000000042,0.0000000000000055,-0.0075856578388610,0.0411875593854280,3.5437111848007632,3.0019323983,562.756
1.0176140095485318,-0.0000000000000000,0.0000000000000053,-0.0000000000000059,-0.0076902793262061,0.0414104347999624,3.5494264827897091,3.0019140229,565.831
1.0175863117270376,-0.0000000000000000,-0.0000000000000156,0.0000000000000216,-0.0077944524902945,0.0416299219300663,3.5551417807786541,3.0018958130,568.862
1.0175589709675967,-0.0000000000000001,0.0000000000008727,0.0000000000015998,-0.0078981807027938,-0.0418461103753537,3.5608570787675995,3.0018777655,571.850
1.0175319816579262,-0.0000000000000000,0.0000000000005785,0.0000000000010737,-0.0080014672601769,-0.0420590863462465,3.5665723767565449,3.0018598772,574.797
1.0175053383047412,-0.0000000000000001,0.0000000000007414,0.0000000000014167,-0.0081043153888118,-0.0422689328396881,3.5722876747454908,3.0018421452,577.703
1.0174790355289249,-0.0000000000000000,0.0000000000007482,0.0000000000013665,-0.0082067282444840,-0.0424757298028879,3.5780029727344362,3.0018245667,580.569
1.0174530680629852,-0.0000000000000000,-0.0000000000000027,0.0000000000000039,-0.0083087089156415,0.0426795542866106,3.5837182707233817,3.0018071386,583.397
1.0174274307484339,-0.0000000000000000,-0.0000000000000057,0.0000000000000041,-0.0084102604256797,0.0428804805886363,3.5894335687123271,3.0017898583,586.188
1.0174021185317297,-0.0000000000000000,-0.0000000000000003,-0.0000000000000010,-0.0085113857338455,0.0430785803890521,3.5951488667012725,3.0017727230,588.942
1.0173771264623732,-0.0000000000000000,0.0000000000006153,0.0000000000010203,-0.0086120877380735,-0.0432739228760427,3.6008641646902180,3.0017557301,591.660
1.0173524496890705,-0.0000000000000001,0.0000000000005243,0.0000000000010043,-0.0087123692753578,-0.0434665748648670,3.6065794626791634,3.0017388770,594.344
1.0173280834585423,-0.0000000000000001,0.0000000000005385,0.0000000000008390,-0.0088122331258111,-0.0436566009090504,3.6122947606681088,3.0017221610,596.994
1.0173040231114550,-0.0000000000000000,-0.0000000000000031,0.0000000000000031,-0.0089116820119353,0.0438440634063458,3.6180100586570543,3.0017055798,599.611
1.0172802640811758,-0.0000000000000000,0.0000000000000007,-0.0000000000000024,-0.0090107186020029,0.0440290226954323,3.6237253566459997,3.0016891309,602.196
1.0172568018902064,0.0000000000000000,0.0000000000000018,-0.0000000000000013,-0.0091093455103913,0.0442115371514162,3.6294406546349451,3.0016728118,604.750
1.0172336321485025,-0.0000000000000000,0.0000000000000048,-0.0000000000000197,-0.0092075652997250,0.0443916632723161,3.6351559526238906,3.0016566204,607.273
1.0172107505510009,-0.0000000000000000,-0.0000000000000526,0.0000000000000133,-0.0093053804821602,-0.0445694557622650,3.6408712506128360,3.0016405542,609.766
1.0171881528754307,-0.0000000000000000,-0.0000000000003771,-0.0000000000006815,-0.0094027935208276,-0.0447449676099112,3.6465865486017814,3.0016246111,612.230
1.0171658349805122,-0.0000000000000000,-0.0000000000000694,-0.0000000000000536,-0.0094998068313330,-0.0449182501616369,3.6523018465907269,3.0016087889,614.666
1.0171437928029468,-0.0000000000000000,-0.0000000000002031,-0.0000000000003245,-0.0095964227825211,-0.0450893531931129,3.6580171445796723,3.0015930854,617.074
1.0171220223566564,-0.0000000000000000,0.0000000000000044,-0.0000000000000053,-0.0096926436985532,0.0452583249738301,3.6637324425686177,3.0015774986,619.455
1.0171005197297600,-0.0000000000000000,0.0000000000000011,-0.0000000000000016,-0.0097884718594431,0.0454252123310305,3.6694477405575632,3.0015620263,621.809
1.0170792810834308,-0.0000000000000000,-0.0000000000000089,0.0000000000000195,-0.0098839095027262,0.0455900607084368,3.6751630385465086,3.0015466666,624.137
1.0170583026496551,-0.0000000000000000,-0.0000000000000038,0.0000000000000008,-0.0099789588242462,0.0457529142233251,3.6808783365354540,3.0015314176,626.440
1.0170375807297427,-0.0000000000000001,-0.0000000000001274,-0.0000000000001735,-0.0100736219793029,-0.0459138157184156,3.6865936345243995,3.0015162772,628.718
1.0170171116924072,-0.0000000000000000,-0.0000000000000587,-0.0000000000000543,-0.0101679010843550,-0.0460728068154227,3.6923089325133449,3.0015012435,630.973
1.0169968919720804,-0.0000000000000001,-0.0000000000001870,-0.0000000000002883,-0.0102617982171348,-0.0462299279607703,3.6980242305022903,3.0014863149,633.203
1.0169769180675259,-0.0000000000000001,-0.0000000000002649,-0.0000000000004587,-0.0103553154181700,-0.0463852184725909,3.7037395284912362,3.0014714893,635.410
1.0169571865402252,-0.0000000000000000,-0.0000000000000013,0.0000000000000018,-0.0104484546918653,0.0465387165841063,3.7094548264801812,3.0014567650,637.595
1.0169376940124106,-0.0000000000000000,-0.0000000000000071,0.0000000000000095,-0.0105412180069617,0.0466904594854665,3.7151701244691271,3.0014421403,639.757
1.0169184371663000,-0.0000000000000000,-0.0000000000000018,0.0000000000000023,-0.0106336072980643,0.0468404833627286,3.7208854224580721,3.0014276135,641.898
1.0168994127421822,-0.0000000000000000,0.0000000000000076,-0.0000000000000484,-0.0107256244659023,0.0469888234359744,3.7266007204470180,3.0014131829,644.017
1.0168806175371676,-0.0000000000000002,-0.0000000000002012,-0.0000000000003204,-0.0108172713791093,-0.0471355139948876,3.7323160184359629,3.0013988468,646.116
1.0168620484040445,-0.0000000000000000,-0.0000000000002018,-0.0000000000003080,-0.0109085498739590,-0.0472805884333472,3.7380313164249088,3.0013846037,648.194
1.0168437022493702,-0.0000000000000002,-0.0000000000004066,-0.0000000000005962,-0.0109994617554486,-0.0474240792811611,3.7437466144138543,3.0013704518,650.253
1.0168255760329794,-0.0000000000000000,-0.0000000000001068,-0.0000000000001657,-0.0110900087988686,-0.0475660182368898,3.7494619124027997,3.0013563897,652.292
1.0168076667659771,-0.0000000000000000,-0.0000000000004334,-0.0000000000006195,-0.0111801927497852,-0.0477064361959791,3.7551772103917451,3.0013424159,654.312
1.0167899715104776,-0.0000000000000000,-0.0000000000000006,0.0000000000000008,-0.0112700153250206,0.0478453632796817,3.7608925083806906,3.0013285288,656.313
1.0167724873772841,-0.0000000000000000,0.0000000000000010,-0.0000000000000011,-0.0113594782135918,0.0479828288633306,3.7666078063696360,3.0013147270,658.296
1.0167552115256984,-0.0000000000000000,0.0000000000000042,-0.0000000000000047,-0.0114485830768005,0.0481188616005172,3.7723231043585814,3.0013010090,660.261
1.0167381411619960,-0.0000000000000000,0.0000000000000026,-0.0000000000000029,-0.0115373315494327,0.0482534894490924,3.7780384023475269,3.0012873733,662.208
1.0167212735383877,-0.0000000000000000,-0.0000000000000061,-0.0000000000000021,-0.0116257252402690,0.0483867396949927,3.7837537003364723,3.0012738187,664.138
1.0167046059523059,-0.0000000000000002,0.0000000000003336,0.0000000000008129,-0.0117137657326746,-0.0485186389738446,3.7894689983254177,3.0012603437,666.052
1.0166881357446462,-0.0000000000000000,0.0000000000008815,0.0000000000018631,-0.0118014545851775,-0.0486492132945335,3.7951842963143632,3.0012469470,667.948
1.0166718602993270,-0.0000000000000000,0.0000000000011108,0.0000000000021857,-0.0118887933319713,-0.0487784880592523,3.8008995943033086,3.0012336272,669.829
1.0166557770422069,-0.0000000000000002,0.0000000000004963,0.0000000000010366,-0.0119757834840195,-0.0489064880839620,3.8066148922922540,3.0012203830,671.694
1.0166398834407862,-0.0000000000000000,0.0000000000005695,0.0000000000011701,-0.0120624265290112,-0.0490332376154266,3.8123301902811995,3.0012072133,673.543
1.0166241770018691,-0.0000000000000000,0.0000000000000030,0.0000000000000049,-0.0121487239322535,-0.0491587603533254,3.8180454882701449,3.0011941166,675.376
1.0166086552722715,-0.0000000000000000,-0.0000000000000017,-0.0000000000000016,-0.0122346771372381,-0.0492830794652376,3.8237607862590903,3.0011810918,677.195
1.0165933158366132,-0.0000000000000000,0.0000000000000013,0.0000000000000022,-0.0123202875657039,-0.0494062176046741,3.8294760842480358,3.0011681377,678.999
1.0165781563172374,-0.0000000000000000,0.0000000000000006,0.0000000000000015,-0.0124055566184915,-0.0495281969272240,3.8351913822369816,3.0011552530,680.789
1.0165631743732280,-0.0000000000000000,-0.0000000000000008,-0.0000000000000015,-0.0124904856760307,-0.0496490391061979,3.8409066802259266,3.0011424366,682.564
1.0165483676998539,-0.0000000000000002,0.0000000000007165,0.0000000000013302,-0.0125750760989085,-0.0497687653474074,3.8466219782148721,3.0011296874,684.326
1.0165337340265177,0.0000000000000000,-0.0000000000000012,0.0000000000000021,-0.0126593292275072,0.0498873964053006,3.8523372762038175,3.0011170041,686.074
1.0165192711185491,-0.0000000000000000,-0.0000000000000012,0.0000000000000026,-0.0127432463840394,0.0500049525936195,3.8580525741927629,3.0011043857,687.809
1.0165049767741061,-0.0000000000000000,0.0000000000003030,0.0000000000007570,-0.0128268288718260,-0.0501214538021990,3.8637678721817084,3.0010918310,689.530
1.0164908488240851,-0.0000000000000000,0.0000000000005097,0.0000000000010035,-0.0129100779750125,-0.0502369195073856,3.8694831701706542,3.0010793390,691.239
1.0164768851321397,-0.0000000000000002,0.0000000000007856,0.0000000000014710,-0.0129929949611490,-0.0503513687864757,3.8751984681595992,3.0010669086,692.935
1.0164630835927937,-0.0000000000000000,-0.0000000000000057,0.0000000000000091,-0.0130755810793615,0.0504648203291820,3.8809137661485451,3.0010545388,694.619
1.0164494421329073,-0.0000000000000002,0.0000000000005733,0.0000000000011563,-0.0131578375630251,-0.0505772924464740,3.8866290641374905,3.0010422285,696.290
1.0164359587076877,0.0000000000000000,-0.0000000000000011,0.0000000000000019,-0.0132397656269002,0.0506888030861618,3.8923443621264360,3.0010299767,697.950
1.0164226313037805,-0.0000000000000002,0.0000000000004692,0.0000000000009106,-0.0133213664713479,-0.0507993698399260,3.8980596601153814,3.0010177823,699.598
1.0164094579352743,-0.0000000000000000,-0.0000000000000018,0.0000000000000015,-0.0134026412792795,0.0509090099560767,3.9037749581043268,3.0010056445,701.234
1.0163964366459084,0.0000000000000000,-0.0000000000000001,-0.0000000000000006,-0.0134835912188557,0.0510177403476329,3.9094902560932723,3.0009935622,702.860
1.0163835655065896,-0.0000000000000000,-0.0000000000000014,0.0000000000000014,-0.0135642174426518,0.0511255776032388,3.9152055540822177,3.0009815344,704.474
1.0163708426158329,-0.0000000000000000,0.0000000000005312,0.0000000000010516,-0.0136445210884063,-0.0512325379957098,3.9209208520711631,3.0009695603,706.077
1.0163582660982620,-0.0000000000000004,0.0000000000005347,0.0000000000010584,-0.0137245032786788,-0.0513386374916223,3.9266361500601086,3.0009576388,707.670
1.0163458341050433,-0.0000000000000000,0.0000000000000052,-0.0000000000000114,-0.0138041651221486,0.0514438917593931,3.9323514480490540,3.0009457692,709.252
1.0163335448134085,-0.0000000000000002,-0.0000000000000277,-0.0000000000000433,-0.0138835077137262,-0.0515483161772292,3.9380667460379994,3.0009339503,710.824
1.0163213964249762,0.0000000000000000,-0.0000000000000003,-0.0000000000000062,-0.0139625321336923,0.0516519258427148,3.9437820440269449,3.0009221814,712.386
1.0163093871663373,-0.0000000000000000,-0.0000000000000015,0.0000000000000026,-0.0140412394496088,0.0517547355787391,3.9494973420158903,3.0009104616,713.938
1.0162975152880385,-0.0000000000000003,-0.0000000000002023,-0.0000000000003827,-0.0141196307157516,-0.0518567599427158,3.9552126400048357,3.0008987900,715.480
1.0162857790644129,-0.0000000000000000,-0.0000000000000010,-0.0000000000000019,-0.0141977069725629,0.0519580132320117,3.9609279379937812,3.0008871657,717.012
1.0162741767927435,0.0000000000000000,-0.0000000000000003,0.0000000000000010,-0.0142754692490272,0.0520585094932156,3.9666432359827266,3.0008755879,718.536
1.0162627067931436,-0.0000000000000002,-0.0000000000001143,-0.0000000000001654,-0.0143529185611745,-0.0521582625272104,3.9723585339716720,3.0008640558,720.050
1.0162513674079179,-0.0000000000000002,-0.0000000000001268,-0.0000000000002274,-0.0144300559124314,-0.0522572858960534,3.9780738319606175,3.0008525685,721.555
1.0162401570013042,-0.0000000000000002,0.0000000000001171,0.0000000000002645,-0.0145068822948397,-0.0523555929296750,3.9837891299495629,3.0008411253,723.051
1.0162290739584636,-0.0000000000000000,-0.0000000000001803,-0.0000000000003363,-0.0145833986883929,-0.0524531967330713,3.9895044279385083,3.0008297252,724.538
1.0162181166863644,-0.0000000000000004,0.0000000000000942,0.0000000000002610,-0.0146596060621687,-0.0525501101895428,3.9952197259274538,3.0008183676,726.017
1.0162072836115370,-0.0000000000000000,0.0000000000000244,-0.0000000000000786,-0.0147355053727148,0.0526463459689919,4.0009350239163997,3.0008070516,727.487
1.0161965731814209,-0.0000000000000000,-0.0000000000001614,-0.0000000000000750,-0.0148110975674235,-0.0527419165331500,4.0066503219053446,3.0007957765,728.949
1.0161859838627492,-0.0000000000000004,-0.0000000000000316,-0.0000000000000367,-0.0148863835804106,-0.0528368341389880,4.0123656198942905,3.0007845414,730.404
1.0161755141418451,-0.0000000000000004,-0.0000000000000763,-0.0000000000001463,-0.0149613643372096,-0.0529311108474393,4.0180809178832355,3.0007733457,731.850
1.0161651625240042,-0.0000000000000000,-0.0000000000000143,-0.0000000000001521,-0.0150360407520605,-0.0530247585253541,4.0237962158721814,3.0007621886,733.288
1.0161549275330790,-0.0000000000000000,-0.0000000000000038,0.0000000000000066,-0.0151104137290530,0.0531177888524374,4.0295115138611264,3.0007510694,734.718
1.0161448077112509,-0.0000000000000000,0.0000000000000025,-0.0000000000000063,-0.0151844841621618,0.0532102133247945,4.0352268118500723,3.0007399873,736.141
1.0161348016185920,-0.0000000000000000,0.0000000000000328,-0.0000000000001009,-0.0152582529354764,0.0533020432605144,4.0409421098390172,3.0007289416,737.557
1.0161249078328201,-0.0000000000000004,-0.0000000000001035,-0.0000000000000939,-0.0153317209233851,-0.0533932898032314,4.0466574078279631,3.0007179315,738.965
1.0161151249487648,-0.0000000000000000,-0.0000000000001462,-0.0000000000003193,-0.0154048889901818,-0.0534839639274017,4.0523727058169081,3.0007069565,740.367
1.0161054515783665,-0.0000000000000000,-0.0000000000000008,-0.0000000000000004,-0.0154777579917055,0.0535740764425322,4.0580880038058540,3.0006960158,741.761
1.0160958863499672,-0.0000000000000000,0.0000000000000406,-0.0000000000001237,-0.0155503287744007,0.0536636379971560,4.0638033017947990,3.0006851086,743.148
1.0160864279083182,-0.0000000000000004,-0.0000000000000300,-0.0000000000000477,-0.0156226021750126,-0.0537526590817798,4.0695185997837449,3.0006742344,744.529
1.0160770749139865,-0.0000000000000004,-0.0000000000002239,-0.0000000000002763,-0.0156945790216371,-0.0538411500347785,4.0752338977726907,3.0006633924,745.903
1.0160678260435623,-0.0000000000000000,0.0000000000000180,-0.0000000000000513,-0.0157662601339598,0.0539291210443419,4.0809491957616357,3.0006525820,747.270
1.0160586799886779,-0.0000000000000000,0.0000000000001450,0.0000000000003341,-0.0158376463232069,-0.0540165821538623,4.0866644937505807,3.0006418026,748.631
1.0160496354560835,-0.0000000000000004,0.0000000000003563,0.0000000000007741,-0.0159087383906753,-0.0541035432634074,4.0923797917395266,3.0006310533,749.986
1.0160406911672835,0.0000000000000000,0.0000000000000130,-0.0000000000000371,-0.0159795371313503,0.0541900141365626,4.0980950897284725,3.0006203337,751.334
1.0160318458590214,-0.0000000000000005,0.0000000000006373,0.0000000000013261,-0.0160500433310996,-0.0542760043986859,4.1038103877174175,3.0006096431,752.677
1.0160230982809217,-0.0000000000000005,0.0000000000004113,0.0000000000008318,-0.0161202577666340,-0.0543615235462168,4.1095256857063633,3.0005989808,754.013
1.0160144471977792,-0.0000000000000000,0.0000000000000116,-0.0000000000000291,-0.0161901812088404,0.0544465809452686,4.1152409836953083,3.0005883463,755.344
1.0160058913881436,-0.0000000000000005,0.0000000000005259,0.0000000000011750,-0.0162598144196659,-0.0545311858358301,4.1209562816842542,3.0005777388,756.669
1.0159974296431304,-0.0000000000000005,0.0000000000005723,0.0000000000011577,-0.0163291581527358,-0.0546153473368943,4.1266715796731992,3.0005671577,757.988
1.0159890607674953,-0.0000000000000000,0.0000000000000474,-0.0000000000001251,-0.0163982131551336,0.0546990744473984,4.1323868776621451,3.0005566026,759.302
1.0159807835798376,-0.0000000000000000,0.0000000000005451,0.0000000000010850,-0.0164669801664230,-0.0547823760483091,4.1381021756510901,3.0005460727,760.611
1.0159725969098738,-0.0000000000000000,0.0000000000000044,-0.0000000000000090,-0.0165354599179580,0.0548652609088220,4.1438174736400359,3.0005355674,761.914
1.0159644996014632,-0.0000000000000000,0.0000000000003661,0.0000000000007878,-0.0166036531347749,-0.0549477376854512,4.1495327716289809,3.0005250862,763.212
1.0159564905094525,-0.0000000000000000,0.0000000000000017,-0.0000000000000019,-0.0166715605342891,0.0550298149266876,4.1552480696179268,3.0005146284,764.505
1.0159485685015615,-0.0000000000000000,0.0000000000000068,-0.0000000000000119,-0.0167391828266110,0.0551115010755021,4.1609633676068718,3.0005041936,765.793
1.0159407324573753,-0.0000000000000005,0.0000000000005068,0.0000000000009862,-0.0168065207163244,-0.0551928044704293,4.1666786655958177,3.0004937810,767.076
1.0159329812670266,-0.0000000000000000,0.0000000000000829,-0.0000000000002228,-0.0168735748991836,0.0552737333512260,4.1723939635847627,3.0004833902,768.354
1.0159253138335596,-0.0000000000000000,0.0000000000003952,0.0000000000008538,-0.0169403460653107,-0.0553542958565121,4.1781092615737085,3.0004730205,769.627
1.0159177290699095,0.0000000000000000,0.0000000000000227,-0.0000000000000569,-0.0170068348981076,0.0554345000309742,4.1838245595626535,3.0004626713,770.896
1.0159102259012183,-0.0000000000000005,0.0000000000006271,0.0000000000012761,-0.0170730420744960,-0.0555143538241616,4.1895398575515994,3.0004523422,772.160
1.0159028032618542,-0.0000000000000000,0.0000000000000044,-0.0000000000000090,-0.0171389682642010,0.0555938650954965,4.1952551555405444,3.0004420326,773.420
1.0158954600986543,-0.0000000000000000,0.0000000000003366,0.0000000000007181,-0.0172046141319782,-0.0556730416131055,4.2009704535294903,3.0004317418,774.676
1.0158881953671268,-0.0000000000000000,-0.0000000000000002,-0.0000000000000005,-0.0172699803344740,0.0557518910594845,4.2066857515184353,3.0004214694,775.927
1.0158810080342067,0.0000000000000000,0.0000000000000036,-0.0000000000000065,-0.0173350675236011,0.0558304210311422,4.2124010495073811,3.0004112148,777.174
1.0158738970763352,-0.0000000000000005,0.0000000000002675,0.0000000000005641,-0.0173998763444436,-0.0559086390418046,4.2181163474963270,3.0004009775,778.417
1.0158668614796056,-0.0000000000000000,0.0000000000003135,0.0000000000006900,-0.0174644074357000,-0.0559865525240521,4.2238316454852720,3.0003907569,779.656
1.0158599002401414,-0.0000000000000000,0.0000000000003321,0.0000000000007060,-0.0175286614308996,-0.0560641688311157,4.2295469434742170,3.0003805524,780.891
1.0158530123632878,-0.0000000000000005,0.0000000000002467,0.0000000000007177,-0.0175926389568166,-0.0561414952394014,4.2352622414631629,3.0003703636,782.122
1.0158461968642192,-0.0000000000000005,0.0000000000004583,0.0000000000009881,-0.0176563406358616,-0.0562185389484963,4.2409775394521088,3.0003601899,783.349
1.0158394527665227,-0.0000000000000005,0.0000000000005605,0.0000000000011264,-0.0177197670827789,-0.0562953070862084,4.2466928374410537,3.0003500308,784.573
1.0158327791026804,-0.0000000000000005,0.0000000000003543,0.0000000000007552,-0.0177829189061296,-0.0563718067089242,4.2524081354299987,3.0003398858,785.793
1.0158261749152022,-0.0000000000000000,0.0000000000004654,0.0000000000009238,-0.0178457967125458,-0.0564480447996497,4.2581234334189446,3.0003297543,787.010
1.0158196392549899,-0.0000000000000000,0.0000000000004177,0.0000000000008899,-0.0179084011041595,-0.0565240282741510,4.2638387314078905,3.0003196358,788.223
1.0158131711776850,-0.0000000000000000,0.0000000000003359,0.0000000000007740,-0.0179707326595692,-0.0565997639898493,4.2695540293968355,3.0003095298,789.433
1.0158067697532644,0.0000000000000000,0.0000000000000014,-0.0000000000000024,-0.0180327919793767,0.0566752587245568,4.2752693273857805,3.0002994358,790.639
1.0158004340563389,0.0000000000000000,-0.0000000000000011,0.0000000000000008,-0.0180945796417561,0.0567505192025638,4.2809846253747263,3.0002893533,791.843
1.0157941631703156,0.0000000000000000,0.0000000000000063,-0.0000000000000174,-0.0181560962243485,0.0568255520829974,4.2866999233636722,3.0002792817,793.043
1.0157879561866878,-0.0000000000000000,0.0000000000003208,0.0000000000006726,-0.0182173422994572,-0.0569003639648361,4.2924152213526172,3.0002692206,794.240
1.0157818122035716,0.0000000000000000,0.0000000000000036,-0.0000000000000076,-0.0182783184311432,0.0569749613897984,4.2981305193415631,3.0002591695,795.434
1.0157757303281809,-0.0000000000000000,0.0000000000002465,0.0000000000004908,-0.0183390251817790,-0.0570493508404829,4.3038458173305081,3.0002491278,796.626
1.0157697096739491,-0.0000000000000000,0.0000000000000026,-0.0000000000000039,-0.0183994631064235,0.0571235387445110,4.3095611153194540,3.0002390951,797.814
1.0157637493625817,-0.0000000000000005,0.0000000000003631,0.0000000000007600,-0.0184596327562611,-0.0571975314746437,4.3152764133083990,3.0002290708,799.000
1.0157578485219838,0.0000000000000000,-0.0000000000000036,0.0000000000000052,-0.0185195346767363,0.0572713353507636,4.3209917112973448,3.0002190544,800.183
1.0157520062881211,-0.0000000000000000,0.0000000000002588,0.0000000000005282,-0.0185791694087485,-0.0573449566408520,4.3267070092862898,3.0002090455,801.363
1.0157462218029423,-0.0000000000000000,-0.0000000000000028,0.0000000000000027,-0.0186385374879218,0.0574184015625651,4.3324223072752357,3.0001990436,802.541
1.0157404942158901,-0.0000000000000000,0.0000000000002730,0.0000000000005523,-0.0186976394449775,-0.0574916762847235,4.3381376052641816,3.0001890481,803.716
1.0157348226823637,-0.0000000000000000,0.0000000000000006,-0.0000000000000034,-0.0187564758058124,0.0575647869281799,4.3438529032531266,3.0001790586,804.889
1.0157292063650500,-0.0000000000000000,0.0000000000003326,0.0000000000006672,-0.0188150470916426,-0.0576377395673609,4.3495682012420716,3.0001690746,806.060
1.0157236444322895,-0.0000000000000000,0.0000000000003151,0.0000000000006275,-0.0188733538187225,-0.0577105402315061,4.3552834992310174,3.0001590956,807.228
1.0157181360590151,-0.0000000000000000,-0.0000000000000075,0.0000000000000109,-0.0189313964985184,0.0577831949059005,4.3609987972199633,3.0001491211,808.394
1.0157126804267409,-0.0000000000000000,0.0000000000004430,0.0000000000008587,-0.0189891756380717,-0.0578557095326418,4.3667140952089083,3.0001391506,809.558
1.0157072767220026,-0.0000000000000005,0.0000000000002884,0.0000000000005872,-0.0190466917393604,-0.0579280900135356,4.3724293931978533,3.0001291836,810.720
1.0157019241380394,-0.0000000000000000,-0.0000000000000014,-0.0000000000000005,-0.0191039452998168,0.0580003422083096,4.3781446911867992,3.0001192197,811.879
1.0156966218737997,-0.0000000000000000,-0.0000000000000019,-0.0000000000000002,-0.0191609368123861,0.0580724719384803,4.3838599891757450,3.0001092584,813.037
1.0156913691336631,-0.0000000000000000,-0.0000000000000002,0.0000000000000003,-0.0192176667653027,0.0581444849872503,4.3895752871646900,3.0000992991,814.193
1.0156861651278970,-0.0000000000000005,0.0000000000003149,0.0000000000006400,-0.0192741356427035,-0.0582163871005880,4.3952905851536350,3.0000893414,815.347
1.0156810090714128,-0.0000000000000005,-0.0000000000000456,-0.0000000000000595,-0.0193303439227961,-0.0582881839893660,4.4010058831425809,3.0000793848,816.500
1.0156759001859030,-0.0000000000000000,0.0000000000002973,0.0000000000005947,-0.0193862920815635,-0.0583598813285154,4.4067211811315268,3.0000694289,817.650
1.0156708376969334,-0.0000000000000000,0.0000000000003175,0.0000000000006659,-0.0194419805886908,-0.0584314847600773,4.4124364791204718,3.0000594731,818.799
1.0156658208358291,-0.0000000000000006,0.0000000000001632,0.0000000000004579,-0.0194974099101785,-0.0585029998934021,4.4181517771094168,3.0000495169,819.947
1.0156608488389134,0.0000000000000000,-0.0000000000000008,0.0000000000000004,-0.0195525805073324,0.0585744323055738,4.4238670750983626,3.0000395600,821.093
1.0156559209475156,-0.0000000000000006,0.0000000000002069,0.0000000000003704,-0.0196074928373955,-0.0586457875441013,4.4295823730873085,3.0000296017,822.237
1.0156510364074969,-0.0000000000000000,0.0000000000003154,0.0000000000006259,-0.0196621473530353,-0.0587170711262132,4.4352976710762535,3.0000196416,823.380
1.0156461944696644,-0.0000000000000006,0.0000000000004088,0.0000000000008595,-0.0197165445028403,-0.0587882885407850,4.4410129690651994,3.0000096793,824.522
1.0156413943893441,-0.0000000000000000,0.0000000000002540,0.0000000000005051,-0.0197706847312102,-0.0588594452492457,4.4467282670541444,2.9999997142,825.663
1.0156366354264366,-0.0000000000000000,0.0000000000002097,0.0000000000003903,-0.0198245684773679,-0.0589305466861752,4.4524435650430902,2.9999897459,826.802
1.0156319168461139,-0.0000000000000000,0.0000000000021737,0.0000000000051007,-0.0198781961775257,-0.0590015982603981,4.4581588630320352,2.9999797739,827.940
1.0156272379145581,-0.0000000000000006,-0.0000000000000339,-0.0000000000000524,-0.0199315682627231,-0.0590726053579735,4.4638741610209811,2.9999697976,829.077
1.0156225979074047,-0.0000000000000000,0.0000000000002526,0.0000000000005102,-0.0199846851607736,-0.0591435733380773,4.4695894590099261,2.9999598167,830.213
1.0156179961004326,-0.0000000000000006,0.0000000000002268,0.0000000000004419,-0.0200375472941115,-0.0592145075395283,4.4753047569988720,2.9999498306,831.349
1.0156134317748970,-0.0000000000000000,0.0000000000002143,0.0000000000004292,-0.0200901550817607,-0.0592854132785924,4.4810200549878179,2.9999398388,832.483
1.0156089042159280,-0.0000000000000005,0.0000000000003153,0.0000000000005592,-0.0201425089385728,-0.0593562958503403,4.4867353529767628,2.9999298409,833.616
1.0156044127122164,-0.0000000000000000,0.0000000000000005,-0.0000000000000012,-0.0201946092752809,-0.0594271605309308,4.4924506509657078,2.9999198364,834.749
1.0155999565567393,-0.0000000000000000,0.0000000000000017,0.0000000000000011,-0.0202464564982667,-0.0594980125760783,4.4981659489546537,2.9999098247,835.881
1.0155955350457484,-0.0000000000000000,-0.0000000000000001,0.0000000000000002,-0.0202980510099745,-0.0595688572242295,4.5038812469435987,2.9998998054,837.012
1.0155911474791910,-0.0000000000000000,0.0000000000000019,0.0000000000000148,-0.0203493932086363,-0.0596396996964027,4.5095965449325446,2.9998897780,838.142
1.0155867931607312,-0.0000000000000000,0.0000000000000208,0.0000000000000312,-0.0204004834892092,-0.0597105451967652,4.5153118429214896,2.9998797420,839.272
1.0155824713972332,0.0000000000000000,-0.0000000000000251,-0.0000000000000492,-0.0204513222417554,-0.0597813989146179,4.5210271409104354,2.9998696969,840.402
1.0155781814986713,-0.0000000000000000,0.0000000000000016,-0.0000000000000023,-0.0205019098514071,0.0598522660247075,4.5267424388993804,2.9998596422,841.531
1.0155739227791567,-0.0000000000000000,0.0000000000005728,0.0000000000011915,-0.0205522467019966,-0.0599231516870896,4.5324577368883263,2.9998495775,842.660
1.0155696945546886,-0.0000000000000000,0.0000000000000035,-0.0000000000000057,-0.0206023331711689,0.0599940610496939,4.5381730348772713,2.9998395021,843.788
1.0155654961456468,-0.0000000000000000,0.0000000000001348,-0.0000000000001693,-0.0206521696334283,0.0600649992482999,4.5438883328662172,2.9998294157,844.916
1.0155613268747297,-0.0000000000000000,0.0000000000004608,0.0000000000008181,-0.0207017564589147,-0.0601359714071171,4.5496036308551631,2.9998193176,846.044
1.0155571860674122,-0.0000000000000000,-0.0000000000000001,0.0000000000000006,-0.0207510940144258,0.0602069826403629,4.5553189288441081,2.9998092075,847.172
1.0155530730526814,-0.0000000000000000,0.0000000000002634,0.0000000000006498,-0.0208001826622512,-0.0602780380526452,4.5610342268330530,2.9997990848,848.299
1.0155489871615111,-0.0000000000000000,0.0000000000002027,0.0000000000003638,-0.0208490227609203,-0.0603491427402688,4.5667495248219989,2.9997889490,849.427
1.0155449277281003,-0.0000000000000000,0.0000000000000023,-0.0000000000000028,-0.0208976146651952,0.0604203017908783,4.5724648228109448,2.9997787995,850.554
1.0155408940892261,-0.0000000000000000,0.0000000000001661,0.0000000000002796,-0.0209459587258542,-0.0604915202859195,4.5781801207998898,2.9997686359,851.682
1.0155368855839455,-0.0000000000000000,0.0000000000001745,0.0000000000004207,-0.0209940552899292,-0.0605628033003205,4.5838954187888357,2.9997584577,852.810
1.0155329015538512,-0.0000000000000000,0.0000000000000058,-0.0000000000000070,-0.0210419047002143,0.0606341559034263,4.5896107167777807,2.9997482643,853.938
1.0155289413431499,-0.0000000000000006,0.0000000000001705,0.0000000000003008,-0.0210895072961116,-0.0607055831608543,4.5953260147667265,2.9997380552,855.066
1.0155250042978936,-0.0000000000000000,0.0000000000002180,-0.0000000000002744,-0.0211368634126805,0.0607770901340558,4.6010413127556715,2.9997278300,856.195
1.0155210897668920,-0.0000000000000006,0.0000000000001747,0.0000000000002646,-0.0211839733817128,-0.0608486818814597,4.6067566107446174,2.9997175879,857.324
1.0155171971006256,-0.0000000000000000,-0.0000000000000012,0.0000000000000013,-0.0212308375307295,0.0609203634598202,4.6124719087335624,2.9997073287,858.453
1.0155133256519766,-0.0000000000000000,0.0000000000000128,-0.0000000000000161,-0.0212774561835695,0.0609921399247228,4.6181872067225083,2.9996970516,859.583
1.0155094747755382,-0.0000000000000000,0.0000000000000410,-0.0000000000003314,-0.0213238296601145,-0.0610640163315437,4.6239025047114533,2.9996867562,860.713
1.0155056438283516,-0.0000000000000000,0.0000000000000005,-0.0000000000000015,-0.0213699582769637,0.0611359977349128,4.6296178027003991,2.9996764419,861.844
1.0155018321686580,-0.0000000000000000,0.0000000000002420,0.0000000000004578,-0.0214158423461684,-0.0612080891927142,4.6353331006893441,2.9996661082,862.976
1.0154980391566271,-0.0000000000000006,0.0000000000001176,0.0000000000003275,-0.0214614821762708,-0.0612802957633695,4.6410483986782900,2.9996557546,864.108
1.0154942641545419,0.0000000000000000,0.0000000000002039,-0.0000000000002553,-0.0215068780726691,0.0613526225095433,4.6467636966672350,2.9996453804,865.241
1.0154905065260269,-0.0000000000000000,0.0000000000002430,0.0000000000004109,-0.0215520303361402,-0.0614250744961889,4.6524789946561809,2.9996349852,866.375
1.0154867656359972,-0.0000000000000000,0.0000000000000083,-0.0000000000000145,-0.0215969392638848,0.0614976567940979,4.6581942926451259,2.9996245684,867.509
1.0154830408513602,-0.0000000000000000,0.0000000000000132,-0.0000000000000165,-0.0216416051495361,0.0615703744790735,4.6639095906340717,2.9996141294,868.645
1.0154793315400190,-0.0000000000000000,0.0000000000000368,-0.0000000000001748,-0.0216860282827028,-0.0616432326331382,4.6696248886230176,2.9996036677,869.782
1.0154756370717395,-0.0000000000000000,0.0000000000000017,-0.0000000000000046,-0.0217302089503012,0.0617162363457348,4.6753401866119626,2.9995931827,870.919
1.0154719568167287,-0.0000000000000000,0.0000000000000435,0.0000000000000329,-0.0217741474334094,-0.0617893907140223,4.6810554846009076,2.9995826738,872.058
1.0154682901473620,-0.0000000000000006,0.0000000000001887,0.0000000000003177,-0.0218178440120020,-0.0618627008440603,4.6867707825898535,2.9995721404,873.198
1.0154646364361037,-0.0000000000000000,-0.0000000000000037,0.0000000000000067,-0.0218612989598131,0.0619361718517322,4.6924860805787993,2.9995615820,874.339
1.0154609950572959,-0.0000000000000000,-0.0000000000000421,0.0000000000000319,-0.0219045125484071,-0.0620098088632081,4.6982013785677443,2.9995509980,875.481
1.0154573653860151,-0.0000000000000006,0.0000000000001519,0.0000000000004084,-0.0219474850453555,-0.0620836170162784,4.7039166765566902,2.9995403878,876.625
1.0154537467980647,-0.0000000000000000,-0.0000000000000004,0.0000000000000013,-0.0219902167146144,0.0621576014613014,4.7096319745456352,2.9995297508,877.770
1.0154501386702444,-0.0000000000000000,0.0000000000002201,0.0000000000005521,-0.0220327078155079,-0.0622317673607570,4.7153472725345811,2.9995190864,878.917
1.0154465403799857,-0.0000000000000008,-0.0000000000000356,-0.0000000000001283,-0.0220749586051025,-0.0623061198926044,4.7210625705235261,2.9995083940,880.065
1.0154429513057892,-0.0000000000000000,-0.0000000000000004,0.0000000000000001,-0.0221169693360551,0.0623806642485223,4.7267778685124719,2.9994976730,881.215
1.0154393708261507,-0.0000000000000000,-0.0000000000001231,-0.0000000000001700,-0.0221587402567225,-0.0624554056363840,4.7324931665014169,2.9994869227,882.366
1.0154357983207614,-0.0000000000000006,0.0000000000000851,0.0000000000001857,-0.0222002716128684,-0.0625303492808519,4.7382084644903628,2.9994761426,883.519
1.0154322331693562,-0.0000000000000000,0.0000000000003562,-0.0000000000004271,-0.0222415636462677,0.0626055004246415,4.7439237624793078,2.9994653320,884.674
1.0154286747522729,-0.0000000000000006,0.0000000000002503,0.0000000000002671,-0.0222826165946600,-0.0626808643276263,4.7496390604682528,2.9994544903,885.830
1.0154251224498583,-0.0000000000000006,-0.0000000000003550,-0.0000000000003801,-0.0223234306926172,-0.0627564462713313,4.7553543584571987,2.9994436168,886.989
1.0154215756435032,-0.0000000000000000,0.0000000000002680,-0.0000000000003177,-0.0223640061703407,0.0628322515549899,4.7610696564461445,2.9994327110,888.149
1.0154180337138383,-0.0000000000000000,0.0000000000000026,0.0000000000001534,-0.0224043432551344,-0.0629082855011142,4.7667849544350895,2.9994217721,889.311
1.0154144960422380,-0.0000000000000006,0.0000000000000165,0.0000000000000487,-0.0224444421704940,-0.0629845534544924,4.7725002524240354,2.9994107995,890.476
1.0154109620100196,-0.0000000000000000,0.0000000000000018,-0.0000000000000041,-0.0224843031362957,0.0630610607819441,4.7782155504129804,2.9993997925,891.642
1.0154074309981980,-0.0000000000000000,0.0000000000000458,0.0000000000002424,-0.0225239263679786,-0.0631378128751361,4.7839308484019263,2.9993887505,892.811
1.0154039023879300,-0.0000000000000004,0.0000000000002423,0.0000000000000483,-0.0225633120783621,-0.0632148151515159,4.7896461463908713,2.9993776728,893.982
1.0154003755603722,-0.0000000000000000,-0.0000000000000002,0.0000000000000007,-0.0226024604770817,0.0632920730535135,4.7953614443798172,2.9993665587,895.155
1.0153968498959818,-0.0000000000000000,0.0000000000000808,-0.0000000000000936,-0.0226413717682551,0.0633695920516717,4.8010767423687621,2.9993554076,896.331
1.0153933247751330,-0.0000000000000000,0.0000000000002179,0.0000000000000499,-0.0226800461535943,-0.0634473776442946,4.8067920403577080,2.9993442186,897.509
1.0153897995781049,-0.0000000000000006,0.0000000000001350,0.0000000000003129,-0.0227184838322270,-0.0635254353591820,4.8125073383466539,2.9993329912,898.689
1.0153862736841857,-0.0000000000000000,0.0000000000000011,0.0000000000000002,-0.0227566849980122,0.0636037707545929,4.8182226363355989,2.9993217245,899.872
1.0153827464723886,0.0000000000000000,0.0000000000000449,-0.0000000000000514,-0.0227946498414853,0.0636823894193059,4.8239379343245439,2.9993104180,901.058
1.0153792173210798,-0.0000000000000006,0.0000000000000373,0.0000000000000327,-0.0228323785502358,-0.0637612969755152,4.8296532323134898,2.9992990707,902.247
1.0153756856080387,-0.0000000000000000,0.0000000000003277,0.0000000000006411,-0.0228698713076008,-0.0638404990773361,4.8353685303024356,2.9992876822,903.438
1.0153721507100000,0.0000000000000000,0.0000000000000051,-0.0000000000000039,-0.0229071282946782,0.0639200014162678,4.8410838282913806,2.9992762514,904.632
1.0153686120031760,-0.0000000000000000,0.0000000000000211,-0.0000000000000226,-0.0229441496872236,0.0639998097165258,4.8467991262803256,2.9992647778,905.829
1.0153650688625044,-0.0000000000000007,0.0000000000001939,-0.0000000000000778,-0.0229809356580462,-0.0640799297408185,4.8525144242692715,2.9992532606,907.029
1.0153615206625601,-0.0000000000000000,0.0000000000002102,0.0000000000004608,-0.0230174863777716,-0.0641603672891566,4.8582297222582174,2.9992416989,908.232
1.0153579667760690,-0.0000000000000000,0.0000000000000003,-0.0000000000000006,-0.0230538020120324,0.0642411282016864,4.8639450202471624,2.9992300920,909.438
1.0153544065749440,-0.0000000000000000,0.0000000000002425,-0.0000000000002642,-0.0230898827224463,0.0643222183575379,4.8696603182361073,2.9992184392,910.647
1.0153508394299717,-0.0000000000000007,0.0000000000001682,0.0000000000000110,-0.0231257286686134,-0.0644036436779325,4.8753756162250532,2.9992067395,911.859
1.0153472647105222,-0.0000000000000007,0.0000000000002089,0.0000000000002836,-0.0231613400061276,-0.0644854101274653,4.8810909142139991,2.9991949923,913.075
1.0153436817844264,-0.0000000000000000,-0.0000000000000026,0.0000000000000038,-0.0231967168867524,0.0645675237144043,4.8868062122029441,2.9991831966,914.294
1.0153400900182883,-0.0000000000000000,0.0000000000000067,-0.0000000000000071,-0.0232318594587306,0.0646499904912936,4.8925215101918891,2.9991713517,915.517
1.0153364887770053,-0.0000000000000000,0.0000000000000028,-0.0000000000000050,-0.0232667678672386,0.0647328165583504,4.8982368081808350,2.9991594567,916.743
1.0153328774238086,-0.0000000000000007,0.0000000000000277,0.0000000000002220,-0.0233014422535717,-0.0648160080630824,4.9039521061697808,2.9991475108,917.973
1.0153292553202811,-0.0000000000000007,-0.0000000000001165,0.0000000000000523,-0.0233358827563450,-0.0648995712032280,4.9096674041587258,2.9991355130,919.206
1.0153256218263296,0.0000000000000000,0.0000000000000037,-0.0000000000000033,-0.0233700895099818,0.0649835122249316,4.9153827021476717,2.9991234626,920.443
1.0153219762995520,-0.0000000000000000,0.0000000000000179,-0.0000000000000194,-0.0234040626455036,0.0650678374283144,4.9210980001366167,2.9991113587,921.684
1.0153183180957472,-0.0000000000000000,-0.0000000000000118,-0.0000000000001660,-0.0234378022904976,-0.0651525531655935,4.9268132981255626,2.9990992003,922.929
1.0153146465690697,-0.0000000000000007,0.0000000000000086,0.0000000000000933,-0.0234713085703657,-0.0652376658446427,4.9325285961145076,2.9990869865,924.178
1.0153109610709352,-0.0000000000000000,0.0000000000000029,-0.0000000000000027,-0.0235045816056890,0.0653231819284096,4.9382438941034534,2.9990747165,925.431
1.0153072609506102,-0.0000000000000000,0.0000000000000022,-0.0000000000000035,-0.0235376215137984,0.0654091079382107,4.9439591920923984,2.9990623892,926.688
1.0153035455552095,-0.0000000000000000,0.0000000000000064,-0.0000000000000116,-0.0235704284093274,0.0654954504543390,4.9496744900813443,2.9990500038,927.949
1.0152998142292893,-0.0000000000000007,0.0000000000000257,0.0000000000002581,-0.0236030024030869,-0.0655822161175398,4.9553897880702902,2.9990375593,929.215
1.0152960663149153,-0.0000000000000000,-0.0000000000001668,0.0000000000000122,-0.0236353436033164,-0.0656694116319473,4.9611050860592352,2.9990250547,930.485
1.0152923011517259,-0.0000000000000000,0.0000000000000036,-0.0000000000000072,-0.0236674521141612,0.0657570437634001,4.9668203840481802,2.9990124890,931.759
1.0152885180761788,-0.0000000000000000,-0.0000000000000019,-0.0000000000000022,-0.0236993280366615,0.0658451193452265,4.9725356820371260,2.9989998612,933.038
1.0152847164222443,-0.0000000000000007,-0.0000000000000015,0.0000000000001324,-0.0237309714686673,-0.0659336452767403,4.9782509800260719,2.9989871704,934.322
1.0152808955210211,-0.0000000000000007,0.0000000000001620,0.0000000000001825,-0.0237623825051786,-0.0660226285268243,4.9839662780150169,2.9989744154,935.610
1.0152770547003922,-0.0000000000000007,0.0000000000001480,0.0000000000004145,-0.0237935612376176,-0.0661120761344939,4.9896815760039619,2.9989615953,936.903
1.0152731932852836,-0.0000000000000000,0.0000000000000047,-0.0000000000000074,-0.0238245077545882,0.0662019952113331,4.9953968739929078,2.9989487090,938.201
1.0152693105972792,-0.0000000000000000,0.0000000000001604,-0.0000000000001436,-0.0238552221405263,0.0662923929423107,5.0011121719818536,2.9989357554,939.504
1.0152654059547850,-0.0000000000000000,0.0000000000001646,-0.0000000000000028,-0.0238857044779391,-0.0663832765890129,5.0068274699707986,2.9989227334,940.812
1.0152614786726695,-0.0000000000000007,0.0000000000000299,0.0000000000001964,-0.0239159548459618,-0.0664746534911493,5.0125427679597436,2.9989096419,942.125
1.0152575280621987,-0.0000000000000007,-0.0000000000001670,-0.0000000000001261,-0.0239459733201923,-0.0665665310680320,5.0182580659486895,2.9988964798,943.444
1.0152535534314484,-0.0000000000000000,-0.0000000000000008,0.0000000000000010,-0.0239757599737948,0.0666589168194247,5.0239733639376354,2.9988832459,944.767
1.0152495540840127,0.0000000000000000,0.0000000000000328,-0.0000000000000318,-0.0240053148762133,0.0667518183306001,5.0296886619265804,2.9988699392,946.097
1.0152455293199976,-0.0000000000000007,-0.0000000000000776,-0.0000000000001624,-0.0240346380942906,-0.0668452432717009,5.0354039599155263,2.9988565583,947.431
1.0152414784358841,-0.0000000000000000,0.0000000000005654,0.0000000000006485,-0.0240637296921753,-0.0669391994007602,5.0411192579044712,2.9988431022,948.771
1.0152374007234795,-0.0000000000000000,0.0000000000002185,0.0000000000002913,-0.0240925897317699,-0.0670336945657725,5.0468345558934171,2.9988295696,950.117
1.0152332954704923,-0.0000000000000000,0.0000000000000032,-0.0000000000000044,-0.0241212182703629,0.0671287367078958,5.0525498538823621,2.9988159593,951.469
1.0152291619604841,0.0000000000000000,0.0000000000001793,-0.0000000000001505,-0.0241496153631215,0.0672243338609128,5.0582651518713080,2.9988022699,952.827
1.0152249994724822,-0.0000000000000000,0.0000000000000030,0.0000000000000979,-0.0241777810631812,-0.0673204941566940,5.0639804498602530,2.9987885004,954.191
1.0152208072810391,-0.0000000000000000,0.0000000000001483,0.0000000000004056,-0.0242057154204124,-0.0674172258255319,5.0696957478491989,2.9987746493,955.561
1.0152165846556112,-0.0000000000000007,-0.0000000000000063,0.0000000000001002,-0.0242334184819563,-0.0675145372000890,5.0754110458381438,2.9987607153,956.937
1.0152123308614696,-0.0000000000000000,-0.0000000000000149,-0.0000000000000537,-0.0242608902929484,0.0676124367155580,5.0811263438270897,2.9987466972,958.319
1.0152080451580043,-0.0000000000000000,-0.0000000000000050,0.0000000000000088,-0.0242881308939998,0.0677109329148263,5.0868416418160347,2.9987325935,959.708
1.0152037268004035,-0.0000000000000007,0.0000000000001005,0.0000000000003713,-0.0243151403256107,-0.0678100344486587,5.0925569398049806,2.9987184028,961.103
1.0151993750380919,-0.0000000000000000,0.0000000000001090,0.0000000000003158,-0.0243419186247714,-0.0679097500806827,5.0982722377939265,2.9987041239,962.505
1.0151949891152701,-0.0000000000000007,0.0000000000000469,0.0000000000002368,-0.0243684658260041,-0.0680100886880936,5.1039875357828715,2.9986897552,963.914
1.0151905682706370,-0.0000000000000000,0.0000000000000021,-0.0000000000000033,-0.0243947819616837,0.0681110592655393,5.1097028337718164,2.9986752953,965.329
1.0151861117371030,-0.0000000000000000,-0.0000000000000032,0.0000000000000045,-0.0244208670614047,0.0682126709270564,5.1154181317607623,2.9986607426,966.752
1.0151816187418603,0.0000000000000000,0.0000000000000030,-0.0000000000000024,-0.0244467211530980,0.0683149329101958,5.1211334297497082,2.9986460958,968.182
1.0151770885061220,-0.0000000000000007,0.0000000000001981,0.0000000000004956,-0.0244723442621447,-0.0684178545778683,5.1268487277386532,2.9986313533,969.619
1.0151725202449153,-0.0000000000000000,0.0000000000001461,0.0000000000004092,-0.0244977364124855,-0.0685214454226784,5.1325640257275982,2.9986165135,971.063
1.0151679131670839,-0.0000000000000000,0.0000000000000164,-0.0000000000000357,-0.0245228976255946,0.0686257150687558,5.1382793237165441,2.9986015749,972.514
1.0151632664749894,-0.0000000000000000,0.0000000000000016,-0.0000000000000026,-0.0245478279207848,0.0687306732749152,5.1439946217054899,2.9985865358,973.974
1.0151585793643416,-0.0000000000000000,0.0000000000000301,-0.0000000000000197,-0.0245725273157995,0.0688363299394344,5.1497099196944349,2.9985713946,975.441
1.0151538510241263,-0.0000000000000007,0.0000000000001848,-0.0000000000000006,-0.0245969958264925,-0.0689426951018694,5.1554252176833799,2.9985561497,976.915
1.0151490806364718,-0.0000000000000000,0.0000000000001758,0.0000000000004145,-0.0246212334678301,-0.0690497789482258,5.1611405156723258,2.9985407992,978.398
1.0151442673761422,-0.0000000000000000,-0.0000000000000755,0.0000000000000270,-0.0246452402522615,-0.0691575918125603,5.1668558136612717,2.9985253416,979.889
1.0151394104109863,-0.0000000000000000,0.0000000000000005,-0.0000000000000005,-0.0246690161910432,0.0692661441814228,5.1725711116502167,2.9985097750,981.388
1.0151345089009767,-0.0000000000000000,0.0000000000000023,-0.0000000000000038,-0.0246925612940129,0.0693754466984022,5.1782864096391625,2.9984940977,982.895
1.0151295619986669,0.0000000000000000,0.0000000000000052,-0.0000000000000065,-0.0247158755699913,0.0694855101671028,5.1840017076281075,2.9984783078,984.411
1.0151245688486485,-0.0000000000000007,0.0000000000000151,0.0000000000001882,-0.0247389590263682,-0.0695963455554053,5.1897170056170534,2.9984624034,985.936
1.0151195285876340,-0.0000000000000000,0.0000000000000028,0.0000000000000061,-0.0247618116699686,-0.0697079639991614,5.1954323036059984,2.9984463827,987.469
1.0151144403437973,-0.0000000000000007,-0.0000000000000297,0.0000000000000975,-0.0247844335062509,-0.0698203768078959,5.2011476015949434,2.9984302438,989.011
1.0151093032371983,-0.0000000000000000,-0.0000000000000012,0.0000000000000023,-0.0248068245401792,0.0699335954662112,5.2068628995838893,2.9984139846,990.563
1.0151041163789285,-0.0000000000000000,0.0000000000000028,-0.0000000000000063,-0.0248289847757669,0.0700476316410625,5.2125781975728351,2.9983976031,992.123
1.0150988788713835,-0.0000000000000000,0.0000000000000022,-0.0000000000000029,-0.0248509142168675,0.0701624971848857,5.2182934955617810,2.9983810974,993.693
1.0150935898078111,-0.0000000000000007,-0.0000000000000652,0.0000000000000037,-0.0248726128667735,-0.0702782041402498,5.2240087935507251,2.9983644653,995.272
1.0150882482721106,-0.0000000000000007,-0.0000000000002557,-0.0000000000003218,-0.0248940807288718,-0.0703947647459673,5.2297240915396710,2.9983477047,996.861
1.0150828533387986,-0.0000000000000000,-0.0000000000000152,0.0000000000000912,-0.0249153178060251,-0.0705121914399750,5.2354393895286169,2.9983308134,998.460
1.0150774040723682,-0.0000000000000000,0.0000000000000043,-0.0000000000000056,-0.0249363241019179,0.0706304968662566,5.2411546875175627,2.9983137893,1000.069
1.0150718995273988,-0.0000000000000000,0.0000000000000011,-0.0000000000000012,-0.0249570996197625,0.0707496938783438,5.2468699855065077,2.9982966300,1001.688
1.0150663387482073,-0.0000000000000000,0.0000000000000253,-0.0000000000000159,-0.0249776443637887,0.0708697955465703,5.2525852834954527,2.9982793332,1003.317
1.0150607207683788,-0.0000000000000000,-0.0000000000000566,-0.0000000000007957,-0.0249979583384074,-0.0709908151624750,5.2583005814843986,2.9982618967,1004.957
1.0150550446115056,-0.0000000000000000,0.0000000000000065,-0.0000000000000092,-0.0250180415503911,0.0711127662448008,5.2640158794733445,2.9982443180,1006.608
1.0150493092888060,0.0000000000000000,0.0000000000000499,0.0000000000000432,-0.0250378940050321,0.0712356625454008,5.2697311774622895,2.9982265946,1008.269
1.0150435138013725,-0.0000000000000000,-0.0000000000000862,-0.0000000000003953,-0.0250575157116270,-0.0713595180544443,5.2754464754512345,2.9982087242,1009.941
1.0150376571379767,-0.0000000000000000,-0.0000000000001058,-0.0000000000002189,-0.0250769066789668,-0.0714843470088707,5.2811617734401803,2.9981907040,1011.625
1.0150317382757352,-0.0000000000000000,0.0000000000000570,-0.0000000000003685,-0.0250960669186351,0.0716101638967487,5.2868770714291262,2.9981725316,1013.320
1.0150257561796558,-0.0000000000000000,0.0000000000000193,-0.0000000000000092,-0.0251149964441644,0.0717369834642796,5.2925923694180712,2.9981542042,1015.027
1.0150197098020266,-0.0000000000000007,-0.0000000000002783,-0.0000000000004090,-0.0251336952710650,-0.0718648207225775,5.2983076674070162,2.9981357192,1016.745
1.0150135980826387,0.0000000000000000,0.0000000000000187,-0.0000000000000077,-0.0251521634176662,0.0719936909566270,5.3040229653959621,2.9981170738,1018.475
1.0150074199477328,-0.0000000000000007,-0.0000000000002680,-0.0000000000003511,-0.0251704009049628,-0.0721236097289790,5.3097382633849080,2.9980982651,1020.218
1.0150011743106253,0.0000000000000000,0.0000000000001126,-0.0000000000000423,-0.0251884077572353,0.0722545928905525,5.3154535613738529,2.9980792903,1021.973
1.0149948600703420,-0.0000000000000002,-0.0000000000000825,-0.0000000000001009,-0.0252061840021836,-0.0723866565862611,5.3211688593627979,2.9980601464,1023.740
1.0149884761120742,0.0000000000000000,-0.0000000000000003,0.0000000000000005,-0.0252237296713694,0.0725198172651259,5.3268841573517438,2.9980408304,1025.520
1.0149820213063310,-0.0000000000000000,-0.0000000000000011,0.0000000000000018,-0.0252410448000403,0.0726540916850119,5.3325994553406897,2.9980213392,1027.314
1.0149754945088925,-0.0000000000000000,-0.0000000000001163,-0.0000000000002367,-0.0252581294283836,-0.0727894969243816,5.3383147533296356,2.9980016696,1029.120
1.0149688945602044,-0.0000000000000000,0.0000000000000433,-0.0000000000000121,-0.0252749836011889,0.0729260503908285,5.3440300513185797,2.9979818185,1030.940
1.0149622202849775,-0.0000000000000007,-0.0000000000004249,-0.0000000000008471,-0.0252916073685270,-0.0730637698272700,5.3497453493075255,2.9979617825,1032.774
1.0149554704925847,0.0000000000000000,0.0000000000000023,-0.0000000000000037,-0.0253080007864758,0.0732026733246928,5.3554606472964714,2.9979415582,1034.621
1.0149486439747826,-0.0000000000000000,-0.0000000000001263,-0.0000000000000660,-0.0253241639163137,-0.0733427793293728,5.3611759452854164,2.9979211422,1036.483
1.0149417395073703,-0.0000000000000000,-0.0000000000001589,-0.0000000000001702,-0.0253400968266530,-0.0734841066548570,5.3668912432743623,2.9979005310,1038.359
1.0149347558484745,0.0000000000000000,0.0000000000000167,-0.0000000000000040,-0.0253557995925912,0.0736266744910361,5.3726065412633073,2.9978797209,1040.250
1.0149276917385686,-0.0000000000000007,-0.0000000000001879,-0.0000000000002140,-0.0253712722968907,-0.0737705024135097,5.3783218392522532,2.9978587083,1042.156
1.0149205458999289,-0.0000000000000000,-0.0000000000000001,0.0000000000000021,-0.0253865150302441,0.0739156103988282,5.3840371372411990,2.9978374893,1044.077
1.0149133170360765,-0.0000000000000000,0.0000000000000037,-0.0000000000000055,-0.0254015278918010,0.0740620188305210,5.3897524352301431,2.9978160602,1046.013
1.0149060038313955,-0.0000000000000000,-0.0000000000001045,-0.0000000000002791,-0.0254163109897852,-0.0742097485147984,5.3954677332190890,2.9977944168,1047.965
1.0148986049505879,-0.0000000000000000,0.0000000000000040,-0.0000000000000061,-0.0254308644421142,0.0743588206923370,5.4011830312080349,2.9977725553,1049.934
1.0148911190381296,0.0000000000000000,0.0000000000000051,-0.0000000000000079,-0.0254451883768793,0.0745092570482065,5.4068983291969808,2.9977504714,1051.918
1.0148835447177027,-0.0000000000000007,-0.0000000000002696,-0.0000000000002905,-0.0254592829330492,-0.0746610797276782,5.4126136271859258,2.9977281608,1053.919
1.0148758805919358,-0.0000000000000000,0.0000000000000039,-0.0000000000000068,-0.0254731482614176,0.0748143113500013,5.4183289251748707,2.9977056192,1055.937
1.0148681252412173,-0.0000000000000000,0.0000000000000099,-0.0000000000000015,-0.0254867845246460,0.0749689750190944,5.4240442231638166,2.9976828421,1057.972
1.0148602772236957,-0.0000000000000000,-0.0000000000000851,-0.0000000000003948,-0.0255001918986350,-0.0751250943415913,5.4297595211527625,2.9976598250,1060.024
1.0148523350745093,-0.0000000000000000,0.0000000000000010,-0.0000000000000009,-0.0255133705731820,0.0752826934407253,5.4354748191417075,2.9976365631,1062.095
1.0148442973049157,-0.0000000000000000,-0.0000000000000007,-0.0000000000000047,-0.0255263207523864,0.0754417969707782,5.4411901171306525,2.9976130516,1064.183
1.0148361624019233,-0.0000000000000007,-0.0000000000001955,-0.0000000000003377,-0.0255390426559626,-0.0756024301343717,5.4469054151195984,2.9975892855,1066.290
1.0148279288274906,-0.0000000000000000,-0.0000000000002415,-0.0000000000002932,-0.0255515365198861,-0.0757646187003500,5.4526207131085442,2.9975652599,1068.416
1.0148195950181191,-0.0000000000000000,0.0000000000000016,-0.0000000000000004,-0.0255638025977549,0.0759283890181536,5.4583360110974892,2.9975409695,1070.561
1.0148111593834175,-0.0000000000000000,-0.0000000000000657,-0.0000000000002234,-0.0255758411607491,-0.0760937680373835,5.4640513090864342,2.9975164090,1072.725
1.0148026203060971,-0.0000000000000007,-0.0000000000002000,-0.0000000000005989,-0.0255876524998800,-0.0762607833284347,5.4697666070753801,2.9974915729,1074.909
1.0147939761410805,-0.0000000000000000,0.0000000000000028,-0.0000000000000039,-0.0255992369261918,0.0764294630981423,5.4754819050643260,2.9974664556,1077.113
1.0147852252142757,-0.0000000000000000,0.0000000000000038,0.0000000000000009,-0.0256105947724308,0.0765998362126066,5.4811972030532710,2.9974410513,1079.338
1.0147763658222528,-0.0000000000000000,-0.0000000000001675,-0.0000000000001975,-0.0256217263939316,-0.0767719322169585,5.4869125010422168,2.9974153542,1081.584
1.0147673962311166,-0.0000000000000000,-0.0000000000000027,0.0000000000000064,-0.0256326321699457,0.0769457813591042,5.4926277990311618,2.9973893580,1083.852
1.0147583146757690,-0.0000000000000000,0.0000000000000022,0.0000000000000021,-0.0256433125049929,0.0771214146080131,5.4983430970201077,2.9973630567,1086.141
1.0147491193588138,-0.0000000000000008,-0.0000000000003955,-0.0000000000007114,-0.0256537678300898,-0.0772988636810645,5.5040583950090536,2.9973364437,1088.452
1.0147398084501820,-0.0000000000000000,0.0000000000000070,-0.0000000000000032,-0.0256639986047671,0.0774781610688970,5.5097736929979977,2.9973095126,1090.786
1.0147303800850926,0.0000000000000000,0.0000000000000041,-0.0000000000000062,-0.0256740053174456,0.0776593400558972,5.5154889909869436,2.9972822564,1093.144
1.0147208323641213,-0.0000000000000001,-0.0000000000001966,-0.0000000000003551,-0.0256837884882649,-0.0778424347514452,5.5212042889758894,2.9972546683,1095.524
1.0147111633516130,-0.0000000000000000,-0.0000000000000017,0.0000000000000024,-0.0256933486699727,0.0780274801167181,5.5269195869648353,2.9972267411,1097.929
1.0147013710746393,-0.0000000000000000,-0.0000000000001358,-0.0000000000004291,-0.0257026864500487,-0.0782145119898461,5.5326348849537803,2.9971984674,1100.358
1.0146914535222014,-0.0000000000000000,-0.0000000000001926,-0.0000000000002048,-0.0257118024526923,-0.0784035671195912,5.5383501829427253,2.9971698397,1102.812
1.0146814086434399,-0.0000000000000000,0.0000000000000593,0.0000000000000226,-0.0257206973400459,0.0785946831952293,5.5440654809316712,2.9971408501,1105.292
1.0146712343471329,-0.0000000000000006,-0.0000000000001731,-0.0000000000003968,-0.0257293718154544,-0.0787878988765447,5.5497807789206162,2.9971114907,1107.798
1.0146609284998658,-0.0000000000000000,-0.0000000000000000,0.0000000000000003,-0.0257378266242486,0.0789832538315147,5.5554960769095620,2.9970817531,1110.330
1.0146504889251158,0.0000000000000000,0.0000000000000626,0.0000000000000319,-0.0257460625571971,0.0791807887669235,5.5612113748985070,2.9970516289,1112.889
1.0146399134018493,-0.0000000000000007,-0.0000000000001618,-0.0000000000004120,-0.0257540804526327,-0.0793805454687757,5.5669266728874529,2.9970211093,1115.476
1.0146291996628505,-0.0000000000000000,-0.0000000000001079,-0.0000000000002764,-0.0257618811982963,-0.0795825668386052,5.5726419708763988,2.9969901854,1118.090
1.0146183453934987,-0.0000000000000000,-0.0000000000000031,0.0000000000000072,-0.0257694657348600,0.0797868969334221,5.5783572688653438,2.9969588477,1120.734
1.0146073482303108,-0.0000000000000000,0.0000000000000669,0.0000000000000243,-0.0257768350584301,0.0799935810062907,5.5840725668542888,2.9969270868,1123.407
1.0145962057593136,-0.0000000000000000,-0.0000000000001747,-0.0000000000003021,-0.0257839902237935,-0.0802026655521047,5.5897878648432346,2.9968948928,1126.110
1.0145849155139908,-0.0000000000000007,-0.0000000000000794,-0.0000000000003847,-0.0257909323465423,-0.0804141983520762,5.5955031628321805,2.9968622554,1128.844
1.0145734749745654,-0.0000000000000011,-0.0000000000001845,-0.0000000000005640,-0.0257976626082025,-0.0806282285180609,5.6012184608211255,2.9968291642,1131.609
1.0145618815650859,0.0000000000000000,-0.0000000000000027,0.0000000000000033,-0.0258041822577272,0.0808448065472541,5.6069337588100705,2.9967956084,1134.405
1.0145501326523174,0.0000000000000000,-0.0000000000000085,0.0000000000000067,-0.0258104926168428,0.0810639843697852,5.6126490567990164,2.9967615768,1137.235
1.0145382255435840,-0.0000000000000000,-0.0000000000003804,-0.0000000000007272,-0.0258165950830606,-0.0812858154046017,5.6183643547879623,2.9967270578,1140.098
1.0145261574849478,-0.0000000000000000,0.0000000000000416,-0.0000000000002719,-0.0258224911337919,-0.0815103546168874,5.6240796527769081,2.9966920396,1142.995
1.0145139256586686,-0.0000000000000007,-0.0000000000002859,-0.0000000000007425,-0.0258281823316174,-0.0817376585752595,5.6297949507658522,2.9966565098,1145.926
1.0145015271817301,-0.0000000000000000,-0.0000000000000024,0.0000000000000055,-0.0258336703274932,0.0819677855153606,5.6355102487547981,2.9966204557,1148.894
1.0144889591028325,-0.0000000000000000,-0.0000000000000076,0.0000000000000095,-0.0258389568670299,0.0822007954047942,5.6412255467437440,2.9965838642,1151.897
1.0144762184005729,-0.0000000000000000,-0.0000000000000004,0.0000000000000011,-0.0258440437948010,0.0824367500113101,5.6469408447326890,2.9965467217,1154.938
1.0144633019807427,-0.0000000000000007,-0.0000000000001555,-0.0000000000004679,-0.0258489330601076,-0.0826757129737495,5.6526561427216349,2.9965090142,1158.018
1.0144502066737400,-0.0000000000000000,-0.0000000000002568,-0.0000000000005036,-0.0258536267229184,-0.0829177498793730,5.6583714407105798,2.9964707272,1161.136
1.0144369292320292,-0.0000000000000000,-0.0000000000000006,-0.0000000000000036,-0.0258581269596172,0.0831629283392445,5.6640867386995257,2.9964318457,1164.294
1.0144234663271328,-0.0000000000000000,-0.0000000000000005,0.0000000000000011,-0.0258624360701710,0.0834113180726775,5.6698020366884707,2.9963923540,1167.492
1.0144098145468501,0.0000000000000000,0.0000000000000041,-0.0000000000000057,-0.0258665564845448,0.0836629909949715,5.6755173346774166,2.9963522362,1170.733
1.0143959703919858,-0.0000000000000007,-0.0000000000004727,-0.0000000000009037,-0.0258704907701642,-0.0839180213067832,5.6812326326663616,2.9963114755,1174.016
1.0143819302736212,-0.0000000000000007,-0.0000000000002560,-0.0000000000006011,-0.0258742416401812,-0.0841764855944242,5.6869479306553075,2.9962700547,1177.343
1.0143676905090413,-0.0000000000000000,-0.0000000000003698,-0.0000000000007889,-0.0258778119609396,-0.0844384629226887,5.6926632286442533,2.9962279559,1180.715
1.0143532473186065,-0.0000000000000000,0.0000000000000010,-0.0000000000000072,-0.0258812047611749,0.0847040349503498,5.6983785266331983,2.9961851605,1184.133
1.0143385968221206,-0.0000000000000000,0.0000000000000068,-0.0000000000000140,-0.0258844232421208,0.0849732860356374,5.7040938246221433,2.9961416494,1187.598
1.0143237350348380,-0.0000000000000000,-0.0000000000000021,0.0000000000000035,-0.0258874707863566,0.0852463033573628,5.7098091226110892,2.9960974025,1191.111
1.0143086578634075,-0.0000000000000000,-0.0000000000000005,0.0000000000000036,-0.0258903509690066,0.0855231770380393,5.7155244206000342,2.9960523992,1194.674
1.0142933611016265,-0.0000000000000007,-0.0000000000003372,-0.0000000000007350,-0.0258930675691400,-0.0858040002749213,5.7212397185889801,2.9960066180,1198.287
1.0142778404260298,-0.0000000000000000,-0.0000000000000008,0.0000000000000003,-0.0258956245811635,0.0860888694792669,5.7269550165779251,2.9959600364,1201.952
1.0142620913910625,-0.0000000000000000,0.0000000000000035,-0.0000000000000075,-0.0258980262288465,0.0863778844203664,5.7326703145668709,2.9959126315,1205.671
1.0142461094242807,-0.0000000000000000,-0.0000000000003304,-0.0000000000007914,-0.0259002769779970,-0.0866711483813934,5.7383856125558168,2.9958643789,1209.445
1.0142298898211546,-0.0000000000000000,-0.0000000000003916,-0.0000000000003952,-0.0259023815512644,-0.0869687683224612,5.7441009105447618,2.9958152538,1213.274
1.0142134277395949,-0.0000000000000000,-0.0000000000000021,0.0000000000000051,-0.0259043449441251,0.0872708550516336,5.7498162085337068,2.9957652299,1217.162
1.0141967181941354,-0.0000000000000000,-0.0000000000000060,0.0000000000000078,-0.0259061724415658,0.0875775234075404,5.7555315065226527,2.9957142802,1221.108
1.0141797560500452,-0.0000000000000003,-0.0000000000003279,-0.0000000000005238,-0.0259078696355012,-0.0878888924530943,5.7612468045115985,2.9956623764,1225.116
1.0141625360169457,0.0000000000000000,-0.0000000000000008,-0.0000000000000007,-0.0259094424440346,0.0882050856805742,5.7669621025005435,2.9956094891,1229.186
1.0141450526419920,0.0000000000000000,-0.0000000000000044,0.0000000000000038,-0.0259108971322609,0.0885262312254784,5.7726774004894894,2.9955555876,1233.320
1.0141273003029279,-0.0000000000000007,-0.0000000000002988,-0.0000000000006771,-0.0259122403337334,-0.0888524620992917,5.7783926984784344,2.9955006399,1237.520
1.0141092732006249,-0.0000000000000000,0.0000000000000023,-0.0000000000000043,-0.0259134790738129,0.0891839164330410,5.7841079964673803,2.9954446128,1241.788
1.0140909653510966,-0.0000000000000000,0.0000000000000248,0.0000000000000423,-0.0259146207955142,0.0895207377341961,5.7898232944563253,2.9953874715,1246.126
1.0140723705773131,-0.0000000000000003,0.0000000000000098,-0.0000000000002373,-0.0259156733859133,-0.0898630751658505,5.7955385924452703,2.9953291795,1250.536
1.0140534825005099,-0.0000000000000000,0.0000000000000201,0.0000000000000535,-0.0259166452053990,0.0902110838343322,5.8012538904342161,2.9952696991,1255.019
1.0140342945304543,-0.0000000000000000,0.0000000000000031,-0.0000000000000070,-0.0259175451187281,0.0905649251078509,5.8069691884231620,2.9952089905,1259.579
1.0140147998560476,0.0000000000000000,-0.0000000000000058,0.0000000000000072,-0.0259183825286399,0.0909247669416777,5.8126844864121079,2.9951470123,1264.217
1.0139949914346851,-0.0000000000000000,0.0000000000001813,0.0000000000001716,-0.0259191674119183,-0.0912907842364391,5.8183997844010520,2.9950837212,1268.936
1.0139748619814974,-0.0000000000000000,-0.0000000000000050,0.0000000000000063,-0.0259199103592511,0.0916631592137681,5.8241150823899979,2.9950190717,1273.738
1.0139544039570580,-0.0000000000000000,-0.0000000000002100,0.0000000000000728,-0.0259206226149242,0.0920420818195656,5.8298303803789437,2.9949530163,1278.626
1.0139336095553277,-0.0000000000000007,-0.0000000000001545,0.0000000000002820,-0.0259213161246636,0.0924277501560316,5.8355456783678887,2.9948855052,1283.603
1.0139124706907419,-0.0000000000000000,-0.0000000000000044,0.0000000000000055,-0.0259220035832260,0.0928203709380483,5.8412609763568346,2.9948164862,1288.670
1.0138909789833179,-0.0000000000000000,0.0000000000001856,0.0000000000000186,-0.0259226984867317,-0.0932201599900757,5.8469762743457796,2.9947459044,1293.832
1.0138691257446322,-0.0000000000000000,0.0000000000001845,0.0000000000001330,-0.0259234151918547,-0.0936273427726261,5.8526915723347255,2.9946737024,1299.091
1.0138469019612333,-0.0000000000000000,-0.0000000000000066,0.0000000000000085,-0.0259241689757749,0.0940421549452909,5.8584068703236714,2.9945998197,1304.451
1.0138242982779035,-0.0000000000000000,0.0000000000003135,0.0000000000001302,-0.0259249761038275,-0.0944648429771173,5.8641221683126155,2.9945241927,1309.915
1.0138013049796539,-0.0000000000000007,0.0000000000004573,0.0000000000005239,-0.0259258539035016,-0.0948956647971892,5.8698374663015613,2.9944467547,1315.485
1.0137779119724282,-0.0000000000000000,-0.0000000000000012,0.0000000000000011,-0.0259268208426784,0.0953348904941799,5.8755527642905072,2.9943674353,1321.167
1.0137541087623065,0.0000000000000000,0.0000000000000067,-0.0000000000000102,-0.0259278966150336,0.0957828030723308,5.8812680622794531,2.9942861604,1326.964
1.0137298844335787,-0.0000000000000000,0.0000000000001476,0.0000000000000005,-0.0259291022351847,-0.0962396992624707,5.8869833602683981,2.9942028519,1332.879
1.0137052276251710,-0.0000000000000007,0.0000000000004638,0.0000000000003091,-0.0259304601400238,-0.0967058903983352,5.8926986582573431,2.9941174274,1338.918
1.0136801265050688,-0.0000000000000000,-0.0000000000000026,0.0000000000000008,-0.0259319943003760,0.0971817033630482,5.8984139562462889,2.9940297998,1345.084
1.0136545687436882,-0.0000000000000000,0.0000000000000116,-0.0000000000000182,-0.0259337303415581,0.0976674816078587,5.9041292542352348,2.9939398774,1351.383
1.0136285414843060,-0.0000000000000000,0.0000000000004916,0.0000000000006643,-0.0259356956776042,-0.0981635862607910,5.9098445522241798,2.9938475629,1357.818
1.0136020313118967,-0.0000000000000000,0.0000000000008067,0.0000000000009410,-0.0259379196567997,-0.0986703973233376,5.9155598502131248,2.9937527533,1364.396
1.0135750242197203,-0.0000000000000000,0.0000000000000029,-0.0000000000000045,-0.0259404337208656,0.0991883149659592,5.9212751482020707,2.9936553399,1371.122
1.0135475055725212,-0.0000000000000000,-0.0000000000000056,0.0000000000000103,-0.0259432715786611,0.0997177609424079,5.9269904461910166,2.9935552070,1378.001
1.0135194600679303,-0.0000000000000000,-0.0000000000000027,0.0000000000000027,-0.0259464694013433,0.1002591801189161,5.9327057441799615,2.9934522321,1385.040
1.0134908716939703,-0.0000000000000001,0.0000000000000383,-0.0000000000002837,-0.0259500660323500,-0.1008130421435939,5.9384210421689065,2.9933462850,1392.245
1.0134617236836454,-0.0000000000000000,0.0000000000000045,-0.0000000000000048,-0.0259541032216344,0.1013798432671259,5.9441363401578524,2.9932372272,1399.623
1.0134319984652005,-0.0000000000000007,0.0000000000004903,0.0000000000006547,-0.0259586258823823,-0.1019601083242053,5.9498516381467983,2.9931249114,1407.181
1.0134016776090122,0.0000000000000000,-0.0000000000000099,0.0000000000000708,-0.0259636823775369,0.1025543929069657,5.9555669361357433,2.9930091806,1414.926
1.0133707417692346,-0.0000000000000000,-0.0000000000000036,0.0000000000000444,-0.0259693248330494,0.1031632857425469,5.9612822341246892,2.9928898674,1422.867
1.0133391706208132,-0.0000000000000003,-0.0000000000006396,0.0000000000009831,-0.0259756094890345,0.1037874112947006,5.9669975321136342,2.9927667930,1431.012
1.0133069427907246,-0.0000000000000007,-0.0000000000003845,0.0000000000003033,-0.0259825970888255,0.1044274326289451,5.9727128301025800,2.9926397663,1439.370
1.0132740357833609,-0.0000000000000000,-0.0000000000000165,0.0000000000000184,-0.0259903533098795,0.1050840545598567,5.9784281280915259,2.9925085826,1447.951
1.0132404258984606,-0.0000000000000000,0.0000000000015480,0.0000000000017528,-0.0259989492456568,-0.1057580271209150,5.9841434260804700,2.9923730229,1456.766
1.0132060881420306,-0.0000000000000000,-0.0000000000000052,0.0000000000000159,-0.0260084619481077,0.1064501493951851,5.9898587240694159,2.9922328518,1465.824
1.0131709961286255,-0.0000000000000007,0.0000000000008244,0.0000000000011512,-0.0260189750235577,-0.1071612737525346,5.9955740220583618,2.9920878166,1475.138
1.0131351219736804,-0.0000000000000007,0.0000000000009305,0.0000000000014727,-0.0260305793155795,-0.1078923105444543,6.0012893200473076,2.9919376453,1484.721
1.0130984361759598,-0.0000000000000000,0.0000000000000017,-0.0000000000000026,-0.0260433736607840,0.1086442333168565,6.0070046180362526,2.9917820449,1494.585
1.0130609074874135,-0.0000000000000000,-0.0000000000000123,0.0000000000000156,-0.0260574657444494,0.1094180846119872,6.0127199160251976,2.9916206990,1504.745
1.0130225027700988,-0.0000000000000000,0.0000000000011579,0.0000000000013042,-0.0260729730685098,-0.1102149824370381,6.0184352140141435,2.9914532660,1515.216
1.0129831868375079,-0.0000000000000007,0.0000000000016110,0.0000000000020392,-0.0260900240446194,-0.1110361274949216,6.0241505120030894,2.9912793755,1526.015
1.0129429222795350,-0.0000000000000000,-0.0000000000000165,0.0000000000000282,-0.0261087592339245,0.1118828112811038,6.0298658099920344,2.9910986264,1537.160
1.0129016692674464,-0.0000000000000000,0.0000000000000050,-0.0000000000000036,-0.0261293327564582,0.1127564251819225,6.0355811079809794,2.9909105823,1548.669
1.0128593853370300,0.0000000000000000,0.0000000000000032,-0.0000000000000054,-0.0261519139037891,0.1136584707129006,6.0412964059699252,2.9907147687,1560.564
