x0_n,y0_n,z0_n,xd0_n,yd0_n,zd0_n,Tp,JC,L2ExcessVelocity_mps,...,error_tol=1e-12,n_Nodes=6,stepsize=1.0
1.0108051544748988,0.0000000000000000,-0.0251309319413694,0.0000000000000031,-0.0244464403229213,-0.0000000000000168,2.0544072766870833,3.0008871314,717.017
1.0108257471082303,-0.0000000000000000,-0.0251313735356889,-0.0000000000028130,-0.0244790116993386,0.0000000000007747,2.0565511759487394,3.0008863009,717.126
1.0108463175366762,-0.0000000000000000,-0.0251317898834299,-0.0000000000030354,-0.0245114866647151,0.0000000000008119,2.0586950752103954,3.0008854769,717.235
1.0108668659030859,-0.0000000000000002,-0.0251321809122402,-0.0000000000030505,-0.0245438655504698,0.0000000000008410,2.0608389744720514,3.0008846594,717.342
1.0108873923517745,-0.0000000000000009,-0.0251325465489304,-0.0000000000030080,-0.0245761486875271,0.0000000000008082,2.0629828737337075,3.0008838484,717.449
1.0109078970261980,-0.0000000000000007,-0.0251328867195338,-0.0000000000030821,-0.0246083364032799,0.0000000000008398,2.0651267729953631,3.0008830440,717.555
1.0109283800689541,-0.0000000000000007,-0.0251332013492941,-0.0000000000034636,-0.0246404290216700,0.0000000000007731,2.0672706722570191,3.0008822460,717.660
1.0109488416230770,-0.0000000000000009,-0.0251334903626862,-0.0000000000029704,-0.0246724268646085,0.0000000000008752,2.0694145715186751,3.0008814547,717.764
1.0109692818287124,-0.0000000000000007,-0.0251337536830519,-0.0000000000029471,-0.0247043302484582,0.0000000000008411,2.0715584707803312,3.0008806698,717.867
1.0109897008266833,-0.0000000000000007,-0.0251339912331530,-0.0000000000029907,-0.0247361394877401,0.0000000000009099,2.0737023700419872,3.0008798915,717.970
1.0110100987567461,-0.0000000000000005,-0.0251342029347668,-0.0000000000031072,-0.0247678548934144,0.0000000000009655,2.0758462693036432,3.0008791198,718.071
1.0110304757580537,-0.0000000000000007,-0.0251343887089408,-0.0000000000030842,-0.0247994767733048,0.0000000000009760,2.0779901685652993,3.0008783547,718.172
1.0110508319688203,-0.0000000000000000,-0.0251345484757059,-0.0000000000030567,-0.0248310054318051,0.0000000000009501,2.0801340678269553,3.0008775961,718.272
1.0110711675266579,-0.0000000000000000,-0.0251346821543544,-0.0000000000029463,-0.0248624411702159,0.0000000000009404,2.0822779670886113,3.0008768441,718.370
1.0110914825711568,-0.0000000000000000,-0.0251347896632977,-0.0000000000000006,-0.0248937842900105,0.0000000000000022,2.0844218663502669,3.0008760988,718.468
1.0111117772329536,-0.0000000000000000,-0.0251348709197335,0.0000000000000016,-0.0249250350793509,-0.0000000000000069,2.0865657656119230,3.0008753600,718.566
1.0111320516503861,-0.0000000000000000,-0.0251349258404257,0.0000000000000001,-0.0249561938335284,0.0000000000000013,2.0887096648735790,3.0008746278,718.662
1.0111523059583034,-0.0000000000000000,-0.0251349543410851,0.0000000000000011,-0.0249872608413133,-0.0000000000000043,2.0908535641352350,3.0008739023,718.757
1.0111725402909046,-0.0000000000000000,-0.0251349563365318,0.0000000000000001,-0.0250182363883994,0.0000000000000029,2.0929974633968911,3.0008731834,718.852
1.0111927547817419,-0.0000000000000000,-0.0251349317406952,0.0000000000000013,-0.0250491207574352,-0.0000000000000053,2.0951413626585471,3.0008724712,718.945
1.0112129495638515,-0.0000000000000000,-0.0251348804664545,-0.0000000000000005,-0.0250799142282682,-0.0000000000000277,2.0972852619202031,3.0008717656,719.038
1.0112331247692250,-0.0000000000000000,-0.0251348024263257,0.0000000000000005,-0.0251106170769173,-0.0000000000000126,2.0994291611818592,3.0008710666,719.130
1.0112532805297902,-0.0000000000000000,-0.0251346975312069,0.0000000000000013,-0.0251412295775139,-0.0000000000000080,2.1015730604435152,3.0008703744,719.220
1.0112734169765962,-0.0000000000000000,-0.0251345656914425,-0.0000000000000002,-0.0251717520006707,0.0000000000000003,2.1037169597051713,3.0008696888,719.310
1.0112935342401188,-0.0000000000000000,-0.0251344068164295,0.0000000000000020,-0.0252021846141128,-0.0000000000000072,2.1058608589668268,3.0008690099,719.400
1.0113136324502632,0.0000000000000000,-0.0251342208146302,0.0000000000000004,-0.0252325276826623,-0.0000000000000022,2.1080047582284829,3.0008683378,719.488
1.0113337117363665,-0.0000000000000000,-0.0251340075935698,-0.0000000000000009,-0.0252627814682576,0.0000000000000048,2.1101486574901389,3.0008676723,719.575
1.0113537722272070,0.0000000000000000,-0.0251337670598363,0.0000000000000026,-0.0252929462299664,-0.0000000000000109,2.1122925567517949,3.0008670136,719.662
1.0113738140480848,-0.0000000000000000,-0.0251334991189191,-0.0000000000031196,-0.0253230222204298,0.0000000000012044,2.1144364560134510,3.0008663615,719.747
1.0113938373324809,-0.0000000000000001,-0.0251332036758335,-0.0000000000031867,-0.0253530097001021,0.0000000000012430,2.1165803552751070,3.0008657163,719.832
1.0114138422047534,-0.0000000000000000,-0.0251328806341858,-0.0000000000031548,-0.0253829089161085,0.0000000000012455,2.1187242545367631,3.0008650778,719.916
1.0114338287913653,-0.0000000000000007,-0.0251325298968010,-0.0000000000031938,-0.0254127201160017,0.0000000000012794,2.1208681537984191,3.0008644461,719.998
1.0114537972185818,-0.0000000000000000,-0.0251321513654183,-0.0000000000032096,-0.0254424435449908,0.0000000000012610,2.1230120530600751,3.0008638211,720.080
1.0114737476118913,-0.0000000000000007,-0.0251317449409146,-0.0000000000033344,-0.0254720794451416,0.0000000000013228,2.1251559523217307,3.0008632029,720.161
1.0114936800963661,-0.0000000000000000,-0.0251313105231736,-0.0000000000036182,-0.0255016280558567,0.0000000000013602,2.1272998515833867,3.0008625916,720.242
1.0115135947967155,-0.0000000000000002,-0.0251308480111521,-0.0000000000039484,-0.0255310896139771,0.0000000000012895,2.1294437508450428,3.0008619870,720.321
1.0115334918379080,-0.0000000000000007,-0.0251303573028027,-0.0000000000033559,-0.0255604643544172,0.0000000000013887,2.1315876501066988,3.0008613893,720.399
1.0115533713424933,-0.0000000000000002,-0.0251298382949052,-0.0000000000033197,-0.0255897525073225,0.0000000000013784,2.1337315493683549,3.0008607984,720.477
1.0115732334341356,-0.0000000000000007,-0.0251292908834257,-0.0000000000032724,-0.0256189543017994,0.0000000000013842,2.1358754486300109,3.0008602144,720.553
1.0115930782356064,-0.0000000000000007,-0.0251287149632217,-0.0000000000033155,-0.0256480699638918,0.0000000000014037,2.1380193478916669,3.0008596372,720.629
1.0116129058694023,-0.0000000000000000,-0.0251281104282929,-0.0000000000032102,-0.0256770997170832,0.0000000000013713,2.1401632471533230,3.0008590669,720.704
1.0116327164572438,-0.0000000000000000,-0.0251274771713414,-0.0000000000033159,-0.0257060437819581,0.0000000000014260,2.1423071464149790,3.0008585035,720.777
1.0116525101208533,-0.0000000000000007,-0.0251268150843412,-0.0000000000033327,-0.0257349023768631,0.0000000000014489,2.1444510456766346,3.0008579470,720.850
1.0116722869812509,-0.0000000000000007,-0.0251261240580231,-0.0000000000034149,-0.0257636757172893,0.0000000000014975,2.1465949449382906,3.0008573974,720.922
1.0116920471592281,-0.0000000000000007,-0.0251254039821445,-0.0000000000034706,-0.0257923640163155,0.0000000000015430,2.1487388441999467,3.0008568547,720.993
1.0117117907782482,-0.0000000000000000,-0.0251246547456840,-0.0000000000000025,-0.0258209674881324,0.0000000000000132,2.1508827434616027,3.0008563190,721.064
1.0117315179519348,-0.0000000000000000,-0.0251238762358295,-0.0000000000000009,-0.0258494863330274,0.0000000000000041,2.1530266427232587,3.0008557902,721.133
1.0117512288030095,-0.0000000000000000,-0.0251230683393761,-0.0000000000000011,-0.0258779207601474,0.0000000000000028,2.1551705419849148,3.0008552684,721.201
1.0117709234506853,-0.0000000000000000,-0.0251222309418250,-0.0000000000000012,-0.0259062709723367,0.0000000000000050,2.1573144412465708,3.0008547535,721.269
1.0117906020138148,-0.0000000000000000,-0.0251213639276085,-0.0000000000000005,-0.0259345371699156,0.0000000000000044,2.1594583405082268,3.0008542457,721.335
1.0118102646109062,-0.0000000000000000,-0.0251204671800652,-0.0000000000000015,-0.0259627195507156,0.0000000000000088,2.1616022397698829,3.0008537448,721.401
1.0118299113601299,-0.0000000000000000,-0.0251195405814362,0.0000000000000014,-0.0259908183100965,-0.0000000000000049,2.1637461390315389,3.0008532510,721.465
1.0118495423793248,-0.0000000000000000,-0.0251185840128626,0.0000000000000020,-0.0260188336409403,-0.0000000000000087,2.1658900382931945,3.0008527643,721.529
1.0118691577861731,-0.0000000000000000,-0.0251175973541617,-0.0000000000000085,-0.0260467657339898,-0.0000000000000654,2.1680339375548505,3.0008522845,721.592
1.0118887576974731,-0.0000000000000000,-0.0251165804847666,-0.0000000000000049,-0.0260746147764314,-0.0000000000000200,2.1701778368165066,3.0008518119,721.654
1.0119083422304351,-0.0000000000000000,-0.0251155332820587,-0.0000000000000001,-0.0261023809544247,-0.0000000000000159,2.1723217360781626,3.0008513463,721.715
1.0119279115016424,-0.0000000000000000,-0.0251144556227117,0.0000000000000013,-0.0261300644510517,-0.0000000000000103,2.1744656353398186,3.0008508878,721.775
1.0119474656274055,-0.0000000000000000,-0.0251133473822328,0.0000000000000008,-0.0261576654470183,-0.0000000000000040,2.1766095346014747,3.0008504364,721.834
1.0119670047237670,-0.0000000000000000,-0.0251122084349632,0.0000000000000015,-0.0261851841206530,-0.0000000000000078,2.1787534338631307,3.0008499922,721.892
1.0119865289065018,0.0000000000000000,-0.0251110386540775,-0.0000000000000007,-0.0262126206478994,0.0000000000000039,2.1808973331247867,3.0008495551,721.949
1.0120060382911289,0.0000000000000000,-0.0251098379115701,0.0000000000000020,-0.0262399752023410,-0.0000000000000035,2.1830412323864428,3.0008491251,722.005
1.0120255329929120,-0.0000000000000000,-0.0251086060782576,-0.0000000000000006,-0.0262672479551903,0.0000000000000025,2.1851851316480984,3.0008487023,722.060
1.0120450131268723,-0.0000000000000000,-0.0251073430237600,-0.0000000000000009,-0.0262944390753090,0.0000000000000084,2.1873290309097544,3.0008482868,722.115
1.0120644788044333,-0.0000000000000007,-0.0251060486163206,-0.0000000000037625,-0.0263215487251829,0.0000000000018820,2.1894729301714104,3.0008478784,722.168
1.0120839301470055,-0.0000000000000000,-0.0251047227235515,-0.0000000000035875,-0.0263485770771994,0.0000000000018381,2.1916168294330665,3.0008474772,722.221
1.0121033672652058,-0.0000000000000001,-0.0251033652111398,-0.0000000000037376,-0.0263755242888098,0.0000000000019217,2.1937607286947225,3.0008470833,722.272
1.0121227902734728,-0.0000000000000005,-0.0251019759439672,-0.0000000000037511,-0.0264023905198724,0.0000000000019345,2.1959046279563785,3.0008466967,722.323
1.0121421992857416,-0.0000000000000002,-0.0251005547854757,-0.0000000000037028,-0.0264291759276765,0.0000000000019451,2.1980485272180346,3.0008463173,722.372
1.0121615944156730,-0.0000000000000000,-0.0250991015980080,-0.0000000000036098,-0.0264558806670624,0.0000000000019369,2.2001924264796906,3.0008459452,722.421
1.0121809757765783,-0.0000000000000003,-0.0250976162424523,-0.0000000000038356,-0.0264825048904608,0.0000000000020032,2.2023363257413466,3.0008455804,722.469
1.0122003434821847,-0.0000000000000007,-0.0250960985786767,-0.0000000000038498,-0.0265090487486071,0.0000000000020063,2.2044802250030022,3.0008452229,722.515
1.0122196976455402,-0.0000000000000008,-0.0250945484651075,-0.0000000000038641,-0.0265355123894331,0.0000000000020135,2.2066241242646583,3.0008448728,722.561
1.0122390383795004,-0.0000000000000008,-0.0250929657588054,-0.0000000000041653,-0.0265618959586299,0.0000000000021255,2.2087680235263143,3.0008445300,722.606
1.0122583657972291,-0.0000000000000008,-0.0250913503158239,-0.0000000000042802,-0.0265881996000235,0.0000000000020562,2.2109119227879703,3.0008441947,722.650
1.0122776800112645,-0.0000000000000008,-0.0250897019906027,-0.0000000000045116,-0.0266144234547415,0.0000000000020133,2.2130558220496264,3.0008438667,722.693
1.0122969811353395,-0.0000000000000007,-0.0250880206363624,-0.0000000000035836,-0.0266405676632913,0.0000000000019921,2.2151997213112824,3.0008435461,722.734
1.0123162692799050,-0.0000000000000000,-0.0250863061049815,-0.0000000000037897,-0.0266666323600417,0.0000000000020836,2.2173436205729384,3.0008432330,722.775
1.0123355445585254,-0.0000000000000008,-0.0250845582470287,-0.0000000000037769,-0.0266926176811149,0.0000000000020708,2.2194875198345945,3.0008429273,722.815
1.0123548070832309,-0.0000000000000000,-0.0250827769116748,-0.0000000000037519,-0.0267185237586528,0.0000000000020778,2.2216314190962505,3.0008426291,722.854
1.0123740569661186,-0.0000000000000000,-0.0250809619467403,-0.0000000000037441,-0.0267443507227926,0.0000000000021149,2.2237753183579061,3.0008423384,722.892
1.0123932943225793,-0.0000000000000000,-0.0250791131987928,0.0000000000000020,-0.0267700987055630,-0.0000000000000121,2.2259192176195621,3.0008420552,722.929
1.0124125192578937,-0.0000000000000000,-0.0250772305126206,0.0000000000000002,-0.0267957678247105,-0.0000000000000006,2.2280631168812182,3.0008417795,722.965
1.0124317318872669,-0.0000000000000000,-0.0250753137319797,-0.0000000000000006,-0.0268213582078291,0.0000000000000028,2.2302070161428742,3.0008415114,723.000
1.0124509323224893,-0.0000000000000000,-0.0250733626990930,0.0000000000000010,-0.0268468699762888,-0.0000000000000037,2.2323509154045302,3.0008412509,723.034
1.0124701206752953,-0.0000000000000000,-0.0250713772547409,-0.0000000000000002,-0.0268723032492911,0.0000000000000013,2.2344948146661863,3.0008409979,723.067
1.0124892970574435,-0.0000000000000000,-0.0250693572381471,-0.0000000000000234,-0.0268976581440001,-0.0000000000000329,2.2366387139278423,3.0008407526,723.099
1.0125084615803495,-0.0000000000000000,-0.0250673024875058,-0.0000000000000115,-0.0269229347748465,-0.0000000000000159,2.2387826131894983,3.0008405149,723.130
1.0125276143557467,-0.0000000000000000,-0.0250652128390207,-0.0000000000000034,-0.0269481332547628,-0.0000000000000156,2.2409265124511544,3.0008402849,723.160
1.0125467554951828,-0.0000000000000000,-0.0250630881276441,-0.0000000000000025,-0.0269732536942106,0.0000000000000005,2.2430704117128100,3.0008400625,723.190
1.0125658851101815,-0.0000000000000000,-0.0250609281868267,-0.0000000000000020,-0.0269982962014954,0.0000000000000038,2.2452143109744660,3.0008398479,723.218
1.0125850033122581,-0.0000000000000000,-0.0250587328485092,0.0000000000000001,-0.0270232608827567,-0.0000000000000006,2.2473582102361220,3.0008396409,723.245
1.0126041102129177,0.0000000000000000,-0.0250565019431054,-0.0000000000000004,-0.0270481478419844,0.0000000000000040,2.2495021094977781,3.0008394417,723.271
1.0126232059236695,0.0000000000000000,-0.0250542352994953,0.0000000000000020,-0.0270729571810117,-0.0000000000000160,2.2516460087594341,3.0008392503,723.296
1.0126422905560328,-0.0000000000000000,-0.0250519327450053,-0.0000000000000007,-0.0270976889995076,0.0000000000000048,2.2537899080210901,3.0008390666,723.320
1.0126613642215434,-0.0000000000000000,-0.0250495941053984,-0.0000000000000003,-0.0271223433950077,-0.0000000000000017,2.2559338072827462,3.0008388908,723.342
1.0126804270317604,-0.0000000000000000,-0.0250472192048671,0.0000000000000004,-0.0271469204628757,0.0000000000000011,2.2580777065444022,3.0008387228,723.364
1.0126994790982826,0.0000000000000000,-0.0250448078659984,-0.0000000000000054,-0.0271714202963499,0.0000000000000302,2.2602216058060582,3.0008385626,723.385
1.0127185205292895,-0.0000000000000000,-0.0250423599095875,-0.0000000000040157,-0.0271958429824289,0.0000000000024307,2.2623655050677138,3.0008384104,723.405
1.0127375514433958,-0.0000000000000000,-0.0250398751553981,-0.0000000000039892,-0.0272201886182366,0.0000000000024189,2.2645094043293699,3.0008382660,723.424
1.0127565719489595,-0.0000000000000001,-0.0250373534209670,-0.0000000000038542,-0.0272444572865725,0.0000000000023850,2.2666533035910259,3.0008381296,723.442
1.0127755821573896,-0.0000000000000001,-0.0250347945222649,-0.0000000000041571,-0.0272686490716462,0.0000000000025074,2.2687972028526819,3.0008380011,723.459
1.0127945821811859,-0.0000000000000008,-0.0250321982739069,-0.0000000000040051,-0.0272927640566153,0.0000000000024769,2.2709411021143380,3.0008378806,723.474
1.0128135721319595,-0.0000000000000013,-0.0250295644884296,-0.0000000000039937,-0.0273168023215216,0.0000000000024710,2.2730850013759940,3.0008377680,723.489
1.0128325521214894,-0.0000000000000000,-0.0250268929768697,-0.0000000000044161,-0.0273407639442463,0.0000000000027160,2.2752289006376500,3.0008376636,723.503
1.0128515222627661,-0.0000000000000008,-0.0250241835486693,-0.0000000000042289,-0.0273646490018490,0.0000000000026221,2.2773727998993061,3.0008375671,723.515
1.0128704826673940,-0.0000000000000008,-0.0250214360112297,-0.0000000000043258,-0.0273884575675354,0.0000000000027123,2.2795166991609621,3.0008374788,723.527
1.0128894334480205,-0.0000000000000008,-0.0250186501705279,-0.0000000000043070,-0.0274121897134222,0.0000000000027078,2.2816605984226181,3.0008373985,723.537
1.0129083747170566,-0.0000000000000000,-0.0250158258305241,-0.0000000000043430,-0.0274358455090794,0.0000000000027250,2.2838044976842737,3.0008373264,723.547
1.0129273065872284,-0.0000000000000000,-0.0250129627935635,-0.0000000000043136,-0.0274594250221281,0.0000000000027246,2.2859483969459298,3.0008372624,723.555
1.0129462291712992,-0.0000000000000008,-0.0250100608600847,-0.0000000000042560,-0.0274829283179773,0.0000000000027109,2.2880922962075858,3.0008372066,723.562
1.0129651425820687,-0.0000000000000008,-0.0250071198287575,-0.0000000000043712,-0.0275063554596993,0.0000000000027559,2.2902361954692418,3.0008371590,723.569
1.0129840469331080,-0.0000000000000000,-0.0250041394963864,-0.0000000000041218,-0.0275297065090315,0.0000000000026518,2.2923800947308979,3.0008371197,723.574
1.0130029423371918,-0.0000000000000008,-0.0250011196579859,-0.0000000000040234,-0.0275529815243063,0.0000000000026251,2.2945239939925539,3.0008370886,723.578
1.0130218289078319,-0.0000000000000008,-0.0249980601066086,-0.0000000000040590,-0.0275761805624522,0.0000000000026364,2.2966678932542099,3.0008370658,723.581
1.0130407067587022,-0.0000000000000000,-0.0249949606334922,-0.0000000000041681,-0.0275993036782334,0.0000000000027178,2.2988117925158660,3.0008370513,723.583
1.0130595760073542,-0.0000000000000000,-0.0249918210280946,-0.0000000000000000,-0.0276223509285609,-0.0000000000000017,2.3009556917775220,3.0008370451,723.583
1.0130784367605770,-0.0000000000000000,-0.0249886410775165,-0.0000000000000000,-0.0276453223552457,-0.0000000000000004,2.3030995910391781,3.0008370473,723.583
1.0130972891361989,-0.0000000000000000,-0.0249854205673200,0.0000000000000002,-0.0276682180107699,-0.0000000000000036,2.3052434903008336,3.0008370580,723.582
1.0131161332486898,-0.0000000000000000,-0.0249821592809731,-0.0000000000000012,-0.0276910379412045,0.0000000000000074,2.3073873895624897,3.0008370770,723.579
1.0131349692127358,-0.0000000000000000,-0.0249788569999468,-0.0000000000000379,-0.0277137821904372,0.0000000000001993,2.3095312888241457,3.0008371045,723.576
1.0131537971433104,-0.0000000000000000,-0.0249755135037427,-0.0000000000000167,-0.0277364508002713,0.0000000000000884,2.3116751880858017,3.0008371406,723.571
1.0131726171555759,0.0000000000000000,-0.0249721285697977,-0.0000000000000081,-0.0277590438102381,0.0000000000000439,2.3138190873474578,3.0008371851,723.565
1.0131914293649793,-0.0000000000000000,-0.0249687019735176,-0.0000000000000015,-0.0277815612577457,0.0000000000000100,2.3159629866091138,3.0008372382,723.558
1.0132102338872369,-0.0000000000000000,-0.0249652334882439,0.0000000000000001,-0.0278040031780110,-0.0000000000000007,2.3181068858707699,3.0008372998,723.550
1.0132290308383372,-0.0000000000000000,-0.0249617228852277,0.0000000000000011,-0.0278263696040813,-0.0000000000000039,2.3202507851324254,3.0008373701,723.541
1.0132478203345554,-0.0000000000000000,-0.0249581699336139,-0.0000000000000001,-0.0278486605668060,0.0000000000000009,2.3223946843940819,3.0008374490,723.531
1.0132666024924619,-0.0000000000000000,-0.0249545744004155,0.0000000000000018,-0.0278708760948465,-0.0000000000000094,2.3245385836557375,3.0008375366,723.519
1.0132853774289325,0.0000000000000000,-0.0249509360504945,0.0000000000000010,-0.0278930162146583,-0.0000000000000041,2.3266824829173935,3.0008376329,723.507
1.0133041452611533,-0.0000000000000000,-0.0249472546465374,0.0000000000000014,-0.0279150809505018,0.0000000000000040,2.3288263821790496,3.0008377379,723.493
1.0133229061066404,-0.0000000000000000,-0.0249435299490345,-0.0000000000000003,-0.0279370703244183,-0.0000000000000008,2.3309702814407056,3.0008378517,723.478
1.0133416600832370,0.0000000000000000,-0.0249397617162545,0.0000000000000001,-0.0279589843562387,0.0000000000000012,2.3331141807023617,3.0008379743,723.462
1.0133604073091305,0.0000000000000000,-0.0249359497042294,0.0000000000000001,-0.0279808230635665,-0.0000000000000042,2.3352580799640177,3.0008381057,723.445
1.0133791478994507,-0.0000000000000000,-0.0249320936665453,-0.0000000000040923,-0.0280025864577882,0.0000000000028437,2.3374019792256737,3.0008382460,723.427
1.0133978819799598,-0.0000000000000000,-0.0249281933550370,-0.0000000000040351,-0.0280242745600421,0.0000000000028151,2.3395458784873298,3.0008383952,723.407
1.0134166096664490,-0.0000000000000001,-0.0249242485186142,-0.0000000000040590,-0.0280458873771821,0.0000000000028546,2.3416897777489858,3.0008385533,723.387
1.0134353310786248,-0.0000000000000007,-0.0249202589041879,-0.0000000000040725,-0.0280674249178805,0.0000000000028501,2.3438336770106414,3.0008387204,723.365
1.0134540463362756,-0.0000000000000012,-0.0249162242561484,-0.0000000000043846,-0.0280888871882097,0.0000000000030650,2.3459775762722974,3.0008388965,723.342
1.0134727555603884,-0.0000000000000000,-0.0249121443165845,-0.0000000000043704,-0.0281102741929087,0.0000000000030748,2.3481214755339535,3.0008390817,723.318
1.0134914588716015,-0.0000000000000000,-0.0249080188251968,-0.0000000000042721,-0.0281315859335151,0.0000000000030125,2.3502653747956095,3.0008392759,723.292
1.0135101563909670,-0.0000000000000008,-0.0249038475191393,-0.0000000000043937,-0.0281528224093122,0.0000000000031266,2.3524092740572655,3.0008394792,723.266
1.0135288482404692,-0.0000000000000004,-0.0248996301331206,-0.0000000000044769,-0.0281739836178880,0.0000000000031655,2.3545531733189216,3.0008396917,723.238
1.0135475345422560,-0.0000000000000000,-0.0248953663994750,-0.0000000000044871,-0.0281950695541207,0.0000000000031704,2.3566970725805776,3.0008399134,723.209
1.0135662154188791,-0.0000000000000008,-0.0248910560478669,-0.0000000000045362,-0.0282160802105731,0.0000000000032299,2.3588409718422336,3.0008401443,723.179
1.0135848909933942,-0.0000000000000000,-0.0248866988055639,-0.0000000000046390,-0.0282370155774981,0.0000000000032469,2.3609848711038897,3.0008403844,723.147
1.0136035613895140,-0.0000000000000000,-0.0248822943971419,-0.0000000000046067,-0.0282578756430308,0.0000000000032533,2.3631287703655453,3.0008406339,723.115
1.0136222267310531,-0.0000000000000007,-0.0248778425445984,-0.0000000000047590,-0.0282786603925206,0.0000000000033177,2.3652726696272013,3.0008408926,723.081
1.0136408871429972,-0.0000000000000007,-0.0248733429673497,-0.0000000000045704,-0.0282993698096693,0.0000000000032558,2.3674165688888573,3.0008411608,723.046
1.0136595427537318,-0.0000000000000000,-0.0248687953822153,0.0000000000000005,-0.0283200038793514,-0.0000000000000060,2.3695604681505134,3.0008414383,723.010
1.0136781936814201,-0.0000000000000000,-0.0248641995029609,0.0000000000000007,-0.0283405625713664,-0.0000000000000029,2.3717043674121694,3.0008417253,722.972
1.0136968400559636,-0.0000000000000000,-0.0248595550410426,0.0000000000000002,-0.0283610458662565,0.0000000000000018,2.3738482666738254,3.0008420218,722.934
1.0137154820040164,-0.0000000000000000,-0.0248548617050249,0.0000000000000022,-0.0283814537377212,-0.0000000000000102,2.3759921659354815,3.0008423278,722.894
1.0137341196527676,-0.0000000000000000,-0.0248501192006945,-0.0000000000000241,-0.0284017861570225,0.0000000000001816,2.3781360651971375,3.0008426434,722.852
1.0137527531300310,-0.0000000000000000,-0.0248453272310185,-0.0000000000000096,-0.0284220430930672,0.0000000000000778,2.3802799644587935,3.0008429686,722.810
1.0137713825641255,-0.0000000000000000,-0.0248404854961360,-0.0000000000000026,-0.0284422245122139,0.0000000000000292,2.3824238637204491,3.0008433035,722.766
1.0137900080839923,-0.0000000000000000,-0.0248355936933059,-0.0000000000000023,-0.0284623303784015,0.0000000000000174,2.3845677629821052,3.0008436480,722.721
1.0138086298191755,-0.0000000000000000,-0.0248306515168788,-0.0000000000000001,-0.0284823606530983,0.0000000000000100,2.3867116622437612,3.0008440023,722.675
1.0138272478998254,-0.0000000000000000,-0.0248256586582709,0.0000000000000002,-0.0285023152952744,0.0000000000000026,2.3888555615054172,3.0008443663,722.627
1.0138458624567215,-0.0000000000000000,-0.0248206148059228,0.0000000000000001,-0.0285221942613982,-0.0000000000000010,2.3909994607670733,3.0008447402,722.578
1.0138644736212827,0.0000000000000000,-0.0248155196452706,0.0000000000000009,-0.0285419975054132,-0.0000000000000036,2.3931433600287293,3.0008451239,722.528
1.0138830815255728,-0.0000000000000000,-0.0248103728587102,-0.0000000000000006,-0.0285617249787240,0.0000000000000060,2.3952872592903853,3.0008455176,722.477
1.0139016863023211,0.0000000000000000,-0.0248051741255643,0.0000000000000025,-0.0285813766301817,-0.0000000000000124,2.3974311585520414,3.0008459212,722.424
1.0139202880849314,-0.0000000000000000,-0.0247999231220407,0.0000000000000005,-0.0286009524060669,-0.0000000000000021,2.3995750578136974,3.0008463348,722.370
1.0139388870074928,0.0000000000000000,-0.0247946195212117,0.0000000000000003,-0.0286204522500658,-0.0000000000000021,2.4017189570753530,3.0008467584,722.315
1.0139574832015490,-0.0000000000000000,-0.0247892629927992,-0.0000000000039862,-0.0286398760995115,0.0000000000031300,2.4038628563370090,3.0008471921,722.258
1.0139760768091644,-0.0000000000000001,-0.0247838532038141,-0.0000000000038966,-0.0286592239004282,0.0000000000030941,2.4060067555986651,3.0008476359,722.200
1.0139946679632261,-0.0000000000000000,-0.0247783898174248,-0.0000000000038914,-0.0286784955847835,0.0000000000030891,2.4081506548603211,3.0008480900,722.141
1.0140132568007538,-0.0000000000000000,-0.0247728724937654,-0.0000000000038840,-0.0286976910857771,0.0000000000031352,2.4102945541219771,3.0008485542,722.080
1.0140318434594047,-0.0000000000000003,-0.0247673008895965,-0.0000000000040205,-0.0287168103338234,0.0000000000031685,2.4124384533836332,3.0008490287,722.018
1.0140504280778118,-0.0000000000000000,-0.0247616746584805,-0.0000000000039759,-0.0287358532567878,0.0000000000031535,2.4145823526452892,3.0008495136,721.954
1.0140690107951524,-0.0000000000000000,-0.0247559934501831,-0.0000000000040573,-0.0287548197796729,0.0000000000031986,2.4167262519069452,3.0008500088,721.890
1.0140875917516539,-0.0000000000000003,-0.0247502569114777,-0.0000000000039054,-0.0287737098248938,0.0000000000031288,2.4188701511686013,3.0008505144,721.823
1.0141061710879575,-0.0000000000000000,-0.0247444646852200,-0.0000000000039558,-0.0287925233117743,0.0000000000031656,2.4210140504302569,3.0008510305,721.756
1.0141247489458909,-0.0000000000000008,-0.0247386164109875,-0.0000000000040298,-0.0288112601571765,0.0000000000032077,2.4231579496919129,3.0008515571,721.687
1.0141433254680519,-0.0000000000000000,-0.0247327117247403,-0.0000000000040217,-0.0288299202751162,0.0000000000031957,2.4253018489535689,3.0008520943,721.617
1.0141619007977623,-0.0000000000000008,-0.0247267502587691,-0.0000000000040781,-0.0288485035766219,0.0000000000032192,2.4274457482152250,3.0008526421,721.545
1.0141804750792627,-0.0000000000000005,-0.0247207316417303,-0.0000000000042001,-0.0288670099699236,0.0000000000032588,2.4295896474768810,3.0008532006,721.472
1.0141990484580257,-0.0000000000000000,-0.0247146554986377,-0.0000000000039797,-0.0288854393606718,0.0000000000032300,2.4317335467385370,3.0008537698,721.397
1.0142176210796283,-0.0000000000000008,-0.0247085214505532,-0.0000000000040879,-0.0289037916509773,0.0000000000032743,2.4338774460001931,3.0008543497,721.321
1.0142361930945705,-0.0000000000000000,-0.0247023291151680,-0.0000000000000005,-0.0289220667443273,0.0000000000000022,2.4360213452618491,3.0008549405,721.244
1.0142547646441382,-0.0000000000000000,-0.0246960781056442,0.0000000000000009,-0.0289402645297932,-0.0000000000000047,2.4381652445235051,3.0008555422,721.165
1.0142733358804510,-0.0000000000000000,-0.0246897680318195,0.0000000000000025,-0.0289583849047387,-0.0000000000000075,2.4403091437851607,3.0008561548,721.085
1.0142919069533030,-0.0000000000000000,-0.0246833984994194,-0.0000000000000005,-0.0289764277597750,0.0000000000000021,2.4424530430468168,3.0008567784,721.003
1.0143104780134504,-0.0000000000000000,-0.0246769691101894,-0.0000000000000233,-0.0289943929824348,0.0000000000002272,2.4445969423084728,3.0008574131,720.920
1.0143290492127177,-0.0000000000000000,-0.0246704794618068,-0.0000000000000102,-0.0290122804573419,0.0000000000001030,2.4467408415701288,3.0008580588,720.836
1.0143476207038393,-0.0000000000000000,-0.0246639291479098,-0.0000000000000019,-0.0290300900658411,0.0000000000000354,2.4488847408317849,3.0008587157,720.750
1.0143661926406229,-0.0000000000000000,-0.0246573177579784,0.0000000000000000,-0.0290478216862367,0.0000000000000115,2.4510286400934409,3.0008593838,720.662
1.0143847651779194,-0.0000000000000000,-0.0246506448773027,0.0000000000000006,-0.0290654751936968,0.0000000000000033,2.4531725393550969,3.0008600632,720.573
1.0144033384716378,0.0000000000000000,-0.0246439100869362,0.0000000000000002,-0.0290830504601957,0.0000000000000023,2.4553164386167530,3.0008607540,720.483
1.0144219126787630,-0.0000000000000000,-0.0246371129636406,-0.0000000000000003,-0.0291005473544967,0.0000000000000004,2.4574603378784090,3.0008614561,720.390
1.0144404879573810,-0.0000000000000000,-0.0246302530798269,0.0000000000000006,-0.0291179657421281,-0.0000000000000007,2.4596042371400650,3.0008621696,720.297
1.0144590644666858,-0.0000000000000000,-0.0246233300035088,-0.0000000000000013,-0.0291353054853342,0.0000000000000091,2.4617481364017211,3.0008628947,720.202
1.0144776423670050,-0.0000000000000000,-0.0246163432982385,0.0000000000000009,-0.0291525664430624,-0.0000000000000071,2.4638920356633767,3.0008636314,720.105
1.0144962218198150,-0.0000000000000000,-0.0246092925230584,0.0000000000000000,-0.0291697484709058,-0.0000000000000011,2.4660359349250327,3.0008643797,720.007
1.0145148029877653,0.0000000000000000,-0.0246021772324358,0.0000000000000010,-0.0291868514210936,-0.0000000000000043,2.4681798341866887,3.0008651396,719.907
1.0145333860312535,-0.0000000000000000,-0.0245949969760851,-0.0000000000042948,-0.0292038751385322,0.0000000000035230,2.4703237334483448,3.0008659114,719.806
1.0145519711221485,-0.0000000000000001,-0.0245877512993836,-0.0000000000043552,-0.0292208194763554,0.0000000000036007,2.4724676327100008,3.0008666949,719.703
1.0145705584233640,-0.0000000000000003,-0.0245804397426615,-0.0000000000043554,-0.0292376842726356,0.0000000000035893,2.4746115319716568,3.0008674904,719.599
1.0145891481023126,-0.0000000000000002,-0.0245730618413919,-0.0000000000044817,-0.0292544693656456,0.0000000000036394,2.4767554312333129,3.0008682978,719.493
1.0146077403279301,-0.0000000000000008,-0.0245656171265099,-0.0000000000043775,-0.0292711745903083,0.0000000000036101,2.4788993304949689,3.0008691172,719.386
1.0146263352700997,-0.0000000000000008,-0.0245581051235259,-0.0000000000044675,-0.0292877997776954,0.0000000000036607,2.4810432297566249,3.0008699486,719.276
1.0146449331003677,-0.0000000000000012,-0.0245505253534860,-0.0000000000043106,-0.0293043447555010,0.0000000000036272,2.4831871290182805,3.0008707923,719.166
1.0146635339911456,-0.0000000000000008,-0.0245428773318972,-0.0000000000044844,-0.0293208093473696,0.0000000000036805,2.4853310282799366,3.0008716481,719.053
1.0146821381168238,-0.0000000000000008,-0.0245351605694327,-0.0000000000044050,-0.0293371933738242,0.0000000000036508,2.4874749275415926,3.0008725163,718.939
1.0147007456525006,-0.0000000000000000,-0.0245273745713986,-0.0000000000045597,-0.0293534966509251,0.0000000000037054,2.4896188268032486,3.0008733968,718.824
1.0147193567751904,-0.0000000000000000,-0.0245195188379991,-0.0000000000046053,-0.0293697189915108,0.0000000000037288,2.4917627260649047,3.0008742897,718.706
1.0147379716630072,-0.0000000000000000,-0.0245115928639771,-0.0000000000046804,-0.0293858602042157,0.0000000000037496,2.4939066253265607,3.0008751951,718.587
1.0147565904953724,-0.0000000000000000,-0.0245035961386904,-0.0000000000050837,-0.0294019200936532,0.0000000000040139,2.4960505245882167,3.0008761131,718.467
1.0147752134543415,-0.0000000000000008,-0.0244955281460964,-0.0000000000045856,-0.0294178984616604,0.0000000000038230,2.4981944238498728,3.0008770437,718.344
1.0147938407250596,-0.0000000000000000,-0.0244873883645239,-0.0000000000000016,-0.0294337951082748,0.0000000000000062,2.5003383231115288,3.0008779870,718.220
1.0148124724847696,-0.0000000000000000,-0.0244791762664252,0.0000000000000005,-0.0294496098185585,0.0000000000000004,2.5024822223731844,3.0008789431,718.094
1.0148311089226640,-0.0000000000000000,-0.0244708913189640,-0.0000000000000131,-0.0294653423853250,0.0000000000002385,2.5046261216348404,3.0008799121,717.967
1.0148497502259790,0.0000000000000000,-0.0244625329833124,-0.0000000000000053,-0.0294809925933933,0.0000000000001034,2.5067700208964965,3.0008808940,717.838
1.0148683965834113,-0.0000000000000000,-0.0244541007148396,-0.0000000000000008,-0.0294965602231345,0.0000000000000378,2.5089139201581525,3.0008818889,717.707
1.0148870481853036,-0.0000000000000000,-0.0244455939629451,-0.0000000000000012,-0.0295120450508055,0.0000000000000197,2.5110578194198085,3.0008828970,717.574
1.0149057052236263,-0.0000000000000000,-0.0244370121710092,0.0000000000000007,-0.0295274468483548,0.0000000000000011,2.5132017186814646,3.0008839181,717.440
1.0149243678919981,-0.0000000000000000,-0.0244283547763046,0.0000000000000001,-0.0295427653833919,0.0000000000000009,2.5153456179431206,3.0008849526,717.304
1.0149430363857099,-0.0000000000000000,-0.0244196212099159,0.0000000000000009,-0.0295580004191216,-0.0000000000000045,2.5174895172047767,3.0008860003,717.166
1.0149617109017570,0.0000000000000000,-0.0244108108966519,-0.0000000000000008,-0.0295731517142888,0.0000000000000003,2.5196334164664327,3.0008870615,717.026
1.0149803916388624,-0.0000000000000000,-0.0244019232549598,0.0000000000000003,-0.0295882190231202,-0.0000000000000002,2.5217773157280883,3.0008881361,716.885
1.0149990787975034,-0.0000000000000000,-0.0243929576968363,-0.0000000000000008,-0.0296032020952681,0.0000000000000039,2.5239212149897443,3.0008892243,716.741
1.0150177725799394,0.0000000000000000,-0.0243839136277364,-0.0000000000000013,-0.0296181006757543,0.0000000000000048,2.5260651142514003,3.0008903262,716.596
1.0150364731902415,-0.0000000000000000,-0.0243747904464817,0.0000000000000004,-0.0296329145048974,-0.0000000000000017,2.5282090135130564,3.0008914418,716.449
1.0150551808307096,-0.0000000000000000,-0.0243655875449442,-0.0000000000046992,-0.0296476433142539,0.0000000000039349,2.5303529127747124,3.0008925713,716.300
1.0150738957163539,-0.0000000000000001,-0.0243563043088564,-0.0000000000046726,-0.0296622868425735,0.0000000000039300,2.5324968120363684,3.0008937146,716.149
1.0150926180532138,-0.0000000000000000,-0.0243469401163406,-0.0000000000046594,-0.0296768448117036,0.0000000000039367,2.5346407112980245,3.0008948719,715.997
1.0151113480527394,-0.0000000000000002,-0.0243374943387720,-0.0000000000048092,-0.0296913169423469,0.0000000000040953,2.5367846105596805,3.0008960434,715.842
1.0151300859287677,-0.0000000000000001,-0.0243279663403194,-0.0000000000048198,-0.0297057029506910,0.0000000000041112,2.5389285098213366,3.0008972290,715.686
1.0151488318966846,-0.0000000000000009,-0.0243183554779975,-0.0000000000048767,-0.0297200025473465,0.0000000000041411,2.5410724090829921,3.0008984288,715.527
1.0151675861741027,-0.0000000000000008,-0.0243086611015493,-0.0000000000048565,-0.0297342154379744,0.0000000000041299,2.5432163083446482,3.0008996431,715.367
1.0151863489806139,-0.0000000000000008,-0.0242988825531814,-0.0000000000048068,-0.0297483413229218,0.0000000000041312,2.5453602076063042,3.0009008717,715.205
1.0152051205378132,-0.0000000000000001,-0.0242890191676415,-0.0000000000048566,-0.0297623798971506,0.0000000000041375,2.5475041068679602,3.0009021150,715.041
1.0152239010695969,-0.0000000000000003,-0.0242790702720127,-0.0000000000048344,-0.0297763308504359,0.0000000000041256,2.5496480061296163,3.0009033728,714.875
1.0152426908017278,-0.0000000000000008,-0.0242690351855262,-0.0000000000050639,-0.0297901938667841,0.0000000000042148,2.5517919053912723,3.0009046454,714.706
1.0152614899624710,-0.0000000000000000,-0.0242589132197776,-0.0000000000052345,-0.0298039686250039,0.0000000000042908,2.5539358046529284,3.0009059328,714.536
1.0152802987862264,-0.0000000000000000,-0.0242487036784969,0.0000000000000009,-0.0298176548025053,-0.0000000000000062,2.5560797039145844,3.0009072352,714.364
1.0152991174975183,-0.0000000000000000,-0.0242384058564389,-0.0000000000000038,-0.0298312520578048,0.0000000000003225,2.5582236031762404,3.0009085526,714.190
1.0153179463352426,-0.0000000000000000,-0.0242280190410255,0.0000000000000008,-0.0298447600569649,0.0000000000001459,2.5603675024378960,3.0009098851,714.014
1.0153367855365225,-0.0000000000000000,-0.0242175425110699,-0.0000000000000005,-0.0298581784554558,0.0000000000000665,2.5625114016995520,3.0009112328,713.836
1.0153556353408995,-0.0000000000000000,-0.0242069755368981,-0.0000000000000000,-0.0298715069029624,0.0000000000000274,2.5646553009612081,3.0009125959,713.655
1.0153744959903011,-0.0000000000000000,-0.0241963173802402,0.0000000000000015,-0.0298847450431097,0.0000000000000054,2.5667992002228641,3.0009139744,713.473
1.0153933677290872,-0.0000000000000000,-0.0241855672941017,-0.0000000000000009,-0.0298978925133610,0.0000000000000056,2.5689430994845202,3.0009153684,713.288
1.0154122508040795,-0.0000000000000000,-0.0241747245226317,0.0000000000000008,-0.0299109489449403,-0.0000000000000015,2.5710869987461762,3.0009167781,713.102
1.0154311454646092,-0.0000000000000000,-0.0241637883009854,0.0000000000000013,-0.0299239139627293,-0.0000000000000024,2.5732308980078322,3.0009182035,712.913
1.0154500519625482,-0.0000000000000000,-0.0241527578551931,0.0000000000000008,-0.0299367871851707,-0.0000000000000003,2.5753747972694883,3.0009196449,712.722
1.0154689705523596,-0.0000000000000000,-0.0241416324020142,0.0000000000000005,-0.0299495682241665,0.0000000000000007,2.5775186965311443,3.0009211021,712.529
1.0154879014911273,-0.0000000000000000,-0.0241304111488004,-0.0000000000000004,-0.0299622566849824,0.0000000000000012,2.5796625957927999,3.0009225755,712.333
1.0155068450386049,-0.0000000000000000,-0.0241190932933499,0.0000000000000020,-0.0299748521661346,-0.0000000000000072,2.5818064950544559,3.0009240651,712.136
1.0155258014540376,-0.0000000000000000,-0.0241076780235472,-0.0000000000042593,-0.0299873542557568,0.0000000000036861,2.5839503943161120,3.0009255709,711.936
1.0155447710085408,-0.0000000000000000,-0.0240961645180193,-0.0000000000050073,-0.0299997625450359,0.0000000000042775,2.5860942935777680,3.0009270933,711.734
1.0155637539679796,-0.0000000000000000,-0.0240845519448276,-0.0000000000050384,-0.0300120766092453,0.0000000000042889,2.5882381928394240,3.0009286321,711.530
1.0155827506026498,-0.0000000000000001,-0.0240728394620839,-0.0000000000050722,-0.0300242960181860,0.0000000000043217,2.5903820921010801,3.0009301876,711.324
1.0156017611863029,-0.0000000000000000,-0.0240610262175492,-0.0000000000051012,-0.0300364203350250,0.0000000000043221,2.5925259913627361,3.0009317599,711.115
1.0156207859957165,-0.0000000000000008,-0.0240491113484393,-0.0000000000050074,-0.0300484491156016,0.0000000000042740,2.5946698906243921,3.0009333491,710.904
1.0156398253103522,-0.0000000000000000,-0.0240370939813751,-0.0000000000050319,-0.0300603819078750,0.0000000000043019,2.5968137898860482,3.0009349554,710.690
1.0156588794130061,-0.0000000000000000,-0.0240249732322090,-0.0000000000049997,-0.0300722182524705,0.0000000000042695,2.5989576891477038,3.0009365787,710.475
1.0156779485893026,-0.0000000000000000,-0.0240127482057043,-0.0000000000050717,-0.0300839576819250,0.0000000000043262,2.6011015884093598,3.0009382194,710.256
1.0156970331282054,-0.0000000000000000,-0.0240004179955239,-0.0000000000051879,-0.0300955997211496,0.0000000000043526,2.6032454876710158,3.0009398775,710.036
1.0157161333217370,-0.0000000000000002,-0.0239879816839940,-0.0000000000052792,-0.0301071438867938,0.0000000000044246,2.6053893869326719,3.0009415531,709.813
1.0157352494651388,-0.0000000000000000,-0.0239754383419538,-0.0000000000053925,-0.0301185896873335,0.0000000000045383,2.6075332861943279,3.0009432464,709.588
1.0157543818610573,-0.0000000000000000,-0.0239627870286446,0.0000000000000090,-0.0301299366272448,0.0000000000001447,2.6096771854559839,3.0009449574,709.360
1.0157735308033449,-0.0000000000000000,-0.0239500267906665,0.0000000000000042,-0.0301411841897588,0.0000000000000641,2.6118210847176400,3.0009466864,709.130
1.0157926966012143,-0.0000000000000000,-0.0239371566633718,0.0000000000000031,-0.0301523318620734,0.0000000000000233,2.6139649839792960,3.0009484335,708.897
1.0158118795633613,-0.0000000000000000,-0.0239241756695192,0.0000000000000011,-0.0301633791184673,0.0000000000000127,2.6161088832409520,3.0009501988,708.662
1.0158310800019714,-0.0000000000000000,-0.0239110828193664,0.0000000000000006,-0.0301743254242771,0.0000000000000020,2.6182527825026076,3.0009519824,708.424
1.0158502982327837,-0.0000000000000000,-0.0238978771104626,-0.0000000000000004,-0.0301851702357615,0.0000000000000038,2.6203966817642641,3.0009537845,708.184
1.0158695345751405,0.0000000000000000,-0.0238845575274429,0.0000000000000009,-0.0301959129999156,-0.0000000000000027,2.6225405810259197,3.0009556053,707.941
1.0158887893520552,0.0000000000000000,-0.0238711230418046,0.0000000000000002,-0.0302065531543336,-0.0000000000000003,2.6246844802875757,3.0009574448,707.696
1.0159080628902641,0.0000000000000000,-0.0238575726116975,0.0000000000000005,-0.0302170901270188,-0.0000000000000004,2.6268283795492318,3.0009593033,707.448
1.0159273555202917,-0.0000000000000000,-0.0238439051816913,-0.0000000000000001,-0.0302275233362297,0.0000000000000011,2.6289722788108878,3.0009611808,707.197
1.0159466675765116,-0.0000000000000000,-0.0238301196825516,0.0000000000000014,-0.0302378521902983,-0.0000000000000050,2.6311161780725438,3.0009630775,706.944
1.0159659993935952,-0.0000000000000000,-0.0238162150307032,-0.0000000000049435,-0.0302480760835584,0.0000000000042646,2.6332600773341999,3.0009649936,706.688
1.0159853513208414,-0.0000000000000000,-0.0238021901291917,-0.0000000000052187,-0.0302581944114860,0.0000000000045023,2.6354039765958559,3.0009669292,706.429
1.0160047237013312,-0.0000000000000000,-0.0237880438656584,-0.0000000000052186,-0.0302682065480696,0.0000000000045005,2.6375478758575115,3.0009688846,706.168
1.0160241168851671,-0.0000000000000000,-0.0237737751132251,-0.0000000000053907,-0.0302781118597511,0.0000000000046118,2.6396917751191680,3.0009708597,705.903
1.0160435312271601,-0.0000000000000010,-0.0237593827300441,-0.0000000000054401,-0.0302879097026706,0.0000000000046009,2.6418356743808236,3.0009728549,705.636
1.0160629670861061,-0.0000000000000001,-0.0237448655589842,-0.0000000000053841,-0.0302975994216109,0.0000000000045996,2.6439795736424796,3.0009748702,705.367
1.0160824248251143,-0.0000000000000000,-0.0237302224273088,-0.0000000000053265,-0.0303071803500593,0.0000000000045649,2.6461234729041356,3.0009769059,705.094
1.0161019048116215,-0.0000000000000000,-0.0237154521464513,-0.0000000000054279,-0.0303166518099420,0.0000000000046131,2.6482673721657917,3.0009789620,704.819
1.0161214074178175,-0.0000000000000009,-0.0237005535118457,-0.0000000000054201,-0.0303260131118033,0.0000000000046076,2.6504112714274477,3.0009810389,704.540
1.0161409330201749,-0.0000000000000009,-0.0236855253024252,-0.0000000000054259,-0.0303352635539873,0.0000000000046193,2.6525551706891037,3.0009831365,704.259
1.0161604819997108,-0.0000000000000000,-0.0236703662805378,-0.0000000000056460,-0.0303444024225586,0.0000000000047229,2.6546990699507598,3.0009852552,703.975
1.0161800547466167,-0.0000000000000000,-0.0236550751919096,0.0000000000000061,-0.0303534289959391,0.0000000000000666,2.6568429692124154,3.0009873951,703.688
1.0161996516432836,-0.0000000000000000,-0.0236396507638610,0.0000000000000037,-0.0303623425266788,0.0000000000000239,2.6589868684740718,3.0009895563,703.398
1.0162192730892368,-0.0000000000000000,-0.0236240917072450,0.0000000000000023,-0.0303711422673554,0.0000000000000096,2.6611307677357274,3.0009917391,703.105
1.0162389194848915,-0.0000000000000000,-0.0236083967146568,0.0000000000000011,-0.0303798274531752,0.0000000000000026,2.6632746669973835,3.0009939436,702.808
1.0162585912356767,-0.0000000000000000,-0.0235925644604719,0.0000000000000011,-0.0303883973059481,-0.0000000000000021,2.6654185662590395,3.0009961701,702.509
1.0162782887521276,-0.0000000000000000,-0.0235765936005146,0.0000000000000023,-0.0303968510338208,-0.0000000000000067,2.6675624655206955,3.0009984186,702.207
1.0162980124499701,0.0000000000000000,-0.0235604827717184,0.0000000000000007,-0.0304051878310185,-0.0000000000000061,2.6697063647823516,3.0010006895,701.901
1.0163177627502102,0.0000000000000000,-0.0235442305917754,0.0000000000000003,-0.0304134068775713,-0.0000000000000012,2.6718502640440076,3.0010029828,701.593
1.0163375400792252,-0.0000000000000000,-0.0235278356587952,0.0000000000000002,-0.0304215073390010,-0.0000000000000014,2.6739941633056636,3.0010052988,701.281
1.0163573448688528,0.0000000000000000,-0.0235112965509367,0.0000000000000006,-0.0304294883660504,-0.0000000000000006,2.6761380625673192,3.0010076378,700.966
1.0163771775529666,-0.0000000000000009,-0.0234946118256574,-0.0000000000049745,-0.0304373490906647,0.0000000000042092,2.6782819618289757,3.0010099998,700.648
1.0163970385812811,-0.0000000000000000,-0.0234777800207899,-0.0000000000055292,-0.0304450886401456,0.0000000000046648,2.6804258610906313,3.0010123851,700.326
1.0164169284000779,-0.0000000000000007,-0.0234607996521329,-0.0000000000051942,-0.0304527061164267,0.0000000000044057,2.6825697603522873,3.0010147939,700.001
1.0164368474631709,-0.0000000000000009,-0.0234436692140704,-0.0000000000052321,-0.0304602006071638,0.0000000000044082,2.6847136596139434,3.0010172265,699.673
1.0164567962313946,-0.0000000000000000,-0.0234263871794094,-0.0000000000052118,-0.0304675711847296,0.0000000000044196,2.6868575588755994,3.0010196829,699.341
1.0164767751714769,-0.0000000000000000,-0.0234089519983755,-0.0000000000051758,-0.0304748169047302,0.0000000000043741,2.6890014581372554,3.0010221636,699.006
1.0164967847561404,-0.0000000000000009,-0.0233913620986454,-0.0000000000052108,-0.0304819368054388,0.0000000000043956,2.6911453573989115,3.0010246686,698.668
1.0165168254644554,-0.0000000000000009,-0.0233736158847066,-0.0000000000053553,-0.0304889299078436,0.0000000000044902,2.6932892566605675,3.0010271982,698.326
1.0165368977820606,-0.0000000000000007,-0.0233557117373050,-0.0000000000054497,-0.0304957952153651,0.0000000000045619,2.6954331559222235,3.0010297526,697.980
1.0165570022008890,-0.0000000000000009,-0.0233376480132678,-0.0000000000055370,-0.0305025317130150,0.0000000000046223,2.6975770551838796,3.0010323320,697.631
1.0165771392234970,-0.0000000000000000,-0.0233194230451544,0.0000000000000051,-0.0305091383715175,0.0000000000000308,2.6997209544455352,3.0010349368,697.279
1.0165973093473910,-0.0000000000000000,-0.0233010351393678,0.0000000000000024,-0.0305156141302707,0.0000000000000125,2.7018648537071912,3.0010375670,696.922
1.0166175130886403,-0.0000000000000000,-0.0232824825779648,0.0000000000000017,-0.0305219579216016,0.0000000000000009,2.7040087529688472,3.0010402230,696.562
1.0166377509664062,-0.0000000000000000,-0.0232637636165965,0.0000000000000015,-0.0305281686540075,-0.0000000000000001,2.7061526522305033,3.0010429051,696.198
1.0166580235069436,0.0000000000000000,-0.0232448764843768,-0.0000000000000002,-0.0305342452157909,-0.0000000000000007,2.7082965514921593,3.0010456134,695.831
1.0166783312437402,-0.0000000000000000,-0.0232258193833561,0.0000000000000001,-0.0305401864746041,-0.0000000000000012,2.7104404507538153,3.0010483482,695.460
1.0166986747176379,0.0000000000000000,-0.0232065904879791,0.0000000000000004,-0.0305459912770031,0.0000000000000030,2.7125843500154714,3.0010511097,695.085
1.0167190544769695,-0.0000000000000000,-0.0231871879445230,0.0000000000000011,-0.0305516584479826,-0.0000000000000080,2.7147282492771274,3.0010538983,694.706
1.0167394710776976,-0.0000000000000000,-0.0231676098705379,0.0000000000000006,-0.0305571867904874,0.0000000000000062,2.7168721485387834,3.0010567141,694.323
1.0167599250801598,-0.0000000000000009,-0.0231478543538898,-0.0000000000048788,-0.0305625750813938,0.0000000000040961,2.7190160478004390,3.0010595575,693.936
1.0167804170626134,-0.0000000000000000,-0.0231279194536094,-0.0000000000051055,-0.0305678220849727,0.0000000000043048,2.7211599470620951,3.0010624287,693.545
1.0168009476016613,-0.0000000000000002,-0.0231078031971202,-0.0000000000051425,-0.0305729265317936,0.0000000000043232,2.7233038463237511,3.0010653281,693.150
1.0168215172850539,-0.0000000000000000,-0.0230875035811088,-0.0000000000051562,-0.0305778871314123,0.0000000000043098,2.7254477455854071,3.0010682558,692.751
1.0168421267091445,-0.0000000000000009,-0.0230670185703826,-0.0000000000049745,-0.0305827025689703,0.0000000000042072,2.7275916448470632,3.0010712121,692.348
1.0168627764784726,-0.0000000000000000,-0.0230463460972108,-0.0000000000049650,-0.0305873715040769,0.0000000000041855,2.7297355441087192,3.0010741974,691.941
1.0168834672064715,-0.0000000000000000,-0.0230254840608661,-0.0000000000050427,-0.0305918925707399,0.0000000000042402,2.7318794433703752,3.0010772120,691.529
1.0169041995155139,-0.0000000000000006,-0.0230044303266734,-0.0000000000050721,-0.0305962643767276,0.0000000000042455,2.7340233426320313,3.0010802560,691.114
1.0169249740367661,-0.0000000000000000,-0.0229831827254065,-0.0000000000051446,-0.0306004855025461,0.0000000000042872,2.7361672418936873,3.0010833300,690.693
1.0169457914141991,-0.0000000000000000,-0.0229617390530176,0.0000000000000041,-0.0306045545048220,0.0000000000000155,2.7383111411553429,3.0010864340,690.269
1.0169666522904570,-0.0000000000000000,-0.0229400970681006,0.0000000000000010,-0.0306084699008745,0.0000000000000066,2.7404550404169989,3.0010895685,689.840
1.0169875573283118,0.0000000000000000,-0.0229182544936508,0.0000000000000016,-0.0306122301899910,0.0000000000000037,2.7425989396786550,3.0010927338,689.406
1.0170085071966877,-0.0000000000000000,-0.0228962090146444,0.0000000000000009,-0.0306158338381539,-0.0000000000000015,2.7447428389403110,3.0010959302,688.968
1.0170295025743907,-0.0000000000000000,-0.0228739582776078,0.0000000000000016,-0.0306192792809729,-0.0000000000000043,2.7468867382019670,3.0010991581,688.526
1.0170505441502775,-0.0000000000000000,-0.0228514998897850,0.0000000000000001,-0.0306225649229293,0.0000000000000018,2.7490306374636231,3.0011024176,688.079
1.0170716326234683,-0.0000000000000000,-0.0228288314182677,0.0000000000000000,-0.0306256891366460,0.0000000000000014,2.7511745367252791,3.0011057093,687.627
1.0170927687035287,-0.0000000000000000,-0.0228059503891127,0.0000000000000001,-0.0306286502621030,0.0000000000000019,2.7533184359869352,3.0011090334,687.170
1.0171139531106781,-0.0000000000000000,-0.0227828542864269,0.0000000000000005,-0.0306314466058354,0.0000000000000010,2.7554623352485912,3.0011123903,686.709
1.0171351865724669,-0.0000000000000000,-0.0227595405510034,-0.0000000000052007,-0.0306340764364742,0.0000000000042816,2.7576062345102468,3.0011157804,686.242
1.0171564698381115,-0.0000000000000000,-0.0227360065811096,-0.0000000000051589,-0.0306365379984590,0.0000000000042543,2.7597501337719033,3.0011192039,685.771
1.0171778036573933,-0.0000000000000001,-0.0227122497287969,-0.0000000000052675,-0.0306388294891920,0.0000000000042889,2.7618940330335588,3.0011226613,685.295
1.0171991887953844,-0.0000000000000000,-0.0226882673008290,-0.0000000000052715,-0.0306409490731091,0.0000000000043080,2.7640379322952149,3.0011261530,684.813
1.0172206260287193,-0.0000000000000000,-0.0226640565569719,-0.0000000000052304,-0.0306428948766290,0.0000000000042794,2.7661818315568709,3.0011296793,684.327
1.0172421161458876,-0.0000000000000000,-0.0226396147090571,-0.0000000000052793,-0.0306446649872738,0.0000000000043179,2.7683257308185270,3.0011332405,683.835
1.0172636599478040,-0.0000000000000000,-0.0226149389197552,-0.0000000000053184,-0.0306462574531100,0.0000000000043509,2.7704696300801830,3.0011368372,683.338
1.0172852582512759,-0.0000000000000000,-0.0225900263020504,0.0000000000000035,-0.0306476702848747,0.0000000000000205,2.7726135293418390,3.0011404697,682.836
1.0173069118750300,-0.0000000000000000,-0.0225648739161946,0.0000000000000013,-0.0306489014405318,0.0000000000000049,2.7747574286034951,3.0011441384,682.329
1.0173286216615016,0.0000000000000000,-0.0225394787711104,0.0000000000000007,-0.0306499488461099,0.0000000000000014,2.7769013278651506,3.0011478437,681.816
1.0173503884627286,-0.0000000000000000,-0.0225138378214677,-0.0000000000000005,-0.0306508103799589,0.0000000000000044,2.7790452271268071,3.0011515860,681.297
1.0173722131442005,-0.0000000000000000,-0.0224879479668124,-0.0000000000000004,-0.0306514838752428,-0.0000000000000038,2.7811891263884627,3.0011553658,680.773
1.0173940965851307,0.0000000000000000,-0.0224618060502515,-0.0000000000000003,-0.0306519671187469,-0.0000000000000003,2.7833330256501188,3.0011591835,680.243
1.0174160396787346,-0.0000000000000000,-0.0224354088570928,-0.0000000000000003,-0.0306522578496711,0.0000000000000005,2.7854769249117748,3.0011630395,679.708
1.0174380433325112,0.0000000000000000,-0.0224087531134580,0.0000000000000002,-0.0306523537583363,-0.0000000000000020,2.7876208241734308,3.0011669343,679.166
1.0174601084652266,-0.0000000000000000,-0.0223818354844140,-0.0000000000049702,-0.0306522524815169,0.0000000000040227,2.7897647234350869,3.0011708684,678.619
1.0174822360203779,-0.0000000000000000,-0.0223546525741783,-0.0000000000050570,-0.0306519516145368,0.0000000000041061,2.7919086226967429,3.0011748422,678.066
1.0175044269469249,-0.0000000000000000,-0.0223272009220552,-0.0000000000050288,-0.0306514486898972,0.0000000000040856,2.7940525219583989,3.0011788561,677.507
1.0175266822123703,-0.0000000000000002,-0.0222994770026057,-0.0000000000049986,-0.0306507411888197,0.0000000000040458,2.7961964212200545,3.0011829108,676.941
1.0175490028000949,-0.0000000000000011,-0.0222714772234839,-0.0000000000050099,-0.0306498265368060,0.0000000000040567,2.7983403204817110,3.0011870066,676.370
1.0175713897097118,-0.0000000000000006,-0.0222431979238849,-0.0000000000049375,-0.0306487021020457,0.0000000000040164,2.8004842197433666,3.0011911440,675.792
1.0175938439570664,-0.0000000000000000,-0.0222146353727204,-0.0000000000050223,-0.0306473651935181,0.0000000000040527,2.8026281190050226,3.0011953236,675.208
1.0176163665784321,-0.0000000000000000,-0.0221857857673433,0.0000000000000022,-0.0306458130632851,0.0000000000000142,2.8047720182666787,3.0011995460,674.617
1.0176389586170735,-0.0000000000000000,-0.0221566452299739,0.0000000000000009,-0.0306440428907783,0.0000000000000044,2.8069159175283347,3.0012038115,674.019
1.0176616211437859,-0.0000000000000000,-0.0221272098083295,0.0000000000000014,-0.0306420518014869,-0.0000000000000025,2.8090598167899907,3.0012081208,673.415
1.0176843552439183,-0.0000000000000000,-0.0220974754720163,-0.0000000000000002,-0.0306398368516617,-0.0000000000000014,2.8112037160516468,3.0012124744,672.805
1.0177071620210809,-0.0000000000000000,-0.0220674381109127,-0.0000000000000009,-0.0306373950297787,0.0000000000000026,2.8133476153133028,3.0012168729,672.187
1.0177300425975275,0.0000000000000000,-0.0220370935330790,0.0000000000000008,-0.0306347232546069,0.0000000000000027,2.8154915145749584,3.0012213168,671.562
1.0177529981145468,0.0000000000000000,-0.0220064374626171,0.0000000000000010,-0.0306318183731785,-0.0000000000000024,2.8176354138366149,3.0012258068,670.931
1.0177760297328771,-0.0000000000000000,-0.0219754655374331,0.0000000000000006,-0.0306286771587306,0.0000000000000009,2.8197793130982705,3.0012303433,670.292
1.0177991386298613,-0.0000000000000000,-0.0219441733065058,-0.0000000000049818,-0.0306252963052371,0.0000000000039809,2.8219232123599265,3.0012349271,669.646
1.0178223260128088,-0.0000000000000001,-0.0219125562292496,-0.0000000000050941,-0.0306216724382884,0.0000000000040290,2.8240671116215825,3.0012395587,668.992
1.0178455931002131,-0.0000000000000000,-0.0218806096705298,-0.0000000000050550,-0.0306178020933119,0.0000000000040299,2.8262110108832386,3.0012442388,668.331
1.0178689411345514,-0.0000000000000000,-0.0218483288996291,-0.0000000000053529,-0.0306136817256826,0.0000000000042177,2.8283549101448946,3.0012489679,667.663
1.0178923713805805,-0.0000000000000005,-0.0218157090875864,-0.0000000000053495,-0.0306093077060407,0.0000000000042176,2.8304988094065506,3.0012537468,666.986
1.0179158851245682,-0.0000000000000001,-0.0217827453040424,-0.0000000000054062,-0.0306046763165341,0.0000000000042372,2.8326427086682067,3.0012585761,666.302
1.0179394836791027,-0.0000000000000000,-0.0217494325152559,0.0000000000000004,-0.0305997837524113,0.0000000000000064,2.8347866079298627,3.0012634565,665.610
1.0179631683692718,-0.0000000000000000,-0.0217157655790781,0.0000000000000013,-0.0305946261049132,-0.0000000000000021,2.8369305071915187,3.0012683887,664.910
1.0179869405542490,0.0000000000000000,-0.0216817392449165,0.0000000000000004,-0.0305891993796245,-0.0000000000000016,2.8390744064531743,3.0012733734,664.202
1.0180108016137963,-0.0000000000000000,-0.0216473481486887,0.0000000000000001,-0.0305834994793967,-0.0000000000000002,2.8412183057148304,3.0012784113,663.485
1.0180347529522857,-0.0000000000000000,-0.0216125868100838,0.0000000000000017,-0.0305775222047634,-0.0000000000000008,2.8433622049764864,3.0012835031,662.760
1.0180587959992637,-0.0000000000000000,-0.0215774496292052,-0.0000000000000001,-0.0305712632507633,-0.0000000000000004,2.8455061042381424,3.0012886496,662.026
1.0180829322099723,0.0000000000000000,-0.0215419308831630,0.0000000000000015,-0.0305647182036003,0.0000000000000003,2.8476500034997985,3.0012938516,661.284
1.0181071630629503,-0.0000000000000000,-0.0215060247219701,-0.0000000000047362,-0.0305578825341783,0.0000000000036604,2.8497939027614545,3.0012991098,660.532
1.0181314900725622,-0.0000000000000002,-0.0214697251667113,-0.0000000000048668,-0.0305507516065673,0.0000000000037437,2.8519378020231105,3.0013044251,659.772
1.0181559147718349,-0.0000000000000004,-0.0214330261029816,-0.0000000000048832,-0.0305433206564192,0.0000000000037332,2.8540817012847666,3.0013097982,659.003
1.0181804387246483,-0.0000000000000009,-0.0213959212786268,-0.0000000000049583,-0.0305355847986912,0.0000000000037609,2.8562256005464226,3.0013152300,658.224
1.0182050635238071,-0.0000000000000000,-0.0213584042992561,-0.0000000000049343,-0.0305275390211671,0.0000000000037529,2.8583694998080782,3.0013207213,657.435
1.0182297907913183,-0.0000000000000003,-0.0213204686238527,-0.0000000000049428,-0.0305191781797748,0.0000000000037508,2.8605133990697342,3.0013262730,656.638
1.0182546221824147,-0.0000000000000000,-0.0212821075609332,0.0000000000000009,-0.0305104969977318,0.0000000000000039,2.8626572983313903,3.0013318859,655.830
1.0182795593736971,-0.0000000000000000,-0.0212433142618595,0.0000000000000006,-0.0305014900484096,0.0000000000000011,2.8648011975930463,3.0013375611,655.012
1.0183046040825263,-0.0000000000000000,-0.0212040817190117,0.0000000000000001,-0.0304921517694247,-0.0000000000000045,2.8669450968547023,3.0013432994,654.184
1.0183297580552670,-0.0000000000000000,-0.0211644027588625,0.0000000000000004,-0.0304824764452154,-0.0000000000000009,2.8690889961163584,3.0013491017,653.346
1.0183550230711536,0.0000000000000000,-0.0211242700372772,0.0000000000000009,-0.0304724582051305,-0.0000000000000035,2.8712328953780144,3.0013549691,652.498
1.0183804009430240,-0.0000000000000000,-0.0210836760341415,0.0000000000000014,-0.0304620910181134,-0.0000000000000058,2.8733767946396704,3.0013609024,651.638
1.0184058935152960,-0.0000000000000000,-0.0210426130472925,-0.0000000000045202,-0.0304513686843961,0.0000000000033852,2.8755206939013265,3.0013669028,650.768
1.0184315026761812,-0.0000000000000001,-0.0210010731885638,-0.0000000000042576,-0.0304402848412477,0.0000000000031657,2.8776645931629821,3.0013729712,649.887
1.0184572303409187,-0.0000000000000002,-0.0209590483748810,-0.0000000000042825,-0.0304288329393007,0.0000000000031140,2.8798084924246385,3.0013791087,648.994
1.0184830784648999,-0.0000000000000000,-0.0209165303240792,-0.0000000000042319,-0.0304170062487923,0.0000000000031298,2.8819523916862941,3.0013853164,648.091
1.0185090490409678,-0.0000000000000011,-0.0208735105475480,-0.0000000000042215,-0.0304047978493158,0.0000000000030715,2.8840962909479502,3.0013915954,647.175
1.0185351441031443,-0.0000000000000000,-0.0208299803440680,0.0000000000000004,-0.0303922006261613,0.0000000000000032,2.8862401902096062,3.0013979467,646.248
1.0185613657170813,-0.0000000000000000,-0.0207859307909350,0.0000000000000003,-0.0303792072525596,-0.0000000000000001,2.8883840894712622,3.0014043717,645.308
1.0185877159965935,-0.0000000000000000,-0.0207413527391229,0.0000000000000007,-0.0303658101981337,0.0000000000000009,2.8905279887329183,3.0014108714,644.356
1.0186141970941709,-0.0000000000000000,-0.0206962368038813,-0.0000000000000009,-0.0303520017106923,0.0000000000000039,2.8926718879945743,3.0014174470,643.392
1.0186408112045673,0.0000000000000000,-0.0206505733571243,0.0000000000000001,-0.0303377738108744,0.0000000000000009,2.8948157872562303,3.0014240999,642.415
1.0186675605633180,-0.0000000000000009,-0.0206043525186373,-0.0000000000040118,-0.0303231182812791,0.0000000000028877,2.8969596865178859,3.0014308312,641.424
1.0186944474575399,-0.0000000000000000,-0.0205575641490378,-0.0000000000040171,-0.0303080266675446,0.0000000000029528,2.8991035857795424,3.0014376423,640.421
1.0187214742123238,-0.0000000000000001,-0.0205101978379764,-0.0000000000040796,-0.0302924902544864,0.0000000000029131,2.9012474850411980,3.0014445344,639.404
1.0187486432015889,-0.0000000000000000,-0.0204622428966705,-0.0000000000040061,-0.0302765000665088,0.0000000000028670,2.9033913843028540,3.0014515090,638.373
1.0187759568464008,-0.0000000000000009,-0.0204136883471495,-0.0000000000041472,-0.0302600468546156,0.0000000000030094,2.9055352835645101,3.0014585675,637.328
1.0188034176193701,-0.0000000000000000,-0.0203645229124099,0.0000000000000008,-0.0302431210894436,0.0000000000000032,2.9076791828261661,3.0014657113,636.268
1.0188310280348036,-0.0000000000000000,-0.0203147350040762,-0.0000000000000003,-0.0302257129392324,0.0000000000000017,2.9098230820878221,3.0014729417,635.194
1.0188587906655526,-0.0000000000000000,-0.0202643127133046,-0.0000000000000007,-0.0302078122741282,0.0000000000000007,2.9119669813494782,3.0014802605,634.105
1.0188867081339479,0.0000000000000000,-0.0202132437973862,-0.0000000000000009,-0.0301894086439269,0.0000000000000025,2.9141108806111342,3.0014876690,633.001
1.0189147831155454,-0.0000000000000000,-0.0201615156677172,-0.0000000000000007,-0.0301704912680600,0.0000000000000016,2.9162547798727898,3.0014951688,631.881
1.0189430183382560,-0.0000000000000000,-0.0201091153764467,-0.0000000000035253,-0.0301510490202992,0.0000000000024646,2.9183986791344463,3.0015027617,630.745
1.0189714165919936,-0.0000000000000000,-0.0200560296042613,-0.0000000000036872,-0.0301310704234825,0.0000000000025725,2.9205425783961019,3.0015104492,629.593
1.0189999807175696,-0.0000000000000002,-0.0200022446441188,-0.0000000000037502,-0.0301105436224485,0.0000000000025948,2.9226864776577579,3.0015182330,628.425
1.0190287136162686,-0.0000000000000007,-0.0199477463875867,-0.0000000000034656,-0.0300894563773325,0.0000000000024487,2.9248303769194139,3.0015261149,627.239
1.0190576182485216,-0.0000000000000000,-0.0198925203086959,-0.0000000000035937,-0.0300677960448729,0.0000000000025086,2.9269742761810700,3.0015340967,626.036
1.0190866976386568,-0.0000000000000000,-0.0198365514483088,-0.0000000000000001,-0.0300455495651208,0.0000000000000009,2.9291181754427260,3.0015421803,624.816
1.0191159548666855,-0.0000000000000000,-0.0197798243949977,-0.0000000000000008,-0.0300227034342485,0.0000000000000026,2.9312620747043820,3.0015503674,623.577
1.0191453930830210,-0.0000000000000000,-0.0197223232692671,-0.0000000000000014,-0.0299992436995073,0.0000000000000003,2.9334059739660381,3.0015586601,622.320
1.0191750155012571,-0.0000000000000000,-0.0196640317030775,-0.0000000000000005,-0.0299751559311164,0.0000000000000024,2.9355498732276937,3.0015670603,621.044
1.0192048254000374,-0.0000000000000000,-0.0196049328198860,-0.0000000000029937,-0.0299504252022924,0.0000000000020223,2.9376937724893502,3.0015755701,619.749
1.0192348261314672,-0.0000000000000001,-0.0195450092147906,-0.0000000000032475,-0.0299250360748051,0.0000000000022004,2.9398376717510057,3.0015841917,618.433
1.0192650211128638,-0.0000000000000000,-0.0194842429307541,-0.0000000000028419,-0.0298989725666235,0.0000000000018887,2.9419815710126618,3.0015929271,617.098
1.0192954138335748,-0.0000000000000004,-0.0194226154362506,-0.0000000000026424,-0.0298722181333576,0.0000000000017738,2.9441254702743178,3.0016017785,615.742
1.0193260078580075,0.0000000000000000,-0.0193601076008383,-0.0000000000000003,-0.0298447556449962,0.0000000000000043,2.9462693695359738,3.0016107483,614.365
1.0193568068204337,-0.0000000000000000,-0.0192966996683731,0.0000000000000000,-0.0298165673524193,-0.0000000000000001,2.9484132687976299,3.0016198389,612.966
1.0193878144357780,-0.0000000000000000,-0.0192323712311186,-0.0000000000000009,-0.0297876348691602,0.0000000000000028,2.9505571680592859,3.0016290525,611.545
1.0194190344950720,-0.0000000000000000,-0.0191671012000395,-0.0000000000000020,-0.0297579391357557,-0.0000000000000019,2.9527010673209420,3.0016383918,610.101
1.0194504708682572,-0.0000000000000008,-0.0191008677746190,-0.0000000000006079,-0.0297274603899398,0.0000000000002146,2.9548449665825980,3.0016478593,608.634
1.0194821275062207,-0.0000000000000000,-0.0190336484108229,-0.0000000000023668,-0.0296961781350205,0.0000000000014816,2.9569888658442540,3.0016574575,607.143
1.0195140084469936,-0.0000000000000003,-0.0189654197882198,0.0000000000023653,-0.0296640711090020,-0.0000000000014842,2.9591327651059096,3.0016671893,605.627
1.0195461177995384,-0.0000000000000005,-0.0188961577703504,-0.0000000000018835,-0.0296311172305059,0.0000000000011268,2.9612766643675656,3.0016770573,604.087
1.0195784597759023,0.0000000000000000,-0.0188258373732701,-0.0000000000000011,-0.0295972935919765,0.0000000000000008,2.9634205636292217,3.0016870645,602.520
1.0196110386622694,-0.0000000000000000,-0.0187544327188631,0.0000000000000009,-0.0295625763866199,-0.0000000000000022,2.9655644628908777,3.0016972139,600.927
1.0196438588392807,-0.0000000000000000,-0.0186819169962014,-0.0000000000000008,-0.0295269408850683,0.0000000000000026,2.9677083621525338,3.0017075084,599.307
1.0196769247768644,-0.0000000000000000,-0.0186082624150066,0.0000000000000161,-0.0294903613825466,0.0000000000000348,2.9698522614141898,3.0017179513,597.660
1.0197102410376848,-0.0000000000000000,-0.0185334401580321,0.0000000000015045,-0.0294528111525995,-0.0000000000011212,2.9719961606758458,3.0017285457,595.983
1.0197438122753999,-0.0000000000000001,-0.0184574203297078,0.0000000000021891,-0.0294142623917109,-0.0000000000015934,2.9741400599375019,3.0017392950,594.278
1.0197776432395427,-0.0000000000000000,-0.0183801719024729,0.0000000000016737,-0.0293746861691608,-0.0000000000015384,2.9762839591991579,3.0017502027,592.542
1.0198117387757897,0.0000000000000000,-0.0183016626591531,0.0000000000000001,-0.0293340523681016,0.0000000000000026,2.9784278584608135,3.0017612722,590.775
1.0198461038286826,0.0000000000000000,-0.0182218591317310,0.0000000000000005,-0.0292923296243363,0.0000000000000017,2.9805717577224695,3.0017725073,588.976
1.0198807434383768,-0.0000000000000000,-0.0181407265355048,0.0000000000000050,-0.0292494852575465,0.0000000000000019,2.9827156569841256,3.0017839118,587.145
1.0199156627465131,-0.0000000000000008,-0.0180582287000868,0.0000000000020613,-0.0292054852061357,-0.0000000000019136,2.9848595562457816,3.0017954896,585.280
1.0199508669911947,-0.0000000000000000,-0.0179743279941933,0.0000000000020380,-0.0291602939473696,-0.0000000000018999,2.9870034555074376,3.0018072446,583.380
1.0199863615149221,-0.0000000000000001,-0.0178889852471744,0.0000000000018540,-0.0291138744255658,-0.0000000000017469,2.9891473547690937,3.0018191811,581.445
1.0200221517603640,-0.0000000000000008,-0.0178021596635456,0.0000000000016272,-0.0290661879631240,-0.0000000000015546,2.9912912540307497,3.0018313034,579.472
1.0200582432709806,-0.0000000000000000,-0.0177138087317105,0.0000000000000007,-0.0290171941712955,-0.0000000000000002,2.9934351532924057,3.0018436159,577.462
1.0200946416942065,-0.0000000000000000,-0.0176238881274262,0.0000000000000001,-0.0289668508570290,-0.0000000000000013,2.9955790525540618,3.0018561233,575.413
1.0201313527761264,0.0000000000000000,-0.0175323516080502,0.0000000000000133,-0.0289151139160128,0.0000000000000294,2.9977229518157174,3.0018688303,573.324
1.0201683823657137,-0.0000000000000000,-0.0174391509012547,0.0000000000023774,-0.0288619372276920,-0.0000000000020028,2.9998668510773738,3.0018817418,571.193
1.0202057364077499,-0.0000000000000002,-0.0173442355830332,0.0000000000026034,-0.0288072725319429,-0.0000000000022661,3.0020107503390294,3.0018948629,569.020
1.0202434209473221,0.0000000000000000,-0.0172475529490143,-0.0000000000000005,-0.0287510693096617,-0.0000000000000013,3.0041546496006855,3.0019081989,566.802
1.0202814421293227,-0.0000000000000000,-0.0171490478743064,0.0000000000000002,-0.0286932746490530,-0.0000000000000000,3.0062985488623415,3.0019217553,564.539
1.0203198061878189,0.0000000000000000,-0.0170486626613085,-0.0000000000000001,-0.0286338330938739,0.0000000000000014,3.0084424481239975,3.0019355378,562.229
1.0203585194505125,-0.0000000000000000,-0.0169463368774851,0.0000000000027243,-0.0285726864953785,-0.0000000000022029,3.0105863473856536,3.0019495521,559.870
1.0203975883272303,-0.0000000000000000,-0.0168420071773290,0.0000000000024489,-0.0285097738384432,-0.0000000000020209,3.0127302466473096,3.0019638044,557.461
1.0204370193150651,-0.0000000000000001,-0.0167356071127584,0.0000000000028778,-0.0284450310715998,-0.0000000000023221,3.0148741459089656,3.0019783010,555.000
1.0204768189833666,-0.0000000000000000,-0.0166270669236781,-0.0000000000000018,-0.0283783909051615,-0.0000000000000015,3.0170180451706212,3.0019930485,552.485
1.0205169939768175,-0.0000000000000000,-0.0165163133140008,-0.0000000000000002,-0.0283097826121414,-0.0000000000000002,3.0191619444322777,3.0020080535,549.914
1.0205575509983607,-0.0000000000000000,-0.0164032692042780,0.0000000000024232,-0.0282391317950711,-0.0000000000019701,3.0213058436939333,3.0020233232,547.286
1.0205984968011583,-0.0000000000000000,-0.0162878534639737,0.0000000000022758,-0.0281663601444502,-0.0000000000018529,3.0234497429555893,3.0020388648,544.597
1.0206398381844293,-0.0000000000000000,-0.0161699806201961,0.0000000000023754,-0.0280913851824786,-0.0000000000018657,3.0255936422172454,3.0020546860,541.847
1.0206815819738064,-0.0000000000000000,-0.0160495605361186,-0.0000000000000004,-0.0280141199724446,-0.0000000000000023,3.0277375414789014,3.0020707946,539.032
1.0207237350137148,-0.0000000000000000,-0.0159264980615638,-0.0000000000000019,-0.0279344728172814,-0.0000000000000019,3.0298814407405574,3.0020871988,536.151
1.0207663041438226,-0.0000000000000000,-0.0158006926461021,0.0000000000020388,-0.0278523469185805,-0.0000000000017236,3.0320253400022135,3.0021039072,533.200
1.0208092961799440,-0.0000000000000000,-0.0156720379147479,0.0000000000009615,-0.0277676400136605,-0.0000000000009636,3.0341692392638695,3.0021209286,530.176
1.0208527178987419,-0.0000000000000000,-0.0155404212014457,0.0000000000000007,-0.0276802439868651,0.0000000000000011,3.0363131385255251,3.0021382723,527.078
1.0208965760065218,0.0000000000000000,-0.0154057230305035,-0.0000000000000003,-0.0275900444335002,0.0000000000000004,3.0384570377871816,3.0021559478,523.902
1.0209408771107782,-0.0000000000000008,-0.0152678165432731,0.0000000000012500,-0.0274969201904986,-0.0000000000010860,3.0406009370488372,3.0021739652,520.644
1.0209856276881961,-0.0000000000000000,-0.0151265668607741,0.0000000000064084,-0.0274007428236717,-0.0000000000042056,3.0427448363104932,3.0021923348,517.301
1.0210308340355023,-0.0000000000000000,-0.0149818303729724,-0.0000000000000004,-0.0273013760567316,-0.0000000000000005,3.0448887355721492,3.0022110676,513.870
1.0210765022520447,-0.0000000000000000,-0.0148334539489056,-0.0000000000000014,-0.0271986751778579,0.0000000000000006,3.0470326348338053,3.0022301748,510.347
1.0211226381642462,-0.0000000000000008,-0.0146812740445639,0.0000000000095623,-0.0270924863407929,-0.0000000000059600,3.0491765340954613,3.0022496682,506.727
1.0211692472621294,-0.0000000000000000,-0.0145251157027119,0.0000000000054828,-0.0269826458139885,-0.0000000000035180,3.0513204333571173,3.0022695602,503.006
1.0212163346647514,0.0000000000000000,-0.0143647914306447,-0.0000000000000019,-0.0268689791890901,-0.0000000000000001,3.0534643326187734,3.0022898637,499.180
1.0212639050232784,0.0000000000000000,-0.0142000999219703,-0.0000000000000008,-0.0267513004550083,0.0000000000000008,3.0556082318804290,3.0023105920,495.243
1.0213119624339924,-0.0000000000000008,-0.0140308246071866,0.0000000000065885,-0.0266294109948183,-0.0000000000040647,3.0577521311420854,3.0023317592,491.190
1.0213605103314294,-0.0000000000000000,-0.0138567319994383,0.0000000000004427,-0.0265030984669132,-0.0000000000005771,3.0598960304037410,3.0023533799,487.015
1.0214095514028430,-0.0000000000000000,-0.0136775698052055,0.0000000000000002,-0.0263721355954047,-0.0000000000000016,3.0620399296653971,3.0023754696,482.713
1.0214590874251106,-0.0000000000000000,-0.0134930647409848,-0.0000000000016800,-0.0262362787655072,0.0000000000006745,3.0641838289270531,3.0023980442,478.276
1.0215091191309598,-0.0000000000000000,-0.0133029200141641,-0.0000000000016762,-0.0260952665009455,0.0000000000011265,3.0663277281887091,3.0024211206,473.698
1.0215596460282719,0.0000000000000000,-0.0131068123934563,0.0000000000000009,-0.0259488177396707,0.0000000000000017,3.0684716274503652,3.0024447164,468.971
1.0216106661951891,-0.0000000000000007,-0.0129043887828940,-0.0000000000058579,-0.0257966298963501,0.0000000000029407,3.0706155267120208,3.0024688499,464.085
1.0216621760625004,-0.0000000000000000,-0.0126952621945147,-0.0000000000074833,-0.0256383767037924,0.0000000000037258,3.0727594259736772,3.0024935405,459.034
1.0217141701299224,-0.0000000000000000,-0.0124790069774894,-0.0000000000000005,-0.0254737057440962,0.0000000000000010,3.0749033252353328,3.0025188086,453.806
1.0217666406416734,-0.0000000000000000,-0.0122551531300133,-0.0000000000089317,-0.0253022356557972,0.0000000000043067,3.0770472244969893,3.0025446752,448.391
1.0218195772650374,0.0000000000000000,-0.0120231794718202,0.0000000000000013,-0.0251235530126000,-0.0000000000000003,3.0791911237586449,3.0025711628,442.777
1.0218729666070647,-0.0000000000000000,-0.0117825053587194,0.0000000000000012,-0.0249372086603302,-0.0000000000000003,3.0813350230203009,3.0025982949,436.952
1.0219267917559931,-0.0000000000000000,-0.0115324805659098,-0.0000000000138741,-0.0247427136220202,0.0000000000066116,3.0834789222819570,3.0026260959,430.902
1.0219810317076090,-0.0000000000000000,-0.0112723727875702,0.0000000000000002,-0.0245395343547117,-0.0000000000000036,3.0856228215436130,3.0026545919,424.611
1.0220356606089331,-0.0000000000000000,-0.0110013520178570,-0.0000000000137404,-0.0243270871929523,0.0000000000063442,3.0877667208052690,3.0026838101,418.062
1.0220906470397759,-0.0000000000000000,-0.0107184708268843,-0.0000000000000005,-0.0241047320664987,0.0000000000000010,3.0899106200669246,3.0027137792,411.237
1.0221459529512016,-0.0000000000000007,-0.0104226390586901,0.0000000000066968,-0.0238717649678301,-0.0000000000030802,3.0920545193285811,3.0027445293,404.114
1.0222015325653149,-0.0000000000000000,-0.0101125909275380,-0.0000000000000026,-0.0236274092775882,-0.0000000000000021,3.0941984185902367,3.0027760923,396.669
1.0222573309917991,-0.0000000000000000,-0.0097868414537437,0.0000000000100381,-0.0233708054558617,-0.0000000000043935,3.0963423178518932,3.0028085017,388.877
1.0223132825142347,-0.0000000000000007,-0.0094436276443673,0.0000000000069717,-0.0231009987564541,-0.0000000000027654,3.0984862171135488,3.0028417928,380.707
1.0223693086058807,-0.0000000000000000,-0.0090808273079526,0.0000000000000003,-0.0228169246094688,-0.0000000000000006,3.1006301163752048,3.0028760029,372.125
1.0224253154373284,-0.0000000000000000,-0.0086958440103121,0.0000000000034501,-0.0225173909321594,-0.0000000000013640,3.1027740156368608,3.0029111715,363.090
1.0224811908097027,-0.0000000000000000,-0.0082854390290836,-0.0000000000035327,-0.0222010566099121,0.0000000000013809,3.1049179148985169,3.0029473401,353.558
1.0225368004101751,-0.0000000000000006,-0.0078454768253015,0.0000000000148496,-0.0218664051447162,-0.0000000000054956,3.1070618141601729,3.0029845527,343.475
1.0225919830058838,-0.0000000000000000,-0.0073705221608425,-0.0000000000000002,-0.0215117118561114,0.0000000000000026,3.1092057134218285,3.0030228557,332.777
1.0226465445297388,-0.0000000000000000,-0.0068531666855311,0.0000000000000006,-0.0211350029022579,-0.0000000000000022,3.1113496126834850,3.0030622983,321.389
1.0227002503130229,-0.0000000000000000,-0.0062828221327898,-0.0000000000203560,-0.0207340030369082,0.0000000000061550,3.1134935119451406,3.0031029326,309.219
1.0227528151870187,-0.0000000000000000,-0.0056433483082036,0.0000000000000014,-0.0203060684720147,0.0000000000000148,3.1156374112067970,3.0031448137,296.153
1.0228038902447794,-0.0000000000000006,-0.0049077452467467,-0.0000000000135901,-0.0198480987849681,0.0000000000032677,3.1177813104684526,3.0031879997,282.046
1.0228530453392588,0.0000000000000000,-0.0040236643629925,-0.0000000000000000,-0.0193564197393676,0.0000000000000173,3.1199252097301087,3.0032325527,266.712
1.0228997449056776,-0.0000000000000000,-0.0028566451513421,0.0000000000111068,-0.0188266235556030,-0.0000000000017004,3.1220691089917647,3.0032785382,249.900
1.0229433143030180,0.0000000000000000,-0.0000172171407542,0.0000000000000007,-0.0182533464766237,0.0000000000000000,3.1242130082534207,3.0033260257,231.260
