x0_n,y0_n,z0_n,xd0_n,yd0_n,zd0_n,Tp,JC,L2ExcessVelocity_mps,landingVelocity_mps,stabilityIndex1,stabilityIndex2...,error_tol=1e-12,n_Nodes=6,stepsize=1.0
1.0335089466422405,-0.0000000000000000,-0.0000099849352561,0.0000000000000005,-0.0267265190613619,0.0000000000000021,3.1435666635933028,3.0069270630,267.831,2579.540,1624.5487,2.0000
1.0334403920725566,-0.0000000000000008,-0.0042394242929502,0.0000000000029937,-0.0275675770196705,-0.0000000000004705,3.1411458517194641,3.0068244891,289.613,2581.892,1543.2166,1.9808
1.0333670197879186,-0.0000000000000000,-0.0059737173341829,0.0000000000736457,-0.0283452745334166,-0.0000000000152786,3.1387250398456255,3.0067250297,309.272,2584.171,1467.3721,1.9592
1.0332898464179132,-0.0000000000000008,-0.0072889488020183,-0.0000000000008249,-0.0290673336011008,0.0000000000002019,3.1363042279717863,3.0066285536,327.215,2586.380,1396.5645,1.9352
1.0332096831717699,-0.0000000000000008,-0.0083843535602264,-0.0000000000105603,-0.0297401088501143,0.0000000000028922,3.1338834160979481,3.0065349359,343.732,2588.522,1330.3852,1.9091
1.0331271847885637,-0.0000000000000000,-0.0093374455995233,0.0000000000000008,-0.0303689047755608,-0.0000000000000007,3.1314626042241089,3.0064440580,359.039,2590.599,1268.4642,1.8811
1.0330428848982214,-0.0000000000000009,-0.0101881793999489,-0.0000000000200237,-0.0309582037749818,0.0000000000067124,3.1290417923502702,3.0063558068,373.304,2592.614,1210.4655,1.8512
1.0329572219313941,-0.0000000000000000,-0.0109604257119339,0.0000000000000002,-0.0315118337380577,0.0000000000000012,3.1266209804764316,3.0062700750,386.658,2594.571,1156.0837,1.8196
1.0328705583444679,-0.0000000000000000,-0.0116698365962453,-0.0000000000201441,-0.0320330936455750,0.0000000000073770,3.1242001686025929,3.0061867603,399.208,2596.470,1105.0410,1.7865
1.0327831954747777,-0.0000000000000000,-0.0123273591304954,0.0000000000000008,-0.0325248497605813,-0.0000000000000031,3.1217793567287542,3.0061057655,411.041,2598.316,1057.0845,1.7520
1.0326953847888014,-0.0000000000000000,-0.0129410224345439,-0.0000000000000002,-0.0329896100707633,0.0000000000000001,3.1193585448549155,3.0060269981,422.231,2600.110,1011.9833,1.7161
1.0326073368854658,-0.0000000000000000,-0.0135169345230413,-0.0000000000114424,-0.0334295831040923,0.0000000000047661,3.1169377329810768,3.0059503700,432.839,2601.853,969.5268,1.6791
1.0325192285467326,-0.0000000000000000,-0.0140598784419171,0.0000000000094056,-0.0338467247472723,-0.0000000000040926,3.1145169211072377,3.0058757974,442.919,2603.549,929.5226,1.6410
1.0324312083335305,-0.0000000000000000,-0.0145736887406711,0.0000000000000007,-0.0342427759568314,-0.0000000000000006,3.1120961092333990,3.0058032006,452.516,2605.199,891.7945,1.6019
1.0323434012545507,-0.0000000000000000,-0.0150614999382165,-0.0000000000000010,-0.0346192936456538,0.0000000000000007,3.1096752973595603,3.0057325037,461.670,2606.805,856.1812,1.5620
1.0322559124335804,-0.0000000000000001,-0.0155259165242164,0.0000000000055574,-0.0349776759438524,-0.0000000000026208,3.1072544854857216,3.0056636341,470.417,2608.368,822.5347,1.5213
1.0321688301960701,-0.0000000000000000,-0.0159691329037319,0.0000000000154101,-0.0353191832377439,-0.0000000000075367,3.1048336736118829,3.0055965231,478.786,2609.890,790.7194,1.4799
1.0320822285997748,-0.0000000000000000,-0.0163930202343706,0.0000000000163132,-0.0356449557363020,-0.0000000000082626,3.1024128617380442,3.0055311049,486.806,2611.374,760.6104,1.4378
1.0319961695536812,0.0000000000000000,-0.0167991907324072,-0.0000000000000013,-0.0359560282835029,0.0000000000000001,3.0999920498642055,3.0054673170,494.501,2612.819,732.0930,1.3952
1.0319107046045541,-0.0000000000000000,-0.0171890462226117,-0.0000000000000018,-0.0362533429184330,-0.0000000000000009,3.0975712379903664,3.0054050996,501.892,2614.228,705.0616,1.3522
1.0318258763840438,-0.0000000000000003,-0.0175638154358268,0.0000000000071200,-0.0365377595456389,-0.0000000000036757,3.0951504261165281,3.0053443957,509.001,2615.602,679.4188,1.3087
1.0317417198985730,-0.0000000000000000,-0.0179245831064290,0.0000000000381368,-0.0368100651461270,-0.0000000000197957,3.0927296142426890,3.0052851512,515.844,2616.942,655.0747,1.2649
1.0316582635342979,-0.0000000000000010,-0.0182723129640771,0.0000000000035556,-0.0370709816258069,-0.0000000000019014,3.0903088023688503,3.0052273140,522.438,2618.250,631.9465,1.2208
1.0315755301045988,-0.0000000000000000,-0.0186078661835940,-0.0000000000000002,-0.0373211728222119,-0.0000000000000019,3.0878879904950116,3.0051708348,528.798,2619.526,609.9574,1.1764
1.0314935374814636,-0.0000000000000000,-0.0189320162592035,0.0000000000000007,-0.0375612503181327,0.0000000000000001,3.0854671786211725,3.0051156662,534.937,2620.773,589.0366,1.1319
1.0314122993322228,-0.0000000000000000,-0.0192454612104298,0.0000000000000003,-0.0377917787327780,-0.0000000000000010,3.0830463667473342,3.0050617631,540.868,2621.990,569.1182,1.0873
1.0313318256837938,-0.0000000000000000,-0.0195488336393787,0.0000000000000009,-0.0380132802899582,-0.0000000000000019,3.0806255548734951,3.0050090824,546.603,2623.179,550.1415,1.0425
1.0312521234182395,-0.0000000000000000,-0.0198427091003976,0.0000000000042795,-0.0382262388483404,-0.0000000000024239,3.0782047429996569,3.0049575826,552.151,2624.340,532.0500,0.9977
1.0311731966998201,-0.0000000000000000,-0.0201276131212651,0.0000000000196759,-0.0384311034662902,-0.0000000000112982,3.0757839311258177,3.0049072245,557.523,2625.476,514.7911,0.9530
1.0310950473200760,-0.0000000000000000,-0.0204040271246970,0.0000000000031485,-0.0386282915295376,-0.0000000000018122,3.0733631192519795,3.0048579702,562.727,2626.586,498.3162,0.9082
1.0310176750884212,-0.0000000000000011,-0.0206723934870266,0.0000000000017372,-0.0388181916360373,-0.0000000000012382,3.0709423073781403,3.0048097837,567.773,2627.672,482.5799,0.8635
1.0309410780375963,-0.0000000000000000,-0.0209331198319752,0.0000000000006913,-0.0390011660213382,-0.0000000000004501,3.0685214955043012,3.0047626303,572.667,2628.734,467.5400,0.8189
1.0308652527052720,-0.0000000000000000,-0.0211865827488572,-0.0000000000000027,-0.0391775528388308,-0.0000000000000049,3.0661006836304630,3.0047164768,577.418,2629.773,453.1572,0.7744
1.0307901943396744,0.0000000000000000,-0.0214331309990555,-0.0000000000000007,-0.0393476681619238,-0.0000000000000005,3.0636798717566238,3.0046712917,582.031,2630.789,439.3948,0.7301
1.0307158970868997,-0.0000000000000011,-0.0216730883043065,0.0000000000042826,-0.0395118077911746,-0.0000000000024719,3.0612590598827856,3.0046270444,586.513,2631.785,426.2186,0.6859
1.0306423541432286,-0.0000000000000000,-0.0219067557791432,0.0000000000000178,-0.0396702488709498,0.0000000000000445,3.0588382480089464,3.0045837058,590.871,2632.759,413.5967,0.6420
1.0305695579190060,-0.0000000000000000,-0.0221344140687952,0.0000000000000090,-0.0398232513799117,0.0000000000000198,3.0564174361351077,3.0045412479,595.109,2633.713,401.4992,0.5982
1.0304975001426238,-0.0000000000000011,-0.0223563252244075,0.0000000000025712,-0.0399710594389253,-0.0000000000014344,3.0539966242612691,3.0044996439,599.232,2634.648,389.8982,0.5548
1.0304261719761154,-0.0000000000000000,-0.0225727343655775,0.0000000000046563,-0.0401139025229951,-0.0000000000027969,3.0515758123874304,3.0044588681,603.246,2635.564,378.7674,0.5115
1.0303555641101418,-0.0000000000000000,-0.0227838711524540,-0.0000000000000007,-0.0402519965559656,0.0000000000000012,3.0491550005135917,3.0044188958,607.155,2636.462,368.0826,0.4686
1.0302856668580125,-0.0000000000000000,-0.0229899510984126,-0.0000000000008465,-0.0403855449130912,0.0000000000005254,3.0467341886397525,3.0043797031,610.964,2637.341,357.8206,0.4260
1.0302164702141308,0.0000000000000000,-0.0231911767377962,-0.0000000000000006,-0.0405147393178612,0.0000000000000007,3.0443133767659143,3.0043412674,614.676,2638.204,347.9601,0.3836
1.0301479639246420,-0.0000000000000000,-0.0233877386743631,0.0000000000000010,-0.0406397606733873,-0.0000000000000409,3.0418925648920752,3.0043035666,618.296,2639.049,338.4806,0.3416
1.0300801375462421,0.0000000000000000,-0.0235798165228672,-0.0000000000000001,-0.0407607798258949,-0.0000000000000005,3.0394717530182365,3.0042665798,621.826,2639.879,329.3634,0.3000
1.0300129804919675,-0.0000000000000000,-0.0237675797554557,-0.0000000000020669,-0.0408779582511975,0.0000000000013970,3.0370509411443978,3.0042302866,625.271,2640.692,320.5905,0.2586
1.0299464820810520,-0.0000000000000012,-0.0239511884676139,0.0000000000001466,-0.0409914487014296,-0.0000000000000839,3.0346301292705591,3.0041946675,628.634,2641.491,312.1452,0.2177
1.0298806315650186,-0.0000000000000000,-0.0241307940683756,-0.0000000000000007,-0.0411013957768174,-0.0000000000000015,3.0322093173967204,3.0041597039,631.917,2642.274,304.0117,0.1771
1.0298154181725534,-0.0000000000000002,-0.0243065399093581,-0.0000000000006027,-0.0412079364734769,0.0000000000003747,3.0297885055228817,3.0041253776,635.124,2643.043,296.1751,0.1369
1.0297508311329664,-0.0000000000000000,-0.0244785618550508,-0.0000000000014952,-0.0413112006768063,0.0000000000007157,3.0273676936490430,3.0040916713,638.258,2643.797,288.6214,0.0971
1.0296868597032296,-0.0000000000000000,-0.0246469888029704,-0.0000000000000002,-0.0414113116176565,-0.0000000000000023,3.0249468817752039,3.0040585682,641.320,2644.538,281.3373,0.0576
1.0296234931853250,-0.0000000000000000,-0.0248119431563817,-0.0000000000000002,-0.0415083862892666,-0.0000000000000001,3.0225260699013652,3.0040260522,644.314,2645.266,274.3106,0.0186
1.0295607209509570,-0.0000000000000001,-0.0249735412599849,-0.0000000000007852,-0.0416025358445157,0.0000000000004850,3.0201052580275265,3.0039941077,647.242,2645.981,267.5293,-0.0200
1.0294985324565415,-0.0000000000000000,-0.0251318937965329,0.0000000000000021,-0.0416938659550842,0.0000000000000008,3.0176844461536878,3.0039627197,650.106,2646.683,260.9823,-0.0582
1.0294369172533344,-0.0000000000000000,-0.0252871061512005,0.0000000000000012,-0.0417824771395477,0.0000000000000001,3.0152636342798491,3.0039318738,652.908,2647.372,254.6592,-0.0960
1.0293758650041587,-0.0000000000000000,-0.0254392787473931,0.0000000000000016,-0.0418684650802975,0.0000000000000007,3.0128428224060100,3.0039015561,655.651,2648.050,248.5500,-0.1334
1.0293153654906690,-0.0000000000000001,-0.0255885073550464,-0.0000000000009738,-0.0419519209066745,0.0000000000005741,3.0104220105321717,3.0038717530,658.335,2648.716,242.6454,-0.1703
1.0292554086245476,-0.0000000000000012,-0.0257348833756386,-0.0000000000014108,-0.0420329314662171,0.0000000000009206,3.0080011986583326,3.0038424515,660.965,2649.371,236.9364,-0.2069
1.0291959844530247,-0.0000000000000000,-0.0258784941047606,-0.0000000000000003,-0.0421115795697517,-0.0000000000000001,3.0055803867844944,3.0038136392,663.540,2650.014,231.4146,-0.2429
1.0291370831623636,0.0000000000000000,-0.0260194229749578,0.0000000000000016,-0.0421879442207889,0.0000000000000006,3.0031595749106552,3.0037853038,666.062,2650.647,226.0721,-0.2786
1.0290786950881594,0.0000000000000000,-0.0261577497814926,0.0000000000000010,-0.0422621008374205,0.0000000000000021,3.0007387630368165,3.0037574338,668.534,2651.270,220.9012,-0.3138
1.0290208107145704,-0.0000000000000002,-0.0262935508904135,-0.0000000000018722,-0.0423341214474331,0.0000000000010261,2.9983179511629778,3.0037300177,670.957,2651.881,215.8948,-0.3486
1.0289634206827036,-0.0000000000000012,-0.0264268994333871,-0.0000000000014735,-0.0424040748829830,0.0000000000009602,2.9958971392891387,3.0037030446,673.332,2652.483,211.0461,-0.3830
1.0289065157865096,-0.0000000000000000,-0.0265578654863657,-0.0000000000000003,-0.0424720269472785,0.0000000000000008,2.9934763274153005,3.0036765039,675.661,2653.076,206.3486,-0.4169
1.0288500869763675,0.0000000000000000,-0.0266865162381260,0.0000000000000004,-0.0425380405814408,-0.0000000000000023,2.9910555155414613,3.0036503855,677.945,2653.658,201.7962,-0.4503
1.0287941253635489,-0.0000000000000000,-0.0268129161465592,0.0000000000000006,-0.0426021760218639,0.0000000000000016,2.9886347036676231,3.0036246794,680.186,2654.231,197.3830,-0.4834
1.0287386222164141,-0.0000000000000000,-0.0269371270838775,-0.0000000000016091,-0.0426644909384272,0.0000000000010334,2.9862138917937839,3.0035993760,682.384,2654.796,193.1034,-0.5160
1.0286835689650506,-0.0000000000000001,-0.0270592084732101,-0.0000000000018948,-0.0427250405745448,0.0000000000010909,2.9837930799199452,3.0035744661,684.541,2655.351,188.9523,-0.5481
1.0286289571959524,-0.0000000000000000,-0.0271792174151307,-0.0000000000016297,-0.0427838778675277,0.0000000000009444,2.9813722680461066,3.0035499407,686.659,2655.898,184.9245,-0.5799
1.0285747786545627,-0.0000000000000000,-0.0272972088069284,0.0000000000000008,-0.0428410535705348,0.0000000000000025,2.9789514561722674,3.0035257911,688.737,2656.436,181.0153,-0.6111
1.0285210252409711,-0.0000000000000000,-0.0274132354534804,0.0000000000000004,-0.0428966163594641,-0.0000000000000051,2.9765306442984292,3.0035020088,690.778,2656.966,177.2202,-0.6420
1.0284676890137801,-0.0000000000000000,-0.0275273481724730,0.0000000000000001,-0.0429506129442498,-0.0000000000000014,2.9741098324245900,3.0034785858,692.782,2657.487,173.5346,-0.6724
1.0284147621848276,-0.0000000000000000,-0.0276395958917098,-0.0000000000000004,-0.0430030881619757,0.0000000000000021,2.9716890205507518,3.0034555140,694.750,2658.001,169.9547,-0.7024
1.0283622371177259,-0.0000000000000012,-0.0277500257411453,-0.0000000000012296,-0.0430540850696061,0.0000000000009410,2.9692682086769127,3.0034327859,696.684,2658.507,166.4763,-0.7320
1.0283101063291797,-0.0000000000000001,-0.0278586831394706,-0.0000000000011917,-0.0431036450347253,0.0000000000009352,2.9668473968030740,3.0034103940,698.583,2659.006,163.0957,-0.7611
1.0282583624822839,-0.0000000000000000,-0.0279656118750882,-0.0000000000010446,-0.0431518078117957,0.0000000000008428,2.9644265849292353,3.0033883310,700.450,2659.497,159.8093,-0.7898
1.0282069983873960,-0.0000000000000000,-0.0280708541827544,-0.0000000000009481,-0.0431986116230003,0.0000000000008027,2.9620057730553966,3.0033665900,702.285,2659.980,156.6137,-0.8180
1.0281560070000046,-0.0000000000000000,-0.0281744508155362,0.0000000000000259,-0.0432440932310105,0.0000000000000411,2.9595849611815579,3.0033451643,704.088,2660.457,153.5056,-0.8459
1.0281053814159014,-0.0000000000000000,-0.0282764411129460,0.0000000000000005,-0.0432882880049035,-0.0000000000000014,2.9571641493077188,3.0033240471,705.861,2660.927,150.4818,-0.8733
1.0280551148725221,-0.0000000000000000,-0.0283768630645234,-0.0000000000000012,-0.0433312299890964,-0.0000000000000007,2.9547433374338805,3.0033032321,707.604,2661.390,147.5394,-0.9003
1.0280052007440392,-0.0000000000000000,-0.0284757533707675,0.0000000000000002,-0.0433729519619263,0.0000000000000047,2.9523225255600414,3.0032827131,709.319,2661.846,144.6755,-0.9269
1.0279556325389896,-0.0000000000000012,-0.0285731474999973,-0.0000000000008745,-0.0434134854936321,0.0000000000007781,2.9499017136862027,3.0032624840,711.005,2662.296,141.8873,-0.9531
1.0279064038992394,-0.0000000000000003,-0.0286690797420960,-0.0000000000025304,-0.0434528610025601,0.0000000000014030,2.9474809018123640,3.0032425391,712.663,2662.739,139.1722,-0.9789
1.0278575085983619,-0.0000000000000002,-0.0287635832611980,-0.0000000000010148,-0.0434911078085840,0.0000000000009291,2.9450600899385253,3.0032228725,714.295,2663.176,136.5278,-1.0042
1.0278089405329076,-0.0000000000000001,-0.0288566901407196,-0.0000000000010458,-0.0435282541741250,0.0000000000009596,2.9426392780646866,3.0032034789,715.900,2663.607,133.9515,-1.0292
1.0277606937272157,-0.0000000000000012,-0.0289484314323563,-0.0000000000019469,-0.0435643273597121,0.0000000000013353,2.9402184661908475,3.0031843526,717.479,2664.032,131.4411,-1.0537
1.0277127623301507,-0.0000000000000000,-0.0290388371982833,-0.0000000000000003,-0.0435993536673501,-0.0000000000000024,2.9377976543170092,3.0031654887,719.034,2664.451,128.9944,-1.0778
1.0276651406052137,0.0000000000000000,-0.0291279365515966,-0.0000000000000006,-0.0436333584728406,0.0000000000000022,2.9353768424431701,3.0031468819,720.564,2664.865,126.6093,-1.1016
1.0276178229377222,-0.0000000000000000,-0.0292157576963997,0.0000000000000004,-0.0436663662772467,0.0000000000000010,2.9329560305693314,3.0031285273,722.070,2665.272,124.2836,-1.1249
1.0275708038268301,-0.0000000000000000,-0.0293023279642824,0.0000000000000011,-0.0436984007378549,0.0000000000000053,2.9305352186954927,3.0031104201,723.552,2665.674,122.0155,-1.1479
1.0275240778843477,0.0000000000000000,-0.0293876738496098,0.0000000000000024,-0.0437294847053135,0.0000000000000362,2.9281144068216540,3.0030925556,725.012,2666.071,119.8032,-1.1705
1.0274776398312129,-0.0000000000000007,-0.0294718210428783,-0.0000000000017360,-0.0437596402561985,0.0000000000011009,2.9256935949478153,3.0030749293,726.450,2666.462,117.6447,-1.1927
1.0274314844996060,-0.0000000000000001,-0.0295547944629060,-0.0000000000016743,-0.0437888887304865,0.0000000000011052,2.9232727830739762,3.0030575367,727.866,2666.848,115.5384,-1.2145
1.0273856068244309,-0.0000000000000000,-0.0296366182865031,-0.0000000000006515,-0.0438172507549493,0.0000000000006976,2.9208519712001380,3.0030403735,729.260,2667.229,113.4826,-1.2359
1.0273400018432464,-0.0000000000000000,-0.0297173159772328,-0.0000000000005842,-0.0438447462745610,0.0000000000006715,2.9184311593262988,3.0030234355,730.633,2667.605,111.4758,-1.2570
1.0272946646961150,-0.0000000000000000,-0.0297969103133809,-0.0000000000008046,-0.0438713945832894,0.0000000000008655,2.9160103474524601,3.0030067185,731.986,2667.976,109.5163,-1.2776
1.0272495906222758,-0.0000000000000000,-0.0298754234137582,0.0000000000000001,-0.0438972143484773,0.0000000000000001,2.9135895355786214,3.0029902186,733.319,2668.342,107.6028,-1.2979
1.0272047749553845,-0.0000000000000000,-0.0299528767624580,0.0000000000000004,-0.0439222236337367,-0.0000000000000008,2.9111687237047827,3.0029739320,734.633,2668.703,105.7337,-1.3179
1.0271602131252886,-0.0000000000000000,-0.0300292912326858,0.0000000000000001,-0.0439464399265906,-0.0000000000000009,2.9087479118309441,3.0029578547,735.927,2669.060,103.9079,-1.3375
1.0271159006535326,-0.0000000000000000,-0.0301046871093902,0.0000000000000012,-0.0439698801589758,-0.0000000000000002,2.9063270999571054,3.0029419832,737.202,2669.412,102.1238,-1.3567
1.0270718331518369,-0.0000000000000000,-0.0301790841108495,0.0000000000000020,-0.0439925607294832,0.0000000000000085,2.9039062880832667,3.0029263138,738.459,2669.759,100.3803,-1.3756
1.0270280063200778,-0.0000000000000000,-0.0302525014092796,0.0000000000000058,-0.0440144975240659,0.0000000000000506,2.9014854762094275,3.0029108430,739.698,2670.102,98.6762,-1.3941
1.0269844159435508,-0.0000000000000012,-0.0303249576506478,-0.0000000000009879,-0.0440357059350905,0.0000000000008997,2.8990646643355888,3.0028955673,740.919,2670.441,97.0103,-1.4122
1.0269410578938771,-0.0000000000000018,-0.0303964709732524,-0.0000000000009602,-0.0440562008829531,0.0000000000008824,2.8966438524617502,3.0028804835,742.123,2670.775,95.3814,-1.4301
1.0268979281227342,-0.0000000000000009,-0.0304670590258922,-0.0000000000011224,-0.0440759968297987,0.0000000000010701,2.8942230405879115,3.0028655883,743.310,2671.105,93.7885,-1.4475
1.0268550226632536,-0.0000000000000000,-0.0305367389850937,-0.0000000000011164,-0.0440951077998814,0.0000000000010928,2.8918022287140728,3.0028508784,744.481,2671.431,92.2305,-1.4647
1.0268123376268936,-0.0000000000000001,-0.0306055275714099,-0.0000000000010588,-0.0441135473948112,0.0000000000010314,2.8893814168402341,3.0028363508,745.635,2671.753,90.7065,-1.4815
1.0267698692018037,-0.0000000000000000,-0.0306734410654413,-0.0000000000010663,-0.0441313288090571,0.0000000000007334,2.8869606049663954,3.0028220025,746.773,2672.071,89.2154,-1.4979
1.0267276136520094,-0.0000000000000000,-0.0307404953228260,-0.0000000000000008,-0.0441484648466502,0.0000000000000040,2.8845397930925563,3.0028078305,747.895,2672.385,87.7563,-1.5141
1.0266855673127995,0.0000000000000000,-0.0308067057882458,-0.0000000000000003,-0.0441649679314717,0.0000000000000017,2.8821189812187176,3.0027938319,749.002,2672.695,86.3283,-1.5299
1.0266437265931632,-0.0000000000000000,-0.0308720875099951,-0.0000000000000008,-0.0441808501260526,0.0000000000000036,2.8796981693448789,3.0027800039,750.094,2673.001,84.9306,-1.5453
1.0266020879714084,-0.0000000000000000,-0.0309366551528342,-0.0000000000000005,-0.0441961231414889,-0.0000000000000012,2.8772773574710402,3.0027663437,751.171,2673.303,83.5622,-1.5605
1.0265606479942746,-0.0000000000000000,-0.0310004230107744,0.0000000000000012,-0.0442107983507966,0.0000000000000053,2.8748565455972015,3.0027528487,752.234,2673.602,82.2224,-1.5754
1.0265194032753673,-0.0000000000000000,-0.0310634050192945,0.0000000000000029,-0.0442248868009319,0.0000000000000232,2.8724357337233628,3.0027395163,753.282,2673.897,80.9104,-1.5899
1.0264783504936390,-0.0000000000000000,-0.0311256147670411,0.0000000000000107,-0.0442383992242868,0.0000000000000864,2.8700149218495241,3.0027263437,754.316,2674.189,79.6255,-1.6041
1.0264374863911561,-0.0000000000000000,-0.0311870655072468,-0.0000000000009708,-0.0442513460491421,0.0000000000009287,2.8675941099756850,3.0027133287,755.337,2674.477,78.3668,-1.6180
1.0263968077753569,-0.0000000000000001,-0.0312477701683405,0.0000000000004399,-0.0442637374135359,-0.0000000000000530,2.8651732981018463,3.0027004686,756.344,2674.761,77.1337,-1.6316
1.0263563115103318,-0.0000000000000012,-0.0313077413637410,0.0000000000007948,-0.0442755831686035,-0.0000000000002448,2.8627524862280076,3.0026877611,757.338,2675.042,75.9255,-1.6449
1.0263159945222204,-0.0000000000000000,-0.0313669914031501,0.0000000000008536,-0.0442868928945069,-0.0000000000002896,2.8603316743541689,3.0026752039,758.318,2675.320,74.7415,-1.6580
1.0262758537951189,-0.0000000000000002,-0.0314255323010588,0.0000000000006508,-0.0442976759076224,-0.0000000000001237,2.8579108624803302,3.0026627947,759.286,2675.595,73.5812,-1.6707
1.0262358863702989,-0.0000000000000001,-0.0314833757863031,0.0000000000005980,-0.0443079412696201,-0.0000000000001066,2.8554900506064915,3.0026505312,760.242,2675.866,72.4438,-1.6831
1.0261960893443638,-0.0000000000000000,-0.0315405333108482,0.0000000000006456,-0.0443176977956186,-0.0000000000001284,2.8530692387326528,3.0026384112,761.185,2676.134,71.3288,-1.6952
1.0261564598678885,0.0000000000000000,-0.0315970160582191,0.0000000000000010,-0.0443269540620356,0.0000000000000008,2.8506484268588137,3.0026264327,762.116,2676.399,70.2356,-1.7071
1.0261169951458440,-0.0000000000000000,-0.0316528349521437,0.0000000000000014,-0.0443357184168964,-0.0000000000000015,2.8482276149849755,3.0026145934,763.034,2676.661,69.1636,-1.7187
1.0260776924340809,-0.0000000000000000,-0.0317080006636767,0.0000000000000007,-0.0443439989841390,-0.0000000000000003,2.8458068031111363,3.0026028914,763.942,2676.920,68.1123,-1.7299
1.0260385490396280,-0.0000000000000000,-0.0317625236193129,-0.0000000000000006,-0.0443518036729711,0.0000000000000008,2.8433859912372976,3.0025913246,764.837,2677.175,67.0812,-1.7410
1.0259995623191966,-0.0000000000000000,-0.0318164140081636,0.0000000000000006,-0.0443591401843751,0.0000000000000041,2.8409651793634589,3.0025798911,765.722,2677.428,66.0697,-1.7517
1.0259607296780813,-0.0000000000000000,-0.0318696817889786,0.0000000000000016,-0.0443660160178549,0.0000000000000063,2.8385443674896202,3.0025685889,766.595,2677.678,65.0774,-1.7622
1.0259220485690776,-0.0000000000000000,-0.0319223366969283,0.0000000000000062,-0.0443724384779000,0.0000000000000357,2.8361235556157816,3.0025574163,767.457,2677.925,64.1038,-1.7724
1.0258835164914324,-0.0000000000000000,-0.0319743882501247,0.0000000000000167,-0.0443784146802256,0.0000000000001100,2.8337027437419424,3.0025463712,768.308,2678.169,63.1484,-1.7823
1.0258451309892784,-0.0000000000000000,-0.0320258457560687,-0.0000000000007174,-0.0443839515575467,0.0000000000007819,2.8312819318681042,3.0025354520,769.149,2678.410,62.2108,-1.7920
1.0258068896533170,-0.0000000000000013,-0.0320767183176306,0.0000000000003820,-0.0443890558670358,-0.0000000000000153,2.8288611199942650,3.0025246569,769.979,2678.649,61.2905,-1.8014
1.0257687901145340,-0.0000000000000013,-0.0321270148384122,0.0000000000008448,-0.0443937341917778,-0.0000000000003527,2.8264403081204263,3.0025139840,770.799,2678.885,60.3871,-1.8106
1.0257308300480565,-0.0000000000000010,-0.0321767440292992,0.0000000000009600,-0.0443979929502348,-0.0000000000004283,2.8240194962465877,3.0025034319,771.609,2679.118,59.5002,-1.8195
1.0256930071706589,-0.0000000000000024,-0.0322259144133214,0.0000000000010633,-0.0444018384000365,-0.0000000000005169,2.8215986843727490,3.0024929986,772.409,2679.348,58.6294,-1.8281
1.0256553192394751,-0.0000000000000003,-0.0322745343311382,0.0000000000011337,-0.0444052766424697,-0.0000000000005846,2.8191778724989103,3.0024826828,773.199,2679.576,57.7743,-1.8365
1.0256177640514483,-0.0000000000000005,-0.0323226119459861,0.0000000000011631,-0.0444083136276104,-0.0000000000006127,2.8167570606250716,3.0024724826,773.979,2679.801,56.9346,-1.8447
1.0255803394424043,-0.0000000000000000,-0.0323701552486697,0.0000000000011605,-0.0444109551588580,-0.0000000000006044,2.8143362487512329,3.0024623967,774.750,2680.024,56.1099,-1.8526
1.0255430432868859,-0.0000000000000000,-0.0324171720623975,0.0000000000021363,-0.0444132068980615,-0.0000000000014262,2.8119154368773938,3.0024524234,775.512,2680.244,55.2998,-1.8603
1.0255058734933238,-0.0000000000000000,-0.0324636700466956,0.0000000000000003,-0.0444150743655139,-0.0000000000000008,2.8094946250035551,3.0024425613,776.264,2680.462,54.5039,-1.8678
1.0254688280126683,0.0000000000000000,-0.0325096567033829,0.0000000000000001,-0.0444165629544091,-0.0000000000000004,2.8070738131297164,3.0024328089,777.007,2680.678,53.7221,-1.8750
1.0254319048267060,0.0000000000000000,-0.0325551393790574,-0.0000000000000002,-0.0444176779226245,0.0000000000000026,2.8046530012558777,3.0024231647,777.742,2680.891,52.9538,-1.8819
1.0253951019534893,-0.0000000000000000,-0.0326001252702583,0.0000000000000001,-0.0444184244035708,-0.0000000000000008,2.8022321893820390,3.0024136274,778.467,2681.101,52.1989,-1.8887
1.0253584174452095,-0.0000000000000000,-0.0326446214272282,0.0000000000000010,-0.0444188074083050,0.0000000000000044,2.7998113775081999,3.0024041954,779.184,2681.309,51.4570,-1.8952
1.0253218493874596,-0.0000000000000000,-0.0326886347577860,0.0000000000000009,-0.0444188318290825,0.0000000000000071,2.7973905656343616,3.0023948676,779.892,2681.515,50.7278,-1.9015
1.0252853958985393,-0.0000000000000000,-0.0327321720310622,0.0000000000000046,-0.0444185024427926,0.0000000000000236,2.7949697537605225,3.0023856425,780.592,2681.719,50.0111,-1.9076
1.0252490551287516,-0.0000000000000000,-0.0327752398811169,0.0000000000000134,-0.0444178239142856,0.0000000000000700,2.7925489418866838,3.0023765189,781.283,2681.920,49.3065,-1.9135
1.0252128252597406,-0.0000000000000000,-0.0328178448104350,0.0000000000000324,-0.0444168007995636,0.0000000000001915,2.7901281300128451,3.0023674954,781.967,2682.119,48.6138,-1.9191
1.0251767045036724,-0.0000000000000000,-0.0328599931937043,0.0000000000000004,-0.0444154375490868,-0.0000000000000005,2.7877073181390064,3.0023585708,782.642,2682.316,47.9327,-1.9246
1.0251406911030494,-0.0000000000000000,-0.0329016912799571,0.0000000000000011,-0.0444137385101503,-0.0000000000000011,2.7852865062651677,3.0023497439,783.309,2682.511,47.2629,-1.9298
1.0251047833295253,-0.0000000000000000,-0.0329429451971456,-0.0000000000000074,-0.0444117079305129,0.0000000000000074,2.7828656943913290,3.0023410134,783.968,2682.704,46.6043,-1.9348
1.0250689794839996,-0.0000000000000013,-0.0329837609544298,0.0000000000005486,-0.0444093499611796,-0.0000000000005086,2.7804448825174903,3.0023323782,784.620,2682.894,45.9566,-1.9396
1.0250332778943914,-0.0000000000000013,-0.0330241444452881,0.0000000000005408,-0.0444066686575257,-0.0000000000004877,2.7780240706436512,3.0023238371,785.264,2683.083,45.3194,-1.9443
1.0249976769163747,-0.0000000000000000,-0.0330641014502831,-0.0000000000011366,-0.0444036679834052,0.0000000000008467,2.7756032587698125,3.0023153889,785.901,2683.269,44.6927,-1.9487
1.0249621749359781,-0.0000000000000013,-0.0331036376408554,-0.0000000000000992,-0.0444003518167082,-0.0000000000000020,2.7731824468959738,3.0023070325,786.530,2683.453,44.0762,-1.9529
1.0249267703610638,-0.0000000000000013,-0.0331427585802029,0.0000000000005106,-0.0443967239439107,-0.0000000000004230,2.7707616350221351,3.0022987668,787.152,2683.636,43.4696,-1.9569
1.0248914616274722,-0.0000000000000013,-0.0331814697273465,0.0000000000008357,-0.0443927880689760,-0.0000000000006476,2.7683408231482964,3.0022905908,787.766,2683.816,42.8728,-1.9607
1.0248562471963356,-0.0000000000000000,-0.0332197764392825,0.0000000000008865,-0.0443885478136592,-0.0000000000006905,2.7659200112744577,3.0022825033,788.373,2683.994,42.2855,-1.9643
1.0248211255538755,-0.0000000000000000,-0.0332576839734818,0.0000000000009723,-0.0443840067199295,-0.0000000000007499,2.7634991994006191,3.0022745033,788.974,2684.171,41.7076,-1.9678
1.0247860952104551,-0.0000000000000012,-0.0332951974901890,0.0000000000010206,-0.0443791682517047,-0.0000000000007783,2.7610783875267799,3.0022665898,789.567,2684.345,41.1388,-1.9710
1.0247511547003791,-0.0000000000000000,-0.0333323220548799,0.0000000000010920,-0.0443740357971431,-0.0000000000008350,2.7586575756529417,3.0022587618,790.154,2684.518,40.5790,-1.9741
1.0247163025812480,-0.0000000000000007,-0.0333690626404355,0.0000000000010778,-0.0443686126705412,-0.0000000000008219,2.7562367637791025,3.0022510183,790.734,2684.688,40.0279,-1.9770
1.0246815374340787,-0.0000000000000013,-0.0334054241295154,0.0000000000016753,-0.0443629021149910,-0.0000000000008101,2.7538159519052638,3.0022433582,791.307,2684.857,39.4855,-1.9797
1.0246468578601928,0.0000000000000000,-0.0334414113158745,0.0000000000000027,-0.0443569073008989,0.0000000000000016,2.7513951400314252,3.0022357807,791.873,2685.024,38.9514,-1.9822
1.0246122624871565,-0.0000000000000000,-0.0334770289082293,0.0000000000000014,-0.0443506313356273,-0.0000000000000011,2.7489743281575865,3.0022282849,792.433,2685.190,38.4256,-1.9846
1.0245777499605377,-0.0000000000000000,-0.0335122815303580,-0.0000000000000007,-0.0443440772559427,0.0000000000000040,2.7465535162837478,3.0022208697,792.987,2685.353,37.9079,-1.9868
1.0245433189481579,-0.0000000000000000,-0.0335471737239919,0.0000000000000011,-0.0443372480351862,-0.0000000000000016,2.7441327044099086,3.0022135343,793.534,2685.515,37.3981,-1.9888
1.0245089681385500,-0.0000000000000000,-0.0335817099505797,0.0000000000000007,-0.0443301465836438,-0.0000000000000004,2.7417118925360699,3.0022062777,794.076,2685.675,36.8960,-1.9906
1.0244746962405626,-0.0000000000000000,-0.0336158945931018,0.0000000000000013,-0.0443227757501595,-0.0000000000000000,2.7392910806622313,3.0021990992,794.610,2685.833,36.4016,-1.9923
1.0244405019829634,-0.0000000000000000,-0.0336497319578586,0.0000000000000026,-0.0443151383236840,0.0000000000000093,2.7368702687883926,3.0021919978,795.139,2685.989,35.9146,-1.9938
1.0244063841140383,-0.0000000000000000,-0.0336832262762109,0.0000000000000048,-0.0443072370347708,0.0000000000000259,2.7344494569145539,3.0021849728,795.662,2686.144,35.4349,-1.9951
1.0243723414012200,0.0000000000000000,-0.0337163817062654,0.0000000000000129,-0.0442990745570294,0.0000000000000693,2.7320286450407152,3.0021780231,796.179,2686.297,34.9624,-1.9963
1.0243383726307060,-0.0000000000000000,-0.0337492023345145,0.0000000000000294,-0.0442906535085469,0.0000000000001789,2.7296078331668765,3.0021711481,796.690,2686.449,34.4968,-1.9973
1.0243044766070373,-0.0000000000000000,-0.0337816921776383,0.0000000000000001,-0.0442819764534290,0.0000000000000009,2.7271870212930374,3.0021643470,797.195,2686.598,34.0382,-1.9982
1.0242706521545764,-0.0000000000000013,-0.0338138551838047,0.0000000000025401,-0.0442730459044423,-0.0000000000014976,2.7247662094191991,3.0021576189,797.694,2686.747,33.5863,-1.9989
1.0242368981095895,-0.0000000000000013,-0.0338456952332994,0.0000000000013460,-0.0442638643167866,-0.0000000000006922,2.7223453975453600,3.0021509630,798.188,2686.893,33.1411,-1.9994
1.0242032133325010,-0.0000000000000000,-0.0338772161423883,0.0000000000007850,-0.0442544341026473,-0.0000000000003095,2.7199245856715213,3.0021443786,798.676,2687.038,32.7023,-1.9998
1.0241695966989235,-0.0000000000000000,-0.0339084216628289,0.0000000000021463,-0.0442447576233153,-0.0000000000012213,2.7175037737976826,3.0021378650,799.158,2687.182,32.2699,-2.0001
1.0241360470980669,-0.0000000000000022,-0.0339393154831934,0.0000000000021956,-0.0442348371887313,-0.0000000000012085,2.7150829619238439,3.0021314214,799.636,2687.324,31.8437,-2.0002
1.0241025634386605,-0.0000000000000016,-0.0339699012311926,0.0000000000023162,-0.0442246750655269,-0.0000000000012550,2.7126621500500052,3.0021250470,800.107,2687.464,31.4237,-2.0002
1.0240691446443808,-0.0000000000000003,-0.0340001824745107,0.0000000000023406,-0.0442142734734540,-0.0000000000012531,2.7102413381761665,3.0021187412,800.574,2687.603,31.0097,-2.0000
1.0240357896548506,-0.0000000000000003,-0.0340301627220962,0.0000000000023400,-0.0442036345879247,-0.0000000000012420,2.7078205263023278,3.0021125033,801.035,2687.740,30.6016,-1.9996
1.0240024974251665,-0.0000000000000017,-0.0340598454254584,0.0000000000024126,-0.0441927605408391,-0.0000000000013017,2.7053997144284887,3.0021063324,801.490,2687.876,30.1993,-1.9992
1.0239692669253906,-0.0000000000000001,-0.0340892339798874,0.0000000000024218,-0.0441816534213689,-0.0000000000012957,2.7029789025546500,3.0021002281,801.941,2688.011,29.8027,-1.9986
1.0239360971407183,-0.0000000000000000,-0.0341183317255935,0.0000000000025402,-0.0441703152774833,-0.0000000000013917,2.7005580906808113,3.0020941895,802.387,2688.144,29.4116,-1.9978
1.0239029870689034,0.0000000000000000,-0.0341471419486368,0.0000000000000011,-0.0441587481141631,-0.0000000000000026,2.6981372788069726,3.0020882161,802.827,2688.275,29.0261,-1.9970
1.0238699357274477,0.0000000000000000,-0.0341756678831219,0.0000000000000003,-0.0441469539031801,-0.0000000000000007,2.6957164669331339,3.0020823071,803.263,2688.405,28.6459,-1.9959
1.0238369421426541,-0.0000000000000000,-0.0342039127106482,0.0000000000000005,-0.0441349345713744,-0.0000000000000000,2.6932956550592952,3.0020764620,803.693,2688.534,28.2710,-1.9948
1.0238040053563349,-0.0000000000000000,-0.0342318795624781,0.0000000000000011,-0.0441226920097685,0.0000000000000014,2.6908748431854566,3.0020706800,804.119,2688.661,27.9012,-1.9935
1.0237711244238352,-0.0000000000000000,-0.0342595715203044,-0.0000000000000005,-0.0441102280723889,0.0000000000000017,2.6884540313116174,3.0020649607,804.540,2688.787,27.5366,-1.9921
1.0237382984137866,-0.0000000000000000,-0.0342869916172549,0.0000000000000016,-0.0440975445771026,-0.0000000000000019,2.6860332194377787,3.0020593033,804.956,2688.912,27.1770,-1.9906
1.0237055264078521,-0.0000000000000000,-0.0343141428388854,0.0000000000000015,-0.0440846433064149,-0.0000000000000012,2.6836124075639400,3.0020537072,805.367,2689.035,26.8222,-1.9890
1.0236728075004959,-0.0000000000000000,-0.0343410281241377,0.0000000000000036,-0.0440715260082652,0.0000000000000159,2.6811915956901013,3.0020481720,805.774,2689.157,26.4723,-1.9872
1.0236401407987372,-0.0000000000000000,-0.0343676503662808,0.0000000000000073,-0.0440581943967784,0.0000000000000495,2.6787707838162627,3.0020426969,806.176,2689.277,26.1272,-1.9853
1.0236075254219292,-0.0000000000000000,-0.0343940124138199,0.0000000000000170,-0.0440446501530121,0.0000000000001306,2.6763499719424240,3.0020372814,806.574,2689.396,25.7867,-1.9833
1.0235749605015270,-0.0000000000000000,-0.0344201170713912,0.0000000000000371,-0.0440308949256648,0.0000000000003111,2.6739291600685853,3.0020319250,806.966,2689.514,25.4507,-1.9811
1.0235424451808683,-0.0000000000000000,-0.0344459671007666,0.0000000000000005,-0.0440169303320909,-0.0000000000000057,2.6715083481947461,3.0020266270,807.355,2689.631,25.1193,-1.9789
1.0235099786149628,-0.0000000000000000,-0.0344715652212701,0.0000000000000004,-0.0440027579580448,0.0000000000000008,2.6690875363209075,3.0020213870,807.739,2689.746,24.7923,-1.9765
1.0234775599708130,-0.0000000000000000,-0.0344969141112122,0.0000000000007774,-0.0439883793602333,-0.0000000000002641,2.6666667244470688,3.0020162044,808.119,2689.860,24.4696,-1.9741
1.0234451884250675,-0.0000000000000002,-0.0345220164081385,0.0000000000008180,-0.0439737960634251,-0.0000000000002746,2.6642459125732301,3.0020110786,808.494,2689.973,24.1511,-1.9715
1.0234128631669475,-0.0000000000000000,-0.0345468747100756,0.0000000000008260,-0.0439590095654300,-0.0000000000002594,2.6618251006993914,3.0020060092,808.865,2690.085,23.8369,-1.9688
1.0233805833956759,-0.0000000000000000,-0.0345714915758380,0.0000000000001394,-0.0439440213346903,0.0000000000001160,2.6594042888255527,3.0020009956,809.232,2690.195,23.5268,-1.9660
1.0233483483225736,-0.0000000000000012,-0.0345958695265224,0.0000000000005014,-0.0439288328131581,-0.0000000000000898,2.6569834769517140,3.0019960372,809.594,2690.304,23.2208,-1.9631
1.0233161571675879,-0.0000000000000012,-0.0346200110452680,0.0000000000007264,-0.0439134454138621,-0.0000000000001974,2.6545626650778749,3.0019911337,809.953,2690.412,22.9187,-1.9600
1.0232840091616602,-0.0000000000000000,-0.0346439185785567,0.0000000000007182,-0.0438978605238484,-0.0000000000002114,2.6521418532040362,3.0019862845,810.307,2690.518,22.6205,-1.9569
1.0232519035459904,-0.0000000000000000,-0.0346675945369556,0.0000000000007194,-0.0438820795042019,-0.0000000000001930,2.6497210413301975,3.0019814891,810.657,2690.624,22.3262,-1.9537
1.0232198395715304,-0.0000000000000024,-0.0346910412955924,0.0000000000007078,-0.0438661036902952,-0.0000000000001730,2.6473002294563588,3.0019767470,811.003,2690.728,22.0357,-1.9504
1.0231878164994801,-0.0000000000000000,-0.0347142611949193,0.0000000000013722,-0.0438499343930163,-0.0000000000006332,2.6448794175825201,3.0019720578,811.346,2690.831,21.7489,-1.9469
1.0231558335991020,-0.0000000000000008,-0.0347372565412044,0.0000000000013407,-0.0438335728970165,-0.0000000000005604,2.6424586057086814,3.0019674210,811.684,2690.933,21.4657,-1.9434
1.0231238901506221,-0.0000000000000001,-0.0347600296073160,0.0000000000013189,-0.0438170204647000,-0.0000000000005493,2.6400377938348427,3.0019628361,812.018,2691.034,21.1862,-1.9398
1.0230919854432037,-0.0000000000000000,-0.0347825826335270,0.0000000000018001,-0.0438002783345156,-0.0000000000008828,2.6376169819610036,3.0019583027,812.348,2691.134,20.9102,-1.9361
1.0230601187728772,-0.0000000000000000,-0.0348049178274232,0.0000000000000002,-0.0437833477193559,0.0000000000000006,2.6351961700871653,3.0019538203,812.675,2691.233,20.6377,-1.9323
1.0230282894493223,-0.0000000000000000,-0.0348270373657526,-0.0000000000000006,-0.0437662298149997,0.0000000000000018,2.6327753582133262,3.0019493885,812.998,2691.330,20.3686,-1.9284
1.0229964967868761,0.0000000000000000,-0.0348489433936191,-0.0000000000000001,-0.0437489257901889,0.0000000000000017,2.6303545463394875,3.0019450068,813.317,2691.426,20.1029,-1.9244
1.0229647401097308,-0.0000000000000000,-0.0348706380258410,-0.0000000000000001,-0.0437314367934179,-0.0000000000000055,2.6279337344656488,3.0019406749,813.632,2691.522,19.8405,-1.9203
1.0229330187505188,0.0000000000000000,-0.0348921233473360,0.0000000000000007,-0.0437137639518346,-0.0000000000000024,2.6255129225918101,3.0019363923,813.943,2691.616,19.5814,-1.9161
1.0229013320501665,-0.0000000000000000,-0.0349134014136540,-0.0000000000000007,-0.0436959083716714,0.0000000000000058,2.6230921107179714,3.0019321586,814.251,2691.709,19.3255,-1.9119
1.0228696793577592,-0.0000000000000000,-0.0349344742515017,0.0000000000000008,-0.0436778711386450,0.0000000000000047,2.6206712988441327,3.0019279733,814.555,2691.801,19.0727,-1.9075
1.0228380600303892,-0.0000000000000000,-0.0349553438592665,0.0000000000000004,-0.0436596533183378,0.0000000000000234,2.6182504869702936,3.0019238362,814.856,2691.892,18.8231,-1.9031
1.0228064734330216,-0.0000000000000000,-0.0349760122075139,0.0000000000000028,-0.0436412559565959,0.0000000000000564,2.6158296750964549,3.0019197466,815.153,2691.982,18.5765,-1.8986
1.0227749189383590,-0.0000000000000000,-0.0349964812394867,0.0000000000000068,-0.0436226800798807,0.0000000000001491,2.6134088632226162,3.0019157044,815.446,2692.071,18.3330,-1.8940
1.0227433959267009,-0.0000000000000000,-0.0350167528715866,0.0000000000000138,-0.0436039266956492,0.0000000000003482,2.6109880513487775,3.0019117090,815.736,2692.159,18.0924,-1.8893
1.0227119037858876,-0.0000000000000000,-0.0350368289938539,0.0000000000000005,-0.0435849967929622,-0.0000000000000013,2.6085672394749388,3.0019077602,816.023,2692.245,17.8547,-1.8845
1.0226804419109621,-0.0000000000000000,-0.0350567114704007,-0.0000000000000006,-0.0435658913420085,0.0000000000000023,2.6061464276011002,3.0019038575,816.306,2692.331,17.6200,-1.8797
1.0226490097042982,0.0000000000000000,-0.0350764021398990,0.0000000000000002,-0.0435466112954728,-0.0000000000000009,2.6037256157272610,3.0019000005,816.585,2692.416,17.3880,-1.8748
1.0226176065753307,0.0000000000000000,-0.0350959028160085,0.0000000000000020,-0.0435271575882663,-0.0000000000000081,2.6013048038534228,3.0018961889,816.861,2692.500,17.1588,-1.8698
1.0225862319404695,0.0000000000000000,-0.0351152152878034,0.0000000000000006,-0.0435075311379890,-0.0000000000000013,2.5988839919795836,3.0018924223,817.134,2692.582,16.9324,-1.8648
1.0225548852229127,-0.0000000000000001,-0.0351343413201457,-0.0000000000001260,-0.0434877328452716,0.0000000000003300,2.5964631801057450,3.0018887004,817.404,2692.664,16.7087,-1.8596
1.0225235658527629,-0.0000000000000012,-0.0351532826543191,-0.0000000000001669,-0.0434677635939297,0.0000000000003476,2.5940423682319063,3.0018850228,817.670,2692.745,16.4877,-1.8544
1.0224922732665838,-0.0000000000000012,-0.0351720410080684,-0.0000000000002601,-0.0434476242515024,0.0000000000003910,2.5916215563580676,3.0018813892,817.933,2692.825,16.2693,-1.8492
1.0224610069076030,-0.0000000000000001,-0.0351906180763969,-0.0000000000002272,-0.0434273156694820,0.0000000000003884,2.5892007444842289,3.0018777992,818.193,2692.904,16.0534,-1.8438
1.0224297662248214,-0.0000000000000012,-0.0352090155314528,-0.0000000000008905,-0.0434068386829854,0.0000000000006994,2.5867799326103902,3.0018742524,818.449,2692.982,15.8401,-1.8384
1.0223985506751700,-0.0000000000000012,-0.0352272350236795,-0.0000000000005980,-0.0433861941129830,0.0000000000005740,2.5843591207365515,3.0018707486,818.703,2693.059,15.6294,-1.8329
1.0223673597199132,-0.0000000000000000,-0.0352452781812939,-0.0000000000004466,-0.0433653827636080,0.0000000000005043,2.5819383088627124,3.0018672875,818.953,2693.135,15.4211,-1.8274
1.0223361928272190,-0.0000000000000010,-0.0352631466112268,-0.0000000000003490,-0.0433444054246839,0.0000000000004451,2.5795174969888737,3.0018638686,819.200,2693.210,15.2152,-1.8218
1.0223050494710151,-0.0000000000000000,-0.0352808418993347,-0.0000000000004750,-0.0433232628710462,0.0000000000005333,2.5770966851150350,3.0018604916,819.444,2693.284,15.0117,-1.8161
1.0222739291314509,-0.0000000000000000,-0.0352983656107960,-0.0000000000005229,-0.0433019558634182,0.0000000000005981,2.5746758732411963,3.0018571563,819.685,2693.358,14.8106,-1.8104
1.0222428312940797,-0.0000000000000012,-0.0353157192900896,-0.0000000000009381,-0.0432804851479051,0.0000000000006840,2.5722550613673576,3.0018538624,819.923,2693.430,14.6119,-1.8046
1.0222117554505983,-0.0000000000000000,-0.0353329044623079,-0.0000000000009908,-0.0432588514569811,0.0000000000007068,2.5698342494935189,3.0018506095,820.157,2693.501,14.4154,-1.7987
1.0221807010980040,-0.0000000000000000,-0.0353499226323771,-0.0000000000007051,-0.0432370555091255,0.0000000000007041,2.5674134376196802,3.0018473973,820.389,2693.572,14.2212,-1.7928
1.0221496677385262,-0.0000000000000000,-0.0353667752855681,-0.0000000000006780,-0.0432150980090203,0.0000000000006803,2.5649926257458411,3.0018442255,820.618,2693.642,14.0292,-1.7869
1.0221186548800776,-0.0000000000000012,-0.0353834638884583,-0.0000000000007592,-0.0431929796482684,0.0000000000007535,2.5625718138720028,3.0018410938,820.844,2693.711,13.8394,-1.7808
1.0220876620364652,0.0000000000000000,-0.0353999898889805,0.0000000000000007,-0.0431707011058816,-0.0000000000000040,2.5601510019981637,3.0018380020,821.067,2693.778,13.6518,-1.7748
1.0220566887250540,-0.0000000000000000,-0.0354163547160061,-0.0000000000000013,-0.0431482630465115,0.0000000000000123,2.5577301901243250,3.0018349497,821.287,2693.846,13.4663,-1.7686
1.0220257344699024,-0.0000000000000000,-0.0354325597807228,-0.0000000000000006,-0.0431256661235172,0.0000000000000039,2.5553093782504863,3.0018319366,821.504,2693.912,13.2830,-1.7624
1.0219947987996021,0.0000000000000000,-0.0354486064762908,-0.0000000000000009,-0.0431029109772976,0.0000000000000026,2.5528885663766476,3.0018289625,821.718,2693.977,13.1017,-1.7562
1.0219638812477174,-0.0000000000000000,-0.0354644961782533,0.0000000000000011,-0.0430799982359937,-0.0000000000000094,2.5504677545028089,3.0018260271,821.929,2694.042,12.9224,-1.7499
1.0219329813526870,-0.0000000000000000,-0.0354802302448349,0.0000000000000001,-0.0430569285156433,0.0000000000000049,2.5480469426289698,3.0018231302,822.138,2694.105,12.7452,-1.7436
1.0219020986577552,-0.0000000000000000,-0.0354958100172049,0.0000000000000000,-0.0430337024203868,0.0000000000000075,2.5456261307551311,3.0018202713,822.344,2694.168,12.5700,-1.7372
1.0218712327108843,-0.0000000000000000,-0.0355112368197491,-0.0000000000000008,-0.0430103205426564,0.0000000000000306,2.5432053188812924,3.0018174504,822.547,2694.230,12.3967,-1.7308
1.0218403830646727,-0.0000000000000000,-0.0355265119603381,-0.0000000000000014,-0.0429867834633352,0.0000000000000796,2.5407845070074537,3.0018146670,822.747,2694.291,12.2254,-1.7243
1.0218095492762831,-0.0000000000000000,-0.0355416367305773,-0.0000000000000047,-0.0429630917519524,0.0000000000002014,2.5383636951336150,3.0018119210,822.945,2694.351,12.0560,-1.7178
1.0217787309074207,-0.0000000000000000,-0.0355566124060331,-0.0000000000000005,-0.0429392459669806,-0.0000000000000071,2.5359428832597763,3.0018092121,823.139,2694.411,11.8885,-1.7112
1.0217479275240884,-0.0000000000000000,-0.0355714402465689,-0.0000000000000003,-0.0429152466556017,0.0000000000000021,2.5335220713859377,3.0018065401,823.332,2694.470,11.7228,-1.7046
1.0217171386967214,-0.0000000000000000,-0.0355861214964856,0.0000000000000016,-0.0428910943543679,-0.0000000000000041,2.5311012595120985,3.0018039046,823.521,2694.528,11.5590,-1.6979
1.0216863639999956,0.0000000000000000,-0.0356006573848115,0.0000000000000013,-0.0428667895890819,-0.0000000000000002,2.5286804476382603,3.0018013054,823.708,2694.585,11.3969,-1.6912
1.0216556030127850,-0.0000000000000000,-0.0356150491255310,0.0000000000000004,-0.0428423328750116,0.0000000000000026,2.5262596357644211,3.0017987424,823.892,2694.641,11.2367,-1.6845
1.0216248553180889,-0.0000000000000000,-0.0356292979178082,0.0000000000000001,-0.0428177247170526,-0.0000000000000035,2.5238388238905825,3.0017962152,824.073,2694.696,11.0782,-1.6777
1.0215941205029704,0.0000000000000000,-0.0356434049462110,-0.0000000000000013,-0.0427929656098708,0.0000000000000033,2.5214180120167438,3.0017937236,824.252,2694.751,10.9215,-1.6709
1.0215633981584749,0.0000000000000000,-0.0356573713809444,0.0000000000000002,-0.0427680560380553,-0.0000000000000058,2.5189972001429051,3.0017912673,824.429,2694.805,10.7665,-1.6641
1.0215326878795803,-0.0000000000000000,-0.0356711983780507,0.0000000000000007,-0.0427429964762518,-0.0000000000000032,2.5165763882690664,3.0017888462,824.603,2694.858,10.6131,-1.6572
1.0215019892642612,-0.0000000000000012,-0.0356848870793833,-0.0000000000012848,-0.0427177873884679,0.0000000000009208,2.5141555763952272,3.0017864600,824.774,2694.911,10.4615,-1.6503
1.0214713019168045,-0.0000000000000008,-0.0356984386137607,-0.0000000000013861,-0.0426924292315441,0.0000000000009691,2.5117347645213890,3.0017841085,824.943,2694.962,10.3115,-1.6433
1.0214406254427952,-0.0000000000000012,-0.0357118540958189,-0.0000000000014465,-0.0426669224503895,0.0000000000010048,2.5093139526475499,3.0017817914,825.109,2695.013,10.1631,-1.6364
1.0214099594521631,-0.0000000000000012,-0.0357251346270642,-0.0000000000015993,-0.0426412674811659,0.0000000000010866,2.5068931407737112,3.0017795086,825.272,2695.063,10.0163,-1.6294
1.0213793035584933,-0.0000000000000000,-0.0357382812957040,-0.0000000000020409,-0.0426154647508653,0.0000000000012230,2.5044723288998725,3.0017772598,825.434,2695.113,9.8712,-1.6223
1.0213486573799728,-0.0000000000000012,-0.0357512951775530,-0.0000000000011916,-0.0425895146784699,0.0000000000009229,2.5020515170260338,3.0017750447,825.593,2695.161,9.7276,-1.6153
1.0213180205359662,-0.0000000000000000,-0.0357641773351811,-0.0000000000007727,-0.0425634176712389,0.0000000000008150,2.4996307051521951,3.0017728633,825.749,2695.209,9.5855,-1.6082
1.0212873926508246,-0.0000000000000012,-0.0357769288183583,-0.0000000000008254,-0.0425371741296013,0.0000000000008405,2.4972098932783564,3.0017707152,825.903,2695.256,9.4450,-1.6011
1.0212567733520039,-0.0000000000000000,-0.0357895506648138,-0.0000000000013162,-0.0425107844446713,0.0000000000009858,2.4947890814045177,3.0017686002,826.054,2695.303,9.3059,-1.5939
1.0212261622705399,-0.0000000000000012,-0.0358020439004946,-0.0000000000016478,-0.0424842489992090,0.0000000000010732,2.4923682695306786,3.0017665182,826.204,2695.349,9.1684,-1.5867
1.0211955590407926,-0.0000000000000006,-0.0358144095387733,-0.0000000000015466,-0.0424575681674095,0.0000000000010485,2.4899474576568399,3.0017644690,826.350,2695.394,9.0323,-1.5796
1.0211649632997910,-0.0000000000000000,-0.0358266485813532,-0.0000000000012427,-0.0424307423146184,0.0000000000010397,2.4875266457830012,3.0017624523,826.495,2695.438,8.8977,-1.5723
1.0211343746877395,-0.0000000000000000,-0.0358387620180008,-0.0000000000012069,-0.0424037717977974,0.0000000000010483,2.4851058339091625,3.0017604679,826.637,2695.482,8.7645,-1.5651
1.0211037928482205,-0.0000000000000001,-0.0358507508272657,-0.0000000000012548,-0.0423766569659589,0.0000000000010776,2.4826850220353238,3.0017585157,826.777,2695.524,8.6328,-1.5579
1.0210732174276829,-0.0000000000000008,-0.0358626159762712,-0.0000000000015212,-0.0423493981597477,0.0000000000011891,2.4802642101614847,3.0017565954,826.914,2695.567,8.5024,-1.5506
1.0210426480761927,-0.0000000000000002,-0.0358743584209738,-0.0000000000013491,-0.0423219957125544,0.0000000000010692,2.4778433982876464,3.0017547069,827.049,2695.608,8.3734,-1.5433
1.0210120844457153,-0.0000000000000019,-0.0358859791061269,-0.0000000000015036,-0.0422944499486361,0.0000000000011019,2.4754225864138073,3.0017528500,827.182,2695.649,8.2458,-1.5360
1.0209815261918904,-0.0000000000000006,-0.0358974789658603,-0.0000000000015660,-0.0422667611852244,0.0000000000011358,2.4730017745399686,3.0017510244,827.313,2695.689,8.1196,-1.5287
1.0209509729727735,-0.0000000000000001,-0.0359088589234399,-0.0000000000017958,-0.0422389297313429,0.0000000000010939,2.4705809626661299,3.0017492301,827.441,2695.728,7.9946,-1.5214
1.0209204244502754,-0.0000000000000000,-0.0359201198915994,-0.0000000000010827,-0.0422109558896545,0.0000000000005783,2.4681601507922912,3.0017474667,827.567,2695.767,7.8710,-1.5140
1.0208898802861368,-0.0000000000000012,-0.0359312627723817,-0.0000000000021779,-0.0421828399519034,0.0000000000011803,2.4657393389184525,3.0017457342,827.691,2695.805,7.7487,-1.5067
1.0208593401489237,-0.0000000000000012,-0.0359422884580852,-0.0000000000022259,-0.0421545822069153,0.0000000000011936,2.4633185270446138,3.0017440323,827.813,2695.842,7.6277,-1.4993
1.0208288037085380,0.0000000000000000,-0.0359531978309127,-0.0000000000000008,-0.0421261829346099,0.0000000000000031,2.4608977151707752,3.0017423609,827.932,2695.879,7.5080,-1.4919
1.0207982706324323,-0.0000000000000000,-0.0359639917613944,-0.0000000000019425,-0.0420976424023339,0.0000000000010179,2.4584769032969360,3.0017407198,828.050,2695.915,7.3895,-1.4845
1.0207677405987934,-0.0000000000000000,-0.0359746711127307,-0.0000000000022409,-0.0420689608787456,0.0000000000012101,2.4560560914230973,3.0017391088,828.165,2695.950,7.2723,-1.4772
1.0207372132835684,-0.0000000000000000,-0.0359852367368395,-0.0000000000022822,-0.0420401386204006,0.0000000000012223,2.4536352795492586,3.0017375278,828.278,2695.985,7.1563,-1.4698
1.0207066883662450,-0.0000000000000012,-0.0359956894764346,-0.0000000000018026,-0.0420111758778620,0.0000000000009155,2.4512144676754200,3.0017359765,828.389,2696.019,7.0415,-1.4624
1.0206761655290713,-0.0000000000000000,-0.0360060301649537,0.0000000000000006,-0.0419820728950347,0.0000000000000016,2.4487936558015813,3.0017344549,828.497,2696.053,6.9279,-1.4550
1.0206456444541177,0.0000000000000000,-0.0360162596255416,-0.0000000000000016,-0.0419528299062294,0.0000000000000021,2.4463728439277426,3.0017329627,828.604,2696.085,6.8155,-1.4476
1.0206151248276247,-0.0000000000000000,-0.0360263786728044,-0.0000000000021277,-0.0419234471407879,0.0000000000011313,2.4439520320539039,3.0017314998,828.708,2696.118,6.7043,-1.4402
1.0205846063427535,-0.0000000000000000,-0.0360363881134987,0.0000000000000001,-0.0418939248261619,0.0000000000000047,2.4415312201800647,3.0017300660,828.811,2696.149,6.5943,-1.4328
1.0205540886847604,-0.0000000000000000,-0.0360462887426328,-0.0000000000020731,-0.0418642631723230,0.0000000000011301,2.4391104083062265,3.0017286612,828.911,2696.180,6.4854,-1.4254
1.0205235715526240,0.0000000000000000,-0.0360560813495733,-0.0000000000000071,-0.0418344623947628,-0.0000000000000383,2.4366895964323874,3.0017272852,829.009,2696.210,6.3776,-1.4180
1.0204930546367501,-0.0000000000000000,-0.0360657667117267,-0.0000000000012710,-0.0418045226910188,0.0000000000008076,2.4342687845585487,3.0017259379,829.106,2696.240,6.2710,-1.4107
1.0204625376379219,-0.0000000000000000,-0.0360753456004591,-0.0000000000012475,-0.0417744442608212,0.0000000000007898,2.4318479726847100,3.0017246190,829.200,2696.269,6.1655,-1.4033
1.0204320202558557,0.0000000000000000,-0.0360848187775563,0.0000000000000014,-0.0417442272940698,-0.0000000000000050,2.4294271608108713,3.0017233285,829.292,2696.297,6.0611,-1.3959
1.0204015021891948,-0.0000000000000000,-0.0360941869957469,-0.0000000000020177,-0.0417138719710019,0.0000000000013528,2.4270063489370326,3.0017220662,829.382,2696.325,5.9577,-1.3886
1.0203709831455967,-0.0000000000000000,-0.0361034510013247,-0.0000000000017096,-0.0416833784727458,0.0000000000011662,2.4245855370631935,3.0017208319,829.470,2696.352,5.8555,-1.3813
1.0203404628302202,0.0000000000000000,-0.0361126115312087,0.0000000000000013,-0.0416527469694655,0.0000000000000002,2.4221647251893548,3.0017196255,829.556,2696.378,5.7543,-1.3740
1.0203099409488214,0.0000000000000000,-0.0361216693135851,0.0000000000000002,-0.0416219776238985,0.0000000000000007,2.4197439133155161,3.0017184469,829.640,2696.404,5.6542,-1.3667
1.0202794172108978,-0.0000000000000000,-0.0361306250695616,-0.0000000000018686,-0.0415910705942437,0.0000000000010978,2.4173231014416774,3.0017172959,829.722,2696.429,5.5552,-1.3594
1.0202488913320396,-0.0000000000000000,-0.0361394795131938,0.0000000000000012,-0.0415600260372140,-0.0000000000000036,2.4149022895678387,3.0017161724,829.802,2696.454,5.4571,-1.3521
1.0202183630216892,0.0000000000000000,-0.0361482333489529,-0.0000000000000007,-0.0415288440948795,0.0000000000000046,2.4124814776940000,3.0017150762,829.881,2696.478,5.3601,-1.3449
1.0201878319964384,0.0000000000000000,-0.0361568872748648,0.0000000000000001,-0.0414975249090295,0.0000000000000012,2.4100606658201613,3.0017140071,829.957,2696.502,5.2642,-1.3377
1.0201572979720743,-0.0000000000000000,-0.0361654419808185,-0.0000000000017505,-0.0414660686127073,0.0000000000009382,2.4076398539463222,3.0017129652,830.031,2696.524,5.1692,-1.3305
1.0201267606698594,-0.0000000000000000,-0.0361738981500423,-0.0000000000017954,-0.0414344753370817,0.0000000000009551,2.4052190420724839,3.0017119501,830.104,2696.547,5.0752,-1.3233
1.0200962198103956,-0.0000000000000000,-0.0361822564578889,0.0000000000000022,-0.0414027452048694,-0.0000000000000105,2.4027982301986448,3.0017109618,830.174,2696.568,4.9823,-1.3162
1.0200656751132584,-0.0000000000000000,-0.0361905175718264,0.0000000000000007,-0.0413708783301023,0.0000000000000001,2.4003774183248061,3.0017100002,830.243,2696.589,4.8903,-1.3091
1.0200351263035672,-0.0000000000000000,-0.0361986821529925,-0.0000000000000001,-0.0413388748252086,0.0000000000000008,2.3979566064509674,3.0017090650,830.309,2696.610,4.7993,-1.3020
1.0200045731060190,-0.0000000000000000,-0.0362067508550911,-0.0000000000009423,-0.0413067347946836,0.0000000000006458,2.3955357945771287,3.0017081563,830.374,2696.630,4.7092,-1.2950
1.0199740152491057,-0.0000000000000000,-0.0362147243249611,-0.0000000000010012,-0.0412744583397988,0.0000000000006586,2.3931149827032900,3.0017072738,830.437,2696.649,4.6201,-1.2880
1.0199434524615234,-0.0000000000000000,-0.0362226032024882,-0.0000000000000005,-0.0412420455546651,0.0000000000000021,2.3906941708294513,3.0017064174,830.498,2696.668,4.5320,-1.2810
1.0199128844717671,-0.0000000000000000,-0.0362303881204950,-0.0000000000000003,-0.0412094965259168,0.0000000000000019,2.3882733589556127,3.0017055871,830.557,2696.686,4.4448,-1.2741
1.0198823110122130,-0.0000000000000000,-0.0362380797052971,-0.0000000000000009,-0.0411768113372645,0.0000000000000055,2.3858525470817735,3.0017047826,830.614,2696.704,4.3585,-1.2673
1.0198517318159173,-0.0000000000000000,-0.0362456785764641,0.0000000000000008,-0.0411439900660299,-0.0000000000000025,2.3834317352079348,3.0017040039,830.670,2696.721,4.2732,-1.2605
1.0198211466163776,-0.0000000000000007,-0.0362531853468399,-0.0000000000012986,-0.0411110327829703,0.0000000000007591,2.3810109233340961,3.0017032508,830.724,2696.738,4.1887,-1.2537
1.0197905551514059,-0.0000000000000001,-0.0362606006231783,-0.0000000000013281,-0.0410779395565984,0.0000000000008488,2.3785901114602575,3.0017025232,830.775,2696.754,4.1052,-1.2470
1.0197599571570379,-0.0000000000000000,-0.0362679250052348,-0.0000000000018274,-0.0410447104465801,0.0000000000010716,2.3761692995864188,3.0017018210,830.825,2696.769,4.0226,-1.2403
1.0197293523737585,-0.0000000000000000,-0.0362751590873365,0.0000000000000010,-0.0410113455105067,-0.0000000000000016,2.3737484877125801,3.0017011441,830.874,2696.784,3.9409,-1.2337
1.0196987405385221,-0.0000000000000000,-0.0362823034561342,0.0000000000000002,-0.0409778447954817,0.0000000000000018,2.3713276758387414,3.0017004924,830.920,2696.798,3.8601,-1.2272
1.0196681213938368,-0.0000000000000000,-0.0362893586931647,0.0000000000000003,-0.0409442083478635,-0.0000000000000018,2.3689068639649022,3.0016998657,830.965,2696.812,3.7802,-1.2208
1.0196374946821425,-0.0000000000000000,-0.0362963253735334,-0.0000000000000005,-0.0409104362073120,0.0000000000000029,2.3664860520910636,3.0016992640,831.008,2696.825,3.7011,-1.2144
1.0196068601465114,-0.0000000000000020,-0.0363032040663219,-0.0000000000006805,-0.0408765284075406,0.0000000000005197,2.3640652402172249,3.0016986870,831.049,2696.838,3.6230,-1.2081
1.0195762175329979,-0.0000000000000005,-0.0363099953345565,-0.0000000000006716,-0.0408424849791029,0.0000000000005094,2.3616444283433862,3.0016981348,831.088,2696.850,3.5457,-1.2018
1.0195455665869528,-0.0000000000000001,-0.0363166997354137,-0.0000000000008025,-0.0408083059452025,0.0000000000005260,2.3592236164695475,3.0016976072,831.126,2696.861,3.4692,-1.1957
1.0195149070557232,-0.0000000000000012,-0.0363233178202629,-0.0000000000008263,-0.0407739913248359,0.0000000000005330,2.3568028045957088,3.0016971041,831.161,2696.872,3.3937,-1.1896
1.0194842386881902,-0.0000000000000000,-0.0363298501347881,-0.0000000000000168,-0.0407395411323430,-0.0000000000000068,2.3543819927218701,3.0016966253,831.195,2696.883,3.3190,-1.1836
1.0194535612325053,0.0000000000000000,-0.0363362972184612,-0.0000000000000001,-0.0407049553749183,0.0000000000000080,2.3519611808480310,3.0016961708,831.228,2696.893,3.2451,-1.1778
1.0194228744396350,0.0000000000000000,-0.0363426596058915,-0.0000000000000004,-0.0406702340565864,0.0000000000000031,2.3495403689741923,3.0016957406,831.258,2696.902,3.1721,-1.1720
1.0193921780611361,-0.0000000000000000,-0.0363489378256092,0.0000000000000007,-0.0406353771758386,0.0000000000000002,2.3471195571003536,3.0016953343,831.287,2696.911,3.1000,-1.1663
1.0193614718487503,-0.0000000000000000,-0.0363551324007343,-0.0000000000008925,-0.0406003847251740,0.0000000000006351,2.3446987452265149,3.0016949521,831.315,2696.920,3.0287,-1.1607
1.0193307555575044,-0.0000000000000009,-0.0363612438490896,-0.0000000000008641,-0.0405652566947038,0.0000000000005642,2.3422779333526762,3.0016945937,831.340,2696.928,2.9582,-1.1553
1.0193000289410630,-0.0000000000000012,-0.0363672726828809,-0.0000000000008493,-0.0405299930668785,0.0000000000005846,2.3398571214788375,3.0016942591,831.364,2696.935,2.8886,-1.1499
1.0192692917548314,-0.0000000000000000,-0.0363732194092006,-0.0000000000008023,-0.0404945938200814,0.0000000000005504,2.3374363096049988,3.0016939481,831.386,2696.942,2.8198,-1.1447
1.0192385437557834,0.0000000000000000,-0.0363790845297781,-0.0000000000000007,-0.0404590589285216,0.0000000000000018,2.3350154977311597,3.0016936607,831.407,2696.948,2.7518,-1.1396
1.0192077846997067,0.0000000000000000,-0.0363848685411807,0.0000000000000007,-0.0404233883590500,-0.0000000000000025,2.3325946858573210,3.0016933968,831.425,2696.954,2.6847,-1.1347
1.0191770143453502,-0.0000000000000000,-0.0363905719348440,0.0000000000000004,-0.0403875820760362,-0.0000000000000032,2.3301738739834823,3.0016931563,831.442,2696.959,2.6184,-1.1299
1.0191462324515987,0.0000000000000000,-0.0363961951971097,0.0000000000000013,-0.0403516400381277,-0.0000000000000061,2.3277530621096436,3.0016929390,831.458,2696.964,2.5530,-1.1252
1.0191154387781467,-0.0000000000000000,-0.0364017388093019,-0.0000000000000002,-0.0403155621990899,0.0000000000000017,2.3253322502358049,3.0016927449,831.472,2696.968,2.4884,-1.1207
1.0190846330833694,-0.0000000000000011,-0.0364072032472448,-0.0000000000029097,-0.0402793485055841,0.0000000000017547,2.3229114383619662,3.0016925740,831.484,2696.972,2.4246,-1.1164
1.0190538151327069,-0.0000000000000000,-0.0364125889834582,-0.0000000000029299,-0.0402429989060662,0.0000000000017519,2.3204906264881275,3.0016924260,831.494,2696.975,2.3616,-1.1122
1.0190229846857666,-0.0000000000000002,-0.0364178964837954,-0.0000000000034626,-0.0402065133372503,0.0000000000019821,2.3180698146142888,3.0016923009,831.503,2696.978,2.2995,-1.1083
1.0189921415059655,-0.0000000000000000,-0.0364231262105049,-0.0000000000033055,-0.0401698917341580,0.0000000000018719,2.3156490027404497,3.0016921987,831.511,2696.980,2.2382,-1.1045
1.0189612853561898,-0.0000000000000000,-0.0364282786202632,-0.0000000000033461,-0.0401331340258752,0.0000000000019017,2.3132281908666110,3.0016921192,831.516,2696.982,2.1778,-1.1009
1.0189304160030646,-0.0000000000000000,-0.0364333541661437,0.0000000000000014,-0.0400962401398099,-0.0000000000000074,2.3108073789927723,3.0016920623,831.520,2696.983,2.1182,-1.0975
1.0188995332064719,-0.0000000000000000,-0.0364383532945590,0.0000000000000000,-0.0400592099908051,0.0000000000000011,2.3083865671189336,3.0016920280,831.523,2696.984,2.0595,-1.0943
1.0188686367341691,0.0000000000000000,-0.0364432764492386,0.0000000000000019,-0.0400220434965795,-0.0000000000000074,2.3059657552450950,3.0016920162,831.524,2696.984,2.0016,-1.0914
1.0188377263521120,0.0000000000000000,-0.0364481240687331,-0.0000000000000003,-0.0399847405675338,0.0000000000000025,2.3035449433712563,3.0016920267,831.523,2696.984,1.9446,-1.0887
1.0188068018268401,0.0000000000000000,-0.0364528965870943,-0.0000000000000003,-0.0399473011093097,0.0000000000000014,2.3011241314974176,3.0016920596,831.521,2696.983,1.8884,-1.0863
1.0187758629254484,-0.0000000000000000,-0.0364575944339238,0.0000000000000008,-0.0399097250228047,-0.0000000000000022,2.2987033196235784,3.0016921147,831.517,2696.982,1.8331,-1.0841
1.0187449094155721,-0.0000000000000000,-0.0364622180344226,0.0000000000000001,-0.0398720122041583,0.0000000000000024,2.2962825077497397,3.0016921919,831.511,2696.980,1.7786,-1.0822
1.0187139410649608,-0.0000000000000001,-0.0364667678094913,-0.0000000000003873,-0.0398341625442983,0.0000000000004032,2.2938616958759011,3.0016922912,831.504,2696.978,1.7251,-1.0805
1.0186829576432976,-0.0000000000000001,-0.0364712441757264,0.0000000000000299,-0.0397961759310981,0.0000000000001748,2.2914408840020624,3.0016924124,831.495,2696.975,1.6724,-1.0792
1.0186519589187020,-0.0000000000000000,-0.0364756475451071,-0.0000000000001195,-0.0397580522454509,0.0000000000001687,2.2890200721282237,3.0016925556,831.485,2696.972,1.6206,-1.0782
1.0186209446612813,-0.0000000000000001,-0.0364799783259185,-0.0000000000000012,-0.0397197913651582,0.0000000000002131,2.2865992602543850,3.0016927206,831.473,2696.969,1.5698,-1.0775
1.0185899146407802,-0.0000000000000001,-0.0364842369220123,0.0000000000000470,-0.0396813931624566,0.0000000000001842,2.2841784483805463,3.0016929073,831.460,2696.965,1.5198,-1.0772
1.0185588686276388,-0.0000000000000011,-0.0364884237331183,0.0000000000000710,-0.0396428575052074,0.0000000000001737,2.2817576365067076,3.0016931157,831.445,2696.960,1.4707,-1.0772
1.0185278063927672,-0.0000000000000000,-0.0364925391546901,0.0000000000000019,-0.0396041842567408,-0.0000000000000094,2.2793368246328685,3.0016933456,831.429,2696.955,1.4226,-1.0776
1.0184967277070753,-0.0000000000000000,-0.0364965835788083,-0.0000000000000008,-0.0395653732749984,0.0000000000000048,2.2769160127590298,3.0016935971,831.411,2696.949,1.3754,-1.0783
1.0184656323421828,-0.0000000000000000,-0.0365005573928645,0.0000000000000018,-0.0395264244139123,-0.0000000000000051,2.2744952008851911,3.0016938701,831.392,2696.943,1.3292,-1.0795
1.0184345200699072,-0.0000000000000000,-0.0365044609805153,-0.0000000000000026,-0.0394873375224697,0.0000000000000138,2.2720743890113524,3.0016941644,831.371,2696.937,1.2839,-1.0811
1.0184033906623664,-0.0000000000000000,-0.0365082947214933,0.0000000000000008,-0.0394481124449656,-0.0000000000000039,2.2696535771375137,3.0016944800,831.348,2696.930,1.2396,-1.0831
1.0183722438919580,-0.0000000000000000,-0.0365120589916513,0.0000000000000011,-0.0394087490209885,0.0000000000000002,2.2672327652636750,3.0016948168,831.324,2696.923,1.1963,-1.0856
1.0183410795313423,-0.0000000000000000,-0.0365157541629971,0.0000000000000014,-0.0393692470854301,-0.0000000000000090,2.2648119533898363,3.0016951748,831.299,2696.915,1.1540,-1.0886
1.0183098973523665,-0.0000000000000017,-0.0365193806036745,-0.0000000000012034,-0.0393296064672553,0.0000000000008207,2.2623911415159972,3.0016955539,831.272,2696.907,1.1127,-1.0920
1.0182786971302491,-0.0000000000000000,-0.0365229386782699,-0.0000000000011957,-0.0392898269943805,0.0000000000007635,2.2599703296421585,3.0016959539,831.243,2696.898,1.0724,-1.0959
1.0182474786373727,-0.0000000000000011,-0.0365264287474692,-0.0000000000009939,-0.0392499084864728,0.0000000000005907,2.2575495177683198,3.0016963750,831.213,2696.888,1.0332,-1.1004
1.0182162416475082,-0.0000000000000000,-0.0365298511680881,-0.0000000000004518,-0.0392098507599883,0.0000000000004252,2.2551287058944811,3.0016968169,831.182,2696.879,0.9949,-1.1054
1.0181849859333960,-0.0000000000000000,-0.0365332062936840,-0.0000000000004875,-0.0391696536251648,0.0000000000003910,2.2527078940206424,3.0016972796,831.149,2696.869,0.9578,-1.1110
1.0181537112694001,-0.0000000000000011,-0.0365364944739365,-0.0000000000004352,-0.0391293168892998,0.0000000000003615,2.2502870821468037,3.0016977631,831.114,2696.858,0.9217,-1.1171
1.0181224174297712,0.0000000000000000,-0.0365397160549835,0.0000000000000005,-0.0390888403547304,-0.0000000000000006,2.2478662702729650,3.0016982672,831.079,2696.847,0.8867,-1.1239
1.0180911041877097,-0.0000000000000000,-0.0365428713794731,0.0000000000000025,-0.0390482238176741,-0.0000000000000137,2.2454454583991259,3.0016987920,831.041,2696.835,0.8528,-1.1312
1.0180597713177193,-0.0000000000000000,-0.0365459607864802,0.0000000000000035,-0.0390074670710787,-0.0000000000000166,2.2430246465252872,3.0016993373,831.002,2696.823,0.8200,-1.1391
1.0180284185939430,-0.0000000000000000,-0.0365489846116166,0.0000000000000016,-0.0389665699026544,-0.0000000000000071,2.2406038346514485,3.0016999031,830.962,2696.811,0.7883,-1.1477
1.0179970457905627,-0.0000000000000000,-0.0365519431870438,-0.0000000000000011,-0.0389255320953614,0.0000000000000079,2.2381830227776098,3.0017004893,830.920,2696.798,0.7577,-1.1569
1.0179656526817775,0.0000000000000000,-0.0365548368415102,-0.0000000000000017,-0.0388843534274025,0.0000000000000126,2.2357622109037711,3.0017010959,830.877,2696.785,0.7282,-1.1667
1.0179342390417863,-0.0000000000000000,-0.0365576659003753,0.0000000000000019,-0.0388430336722261,-0.0000000000000127,2.2333413990299325,3.0017017228,830.832,2696.771,0.6998,-1.1772
1.0179028046447673,-0.0000000000000000,-0.0365604306856492,-0.0000000000000010,-0.0388015725984983,-0.0000000000000094,2.2309205871560938,3.0017023700,830.786,2696.757,0.6725,-1.1884
1.0178713492648610,-0.0000000000000000,-0.0365631315160131,-0.0000000000000047,-0.0387599699701204,-0.0000000000000188,2.2284997752822546,3.0017030373,830.739,2696.742,0.6464,-1.2002
1.0178398726758802,-0.0000000000000000,-0.0365657687071496,-0.0000000000000362,-0.0387182255457427,0.0000000000000987,2.2260789634084159,3.0017037248,830.690,2696.727,0.6213,-1.2126
1.0178083746523245,-0.0000000000000011,-0.0365683425707252,0.0000000000000180,-0.0386763390804672,0.0000000000000712,2.2236581515345772,3.0017044324,830.639,2696.712,0.5974,-1.2258
1.0177768549668014,-0.0000000000000000,-0.0365708534155428,-0.0000000000013566,-0.0386343103222906,0.0000000000007195,2.2212373396607386,3.0017051599,830.588,2696.696,0.5746,-1.2395
1.0177453133951058,-0.0000000000000011,-0.0365733015479584,-0.0000000000013338,-0.0385921390179578,0.0000000000007157,2.2188165277868999,3.0017059074,830.534,2696.679,0.5528,-1.2540
1.0177137497097410,-0.0000000000000011,-0.0365756872701578,-0.0000000000014916,-0.0385498249060945,0.0000000000008068,2.2163957159130612,3.0017066748,830.480,2696.662,0.5321,-1.2690
1.0176821636850086,-0.0000000000000008,-0.0365780108816526,-0.0000000000008165,-0.0385073677225740,0.0000000000003645,2.2139749040392225,3.0017074621,830.423,2696.645,0.5125,-1.2847
1.0176505550928838,-0.0000000000000003,-0.0365802726786572,-0.0000000000008117,-0.0384647671959449,0.0000000000003458,2.2115540921653833,3.0017082691,830.366,2696.627,0.4940,-1.3010
1.0176189237071880,-0.0000000000000000,-0.0365824729544624,-0.0000000000006140,-0.0384220230522340,0.0000000000002946,2.2091332802915451,3.0017090959,830.307,2696.609,0.4764,-1.3179
1.0175872693010461,0.0000000000000000,-0.0365846119991586,-0.0000000000000012,-0.0383791350120420,0.0000000000000205,2.2067124684177060,3.0017099424,830.247,2696.591,0.4599,-1.3354
1.0175555916461976,0.0000000000000000,-0.0365866900997754,0.0000000000000005,-0.0383361027897226,-0.0000000000000031,2.2042916565438673,3.0017108085,830.185,2696.572,0.4443,-1.3535
1.0175238905155366,-0.0000000000000000,-0.0365887075404874,-0.0000000000000013,-0.0382929260963024,0.0000000000000071,2.2018708446700286,3.0017116942,830.122,2696.552,0.4297,-1.3721
1.0174921656811511,0.0000000000000000,-0.0365906646024313,-0.0000000000000009,-0.0382496046372608,0.0000000000000044,2.1994500327961899,3.0017125994,830.057,2696.532,0.4160,-1.3912
1.0174604169148422,-0.0000000000000000,-0.0365925615637820,0.0000000000000026,-0.0382061381131270,-0.0000000000000146,2.1970292209223512,3.0017135241,829.991,2696.512,0.4033,-1.4108
1.0174286439880897,-0.0000000000000000,-0.0365943986997876,-0.0000000000000028,-0.0381625262194418,0.0000000000000123,2.1946084090485125,3.0017144682,829.924,2696.491,0.3914,-1.4309
1.0173968466717482,-0.0000000000000004,-0.0365961762828886,-0.0000000000002104,-0.0381187686463423,0.0000000000002470,2.1921875971746738,3.0017154317,829.855,2696.470,0.3803,-1.4515
1.0173650247371855,-0.0000000000000011,-0.0365978945823730,-0.0000000000001946,-0.0380748650801311,0.0000000000002587,2.1897667853008347,3.0017164145,829.785,2696.449,0.3701,-1.4725
1.0173331779545063,-0.0000000000000003,-0.0365995538649328,-0.0000000000002013,-0.0380308152008768,0.0000000000002697,2.1873459734269960,3.0017174166,829.714,2696.427,0.3607,-1.4939
1.0173013060942988,-0.0000000000000000,-0.0366011543945248,0.0000000000005629,-0.0379866186845811,-0.0000000000000410,2.1849251615531573,3.0017184379,829.641,2696.404,0.3520,-1.5156
1.0172694089243057,-0.0000000000000001,-0.0366026964315406,-0.0000000000004446,-0.0379422751996238,0.0000000000003717,2.1825043496793186,3.0017194785,829.567,2696.381,0.3441,-1.5377
1.0172374862156985,-0.0000000000000011,-0.0366041802348286,-0.0000000000004576,-0.0378977844133172,0.0000000000003457,2.1800835378054799,3.0017205381,829.491,2696.358,0.3369,-1.5602
1.0172055377369438,-0.0000000000000000,-0.0366056060595168,0.0000000000000008,-0.0378531459855928,-0.0000000000000040,2.1776627259316412,3.0017216169,829.414,2696.334,0.3303,-1.5829
1.0171735632553078,0.0000000000000000,-0.0366069741583822,0.0000000000000014,-0.0378083595701761,-0.0000000000000063,2.1752419140578025,3.0017227147,829.336,2696.310,0.3244,-1.6059
1.0171415625389932,-0.0000000000000000,-0.0366082847813551,-0.0000000000000008,-0.0377634248174035,0.0000000000000055,2.1728211021839634,3.0017238315,829.256,2696.286,0.3192,-1.6292
1.0171095353552173,-0.0000000000000000,-0.0366095381757068,-0.0000000000000009,-0.0377183413718235,-0.0000000000000038,2.1704002903101247,3.0017249673,829.175,2696.261,0.3145,-1.6526
1.0170774814706516,-0.0000000000000000,-0.0366107345860331,0.0000000000000014,-0.0376731088727486,-0.0000000000000063,2.1679794784362860,3.0017261220,829.092,2696.236,0.3104,-1.6763
1.0170454006514238,-0.0000000000000000,-0.0366118742542736,0.0000000000000012,-0.0376277269542463,-0.0000000000000069,2.1655586665624473,3.0017272955,829.009,2696.210,0.3068,-1.7002
1.0170132926630844,-0.0000000000000000,-0.0366129574197211,-0.0000000000000014,-0.0375821952451194,-0.0000000000000135,2.1631378546886086,3.0017284879,828.924,2696.184,0.3037,-1.7242
1.0169811572706098,-0.0000000000000000,-0.0366139843190334,-0.0000000000000044,-0.0375365133688981,-0.0000000000000422,2.1607170428147700,3.0017296991,828.837,2696.157,0.3012,-1.7484
1.0169489942381040,-0.0000000000000000,-0.0366149551865889,-0.0000000000000000,-0.0374906809432835,0.0000000000000002,2.1582962309409313,3.0017309290,828.749,2696.130,0.2991,-1.7727
1.0169168033295288,-0.0000000000000000,-0.0366158702535684,0.0000000000000003,-0.0374446975815780,-0.0000000000000017,2.1558754190670921,3.0017321777,828.660,2696.103,0.2974,-1.7971
1.0168845843078098,-0.0000000000000000,-0.0366167297490711,-0.0000000000000008,-0.0373985628909596,0.0000000000000039,2.1534546071932534,3.0017334450,828.569,2696.075,0.2962,-1.8215
1.0168523369352940,-0.0000000000000000,-0.0366175338995309,0.0000000000000005,-0.0373522764733765,-0.0000000000000087,2.1510337953194147,3.0017347309,828.478,2696.047,0.2954,-1.8460
1.0168200609736266,-0.0000000000000000,-0.0366182829288651,0.0000000000000014,-0.0373058379253161,-0.0000000000000066,2.1486129834455761,3.0017360355,828.384,2696.018,0.2950,-1.8706
1.0167877561837348,-0.0000000000000000,-0.0366189770584891,-0.0000000000000005,-0.0372592468377847,0.0000000000000024,2.1461921715717374,3.0017373585,828.290,2695.989,0.2949,-1.8952
1.0167554223237953,-0.0000000000000011,-0.0366196165071535,-0.0000000000022089,-0.0372125027938741,0.0000000000010409,2.1437713596978987,3.0017387001,828.194,2695.959,0.2952,-1.9198
1.0167230591572365,-0.0000000000000010,-0.0366202014916951,-0.0000000000021953,-0.0371656053783105,0.0000000000010000,2.1413505478240600,3.0017400602,828.097,2695.930,0.2958,-1.9444
1.0166906664410580,-0.0000000000000009,-0.0366207322261119,-0.0000000000016509,-0.0371185541634193,0.0000000000007750,2.1389297359502208,3.0017414387,827.998,2695.899,0.2968,-1.9690
1.0166582439323406,-0.0000000000000010,-0.0366212089216727,-0.0000000000016472,-0.0370713487171917,0.0000000000007173,2.1365089240763822,3.0017428356,827.898,2695.869,0.2980,-1.9936
1.0166257913884109,-0.0000000000000000,-0.0366216317876612,-0.0000000000017263,-0.0370239886030253,0.0000000000007554,2.1340881122025435,3.0017442509,827.797,2695.838,0.2995,-2.0182
1.0165933085655103,-0.0000000000000000,-0.0366220010309866,-0.0000000000016969,-0.0369764733783541,0.0000000000007503,2.1316673003287048,3.0017456845,827.695,2695.806,0.3013,-2.0427
1.0165607952187870,-0.0000000000000010,-0.0366223168559129,-0.0000000000018080,-0.0369288025947604,0.0000000000007469,2.1292464884548661,3.0017471364,827.591,2695.774,0.3034,-2.0671
1.0165282511022644,-0.0000000000000014,-0.0366225794644853,-0.0000000000024510,-0.0368809757976909,0.0000000000006562,2.1268256765810274,3.0017486066,827.486,2695.742,0.3057,-2.0915
1.0164956759708816,-0.0000000000000010,-0.0366227890565213,-0.0000000000018726,-0.0368329925288579,0.0000000000006807,2.1244048647071887,3.0017500950,827.379,2695.709,0.3082,-2.1157
1.0164630695758647,-0.0000000000000001,-0.0366229458292058,-0.0000000000016620,-0.0367848523210786,0.0000000000006588,2.1219840528333496,3.0017516016,827.271,2695.676,0.3110,-2.1399
1.0164304316689476,-0.0000000000000002,-0.0366230499775909,-0.0000000000016345,-0.0367365547028717,0.0000000000006391,2.1195632409595109,3.0017531264,827.162,2695.643,0.3140,-2.1640
1.0163977620008626,-0.0000000000000006,-0.0366231016943589,-0.0000000000016453,-0.0366880991968710,0.0000000000006911,2.1171424290856722,3.0017546693,827.052,2695.609,0.3171,-2.1880
1.0163650603213161,-0.0000000000000000,-0.0366231011700358,-0.0000000000014769,-0.0366394853196208,0.0000000000005840,2.1147216172118335,3.0017562303,826.940,2695.575,0.3205,-2.2119
1.0163323263786037,-0.0000000000000010,-0.0366230485925888,-0.0000000000015954,-0.0365907125813803,0.0000000000006444,2.1123008053379948,3.0017578093,826.827,2695.540,0.3240,-2.2357
1.0162995599221005,-0.0000000000000000,-0.0366229441480334,-0.0000000000000004,-0.0365417804888138,0.0000000000000036,2.1098799934641561,3.0017594064,826.713,2695.505,0.3278,-2.2593
1.0162667606949651,-0.0000000000000000,-0.0366227880199536,0.0000000000000002,-0.0364926885361550,0.0000000000000012,2.1074591815903174,3.0017610215,826.597,2695.469,0.3317,-2.2828
1.0162339284441662,-0.0000000000000000,-0.0366225803897163,0.0000000000000020,-0.0364434362176485,-0.0000000000000108,2.1050383697164787,3.0017626546,826.480,2695.433,0.3357,-2.3062
1.0162010629139462,-0.0000000000000000,-0.0366223214364714,-0.0000000000000025,-0.0363940230193256,0.0000000000000133,2.1026175578426396,3.0017643056,826.362,2695.397,0.3399,-2.3295
1.0161681638474072,-0.0000000000000000,-0.0366220113371435,-0.0000000000000014,-0.0363444484210139,0.0000000000000066,2.1001967459688009,3.0017659746,826.243,2695.361,0.3442,-2.3525
1.0161352309865079,0.0000000000000000,-0.0366216502664361,-0.0000000000000020,-0.0362947118962900,0.0000000000000016,2.0977759340949622,3.0017676614,826.122,2695.324,0.3487,-2.3755
1.0161022640720632,-0.0000000000000000,-0.0366212383968001,0.0000000000000013,-0.0362448129125089,-0.0000000000000523,2.0953551222211235,3.0017693661,826.000,2695.286,0.3533,-2.3983
1.0160692628416879,-0.0000000000000000,-0.0366207758990886,-0.0000000000014926,-0.0361947509278098,0.0000000000005585,2.0929343103472848,3.0017710887,825.876,2695.248,0.3580,-2.4209
1.0160362270361862,-0.0000000000000010,-0.0366202629407856,-0.0000000000027242,-0.0361445254003402,0.0000000000003774,2.0905134984734461,3.0017728290,825.751,2695.210,0.3629,-2.4434
1.0160031563936351,-0.0000000000000018,-0.0366196996885122,-0.0000000000018383,-0.0360941357786734,0.0000000000004974,2.0880926865996075,3.0017745871,825.625,2695.171,0.3678,-2.4657
1.0159700506475833,-0.0000000000000010,-0.0366190863058551,-0.0000000000015057,-0.0360435815019251,0.0000000000004747,2.0856718747257683,3.0017763630,825.498,2695.132,0.3729,-2.4878
1.0159369095324058,-0.0000000000000017,-0.0366184229543611,-0.0000000000019897,-0.0359928620049776,0.0000000000006961,2.0832510628519296,3.0017781566,825.369,2695.093,0.3780,-2.5098
1.0159037327823766,-0.0000000000000004,-0.0366177097942017,-0.0000000000015591,-0.0359419767171746,0.0000000000004953,2.0808302509780909,3.0017799679,825.240,2695.053,0.3833,-2.5316
1.0158705201283675,-0.0000000000000000,-0.0366169469825309,-0.0000000000014451,-0.0358909250592269,0.0000000000004043,2.0784094391042522,3.0017817969,825.108,2695.013,0.3887,-2.5532
1.0158372713009070,-0.0000000000000000,-0.0366161346746429,-0.0000000000015585,-0.0358397064462228,0.0000000000003753,2.0759886272304136,3.0017836436,824.976,2694.973,0.3941,-2.5746
1.0158039860307293,-0.0000000000000000,-0.0366152730239927,0.0000000000000003,-0.0357883202883180,0.0000000000000069,2.0735678153565749,3.0017855079,824.842,2694.932,0.3996,-2.5959
1.0157706640420814,-0.0000000000000000,-0.0366143621817632,0.0000000000000004,-0.0357367659826691,-0.0000000000000043,2.0711470034827362,3.0017873898,824.707,2694.890,0.4052,-2.6169
1.0157373050626268,-0.0000000000000000,-0.0366134022970578,-0.0000000000000016,-0.0356850429255894,0.0000000000000089,2.0687261916088975,3.0017892892,824.571,2694.849,0.4109,-2.6378
1.0157039088169380,-0.0000000000000000,-0.0366123935169166,-0.0000000000000001,-0.0356331505044388,0.0000000000000021,2.0663053797350583,3.0017912063,824.433,2694.806,0.4166,-2.6585
1.0156704750281007,-0.0000000000000000,-0.0366113359862785,-0.0000000000000008,-0.0355810880996087,0.0000000000000021,2.0638845678612197,3.0017931409,824.294,2694.764,0.4225,-2.6790
1.0156370034177431,-0.0000000000000000,-0.0366102298479206,0.0000000000000058,-0.0355288550845599,-0.0000000000000275,2.0614637559873810,3.0017950930,824.154,2694.721,0.4284,-2.6994
1.0156034937052314,-0.0000000000000000,-0.0366090752434561,-0.0000000000000006,-0.0354764508242640,0.0000000000000048,2.0590429441135423,3.0017970626,824.013,2694.678,0.4343,-2.7195
1.0155699456095855,-0.0000000000000000,-0.0366078723108455,0.0000000000000006,-0.0354238746789384,-0.0000000000000032,2.0566221322397036,3.0017990496,823.870,2694.634,0.4403,-2.7395
1.0155363588472985,-0.0000000000000000,-0.0366066211871827,-0.0000000000000002,-0.0353711259997408,0.0000000000000045,2.0542013203658649,3.0018010542,823.726,2694.590,0.4464,-2.7592
1.0155027331334441,-0.0000000000000000,-0.0366053220072268,0.0000000000000003,-0.0353182041309640,0.0000000000000046,2.0517805084920262,3.0018030761,823.580,2694.546,0.4525,-2.7788
1.0154690681814207,-0.0000000000000000,-0.0366039749037056,-0.0000000000000007,-0.0352651084095121,0.0000000000000064,2.0493596966181871,3.0018051155,823.434,2694.501,0.4587,-2.7982
1.0154353637029203,-0.0000000000000000,-0.0366025800073329,0.0000000000000004,-0.0352118381648089,-0.0000000000000020,2.0469388847443484,3.0018071723,823.286,2694.456,0.4649,-2.8173
1.0154016194078994,-0.0000000000000000,-0.0366011374468057,0.0000000000000005,-0.0351583927187496,-0.0000000000000011,2.0445180728705097,3.0018092465,823.137,2694.410,0.4712,-2.8363
1.0153678350045465,-0.0000000000000000,-0.0365996473488151,-0.0000000000000008,-0.0351047713856229,0.0000000000000044,2.0420972609966710,3.0018113380,822.987,2694.364,0.4775,-2.8551
1.0153340101992614,-0.0000000000000000,-0.0365981098380460,0.0000000000000032,-0.0350509734720521,-0.0000000000000163,2.0396764491228323,3.0018134469,822.835,2694.318,0.4838,-2.8737
1.0153001446966121,0.0000000000000000,-0.0365965250371926,0.0000000000000002,-0.0349969982768908,-0.0000000000000041,2.0372556372489936,3.0018155731,822.682,2694.271,0.4902,-2.8921
1.0152662381993292,-0.0000000000000000,-0.0365948930669379,-0.0000000000000001,-0.0349428450912109,-0.0000000000000000,2.0348348253751549,3.0018177166,822.528,2694.224,0.4967,-2.9103
1.0152322904082254,0.0000000000000000,-0.0365932140460134,0.0000000000000051,-0.0348885131981354,-0.0000000000000541,2.0324140135013158,3.0018198774,822.372,2694.177,0.5031,-2.9283
1.0151983010208836,-0.0000000000000000,-0.0365914880910933,-0.0000000000012954,-0.0348340018711304,0.0000000000002264,2.0299932016274771,3.0018220555,822.215,2694.129,0.5096,-2.9462
1.0151642697369387,-0.0000000000000000,-0.0365897153169174,-0.0000000000013928,-0.0347793103807857,0.0000000000001665,2.0275723897536384,3.0018242508,822.057,2694.081,0.5162,-2.9638
1.0151301962502659,-0.0000000000000010,-0.0365878958362997,-0.0000000000012703,-0.0347244379845871,0.0000000000001652,2.0251515778797997,3.0018264634,821.898,2694.032,0.5227,-2.9812
1.0150960802536595,-0.0000000000000010,-0.0365860297599573,-0.0000000000011924,-0.0346693839331654,0.0000000000001503,2.0227307660059610,3.0018286932,821.737,2693.983,0.5293,-2.9984
1.0150619214380825,-0.0000000000000010,-0.0365841171967212,-0.0000000000011307,-0.0346141474690703,0.0000000000001350,2.0203099541321223,3.0018309402,821.576,2693.934,0.5360,-3.0155
1.0150277194922994,-0.0000000000000000,-0.0365821582533070,-0.0000000000013034,-0.0345587278263808,0.0000000000002303,2.0178891422582836,3.0018332045,821.412,2693.884,0.5426,-3.0323
1.0149934741034194,-0.0000000000000000,-0.0365801530347612,-0.0000000000012232,-0.0345031242311494,0.0000000000001843,2.0154683303844445,3.0018354859,821.248,2693.834,0.5493,-3.0489
1.0149591849558335,-0.0000000000000000,-0.0365781016438556,-0.0000000000012380,-0.0344473359003147,0.0000000000001788,2.0130475185106058,3.0018377845,821.082,2693.783,0.5560,-3.0654
1.0149248517320644,-0.0000000000000000,-0.0365760041815584,-0.0000000000012644,-0.0343913620425196,0.0000000000001488,2.0106267066367671,3.0018401003,820.915,2693.732,0.5627,-3.0816
1.0148904741124118,-0.0000000000000010,-0.0365738607468421,-0.0000000000012673,-0.0343352018576687,0.0000000000001617,2.0082058947629284,3.0018424332,820.747,2693.681,0.5695,-3.0977
1.0148560517749308,-0.0000000000000000,-0.0365716714366226,-0.0000000000012499,-0.0342788545369352,0.0000000000001589,2.0057850828890897,3.0018447832,820.578,2693.629,0.5762,-3.1136
1.0148215843953150,-0.0000000000000010,-0.0365694363459917,-0.0000000000012649,-0.0342223192624338,0.0000000000001742,2.0033642710152511,3.0018471504,820.407,2693.577,0.5830,-3.1292
1.0147870716471217,-0.0000000000000004,-0.0365671555679568,-0.0000000000012052,-0.0341655952075533,0.0000000000000956,2.0009434591414124,3.0018495347,820.235,2693.525,0.5898,-3.1447
1.0147525132013862,-0.0000000000000001,-0.0365648291936529,-0.0000000000011441,-0.0341086815363837,0.0000000000000421,1.9985226472675734,3.0018519361,820.062,2693.472,0.5966,-3.1600
1.0147179087267963,-0.0000000000000000,-0.0365624573121172,-0.0000000000011636,-0.0340515774039367,0.0000000000000768,1.9961018353937348,3.0018543546,819.887,2693.419,0.6034,-3.1751
1.0146832578895220,-0.0000000000000000,-0.0365600400104865,-0.0000000000014384,-0.0339942819558567,0.0000000000000526,1.9936810235198961,3.0018567902,819.711,2693.366,0.6103,-3.1900
1.0146485603540001,-0.0000000000000002,-0.0365575773741487,-0.0000000000011995,-0.0339367943290950,0.0000000000000256,1.9912602116460572,3.0018592428,819.534,2693.312,0.6171,-3.2047
1.0146138157811022,-0.0000000000000002,-0.0365550694860877,-0.0000000000011536,-0.0338791136501955,0.0000000000000299,1.9888393997722185,3.0018617125,819.356,2693.257,0.6240,-3.2192
1.0145790238297556,-0.0000000000000005,-0.0365525164275834,-0.0000000000011791,-0.0338212390366550,0.0000000000000170,1.9864185878983798,3.0018641993,819.176,2693.203,0.6309,-3.2336
1.0145441841576326,-0.0000000000000000,-0.0365499182779161,0.0000000000000003,-0.0337631695980313,-0.0000000000000012,1.9839977760245409,3.0018667031,818.995,2693.148,0.6378,-3.2477
1.0145092964157745,-0.0000000000000000,-0.0365472751143559,-0.0000000000000011,-0.0337049044289460,0.0000000000000011,1.9815769641507022,3.0018692240,818.813,2693.092,0.6446,-3.2617
1.0144743602565400,0.0000000000000000,-0.0365445870121745,-0.0000000000000021,-0.0336464426192848,0.0000000000000120,1.9791561522768635,3.0018717619,818.629,2693.037,0.6516,-3.2754
1.0144393753283392,-0.0000000000000000,-0.0365418540446082,0.0000000000000027,-0.0335877832473673,-0.0000000000000106,1.9767353404030248,3.0018743168,818.445,2692.980,0.6585,-3.2890
1.0144043412766413,-0.0000000000000000,-0.0365390762831759,-0.0000000000000014,-0.0335289253809930,0.0000000000000071,1.9743145285291859,3.0018768887,818.259,2692.924,0.6654,-3.3024
1.0143692577445056,-0.0000000000000000,-0.0365362537969575,0.0000000000000011,-0.0334698680784800,0.0000000000000004,1.9718937166553472,3.0018794777,818.071,2692.867,0.6723,-3.3156
1.0143341243704065,-0.0000000000000005,-0.0365333866531322,-0.0000000000015600,-0.0334106103854980,0.0000000000001732,1.9694729047815085,3.0018820836,817.883,2692.810,0.6792,-3.3286
1.0142989407949758,-0.0000000000000009,-0.0365304749175877,-0.0000000000010950,-0.0333511513433353,-0.0000000000000047,1.9670520929076698,3.0018847066,817.693,2692.752,0.6862,-3.3414
1.0142637066503475,-0.0000000000000003,-0.0365275186529937,-0.0000000000011523,-0.0332914899762608,0.0000000000000164,1.9646312810338309,3.0018873465,817.502,2692.694,0.6931,-3.3541
1.0142284215680646,-0.0000000000000001,-0.0365245179207907,-0.0000000000014863,-0.0332316253004688,-0.0000000000001575,1.9622104691599922,3.0018900035,817.310,2692.636,0.7000,-3.3665
1.0141930851773389,-0.0000000000000003,-0.0365214727804256,-0.0000000000011242,-0.0331715563219657,-0.0000000000000339,1.9597896572861535,3.0018926774,817.116,2692.577,0.7070,-3.3788
1.0141576971027768,-0.0000000000000001,-0.0365183832889069,-0.0000000000010850,-0.0331112820344593,-0.0000000000000608,1.9573688454123146,3.0018953683,816.921,2692.518,0.7139,-3.3909
1.0141222569670032,-0.0000000000000000,-0.0365152495013246,-0.0000000000011232,-0.0330508014216703,-0.0000000000000398,1.9549480335384759,3.0018980761,816.725,2692.458,0.7209,-3.4028
1.0140867643905624,-0.0000000000000000,-0.0365120714709572,-0.0000000000000004,-0.0329901134575035,0.0000000000000060,1.9525272216646372,3.0019008010,816.527,2692.398,0.7278,-3.4145
1.0140512189858704,-0.0000000000000000,-0.0365088492487259,-0.0000000000010511,-0.0329292170982593,-0.0000000000000984,1.9501064097907985,3.0019035428,816.328,2692.338,0.7348,-3.4261
1.0140156203695019,-0.0000000000000000,-0.0365055828836557,-0.0000000000010392,-0.0328681112983735,-0.0000000000001625,1.9476855979169596,3.0019063016,816.128,2692.277,0.7417,-3.4375
1.0139799681499722,-0.0000000000000005,-0.0365022724226460,-0.0000000000009738,-0.0328067949944899,-0.0000000000001573,1.9452647860431209,3.0019090773,815.927,2692.216,0.7487,-3.4487
1.0139442619346790,0.0000000000000000,-0.0364989179104984,-0.0000000000000012,-0.0327452671144669,-0.0000000000000230,1.9428439741692822,3.0019118700,815.724,2692.155,0.7556,-3.4597
1.0139085013244649,-0.0000000000000000,-0.0364955193899341,0.0000000000000086,-0.0326835265701256,-0.0000000000000444,1.9404231622954435,3.0019146797,815.521,2692.093,0.7626,-3.4705
1.0138726859189438,-0.0000000000000000,-0.0364920769015971,-0.0000000000009821,-0.0326215722641933,-0.0000000000001523,1.9380023504216046,3.0019175063,815.315,2692.031,0.7695,-3.4812
1.0138368153166664,-0.0000000000000004,-0.0364885904839234,-0.0000000000009647,-0.0325594030905085,-0.0000000000001372,1.9355815385477659,3.0019203499,815.109,2691.969,0.7764,-3.4917
