x0_n,y0_n,z0_n,xd0_n,yd0_n,zd0_n,Tp,JC,L2ExcessVelocity_mps,landingVelocity_mps,stabilityIndex1,stabilityIndex2...,error_tol=1e-12,n_Nodes=6,stepsize=1.0
1.0204616853085313,0.0000000000000000,0.0000000000034201,0.0000000000000074,-0.0000000328825004,-0.0000964098269696,3.1893627094861450,3.0036091817,1.325,1846.189,2556.0323,1.9471
1.0203870566835285,-0.0000000000000000,-0.0000000000000545,0.0000000000000070,-0.0001522228438339,0.0065428037752999,3.1953671994630786,3.0035664085,89.890,1848.375,2499.4262,1.9400
1.0203138250454347,-0.0000000000000000,0.0000000000017330,0.0000000000006428,-0.0003033014312513,-0.0092120876380574,3.2013716894400122,3.0035244290,126.526,1850.519,2444.8095,1.9330
1.0202419522964861,-0.0000000000000000,0.0000000000013924,-0.0000000000002963,-0.0004532929673805,0.0112335926577653,3.2073761794169457,3.0034832182,154.248,1852.621,2392.0899,1.9261
1.0201714018154591,-0.0000000000000000,0.0000000000000460,-0.0000000000000126,-0.0006022207969084,0.0129159595420401,3.2133806693938793,3.0034427519,177.300,1854.682,2341.1804,1.9192
1.0201021383819329,-0.0000000000000000,-0.0000000000000163,0.0000000000000206,-0.0007501073362743,-0.0143794136486627,3.2193851593708134,3.0034030073,197.337,1856.705,2291.9988,1.9125
1.0200341281069412,-0.0000000000000000,-0.0000000000000114,0.0000000000000029,-0.0008969741207185,0.0156859538317403,3.2253896493477470,3.0033639623,215.212,1858.690,2244.4678,1.9058
1.0199673383668224,0.0000000000000000,0.0000000000000098,-0.0000000000000029,-0.0010428418484165,0.0168726126668564,3.2313941393246806,3.0033255956,231.436,1860.638,2198.5141,1.8992
1.0199017377418464,-0.0000000000000000,0.0000000000003507,0.0000000000002327,-0.0011877304225492,-0.0179636514093326,3.2373986293016142,3.0032878872,246.342,1862.551,2154.0687,1.8928
1.0198372959580611,-0.0000000000000000,0.0000000000005539,0.0000000000003732,-0.0013316589901072,-0.0189760142450634,3.2434031192785477,3.0032508173,260.165,1864.429,2111.0661,1.8864
1.0197739838325697,-0.0000000000000000,0.0000000000000350,-0.0000000000000166,-0.0014746459783561,0.0199221052729259,3.2494076092554813,3.0032143675,273.075,1866.275,2069.4445,1.8800
1.0197117732225012,-0.0000000000000000,-0.0000000000000547,0.0000000000000255,-0.0016167091299430,0.0208113390806603,3.2554120992324149,3.0031785197,285.203,1868.088,2029.1452,1.8738
1.0196506369765665,-0.0000000000000000,0.0000000000024688,0.0000000000021082,-0.0017578655353912,-0.0216510688270368,3.2614165892093485,3.0031432566,296.649,1869.870,1990.1130,1.8676
1.0195905488883501,-0.0000000000000000,0.0000000000019479,0.0000000000017471,-0.0018981316618809,-0.0224471727722998,3.2674210791862821,3.0031085616,307.495,1871.621,1952.2950,1.8616
1.0195314836550029,-0.0000000000000000,0.0000000000007398,0.0000000000006743,-0.0020375233856354,-0.0232044415562887,3.2734255691632161,3.0030744189,317.808,1873.343,1915.6414,1.8556
1.0194734168358517,-0.0000000000000000,0.0000000000000144,-0.0000000000000081,-0.0021760560169124,0.0239268432978605,3.2794300591401497,3.0030408129,327.642,1875.036,1880.1050,1.8497
1.0194163248137127,-0.0000000000000000,-0.0000000000000082,0.0000000000000040,-0.0023137443259922,0.0246177106472491,3.2854345491170833,3.0030077290,337.043,1876.702,1845.6406,1.8438
1.0193601847587872,-0.0000000000000000,0.0000000000003029,0.0000000000003105,-0.0024506025676543,-0.0252798762085503,3.2914390390940169,3.0029751528,346.050,1878.340,1812.2057,1.8381
1.0193049745943852,-0.0000000000000000,0.0000000000006573,0.0000000000006857,-0.0025866445045054,-0.0259157727886319,3.2974435290709505,3.0029430706,354.697,1879.952,1779.7596,1.8324
1.0192506729644661,-0.0000000000000000,0.0000000000005023,0.0000000000005680,-0.0027218834283730,-0.0265275090565165,3.3034480190478841,3.0029114692,363.013,1881.539,1748.2636,1.8269
1.0191972592028908,-0.0000000000000000,-0.0000000000000043,0.0000000000000030,-0.0028563321810661,0.0271169276266316,3.3094525090248177,3.0028803359,371.023,1883.101,1717.6812,1.8214
1.0191447133044704,-0.0000000000000000,0.0000000000000086,-0.0000000000000031,-0.0029900031743890,0.0276856503266701,3.3154569990017513,3.0028496582,378.751,1884.639,1687.9772,1.8159
1.0190930158969720,-0.0000000000000000,0.0000000000000032,-0.0000000000000009,-0.0031229084074942,0.0282351139530421,3.3214614889786853,3.0028194243,386.216,1886.153,1659.1185,1.8106
1.0190421482151530,-0.0000000000000000,0.0000000000007559,0.0000000000008986,-0.0032550594858339,-0.0287665988636220,3.3274659789556189,3.0027896228,393.435,1887.645,1631.0731,1.8053
1.0189920920753788,-0.0000000000000000,0.0000000000001793,0.0000000000002340,-0.0033864676360715,-0.0292812520828944,3.3334704689325525,3.0027602425,400.425,1889.114,1603.8110,1.8002
1.0189428298531442,-0.0000000000000000,0.0000000000000629,0.0000000000000920,-0.0035171437238900,-0.0297801061686155,3.3394749589094861,3.0027312728,407.200,1890.562,1577.3031,1.7951
1.0188943444595333,-0.0000000000000000,-0.0000000000000087,0.0000000000000075,-0.0036470982674587,0.0302640947520189,3.3454794488864197,3.0027027033,413.772,1891.988,1551.5221,1.7900
1.0188466193203431,-0.0000000000000000,-0.0000000000000016,0.0000000000000018,-0.0037763414523224,0.0307340654460949,3.3514839388633533,3.0026745240,420.155,1893.394,1526.4415,1.7851
1.0187996383557738,-0.0000000000000000,-0.0000000000000028,0.0000000000000038,-0.0039048831446141,0.0311907906480048,3.3574884288402869,3.0026467252,426.357,1894.780,1502.0363,1.7802
1.0187533859609834,-0.0000000000000000,-0.0000000000000955,-0.0000000000001146,-0.0040327329043779,-0.0316349766465784,3.3634929188172205,3.0026192976,432.389,1896.147,1478.2826,1.7754
1.0187078469882382,-0.0000000000000000,0.0000000000013887,0.0000000000018781,-0.0041598999979651,-0.0320672713446074,3.3694974087941540,3.0025922322,438.260,1897.494,1455.1573,1.7707
1.0186630067277425,-0.0000000000000000,-0.0000000000000126,-0.0000000000000115,-0.0042863934076128,-0.0324882708520722,3.3755018987710881,3.0025655201,443.979,1898.823,1432.6385,1.7661
1.0186188508939567,-0.0000000000000001,0.0000000000000254,0.0000000000000493,-0.0044122218467589,-0.0328985251435108,3.3815063887480217,3.0025391530,449.552,1900.134,1410.7054,1.7615
1.0185753656067553,-0.0000000000000000,-0.0000000000000080,0.0000000000000075,-0.0045373937664906,0.0332985429387151,3.3875108787249553,3.0025131225,454.987,1901.427,1389.3377,1.7571
1.0185325373777623,-0.0000000000000000,0.0000000000000066,-0.0000000000000041,-0.0046619173677130,0.0336887959340006,3.3935153687018889,3.0024874207,460.291,1902.703,1368.5164,1.7527
1.0184903530955791,0.0000000000000000,0.0000000000000035,-0.0000000000000042,-0.0047858006103288,0.0340697224867301,3.3995198586788224,3.0024620400,465.469,1903.962,1348.2229,1.7484
1.0184488000120451,-0.0000000000000000,0.0000000000007855,0.0000000000009924,-0.0049090512225903,-0.0344417308385642,3.4055243486557560,3.0024369727,470.527,1905.205,1328.4397,1.7441
1.0184078657285014,-0.0000000000000001,0.0000000000004953,0.0000000000006282,-0.0050316767093223,-0.0348052019460996,3.4115288386326896,3.0024122118,475.471,1906.432,1309.1499,1.7400
1.0183675381849222,-0.0000000000000000,0.0000000000034811,0.0000000000051105,-0.0051536843623612,-0.0351604919742299,3.4175333286096232,3.0023877501,480.305,1907.644,1290.3373,1.7359
1.0183278056434668,-0.0000000000000000,-0.0000000000000265,-0.0000000000000302,-0.0052750812617152,-0.0355079345026524,3.4235378185865568,3.0023635809,485.033,1908.840,1271.9863,1.7319
1.0182886566844733,-0.0000000000000000,-0.0000000000000001,0.0000000000000031,-0.0053958742957838,0.0358478424874908,3.4295423085634908,3.0023396974,489.661,1910.021,1254.0820,1.7279
1.0182500801880419,-0.0000000000000000,-0.0000000000000052,0.0000000000000034,-0.0055160701561254,0.0361805100028602,3.4355467985404244,3.0023160934,494.193,1911.187,1236.6102,1.7241
1.0182120653273166,-0.0000000000000000,-0.0000000000000016,0.0000000000000027,-0.0056356753510021,0.0365062138000238,3.4415512885173580,3.0022927626,498.631,1912.340,1219.5570,1.7203
1.0181746015575777,-0.0000000000000000,-0.0000000000000191,0.0000000000000165,-0.0057546962104447,0.0368252147025654,3.4475557784942916,3.0022696988,502.980,1913.479,1202.9094,1.7166
1.0181376786065421,-0.0000000000000000,-0.0000000000000026,0.0000000000000037,-0.0058731388927510,0.0371377588603065,3.4535602684712252,3.0022468963,507.243,1914.604,1186.6546,1.7130
1.0181012864652643,-0.0000000000000001,0.0000000000004644,0.0000000000006276,-0.0059910093907287,-0.0374440788773841,3.4595647584481588,3.0022243492,511.423,1915.715,1170.7805,1.7094
1.0180654153790056,-0.0000000000000000,0.0000000000007869,0.0000000000011042,-0.0061083135375429,-0.0377443948325435,3.4655692484250924,3.0022020521,515.524,1916.814,1155.2753,1.7059
1.0180300558390347,-0.0000000000000001,0.0000000000020133,0.0000000000033179,-0.0062250570122833,-0.0380389152001297,3.4715737384020260,3.0021799996,519.548,1917.900,1140.1278,1.7025
1.0179951985734661,-0.0000000000000001,0.0000000000006755,0.0000000000009122,-0.0063412453433479,-0.0383278376847980,3.4775782283789596,3.0021581864,523.498,1918.974,1125.3272,1.6992
1.0179608345417877,-0.0000000000000000,0.0000000000000043,-0.0000000000000055,-0.0064568839192074,0.0386113499872453,3.4835827183558936,3.0021366074,527.376,1920.036,1110.8630,1.6960
1.0179269549249048,0.0000000000000000,-0.0000000000000082,0.0000000000000062,-0.0065719779873774,0.0388896304903222,3.4895872083328272,3.0021152576,531.185,1921.085,1096.7252,1.6928
1.0178935511191651,0.0000000000000000,-0.0000000000000033,0.0000000000000032,-0.0066865326608496,0.0391628488911632,3.4955916983097608,3.0020941322,534.928,1922.124,1082.9042,1.6897
1.0178606147287828,-0.0000000000000000,-0.0000000000000022,0.0000000000000017,-0.0068005529249364,0.0394311667856080,3.5015961882866944,3.0020732265,538.606,1923.150,1069.3907,1.6867
1.0178281375598479,0.0000000000000000,0.0000000000000000,0.0000000000000003,-0.0069140436388312,0.0396947381892097,3.5076006782636280,3.0020525359,542.222,1924.166,1056.1757,1.6838
1.0177961116137526,-0.0000000000000001,0.0000000000005658,0.0000000000009884,-0.0070270095413308,-0.0399537100263044,3.5136051682405616,3.0020320559,545.777,1925.171,1043.2505,1.6809
1.0177645290805513,-0.0000000000000000,0.0000000000007531,0.0000000000013155,-0.0071394552539498,-0.0402082225759317,3.5196096582174952,3.0020117823,549.273,1926.165,1030.6070,1.6781
1.0177333823337280,-0.0000000000000000,0.0000000000007878,0.0000000000013637,-0.0072513852855591,-0.0404584098819517,3.5256141481944292,3.0019917108,552.713,1927.149,1018.2369,1.6754
1.0177026639243287,-0.0000000000000000,0.0000000000011140,0.0000000000019648,-0.0073628040359690,-0.0407044001319326,3.5316186381713628,3.0019718373,556.099,1928.123,1006.1327,1.6728
1.0176723665750078,-0.0000000000000000,0.0000000000005720,0.0000000000010338,-0.0074737157983961,-0.0409463160062911,3.5376231281482964,3.0019521577,559.431,1929.086,994.2869,1.6702
1.0176424831758097,-0.0000000000000001,0.0000000000005070,0.0000000000009183,-0.0075841247651435,-0.0411842750022391,3.5436276181252300,3.0019326682,562.711,1930.040,982.6922,1.6678
1.0176130067779157,-0.0000000000000000,-0.0000000000000025,-0.0000000000000036,-0.0076940350284647,-0.0414183897324006,3.5496321081021636,3.0019133649,565.941,1930.984,971.3417,1.6654
1.0175839305897896,-0.0000000000000000,0.0000000000000074,0.0000000000000062,-0.0078034505855619,-0.0416487682025924,3.5556365980790972,3.0018942441,569.123,1931.919,960.2288,1.6630
1.0175552479717727,-0.0000000000000000,-0.0000000000000022,-0.0000000000000032,-0.0079123753400894,-0.0418755140684476,3.5616410880560307,3.0018753022,572.257,1932.845,949.3469,1.6608
1.0175269524317967,-0.0000000000000000,-0.0000000000000022,-0.0000000000000025,-0.0080208131064906,-0.0420987268770914,3.5676455780329643,3.0018565357,575.346,1933.762,938.6897,1.6586
1.0174990376211794,-0.0000000000000000,0.0000000000000032,0.0000000000000044,-0.0081287676120138,-0.0423185022874902,3.5736500680098979,3.0018379411,578.390,1934.669,928.2514,1.6565
1.0174714973302577,0.0000000000000000,0.0000000000000019,0.0000000000000021,-0.0082362424995845,-0.0425349322792842,3.5796545579868315,3.0018195150,581.390,1935.569,918.0259,1.6545
1.0174443254846299,-0.0000000000000000,-0.0000000000006356,0.0000000000012020,-0.0083432413305939,0.0427481053455385,3.5856590479637651,3.0018012542,584.349,1936.459,908.0077,1.6526
1.0174175161403607,-0.0000000000000001,-0.0000000000004262,0.0000000000008373,-0.0084497675869292,0.0429581066750456,3.5916635379406991,3.0017831554,587.266,1937.342,898.1913,1.6507
1.0173910634817298,-0.0000000000000001,-0.0000000000009272,0.0000000000015613,-0.0085558246742849,0.0431650183190934,3.5976680279176327,3.0017652156,590.144,1938.216,888.5714,1.6489
1.0173649618160052,-0.0000000000000000,-0.0000000000006786,0.0000000000013002,-0.0086614159237635,0.0433689193521675,3.6036725178945663,3.0017474316,592.983,1939.082,879.1431,1.6472
1.0173392055713693,-0.0000000000000001,-0.0000000000017473,0.0000000000033095,-0.0087665445942786,0.0435698860164069,3.6096770078714999,3.0017298005,595.784,1939.941,869.9012,1.6456
1.0173137892916759,-0.0000000000000001,-0.0000000000004549,0.0000000000008250,-0.0088712138737165,0.0437679918639244,3.6156814978484335,3.0017123193,598.549,1940.792,860.8410,1.6441
1.0172887076358321,0.0000000000000000,0.0000000000000010,0.0000000000000015,-0.0089754268846222,-0.0439633078855335,3.6216859878253671,3.0016949852,601.277,1941.635,851.9580,1.6426
1.0172639553723779,-0.0000000000000000,0.0000000000000029,-0.0000000000000009,-0.0090791866821919,-0.0441559026330020,3.6276904778023007,3.0016777955,603.971,1942.471,843.2477,1.6412
1.0172395273772505,-0.0000000000000000,0.0000000000000055,0.0000000000000056,-0.0091824962572264,-0.0443458423327518,3.6336949677792347,3.0016607473,606.631,1943.299,834.7056,1.6399
1.0172154186307356,-0.0000000000000000,0.0000000000000046,0.0000000000000062,-0.0092853585396033,-0.0445331909973311,3.6396994577561683,3.0016438381,609.257,1944.121,826.3278,1.6386
1.0171916242147832,-0.0000000000000000,0.0000000000000061,0.0000000000000098,-0.0093877763984533,-0.0447180105240944,3.6457039477331019,3.0016270652,611.852,1944.935,818.1099,1.6375
1.0171681393101752,-0.0000000000000000,-0.0000000000001358,-0.0000000000001446,-0.0094897526446731,-0.0449003607925475,3.6517084377100355,3.0016104261,614.414,1945.743,810.0483,1.6364
1.0171449591937334,-0.0000000000000000,0.0000000000000048,0.0000000000000068,-0.0095912900320796,-0.0450802997538851,3.6577129276869691,3.0015939183,616.946,1946.544,802.1389,1.6354
1.0171220792358655,-0.0000000000000000,0.0000000000004435,-0.0000000000008346,-0.0096923912599119,0.0452578835182283,3.6637174176639027,3.0015775394,619.448,1947.339,794.3782,1.6345
1.0170994948984353,-0.0000000000000000,0.0000000000002978,-0.0000000000005138,-0.0097930589736310,0.0454331664326996,3.6697219076408363,3.0015612870,621.921,1948.127,786.7626,1.6336
1.0170772017314429,-0.0000000000000001,0.0000000000002518,-0.0000000000004300,-0.0098932957666195,0.0456062011600206,3.6757263976177699,3.0015451587,624.365,1948.908,779.2885,1.6329
1.0170551953715157,-0.0000000000000000,0.0000000000002625,-0.0000000000002887,-0.0099931041819741,0.0457770387492206,3.6817308875947035,3.0015291522,626.782,1949.684,771.9527,1.6322
1.0170334715391738,-0.0000000000000000,0.0000000000002767,-0.0000000000004733,-0.0100924867130961,0.0459457287037336,3.6877353775716371,3.0015132654,629.171,1950.453,764.7518,1.6316
1.0170120260372262,-0.0000000000000001,-0.0000000000001269,0.0000000000003226,-0.0101914458066453,0.0461123190470360,3.6937398675485706,3.0014974961,631.533,1951.216,757.6828,1.6310
1.0169908547481028,-0.0000000000000000,-0.0000000000012990,0.0000000000026914,-0.0102899838626218,0.0462768563833265,3.6997443575255047,3.0014818420,633.870,1951.974,750.7424,1.6306
1.0169699536307824,-0.0000000000000001,0.0000000000002785,-0.0000000000002916,-0.0103881032334341,0.0464393859545518,3.7057488475024383,3.0014663012,636.181,1952.726,743.9278,1.6302
1.0169493187222467,-0.0000000000000000,0.0000000000000196,0.0000000000000206,-0.0104858062321009,-0.0465999516976684,3.7117533374793719,3.0014508716,638.467,1953.472,737.2360,1.6299
1.0169289461318103,-0.0000000000000000,0.0000000000000088,0.0000000000000093,-0.0105830951255926,-0.0467585962944666,3.7177578274563055,3.0014355511,640.729,1954.212,730.6643,1.6297
1.0169088320409476,-0.0000000000000000,0.0000000000000053,0.0000000000000068,-0.0106799721407941,-0.0469153612239053,3.7237623174332390,3.0014203377,642.967,1954.947,724.2099,1.6296
1.0168889727013899,-0.0000000000000000,0.0000000000000035,0.0000000000000045,-0.0107764394637202,-0.0470702868070262,3.7297668074101726,3.0014052296,645.182,1955.677,717.8702,1.6296
1.0168693644332625,-0.0000000000000000,-0.0000000000000003,0.0000000000000003,-0.0108724992411485,-0.0472234122528314,3.7357712973871067,3.0013902249,647.375,1956.401,711.6425,1.6296
1.0168500036233630,-0.0000000000000000,0.0000000000000023,0.0000000000000030,-0.0109681535815638,-0.0473747757009818,3.7417757873640403,3.0013753216,649.545,1957.120,705.5245,1.6297
1.0168308867235336,-0.0000000000000000,0.0000000000000117,0.0000000000000267,-0.0110634045562079,-0.0475244142624317,3.7477802773409739,3.0013605180,651.694,1957.835,699.5136,1.6299
1.0168120102491387,0.0000000000000000,-0.0000000000000024,-0.0000000000000037,-0.0111582542004482,-0.0476723640580263,3.7537847673179074,3.0013458124,653.821,1958.544,693.6075,1.6302
1.0167933707772503,-0.0000000000000000,0.0000000000001624,-0.0000000000002570,-0.0112527045137187,0.0478186602558598,3.7597892572948410,3.0013312028,655.928,1959.248,687.8039,1.6306
1.0167749649456277,-0.0000000000000002,0.0000000000001475,0.0000000000001446,-0.0113467574614257,0.0479633371061846,3.7657937472717746,3.0013166877,658.015,1959.948,682.1007,1.6310
1.0167567894505343,-0.0000000000000002,0.0000000000006071,-0.0000000000008714,-0.0114404149758505,0.0481064279742169,3.7717982372487082,3.0013022653,660.081,1960.642,676.4955,1.6316
1.0167388410463161,-0.0000000000000001,0.0000000000002232,-0.0000000000003897,-0.0115336789556132,0.0482479653736234,3.7778027272256418,3.0012879340,662.128,1961.333,670.9864,1.6322
1.0167211165431780,-0.0000000000000002,-0.0000000000005226,0.0000000000009327,-0.0116265512689324,0.0483879809966775,3.7838072172025754,3.0012736922,664.156,1962.018,665.5713,1.6329
1.0167036128056000,-0.0000000000000000,-0.0000000000005279,0.0000000000009528,-0.0117190337519741,0.0485265057440434,3.7898117071795090,3.0012595382,666.166,1962.699,660.2481,1.6337
1.0166863267523254,-0.0000000000000002,-0.0000000000006670,0.0000000000013908,-0.0118111282111322,0.0486635697502526,3.7958161971564426,3.0012454705,668.157,1963.376,655.0150,1.6346
1.0166692553539163,-0.0000000000000000,-0.0000000000005533,0.0000000000015052,-0.0119028364234029,0.0487992024134097,3.8018206871333762,3.0012314876,670.131,1964.048,649.8700,1.6355
1.0166523956321920,-0.0000000000000002,-0.0000000000003848,0.0000000000009728,-0.0119941601367813,0.0489334324186488,3.8078251771103102,3.0012175880,672.086,1964.717,644.8114,1.6365
1.0166357446583918,-0.0000000000000000,0.0000000000000310,0.0000000000000399,-0.0120851010718495,-0.0490662877648519,3.8138296670872438,3.0012037702,674.025,1965.381,639.8373,1.6377
1.0166192995531653,0.0000000000000000,0.0000000000000120,0.0000000000000149,-0.0121756609215928,-0.0491977957853194,3.8198341570641774,3.0011900327,675.947,1966.041,634.9460,1.6389
1.0166030574839739,-0.0000000000000000,0.0000000000000044,0.0000000000000073,-0.0122658413526950,-0.0493279831727754,3.8258386470411110,3.0011763741,677.853,1966.697,630.1358,1.6402
1.0165870156649173,-0.0000000000000000,0.0000000000000014,0.0000000000000017,-0.0123556440053670,-0.0494568759993146,3.8318431370180446,3.0011627930,679.742,1967.349,625.4051,1.6416
1.0165711713555687,0.0000000000000000,0.0000000000000037,0.0000000000000054,-0.0124450704950380,-0.0495844997372527,3.8378476269949782,3.0011492881,681.616,1967.997,620.7522,1.6430
1.0165555218597717,0.0000000000000000,0.0000000000000004,0.0000000000000008,-0.0125341224120996,-0.0497108792792336,3.8438521169719122,3.0011358579,683.474,1968.641,616.1757,1.6446
1.0165400645247231,-0.0000000000000000,0.0000000000000002,-0.0000000000000006,-0.0126228013229390,-0.0498360389570241,3.8498566069488458,3.0011225011,685.317,1969.282,611.6739,1.6462
1.0165247967399469,-0.0000000000000000,-0.0000000000000023,-0.0000000000000029,-0.0127111087703407,-0.0499600025596465,3.8558610969257794,3.0011092165,687.145,1969.919,607.2454,1.6480
1.0165097159364282,0.0000000000000000,0.0000000000000013,0.0000000000000020,-0.0127990462743057,-0.0500827933509901,3.8618655869027130,3.0010960027,688.959,1970.552,602.8888,1.6498
1.0164948195855794,0.0000000000000000,0.0000000000000027,0.0000000000000012,-0.0128866153322942,-0.0502044340865095,3.8678700768796466,3.0010828585,690.758,1971.182,598.6027,1.6517
1.0164801051985994,-0.0000000000000002,-0.0000000000005383,0.0000000000010963,-0.0129738174199326,0.0503249470291309,3.8738745668565802,3.0010697826,692.543,1971.808,594.3856,1.6537
1.0164655703248129,-0.0000000000000000,-0.0000000000005817,0.0000000000011631,-0.0130606539912045,0.0504443539653812,3.8798790568335138,3.0010567738,694.315,1972.431,590.2363,1.6558
1.0164512125518983,-0.0000000000000000,-0.0000000000004964,0.0000000000009686,-0.0131471264795462,0.0505626762195799,3.8858835468104473,3.0010438309,696.073,1973.051,586.1534,1.6579
1.0164370295044656,-0.0000000000000000,-0.0000000000005568,0.0000000000010966,-0.0132332362977119,0.0506799346684393,3.8918880367873809,3.0010309528,697.818,1973.667,582.1357,1.6602
1.0164230188431094,-0.0000000000000002,-0.0000000000003169,0.0000000000006316,-0.0133189848386100,0.0507961497550151,3.8978925267643145,3.0010181381,699.550,1974.280,578.1819,1.6626
1.0164091782642122,-0.0000000000000002,-0.0000000000004377,0.0000000000008284,-0.0134043734758621,0.0509113415013952,3.9038970167412481,3.0010053859,701.269,1974.890,574.2909,1.6650
1.0163955054984093,-0.0000000000000002,-0.0000000000005410,0.0000000000010554,-0.0134894035636152,0.0510255295223513,3.9099015067181822,3.0009926949,702.976,1975.497,570.4614,1.6675
1.0163819983103288,-0.0000000000000002,-0.0000000000004824,0.0000000000010626,-0.0135740764377480,0.0511387330369788,3.9159059966951157,3.0009800641,704.671,1976.100,566.6924,1.6702
1.0163686544978887,-0.0000000000000002,-0.0000000000005181,0.0000000000010453,-0.0136583934156914,0.0512509708804641,3.9219104866720493,3.0009674923,706.354,1976.701,562.9827,1.6729
1.0163554718912284,-0.0000000000000000,-0.0000000000003402,0.0000000000007620,-0.0137423557971322,0.0513622615159964,3.9279149766489829,3.0009549785,708.025,1977.299,559.3311,1.6757
1.0163424483523071,-0.0000000000000000,0.0000000000005710,-0.0000000000006577,-0.0138259648648547,0.0514726230465088,3.9339194666259165,3.0009425216,709.684,1977.894,555.7367,1.6786
1.0163295817747264,-0.0000000000000000,0.0000000000000253,0.0000000000000387,-0.0139092218824472,-0.0515820732201143,3.9399239566028501,3.0009301205,711.332,1978.486,552.1984,1.6816
1.0163168700815430,-0.0000000000000000,0.0000000000000148,0.0000000000000230,-0.0139921281002319,-0.0516906294504769,3.9459284465797837,3.0009177743,712.970,1979.075,548.7152,1.6847
1.0163043112261410,-0.0000000000000000,0.0000000000000036,0.0000000000000057,-0.0140746847498269,-0.0517983088169378,3.9519329365567177,3.0009054819,714.596,1979.661,545.2861,1.6879
1.0162919031909490,-0.0000000000000000,0.0000000000000023,0.0000000000000051,-0.0141568930474521,-0.0519051280786455,3.9579374265336513,3.0008932422,716.212,1980.245,541.9101,1.6912
1.0162796439869464,0.0000000000000000,0.0000000000000061,0.0000000000000111,-0.0142387541937688,-0.0520111036828682,3.9639419165105849,3.0008810544,717.817,1980.826,538.5863,1.6945
1.0162675316530290,-0.0000000000000000,-0.0000000000000016,-0.0000000000000026,-0.0143202693740593,-0.0521162517739343,3.9699464064875185,3.0008689174,719.412,1981.405,535.3138,1.6980
1.0162555642554525,-0.0000000000000000,-0.0000000000000023,-0.0000000000000030,-0.0144014397586059,-0.0522205882017722,3.9759508964644521,3.0008568303,720.997,1981.981,532.0917,1.7016
1.0162437398872770,-0.0000000000000000,0.0000000000000032,0.0000000000000048,-0.0144822665031120,-0.0523241285301410,3.9819553864413857,3.0008447921,722.572,1982.554,528.9191,1.7052
1.0162320566677436,-0.0000000000000000,0.0000000000000019,0.0000000000000040,-0.0145627507486357,-0.0524268880447983,3.9879598764183193,3.0008328018,724.137,1983.125,525.7951,1.7090
1.0162205127418602,-0.0000000000000000,-0.0000000000000045,-0.0000000000000077,-0.0146428936225082,-0.0525288817609518,3.9939643663952529,3.0008208587,725.693,1983.694,522.7189,1.7128
1.0162091062797378,-0.0000000000000000,-0.0000000000000025,-0.0000000000000035,-0.0147226962379422,-0.0526301244310488,3.9999688563721865,3.0008089617,727.239,1984.260,519.6897,1.7168
1.0161978354762062,-0.0000000000000004,-0.0000000000000576,0.0000000000001669,-0.0148021596951339,0.0527306305519460,4.0059733463491201,3.0007971099,728.777,1984.824,516.7067,1.7209
1.0161866985500303,-0.0000000000000004,0.0000000000003361,-0.0000000000004265,-0.0148812850798489,0.0528304143714864,4.0119778363260536,3.0007853025,730.305,1985.386,513.7691,1.7250
1.0161756937440682,-0.0000000000000004,0.0000000000001300,-0.0000000000002770,-0.0149600734661205,0.0529294898956046,4.0179823263029872,3.0007735385,731.825,1985.945,510.8762,1.7293
1.0161648193238688,-0.0000000000000000,0.0000000000001408,-0.0000000000002959,-0.0150385259146192,0.0530278708955963,4.0239868162799208,3.0007618172,733.336,1986.503,508.0271,1.7336
1.0161540735780525,-0.0000000000000000,-0.0000000000000652,0.0000000000004587,-0.0151166434737179,0.0531255709130814,4.0299913062568553,3.0007501376,734.838,1987.058,505.2213,1.7381
1.0161434548170647,-0.0000000000000004,0.0000000000000473,-0.0000000000001487,-0.0151944271790985,0.0532226032670291,4.0359957962337889,3.0007384990,736.332,1987.611,502.4579,1.7426
1.0161329613736971,-0.0000000000000004,-0.0000000000000956,0.0000000000001024,-0.0152718780549762,0.0533189810596140,4.0420002862107225,3.0007269004,737.818,1988.162,499.7363,1.7473
1.0161225916015850,-0.0000000000000000,-0.0000000000000085,0.0000000000000331,-0.0153489971132915,0.0534147171819049,4.0480047761876561,3.0007153411,739.296,1988.711,497.0558,1.7520
1.0161123438756468,0.0000000000000000,0.0000000000000650,-0.0000000000001669,-0.0154257853547356,0.0535098243195161,4.0540092661645897,3.0007038202,740.767,1989.258,494.4157,1.7569
1.0161022165912466,-0.0000000000000004,0.0000000000000874,-0.0000000000002040,-0.0155022437683865,0.0536043149575856,4.0600137561415233,3.0006923369,742.229,1989.803,491.8154,1.7619
1.0160922081637422,-0.0000000000000000,0.0000000000000635,-0.0000000000002276,-0.0155783733320697,0.0536982013866149,4.0660182461184569,3.0006808905,743.684,1990.346,489.2543,1.7669
1.0160823170281987,-0.0000000000000000,0.0000000000004141,-0.0000000000006518,-0.0156541750130328,0.0537914957078618,4.0720227360953904,3.0006694801,745.131,1990.887,486.7317,1.7721
1.0160725416391934,-0.0000000000000004,0.0000000000005485,-0.0000000000009406,-0.0157296497671487,0.0538842098368318,4.0780272260723240,3.0006581050,746.572,1991.427,484.2470,1.7774
1.0160628804703071,-0.0000000000000000,0.0000000000000468,0.0000000000000862,-0.0158047985399100,-0.0539763555091666,4.0840317160492576,3.0006467644,748.005,1991.964,481.7997,1.7828
1.0160533320131619,-0.0000000000000000,0.0000000000000231,0.0000000000000434,-0.0158796222671216,-0.0540679442864989,4.0900362060261912,3.0006354575,749.431,1992.500,479.3891,1.7883
1.0160438947780037,-0.0000000000000000,0.0000000000000156,0.0000000000000291,-0.0159541218732651,-0.0541589875584171,4.0960406960031248,3.0006241836,750.850,1993.035,477.0147,1.7939
1.0160345672928695,-0.0000000000000000,0.0000000000000041,0.0000000000000070,-0.0160282982734304,-0.0542494965483062,4.1020451859800584,3.0006129419,752.263,1993.567,474.6759,1.7996
1.0160253481032180,-0.0000000000000000,0.0000000000000036,0.0000000000000084,-0.0161021523724678,-0.0543394823175868,4.1080496759569920,3.0006017318,753.669,1994.098,472.3722,1.8054
1.0160162357717057,-0.0000000000000000,0.0000000000000019,0.0000000000000027,-0.0161756850657619,-0.0544289557695549,4.1140541659339256,3.0005905523,755.068,1994.628,470.1031,1.8113
1.0160072288777884,-0.0000000000000000,0.0000000000000020,0.0000000000000051,-0.0162488972390409,-0.0545179276535927,4.1200586559108592,3.0005794030,756.461,1995.155,467.8680,1.8173
1.0159983260174195,0.0000000000000000,-0.0000000000000007,0.0000000000000000,-0.0163217897686620,-0.0546064085690142,4.1260631458877928,3.0005682829,757.848,1995.682,465.6665,1.8235
1.0159895258026983,-0.0000000000000000,0.0000000000000013,0.0000000000000015,-0.0163943635216646,-0.0546944089689310,4.1320676358647264,3.0005571915,759.229,1996.206,463.4980,1.8297
1.0159808268615629,-0.0000000000000000,-0.0000000000000041,-0.0000000000000054,-0.0164666193558858,-0.0547819391639683,4.1380721258416600,3.0005461280,760.604,1996.730,461.3620,1.8361
1.0159722278375298,-0.0000000000000000,0.0000000000000039,0.0000000000000062,-0.0165385581203600,-0.0548690093257376,4.1440766158185944,3.0005350916,761.973,1997.252,459.2581,1.8425
1.0159637273894271,-0.0000000000000000,-0.0000000000000003,0.0000000000000007,-0.0166101806555877,-0.0549556294902866,4.1500811057955280,3.0005240819,763.336,1997.772,457.1859,1.8491
1.0159553241908252,-0.0000000000000000,-0.0000000000000030,-0.0000000000000044,-0.0166814877924477,-0.0550418095621166,4.1560855957724616,3.0005130979,764.694,1998.291,455.1448,1.8558
1.0159470169301590,-0.0000000000000000,-0.0000000000000016,-0.0000000000000017,-0.0167524803541728,-0.0551275593165845,4.1620900857493952,3.0005021391,766.046,1998.809,453.1343,1.8626
1.0159388043101343,-0.0000000000000000,-0.0000000000000285,-0.0000000000000758,-0.0168231591550846,-0.0552128884039252,4.1680945757263288,3.0004912048,767.393,1999.326,451.1542,1.8695
1.0159306850479310,-0.0000000000000005,-0.0000000000007151,0.0000000000014732,-0.0168935250017423,0.0552978063512822,4.1740990657032624,3.0004802943,768.734,1999.841,449.2039,1.8766
1.0159226578733209,-0.0000000000000000,-0.0000000000000003,-0.0000000000000017,-0.0169635786913876,-0.0553823225683160,4.1801035556801960,3.0004694069,770.070,2000.355,447.2831,1.8837
1.0159147215314275,-0.0000000000000005,-0.0000000000001702,0.0000000000005482,-0.0170333210144101,0.0554664463467181,4.1861080456571296,3.0004585421,771.402,2000.868,445.3912,1.8910
1.0159068747794049,-0.0000000000000000,-0.0000000000000035,-0.0000000000000078,-0.0171027527527856,-0.0555501868649837,4.1921125356340632,3.0004476991,772.728,2001.379,443.5280,1.8984
1.0158991163880720,-0.0000000000000005,-0.0000000000003706,0.0000000000007685,-0.0171718746804808,0.0556335531923311,4.1981170256109968,3.0004368773,774.049,2001.890,441.6930,1.9059
1.0158914451403231,-0.0000000000000000,-0.0000000000000010,-0.0000000000000009,-0.0172406875634739,-0.0557165542894526,4.2041215155879303,3.0004260760,775.366,2002.399,439.8858,1.9135
1.0158838598328146,-0.0000000000000005,-0.0000000000005698,0.0000000000011521,-0.0173091921612257,0.0557991990116222,4.2101260055648639,3.0004152947,776.678,2002.908,438.1061,1.9213
1.0158763592731577,-0.0000000000000005,-0.0000000000005738,0.0000000000011264,-0.0173773892245211,0.0558814961128335,4.2161304955417975,3.0004045327,777.985,2003.415,436.3535,1.9291
1.0158689422816090,-0.0000000000000000,0.0000000000000033,0.0000000000000055,-0.0174452794968837,-0.0559634542469740,4.2221349855187311,3.0003937893,779.288,2003.922,434.6276,1.9371
1.0158616076908773,-0.0000000000000005,-0.0000000000003779,0.0000000000007813,-0.0175128637147694,0.0560450819698254,4.2281394754956647,3.0003830639,780.587,2004.427,432.9281,1.9452
1.0158543543442777,-0.0000000000000000,-0.0000000000002891,0.0000000000005951,-0.0175801426075029,0.0561263877430608,4.2341439654725992,3.0003723560,781.881,2004.931,431.2546,1.9535
1.0158471810969889,-0.0000000000000000,0.0000000000000003,0.0000000000000006,-0.0176471168968351,-0.0562073799358753,4.2401484554495319,3.0003616648,783.172,2005.435,429.6068,1.9618
1.0158400868155189,-0.0000000000000000,-0.0000000000000077,-0.0000000000000131,-0.0177137872978124,-0.0562880668273414,4.2461529454264664,3.0003509899,784.458,2005.937,427.9844,1.9703
1.0158330703774914,-0.0000000000000000,-0.0000000000004996,0.0000000000009619,-0.0177801545195150,0.0563684566078141,4.2521574354033991,3.0003403305,785.740,2006.439,426.3870,1.9789
1.0158261306698246,-0.0000000000000000,-0.0000000000003466,0.0000000000007338,-0.0178462192600341,0.0564485573852343,4.2581619253803336,3.0003296861,787.018,2006.940,424.8143,1.9876
1.0158192665930161,-0.0000000000000000,0.0000000000000036,0.0000000000000054,-0.0179119822212736,-0.0565283771770919,4.2641664153572671,3.0003190560,788.293,2007.440,423.2661,1.9965
1.0158124770527424,0.0000000000000000,-0.0000000000000199,-0.0000000000000583,-0.0179774440757888,-0.0566079239327226,4.2701709053342007,3.0003084398,789.563,2007.940,421.7419,2.0054
1.0158057609708313,-0.0000000000000000,-0.0000000000003930,0.0000000000009190,-0.0180426055167521,0.0566872055075374,4.2761753953111343,3.0002978366,790.830,2008.438,420.2416,2.0145
1.0157991172752303,-0.0000000000000005,-0.0000000000004647,0.0000000000008903,-0.0181074672148656,0.0567662296875653,4.2821798852880679,3.0002872461,792.094,2008.936,418.7647,2.0238
1.0157925449047229,-0.0000000000000005,-0.0000000000003171,0.0000000000006377,-0.0181720298383009,0.0568450041835911,4.2881843752650015,3.0002766676,793.354,2009.433,417.3111,2.0331
1.0157860428075232,-0.0000000000000000,0.0000000000000002,-0.0000000000000006,-0.0182362940477325,-0.0569235366315585,4.2941888652419351,3.0002661004,794.611,2009.930,415.8804,2.0426
1.0157796099417513,0.0000000000000000,-0.0000000000000391,-0.0000000000001220,-0.0183002604994974,-0.0570018345964587,4.3001933552188687,3.0002555441,795.865,2010.426,414.4724,2.0522
1.0157732452738639,-0.0000000000000000,-0.0000000000005649,0.0000000000011496,-0.0183639298403774,0.0570799055749037,4.3061978451958023,3.0002449980,797.115,2010.921,413.0867,2.0620
1.0157669477790781,-0.0000000000000000,-0.0000000000002685,0.0000000000005060,-0.0184273027122662,0.0571577569967321,4.3122023351727359,3.0002344615,798.362,2011.416,411.7232,2.0719
1.0157607164428744,-0.0000000000000000,-0.0000000000003977,0.0000000000008292,-0.0184903797526297,0.0572353962232150,4.3182068251496695,3.0002239341,799.607,2011.910,410.3816,2.0819
1.0157545502580319,-0.0000000000000000,0.0000000000000031,0.0000000000000075,-0.0185531615908298,-0.0573128305541528,4.3242113151266031,3.0002134152,800.848,2012.404,409.0615,2.0920
1.0157484482267340,-0.0000000000000000,0.0000000000000015,0.0000000000000021,-0.0186156488510365,-0.0573900672262107,4.3302158051035367,3.0002029042,802.086,2012.897,407.7628,2.1023
1.0157424093587843,-0.0000000000000000,0.0000000000000018,0.0000000000000007,-0.0186778421504424,-0.0574671134162480,4.3362202950804702,3.0001924006,803.322,2013.390,406.4853,2.1127
1.0157364326727043,-0.0000000000000000,-0.0000000000003248,0.0000000000006529,-0.0187397421016536,0.0575439762415812,4.3422247850574038,3.0001819038,804.555,2013.882,405.2286,2.1233
1.0157305171944060,-0.0000000000000000,-0.0000000000002524,0.0000000000005757,-0.0188013493103804,0.0576206627628650,4.3482292750343383,3.0001714131,805.786,2014.374,403.9926,2.1340
1.0157246619581635,-0.0000000000000005,-0.0000000000002321,0.0000000000004557,-0.0188626643768277,0.0576971799853029,4.3542337650112710,3.0001609281,807.013,2014.865,402.7770,2.1448
1.0157188660056777,-0.0000000000000005,-0.0000000000003011,0.0000000000006219,-0.0189236878952708,0.0577735348597916,4.3602382549882055,3.0001504482,808.239,2015.356,401.5815,2.1558
1.0157131283860155,-0.0000000000000000,0.0000000000000042,0.0000000000000060,-0.0189844204541266,-0.0578497342852793,4.3662427449651391,3.0001399727,809.462,2015.847,400.4061,2.1669
1.0157074481560622,-0.0000000000000000,-0.0000000000000016,-0.0000000000000032,-0.0190448626364531,-0.0579257851095648,4.3722472349420727,3.0001295013,810.683,2016.338,399.2503,2.1781
1.0157018243795597,-0.0000000000000000,0.0000000000000002,-0.0000000000000000,-0.0191050150195105,-0.0580016941311670,4.3782517249190063,3.0001190332,811.901,2016.828,398.1142,2.1895
1.0156962561273677,-0.0000000000000000,0.0000000000000024,0.0000000000000037,-0.0191648781747432,-0.0580774681008720,4.3842562148959399,3.0001085679,813.117,2017.318,396.9973,2.2011
1.0156907424774038,-0.0000000000000000,-0.0000000000003020,0.0000000000005930,-0.0192244526681900,0.0581531137229896,4.3902607048728735,3.0000981048,814.332,2017.808,395.8996,2.2128
1.0156852825140636,-0.0000000000000005,-0.0000000000003175,0.0000000000006441,-0.0192837390603364,0.0582286376568518,4.3962651948498070,3.0000876435,815.544,2018.297,394.8208,2.2246
1.0156798753286389,-0.0000000000000000,-0.0000000000002708,0.0000000000005214,-0.0193427379061833,0.0583040465182858,4.4022696848267406,3.0000771833,816.754,2018.786,393.7608,2.2365
1.0156745200188473,-0.0000000000000000,-0.0000000000003458,0.0000000000007225,-0.0194014497549394,0.0583793468810672,4.4082741748036742,3.0000667237,817.963,2019.276,392.7193,2.2487
1.0156692156886358,-0.0000000000000000,-0.0000000000000058,-0.0000000000000115,-0.0194598751510386,-0.0584545452779536,4.4142786647806078,3.0000562640,819.169,2019.765,391.6961,2.2609
1.0156639614486205,-0.0000000000000000,0.0000000000000046,0.0000000000000061,-0.0195180146334592,-0.0585296482022009,4.4202831547575414,3.0000458039,820.374,2020.254,390.6911,2.2733
1.0156587564149102,0.0000000000000000,0.0000000000000033,0.0000000000000042,-0.0195758687349442,-0.0586046621095401,4.4262876447344750,3.0000353426,821.578,2020.743,389.7041,2.2859
1.0156535997099234,-0.0000000000000000,0.0000000000000039,0.0000000000000067,-0.0196334379839200,-0.0586795934183300,4.4322921347114086,3.0000248797,822.779,2021.232,388.7349,2.2986
1.0156484904617424,-0.0000000000000000,0.0000000000000235,0.0000000000000450,-0.0196907229029259,0.0587544485117422,4.4382966246883431,3.0000144145,823.980,2021.721,387.7833,2.3114
1.0156434278044504,-0.0000000000000006,-0.0000000000002433,0.0000000000004864,-0.0197477240099550,0.0588292337385883,4.4443011146652758,3.0000039465,825.179,2022.209,386.8492,2.3245
1.0156384108771883,-0.0000000000000000,-0.0000000000003336,0.0000000000006674,-0.0198044418168587,0.0589039554148350,4.4503056046422103,2.9999934752,826.376,2022.698,385.9324,2.3376
1.0156334388249624,-0.0000000000000006,-0.0000000000004087,0.0000000000007940,-0.0198608768310333,0.0589786198245090,4.4563100946191438,2.9999830000,827.572,2023.187,385.0328,2.3509
1.0156285107977254,-0.0000000000000000,-0.0000000000001171,0.0000000000003226,-0.0199170295543914,0.0590532332224089,4.4623145845960774,2.9999725204,828.767,2023.676,384.1501,2.3644
1.0156236259512124,-0.0000000000000000,-0.0000000000001724,0.0000000000003303,-0.0199729004837180,0.0591278018317848,4.4683190745730110,2.9999620357,829.961,2024.166,383.2842,2.3780
1.0156187834456389,-0.0000000000000000,-0.0000000000000097,-0.0000000000000420,-0.0200284901108193,-0.0592023318499442,4.4743235645499446,2.9999515454,831.154,2024.655,382.4350,2.3918
1.0156139824466071,-0.0000000000000000,0.0000000000000012,-0.0000000000000004,-0.0200837989224644,-0.0592768294465113,4.4803280545268782,2.9999410489,832.345,2025.145,381.6024,2.4057
1.0156092221243140,0.0000000000000000,0.0000000000000011,0.0000000000000010,-0.0201388274003205,-0.0593513007655336,4.4863325445038118,2.9999305458,833.536,2025.634,380.7861,2.4198
1.0156045016537456,-0.0000000000000000,0.0000000000000007,0.0000000000000007,-0.0201935760209543,-0.0594257519266774,4.4923370344807454,2.9999200353,834.726,2026.124,379.9860,2.4341
1.0155998202144951,-0.0000000000000000,0.0000000000000012,0.0000000000000018,-0.0202480452559436,-0.0595001890262986,4.4983415244576790,2.9999095170,835.915,2026.614,379.2020,2.4485
1.0155951769908365,-0.0000000000000000,-0.0000000000002939,0.0000000000005921,-0.0203022355722575,0.0595746181383991,4.5043460144346126,2.9998989903,837.104,2027.105,378.4339,2.4631
1.0155905711709219,-0.0000000000000006,-0.0000000000003379,0.0000000000006912,-0.0203561474309729,0.0596490453164867,4.5103505044115462,2.9998884546,838.291,2027.596,377.6817,2.4778
1.0155860019477330,-0.0000000000000000,-0.0000000000002442,0.0000000000004497,-0.0204097812896127,0.0597234765934263,4.5163549943884798,2.9998779093,839.479,2028.087,376.9451,2.4928
1.0155814685181752,-0.0000000000000006,-0.0000000000003762,0.0000000000007619,-0.0204631375994661,0.0597979179840588,4.5223594843654134,2.9998673538,840.665,2028.578,376.2241,2.5078
1.0155769700831001,-0.0000000000000006,-0.0000000000002364,0.0000000000004424,-0.0205162168077163,0.0598723754852183,4.5283639743423469,2.9998567877,841.851,2029.070,375.5185,2.5231
1.0155725058476326,-0.0000000000000006,-0.0000000000002634,0.0000000000006263,-0.0205690193565617,0.0599468550770529,4.5343684643192805,2.9998462103,843.037,2029.562,374.8282,2.5385
1.0155680750203018,-0.0000000000000000,0.0000000000000005,-0.0000000000000001,-0.0206215456831680,-0.0600213627248376,4.5403729542962150,2.9998356210,844.222,2030.055,374.1530,2.5540
1.0155636768138354,-0.0000000000000000,-0.0000000000000058,-0.0000000000000093,-0.0206737962199148,-0.0600959043789460,4.5463774442731477,2.9998250192,845.407,2030.548,373.4929,2.5698
1.0155593104443013,-0.0000000000000000,-0.0000000000000034,-0.0000000000000057,-0.0207257713945943,-0.0601704859767138,4.5523819342500813,2.9998144045,846.592,2031.042,372.8478,2.5857
1.0155549751313389,-0.0000000000000000,-0.0000000000000048,-0.0000000000000074,-0.0207774716299672,-0.0602451134433718,4.5583864242270149,2.9998037761,847.777,2031.536,372.2174,2.6018
1.0155506700980188,-0.0000000000000000,-0.0000000000000011,0.0000000000000004,-0.0208288973440592,-0.0603197926930472,4.5643909142039494,2.9997931335,848.962,2032.030,371.6018,2.6180
1.0155463945707226,-0.0000000000000000,-0.0000000000000037,-0.0000000000000062,-0.0208800489500555,-0.0603945296299023,4.5703954041808821,2.9997824761,850.146,2032.525,371.0007,2.6345
1.0155421477790925,0.0000000000000000,-0.0000000000000101,-0.0000000000000125,-0.0209309268566105,-0.0604693301490549,4.5763998941578166,2.9997718033,851.331,2033.021,370.4142,2.6511
1.0155379289559043,-0.0000000000000000,-0.0000000000002140,0.0000000000003811,-0.0209815314674087,0.0605442001378923,4.5824043841347502,2.9997611145,852.516,2033.518,369.8420,2.6678
1.0155337373368312,-0.0000000000000000,-0.0000000000002599,0.0000000000004810,-0.0210318631816271,0.0606191454767777,4.5884088741116837,2.9997504091,853.701,2034.015,369.2841,2.6848
1.0155295721605426,-0.0000000000000006,-0.0000000000002160,0.0000000000003760,-0.0210819223936198,0.0606941720406181,4.5944133640886173,2.9997396866,854.886,2034.513,368.7404,2.7019
1.0155254326685064,-0.0000000000000000,-0.0000000000001426,0.0000000000002883,-0.0211317094928840,0.0607692856997214,4.6004178540655509,2.9997289462,856.072,2035.011,368.2107,2.7193
1.0155213181050757,-0.0000000000000006,-0.0000000000001685,0.0000000000004011,-0.0211812248646422,0.0608444923201095,4.6064223440424845,2.9997181874,857.258,2035.510,367.6951,2.7367
1.0155172277170657,-0.0000000000000000,-0.0000000000003145,0.0000000000007441,-0.0212304688891619,0.0609197977659296,4.6124268340194181,2.9997074096,858.444,2036.010,367.1933,2.7544
1.0155131607535843,-0.0000000000000006,0.0000000000000645,-0.0000000000001031,-0.0212794419418875,0.0609952078993487,4.6184313239963517,2.9996966122,859.631,2036.511,366.7053,2.7723
1.0155091164668910,-0.0000000000000000,-0.0000000000000051,-0.0000000000000093,-0.0213281443943523,-0.0610707285828722,4.6244358139732853,2.9996857945,860.819,2037.013,366.2310,2.7903
1.0155050941108223,-0.0000000000000000,-0.0000000000000095,-0.0000000000000107,-0.0213765766124365,-0.0611463656788356,4.6304403039502189,2.9996749560,862.007,2037.515,365.7704,2.8086
1.0155010929418522,-0.0000000000000000,-0.0000000000000016,-0.0000000000000033,-0.0214247389581382,-0.0612221250514099,4.6364447939271525,2.9996640959,863.196,2038.018,365.3232,2.8270
1.0154971122185248,-0.0000000000000000,-0.0000000000000024,-0.0000000000000072,-0.0214726317886167,-0.0612980125676794,4.6424492839040861,2.9996532137,864.385,2038.522,364.8895,2.8456
1.0154931512013872,-0.0000000000000000,-0.0000000000000020,-0.0000000000000044,-0.0215202554562558,-0.0613740340985252,4.6484537738810197,2.9996423086,865.576,2039.028,364.4692,2.8644
1.0154892091530514,-0.0000000000000000,-0.0000000000000005,-0.0000000000000003,-0.0215676103092379,-0.0614501955194800,4.6544582638579541,2.9996313802,866.767,2039.534,364.0621,2.8833
1.0154852853379051,-0.0000000000000000,-0.0000000000000030,-0.0000000000000074,-0.0216146966907895,-0.0615265027122290,4.6604627538348868,2.9996204277,867.960,2040.041,363.6683,2.9025
1.0154813790221648,-0.0000000000000000,-0.0000000000000694,-0.0000000000000883,-0.0216615149397934,-0.0616029615653326,4.6664672438118213,2.9996094505,869.153,2040.549,363.2875,2.9219
1.0154774894736371,-0.0000000000000000,0.0000000000000936,-0.0000000000001810,-0.0217080653905660,0.0616795779758642,4.6724717337887549,2.9995984479,870.348,2041.058,362.9198,2.9414
1.0154736159620483,-0.0000000000000000,-0.0000000000002114,0.0000000000003709,-0.0217543483724905,0.0617563578485378,4.6784762237656885,2.9995874193,871.544,2041.568,362.5651,2.9612
1.0154697577578831,-0.0000000000000006,0.0000000000000174,-0.0000000000000864,-0.0218003642107389,0.0618333071005348,4.6844807137426221,2.9995763640,872.741,2042.079,362.2233,2.9811
1.0154659141339575,-0.0000000000000000,0.0000000000000728,-0.0000000000002074,-0.0218461132263260,0.0619104316588959,4.6904852037195557,2.9995652813,873.939,2042.592,361.8943,3.0013
1.0154620843639874,-0.0000000000000006,-0.0000000000001112,0.0000000000002695,-0.0218915957354169,0.0619877374636818,4.6964896936964893,2.9995541706,875.139,2043.105,361.5781,3.0216
1.0154582677227182,-0.0000000000000006,-0.0000000000006436,0.0000000000013846,-0.0219368120486001,0.0620652304672764,4.7024941836734229,2.9995430311,876.340,2043.620,361.2745,3.0422
1.0154544634857687,-0.0000000000000006,-0.0000000000001249,0.0000000000002123,-0.0219817624736857,0.0621429166394905,4.7084986736503565,2.9995318622,877.543,2044.136,360.9836,3.0629
1.0154506709309328,-0.0000000000000000,-0.0000000000001550,0.0000000000002556,-0.0220264473130999,0.0622208019624072,4.7145031636272900,2.9995206632,878.747,2044.654,360.7053,3.0839
1.0154468893357336,-0.0000000000000000,0.0000000000000101,-0.0000000000001165,-0.0220708668645043,0.0622988924378753,4.7205076536042236,2.9995094334,879.953,2045.172,360.4395,3.1050
1.0154431179795609,-0.0000000000000000,0.0000000000000006,0.0000000000000021,-0.0221150214223679,-0.0623771940839818,4.7265121435811572,2.9994981721,881.161,2045.692,360.1861,3.1264
1.0154393561416317,-0.0000000000000000,-0.0000000000000049,-0.0000000000000082,-0.0221589112746191,-0.0624557129384693,4.7325166335580908,2.9994868785,882.371,2046.213,359.9451,3.1479
1.0154356031023997,-0.0000000000000000,0.0000000000000031,0.0000000000000041,-0.0222025367061857,-0.0625344550596518,4.7385211235350244,2.9994755520,883.582,2046.736,359.7164,3.1697
1.0154318581428021,-0.0000000000000000,-0.0000000000000024,-0.0000000000000027,-0.0222458979972824,-0.0626134265270479,4.7445256135119580,2.9994641918,884.795,2047.260,359.5000,3.1917
1.0154281205442230,-0.0000000000000000,-0.0000000000000049,-0.0000000000000081,-0.0222889954234569,-0.0626926334429330,4.7505301034888916,2.9994527971,886.011,2047.786,359.2958,3.2139
1.0154243895884663,-0.0000000000000000,0.0000000000000019,0.0000000000000026,-0.0223318292558960,-0.0627720819333544,4.7565345934658261,2.9994413674,887.228,2048.313,359.1038,3.2363
1.0154206645576405,-0.0000000000000000,0.0000000000000029,0.0000000000000044,-0.0223743997613144,-0.0628517781493813,4.7625390834427588,2.9994299017,888.448,2048.841,358.9239,3.2589
1.0154169447340657,-0.0000000000000000,-0.0000000000000015,-0.0000000000000022,-0.0224167072019800,-0.0629317282683103,4.7685435734196933,2.9994183994,889.669,2049.371,358.7560,3.2817
1.0154132294001681,-0.0000000000000000,-0.0000000000002894,-0.0000000000003388,-0.0224587518355671,-0.0630119384949000,4.7745480633966260,2.9994068596,890.893,2049.903,358.6002,3.3048
1.0154095178385043,-0.0000000000000006,-0.0000000000000675,0.0000000000001494,-0.0225005339160767,0.0630924150626916,4.7805525533735604,2.9993952817,892.120,2050.436,358.4563,3.3281
1.0154058093313323,-0.0000000000000006,-0.0000000000001543,0.0000000000000428,-0.0225420536914749,0.0631731642342768,4.7865570433504940,2.9993836648,893.349,2050.971,358.3244,3.3515
1.0154021031610989,-0.0000000000000000,-0.0000000000002766,0.0000000000003023,-0.0225833114072967,0.0632541923052381,4.7925615333274276,2.9993720081,894.580,2051.508,358.2043,3.3752
1.0153983986097843,-0.0000000000000000,-0.0000000000002353,0.0000000000003423,-0.0226243073034852,0.0633355056016190,4.7985660233043612,2.9993603109,895.814,2052.046,358.0961,3.3992
1.0153946949588177,-0.0000000000000004,-0.0000000000001524,0.0000000000000083,-0.0226650416154808,0.0634171104851186,4.8045705132812948,2.9993485723,897.051,2052.586,357.9996,3.4233
1.0153909914897827,-0.0000000000000000,-0.0000000000002575,0.0000000000002276,-0.0227055145751992,0.0634990133509749,4.8105750032582284,2.9993367915,898.290,2053.128,357.9149,3.4477
1.0153872874832095,-0.0000000000000006,-0.0000000000002757,0.0000000000004749,-0.0227457264092944,0.0635812206311221,4.8165794932351620,2.9993249677,899.532,2053.672,357.8419,3.4723
1.0153835822191619,-0.0000000000000006,-0.0000000000002437,0.0000000000004311,-0.0227856773405117,0.0636637387957705,4.8225839832120956,2.9993131001,900.777,2054.218,357.7806,3.4971
1.0153798749768694,-0.0000000000000006,-0.0000000000002172,0.0000000000001699,-0.0228253675868947,0.0637465743543635,4.8285884731890292,2.9993011878,902.025,2054.765,357.7309,3.5222
1.0153761650350437,-0.0000000000000000,-0.0000000000002297,-0.0000000000000311,-0.0228647973626080,0.0638297338557684,4.8345929631659628,2.9992892300,903.276,2055.315,357.6928,3.5475
1.0153724516713285,-0.0000000000000000,0.0000000000000092,0.0000000000001084,-0.0229039668774910,0.0639132238911839,4.8405974531428964,2.9992772258,904.530,2055.866,357.6663,3.5730
1.0153687341621473,-0.0000000000000000,-0.0000000000000103,-0.0000000000000110,-0.0229428763363476,-0.0639970510963805,4.8466019431198299,2.9992651744,905.787,2056.420,357.6513,3.5987
1.0153650117830315,-0.0000000000000000,-0.0000000000000026,-0.0000000000000006,-0.0229815259400659,-0.0640812221498586,4.8526064330967635,2.9992530748,907.048,2056.975,357.6479,3.6247
1.0153612838082509,-0.0000000000000000,-0.0000000000000073,-0.0000000000000116,-0.0230199158853772,-0.0641657437776295,4.8586109230736971,2.9992409261,908.312,2057.533,357.6558,3.6510
1.0153575495107625,-0.0000000000000000,-0.0000000000000003,-0.0000000000000020,-0.0230580463646177,-0.0642506227530818,4.8646154130506307,2.9992287276,909.579,2058.093,357.6753,3.6774
1.0153538081620961,-0.0000000000000000,-0.0000000000000015,-0.0000000000000024,-0.0230959175657737,-0.0643358658988694,4.8706199030275652,2.9992164781,910.850,2058.655,357.7061,3.7041
1.0153500590322782,-0.0000000000000000,-0.0000000000000046,-0.0000000000000080,-0.0231335296726318,-0.0644214800883715,4.8766243930044979,2.9992041769,912.125,2059.219,357.7483,3.7311
1.0153463013896991,-0.0000000000000000,-0.0000000000000006,-0.0000000000000021,-0.0231708828645985,-0.0645074722473829,4.8826288829814324,2.9991918229,913.403,2059.785,357.8019,3.7583
1.0153425345010314,-0.0000000000000000,-0.0000000000000032,-0.0000000000000058,-0.0232079773169036,-0.0645938493555833,4.8886333729583660,2.9991794152,914.685,2060.354,357.8669,3.7857
1.0153387576311292,-0.0000000000000000,-0.0000000000000011,0.0000000000000003,-0.0232448132005416,-0.0646806184482092,4.8946378629352996,2.9991669529,915.970,2060.925,357.9431,3.8134
1.0153349700429029,-0.0000000000000000,-0.0000000000000056,-0.0000000000000087,-0.0232813906822515,-0.0647677866177161,4.9006423529122332,2.9991544350,917.260,2061.499,358.0306,3.8413
1.0153311709972195,-0.0000000000000000,-0.0000000000000010,-0.0000000000000007,-0.0233177099245626,-0.0648553610154546,4.9066468428891667,2.9991418604,918.554,2062.075,358.1294,3.8695
1.0153273597527288,-0.0000000000000009,0.0000000000000972,-0.0000000000002370,-0.0233537710857148,0.0649433488532911,4.9126513328661003,2.9991292282,919.852,2062.653,358.2394,3.8979
1.0153235355661310,-0.0000000000000000,-0.0000000000001960,0.0000000000004626,-0.0233895743200195,0.0650317574053870,4.9186558228430339,2.9991165374,921.154,2063.234,358.3607,3.9266
1.0153196976912648,-0.0000000000000000,0.0000000000000158,0.0000000000000860,-0.0234251197777932,0.0651205940107090,4.9246603128199675,2.9991037869,922.460,2063.818,358.4931,3.9555
1.0153158453798237,-0.0000000000000005,0.0000000000000725,-0.0000000000002215,-0.0234604076043149,0.0652098660729864,4.9306648027969011,2.9990909756,923.770,2064.404,358.6368,3.9847
1.0153119778810356,-0.0000000000000000,-0.0000000000002081,0.0000000000005714,-0.0234954379416898,0.0652995810640183,4.9366692927738347,2.9990781026,925.085,2064.993,358.7916,4.0142
1.0153080944408810,-0.0000000000000007,0.0000000000000426,0.0000000000000983,-0.0235302109277498,0.0653897465266475,4.9426737827507683,2.9990651667,926.405,2065.584,358.9576,4.0439
1.0153041943031136,-0.0000000000000007,-0.0000000000001754,0.0000000000002132,-0.0235647266955028,0.0654803700727288,4.9486782727277019,2.9990521669,927.729,2066.178,359.1348,4.0738
1.0153002767080526,-0.0000000000000005,0.0000000000001536,-0.0000000000002882,-0.0235989853750442,0.0655714593903344,4.9546827627046355,2.9990391020,929.058,2066.775,359.3230,4.1041
1.0152963408933948,-0.0000000000000007,0.0000000000002302,-0.0000000000001610,-0.0236329870915181,0.0656630222410045,4.9606872526815700,2.9990259709,930.392,2067.375,359.5224,4.1345
1.0152923860934329,-0.0000000000000007,0.0000000000001865,-0.0000000000001768,-0.0236667319664648,0.0657550664644201,4.9666917426585027,2.9990127725,931.731,2067.978,359.7329,4.1653
1.0152884115390861,-0.0000000000000007,0.0000000000003144,-0.0000000000002403,-0.0237002201175208,0.0658475999806619,4.9726962326354371,2.9989995056,933.074,2068.584,359.9545,4.1963
1.0152844164580768,-0.0000000000000000,0.0000000000000230,0.0000000000000857,-0.0237334516578996,0.0659406307900299,4.9787007226123707,2.9989861690,934.423,2069.193,360.1872,4.2276
1.0152804000743156,-0.0000000000000007,-0.0000000000001324,-0.0000000000000288,-0.0237664266975550,0.0660341669784956,4.9847052125893043,2.9989727616,935.777,2069.804,360.4309,4.2592
1.0152763616081346,-0.0000000000000000,-0.0000000000000416,-0.0000000000000196,-0.0237991453423355,-0.0661282167174216,4.9907097025662370,2.9989592821,937.136,2070.419,360.6858,4.2910
1.0152723002761157,-0.0000000000000000,-0.0000000000000196,-0.0000000000000057,-0.0238316076936349,-0.0662227882657166,4.9967141925431715,2.9989457293,938.501,2071.037,360.9517,4.3232
1.0152682152908625,0.0000000000000000,-0.0000000000000129,-0.0000000000000101,-0.0238638138497163,-0.0663178899740033,5.0027186825201051,2.9989321020,939.871,2071.659,361.2286,4.3555
1.0152641058608958,-0.0000000000000000,-0.0000000000000067,-0.0000000000000043,-0.0238957639047884,-0.0664135302856866,5.0087231724970387,2.9989183988,941.247,2072.283,361.5167,4.3882
1.0152599711905239,-0.0000000000000000,-0.0000000000000017,0.0000000000000004,-0.0239274579493277,-0.0665097177396364,5.0147276624739723,2.9989046186,942.629,2072.911,361.8157,4.4212
1.0152558104797116,-0.0000000000000000,-0.0000000000000009,-0.0000000000000031,-0.0239588960700736,-0.0666064609726795,5.0207321524509059,2.9988907599,944.016,2073.542,362.1259,4.4544
1.0152516229239319,-0.0000000000000000,-0.0000000000000006,-0.0000000000000036,-0.0239900783501123,-0.0667037687221176,5.0267366424278395,2.9988768215,945.409,2074.177,362.4470,4.4879
1.0152474077140279,-0.0000000000000000,0.0000000000000034,0.0000000000000050,-0.0240210048688654,-0.0668016498283276,5.0327411324047731,2.9988628019,946.809,2074.815,362.7793,4.5217
1.0152431640360573,-0.0000000000000000,0.0000000000000015,0.0000000000000028,-0.0240516757021696,-0.0669001132374196,5.0387456223817066,2.9988486999,948.214,2075.457,363.1225,4.5558
1.0152388910711589,-0.0000000000000000,-0.0000000000000039,-0.0000000000000072,-0.0240820909223122,-0.0669991680038476,5.0447501123586402,2.9988345141,949.626,2076.102,363.4769,4.5902
1.0152345879953979,-0.0000000000000000,0.0000000000000005,-0.0000000000000020,-0.0241122505981113,-0.0670988232933713,5.0507546023355738,2.9988202429,951.044,2076.751,363.8422,4.6249
1.0152302539795959,-0.0000000000000000,0.0000000000000056,0.0000000000000079,-0.0241421547948765,-0.0671990883857464,5.0567590923125074,2.9988058850,952.469,2077.404,364.2187,4.6598
1.0152258881892104,-0.0000000000000000,-0.0000000000000030,-0.0000000000000065,-0.0241718035745946,-0.0672999726776540,5.0627635822894410,2.9987914389,953.900,2078.061,364.6062,4.6951
1.0152214897841234,-0.0000000000000000,-0.0000000000000027,-0.0000000000000034,-0.0242011969958198,-0.0674014856857680,5.0687680722663746,2.9987769031,955.338,2078.721,365.0047,4.7306
1.0152170579184985,-0.0000000000000007,0.0000000000000162,0.0000000000001385,-0.0242303351137932,0.0675036370496108,5.0747725622433082,2.9987622761,956.783,2079.386,365.4143,4.7665
1.0152125917408128,-0.0000000000000007,-0.0000000000000888,0.0000000000003289,-0.0242592179809414,0.0676064365348413,5.0807770522202418,2.9987475563,958.234,2080.054,365.8350,4.8027
1.0152080903932303,-0.0000000000000007,-0.0000000000002104,0.0000000000002364,-0.0242878456460617,0.0677098940367508,5.0867815421971763,2.9987327422,959.693,2080.726,366.2668,4.8391
1.0152035530116883,-0.0000000000000000,0.0000000000000889,0.0000000000000021,-0.0243162181551284,0.0678140195833674,5.0927860321741090,2.9987178322,961.159,2081.403,366.7097,4.8759
1.0151989787262501,-0.0000000000000000,-0.0000000000002647,0.0000000000003603,-0.0243443355508095,0.0679188233372816,5.0987905221510434,2.9987028246,962.633,2082.084,367.1637,4.9130
1.0151943666596417,-0.0000000000000007,-0.0000000000000432,0.0000000000002284,-0.0243721978733022,0.0680243156025927,5.1047950121279770,2.9986877178,964.113,2082.769,367.6288,4.9503
1.0151897159285208,-0.0000000000000000,-0.0000000000001439,0.0000000000004279,-0.0243998051595746,0.0681305068250034,5.1107995021049106,2.9986725101,965.602,2083.458,368.1050,4.9880
1.0151850256421961,-0.0000000000000007,-0.0000000000001017,0.0000000000000037,-0.0244271574439629,0.0682374075972347,5.1168039920818442,2.9986571998,967.098,2084.152,368.5923,5.0261
1.0151802949029780,-0.0000000000000000,-0.0000000000001082,-0.0000000000000243,-0.0244542547579688,0.0683450286626385,5.1228084820587778,2.9986417851,968.602,2084.850,369.0908,5.0644
1.0151755228059738,-0.0000000000000007,-0.0000000000000164,0.0000000000001785,-0.0244810971308629,0.0684533809183729,5.1288129720357114,2.9986262642,970.114,2085.553,369.6004,5.1030
1.0151707084386155,-0.0000000000000007,-0.0000000000001253,-0.0000000000000390,-0.0245076845889028,0.0685624754200549,5.1348174620126450,2.9986106354,971.634,2086.261,370.1212,5.1420
1.0151658508807031,-0.0000000000000000,-0.0000000000001096,-0.0000000000000211,-0.0245340171563793,0.0686723233851388,5.1408219519895786,2.9985948968,973.163,2086.973,370.6532,5.1813
1.0151609492038984,-0.0000000000000000,0.0000000000003263,-0.0000000000005493,-0.0245600948550801,0.0687829361983863,5.1468264419665122,2.9985790465,974.700,2087.690,371.1965,5.2209
1.0151560024723043,-0.0000000000000007,0.0000000000000947,-0.0000000000005351,-0.0245859177044214,0.0688943254133093,5.1528309319434458,2.9985630826,976.245,2088.412,371.7509,5.2608
1.0151510097409264,-0.0000000000000007,0.0000000000002246,-0.0000000000009857,-0.0246114857221354,0.0690065027607235,5.1588354219203794,2.9985470032,977.799,2089.139,372.3165,5.3011
1.0151459700566063,-0.0000000000000007,0.0000000000008245,-0.0000000000019717,-0.0246367989239079,0.0691194801495911,5.1648399118973130,2.9985308062,979.362,2089.871,372.8935,5.3417
1.0151408824580928,-0.0000000000000000,-0.0000000000000008,-0.0000000000000026,-0.0246618573236030,-0.0692332696728195,5.1708444018742465,2.9985144896,980.934,2090.608,373.4817,5.3826
1.0151357459732306,-0.0000000000000000,-0.0000000000001237,-0.0000000000000408,-0.0246866609326421,-0.0693478836131987,5.1768488918511810,2.9984980514,982.516,2091.351,374.0811,5.4239
1.0151305596222620,-0.0000000000000000,-0.0000000000000676,-0.0000000000000210,-0.0247112097619515,-0.0694633344467036,5.1828533818281137,2.9984814894,984.106,2092.099,374.6919,5.4655
1.0151253224153101,-0.0000000000000000,-0.0000000000000332,-0.0000000000000058,-0.0247355038204908,-0.0695796348483493,5.1888578718050482,2.9984648016,985.706,2092.852,375.3141,5.5074
1.0151200333527892,-0.0000000000000000,-0.0000000000000203,-0.0000000000000084,-0.0247595431159671,-0.0696967976972119,5.1948623617819809,2.9984479856,987.316,2093.610,375.9476,5.5497
1.0151146914251494,-0.0000000000000000,-0.0000000000000154,-0.0000000000000128,-0.0247833276551212,-0.0698148360816466,5.2008668517589154,2.9984310393,988.935,2094.375,376.5925,5.5923
1.0151092956125192,-0.0000000000000000,-0.0000000000000047,-0.0000000000000018,-0.0248068574435863,-0.0699337633049681,5.2068713417358481,2.9984139605,990.565,2095.144,377.2488,5.6353
1.0151038448845169,-0.0000000000000000,-0.0000000000000035,-0.0000000000000026,-0.0248301324863045,-0.0700535928909440,5.2128758317127826,2.9983967467,992.205,2095.920,377.9165,5.6786
1.0150983381999286,-0.0000000000000000,-0.0000000000000033,-0.0000000000000040,-0.0248531527875642,-0.0701743385897072,5.2188803216897153,2.9983793955,993.855,2096.702,378.5957,5.7223
1.0150927745064648,-0.0000000000000000,0.0000000000000005,0.0000000000000014,-0.0248759183513001,-0.0702960143836681,5.2248848116666498,2.9983619047,995.515,2097.489,379.2863,5.7663
1.0150871527404315,-0.0000000000000000,-0.0000000000000009,0.0000000000000006,-0.0248984291811470,-0.0704186344937765,5.2308893016435833,2.9983442717,997.187,2098.283,379.9885,5.8107
1.0150814718264762,-0.0000000000000000,-0.0000000000000042,-0.0000000000000062,-0.0249206852808076,-0.0705422133857673,5.2368937916205169,2.9983264939,998.869,2099.083,380.7022,5.8555
1.0150757306772529,-0.0000000000000000,-0.0000000000000024,-0.0000000000000034,-0.0249426866541296,-0.0706667657768117,5.2428982815974505,2.9983085688,1000.562,2099.889,381.4275,5.9006
1.0150699281931461,-0.0000000000000000,-0.0000000000000029,-0.0000000000000041,-0.0249644333054666,-0.0707923066421603,5.2489027715743841,2.9982904938,1002.266,2100.702,382.1644,5.9461
1.0150640632619023,-0.0000000000000000,-0.0000000000000038,-0.0000000000000048,-0.0249859252397582,-0.0709188512222048,5.2549072615513177,2.9982722662,1003.982,2101.521,382.9129,5.9919
1.0150581347583130,-0.0000000000000007,0.0000000000001638,-0.0000000000001879,-0.0250071624628581,0.0710464150292766,5.2609117515282513,2.9982538832,1005.710,2102.347,383.6731,6.0381
1.0150521415440330,-0.0000000000000007,0.0000000000000985,-0.0000000000000750,-0.0250281449819401,0.0711750138561776,5.2669162415051858,2.9982353421,1007.449,2103.180,384.4449,6.0847
1.0150460824669036,-0.0000000000000000,0.0000000000000738,-0.0000000000001804,-0.0250488728054891,0.0713046637823013,5.2729207314821185,2.9982166399,1009.201,2104.020,385.2285,6.1317
1.0150399563609129,-0.0000000000000000,0.0000000000000935,-0.0000000000001899,-0.0250693459437751,0.0714353811822565,5.2789252214590530,2.9981977738,1010.965,2104.866,386.0238,6.1790
1.0150337620456562,-0.0000000000000000,0.0000000000002658,-0.0000000000003784,-0.0250895644091230,0.0715671827339531,5.2849297114359857,2.9981787407,1012.741,2105.720,386.8310,6.2267
1.0150274983260763,-0.0000000000000000,0.0000000000001218,-0.0000000000001154,-0.0251095282159724,0.0717000854273106,5.2909342014129201,2.9981595376,1014.530,2106.581,387.6499,6.2748
1.0150211639920974,-0.0000000000000007,0.0000000000000356,-0.0000000000001184,-0.0251292373819464,0.0718341065714414,5.2969386913898537,2.9981401614,1016.332,2107.449,388.4808,6.3233
1.0150147578177815,-0.0000000000000000,0.0000000000000348,-0.0000000000001121,-0.0251486919270109,0.0719692638062085,5.3029431813667873,2.9981206089,1018.147,2108.325,389.3235,6.3722
1.0150082785617831,-0.0000000000000000,0.0000000000003477,-0.0000000000004534,-0.0251678918754657,0.0721055751087127,5.3089476713437209,2.9981008768,1019.976,2109.209,390.1782,6.4214
1.0150017249662602,-0.0000000000000000,0.0000000000001274,-0.0000000000002911,-0.0251868372542592,0.0722430588043140,5.3149521613206545,2.9980809617,1021.818,2110.100,391.0448,6.4711
1.0149950957563671,-0.0000000000000007,0.0000000000001659,-0.0000000000003764,-0.0252055280951654,0.0723817335766100,5.3209566512975872,2.9980608603,1023.674,2111.000,391.9235,6.5211
1.0149883896403367,-0.0000000000000005,0.0000000000003006,-0.0000000000006470,-0.0252239644343524,0.0725216184766019,5.3269611412745217,2.9980405691,1025.544,2111.907,392.8142,6.5716
1.0149816053087162,-0.0000000000000007,0.0000000000004328,-0.0000000000008051,-0.0252421463129561,0.0726627329338976,5.3329656312514544,2.9980200844,1027.429,2112.823,393.7170,6.6224
1.0149747414338668,-0.0000000000000000,0.0000000000005468,-0.0000000000015117,-0.0252600737776171,0.0728050967678575,5.3389701212283889,2.9979994026,1029.328,2113.747,394.6320,6.6737
1.0149677966695383,-0.0000000000000000,0.0000000000012588,-0.0000000000026577,-0.0252777468809732,0.0729487301974123,5.3449746112053225,2.9979785200,1031.242,2114.680,395.5591,6.7254
1.0149607696512610,-0.0000000000000001,0.0000000000000489,-0.0000000000002152,-0.0252951656820149,0.0730936538541742,5.3509791011822561,2.9979574327,1033.171,2115.622,396.4985,6.7774
1.0149536589926846,-0.0000000000000000,-0.0000000000005246,0.0000000000007315,-0.0253123302453341,0.0732398887956111,5.3569835911591897,2.9979361369,1035.116,2116.572,397.4501,6.8299
1.0149464632899199,-0.0000000000000000,0.0000000000002823,-0.0000000000002979,-0.0253292406480308,0.0733874565118637,5.3629880811361232,2.9979146283,1037.076,2117.531,398.4141,6.8828
1.0149391811166057,-0.0000000000000004,0.0000000000002156,-0.0000000000003281,-0.0253458969678298,0.0735363789467140,5.3689925711130568,2.9978929031,1039.053,2118.500,399.3904,6.9362
1.0149318110260153,-0.0000000000000000,0.0000000000002025,-0.0000000000001970,-0.0253622992965093,0.0736866785048574,5.3749970610899904,2.9978709569,1041.045,2119.478,400.3791,6.9899
1.0149243515492463,0.0000000000000000,-0.0000000000000040,-0.0000000000000045,-0.0253784477331532,-0.0738383780677309,5.3810015510669249,2.9978487853,1043.055,2120.466,401.3803,7.0441
1.0149168011950396,-0.0000000000000000,-0.0000000000000078,-0.0000000000000104,-0.0253943423873387,-0.0739915010074275,5.3870060410438576,2.9978263841,1045.081,2121.463,402.3940,7.0987
1.0149091584491317,-0.0000000000000000,0.0000000000000008,0.0000000000000009,-0.0254099833791929,-0.0741460712024206,5.3930105310207921,2.9978037486,1047.124,2122.470,403.4202,7.1538
1.0149014217735350,0.0000000000000000,-0.0000000000000056,-0.0000000000000066,-0.0254253708402219,-0.0743021130520239,5.3990150209977248,2.9977808741,1049.185,2123.488,404.4591,7.2092
1.0148935896059448,-0.0000000000000000,-0.0000000000000009,-0.0000000000000015,-0.0254405049141527,-0.0744596514925166,5.4050195109746593,2.9977577559,1051.264,2124.516,405.5105,7.2652
1.0148856603590033,-0.0000000000000000,-0.0000000000000038,-0.0000000000000054,-0.0254553857576115,-0.0746187120137109,5.4110240009515920,2.9977343891,1053.361,2125.554,406.5747,7.3215
1.0148776324195796,-0.0000000000000000,-0.0000000000001487,-0.0000000000000237,-0.0254700135409704,-0.0747793206759808,5.4170284909285265,2.9977107687,1055.476,2126.603,407.6517,7.3783
1.0148695041483451,-0.0000000000000000,-0.0000000000000732,-0.0000000000000108,-0.0254843884497513,-0.0749415041280102,5.4230329809054600,2.9976868895,1057.611,2127.663,408.7415,7.4356
1.0148612738784604,0.0000000000000000,-0.0000000000000406,-0.0000000000000124,-0.0254985106845445,-0.0751052896252754,5.4290374708823936,2.9976627463,1059.764,2128.735,409.8441,7.4933
1.0148529399152530,-0.0000000000000000,-0.0000000000000161,-0.0000000000000012,-0.0255123804628402,-0.0752707050490580,5.4350419608593272,2.9976383335,1061.937,2129.817,410.9597,7.5515
1.0148445005352740,-0.0000000000000000,-0.0000000000000057,-0.0000000000000011,-0.0255259980197363,-0.0754377789263374,5.4410464508362608,2.9976136457,1064.131,2130.912,412.0882,7.6101
1.0148359539854743,-0.0000000000000000,-0.0000000000000055,-0.0000000000000042,-0.0255393636091000,-0.0756065404503516,5.4470509408131944,2.9975886770,1066.344,2132.018,413.2298,7.6692
1.0148272984823452,-0.0000000000000000,-0.0000000000000023,-0.0000000000000010,-0.0255524775046195,-0.0757770195020334,5.4530554307901280,2.9975634217,1068.578,2133.136,414.3844,7.7288
1.0148185322110383,-0.0000000000000000,-0.0000000000000040,-0.0000000000000052,-0.0255653400011015,-0.0759492466721847,5.4590599207670616,2.9975378737,1070.834,2134.267,415.5522,7.7888
1.0148096533244457,-0.0000000000000000,-0.0000000000000024,-0.0000000000000035,-0.0255779514156487,-0.0761232532846231,5.4650644107439952,2.9975120268,1073.111,2135.410,416.7333,7.8493
1.0148006599422481,-0.0000000000000000,-0.0000000000000005,-0.0000000000000026,-0.0255903120890187,-0.0762990714201791,5.4710689007209288,2.9974858746,1075.410,2136.567,417.9275,7.9103
1.0147915501499296,-0.0000000000000000,-0.0000000000000048,-0.0000000000000087,-0.0256024223869961,-0.0764767339416762,5.4770733906978624,2.9974594106,1077.731,2137.736,419.1352,7.9717
1.0147823219977761,-0.0000000000000000,-0.0000000000000053,-0.0000000000000072,-0.0256142827019082,-0.0766562745198885,5.4830778806747960,2.9974326280,1080.075,2138.919,420.3562,8.0337
1.0147729734997903,-0.0000000000000000,-0.0000000000000102,-0.0000000000000009,-0.0256258934540663,-0.0768377276606074,5.4890823706517295,2.9974055200,1082.443,2140.115,421.5907,8.0961
1.0147635026325710,-0.0000000000000007,0.0000000000003547,-0.0000000000005307,-0.0256372550934666,0.0770211287323056,5.4950868606286640,2.9973780794,1084.834,2141.326,422.8386,8.1591
1.0147539073344458,-0.0000000000000007,0.0000000000001262,-0.0000000000004250,-0.0256483681016620,0.0772065139975144,5.5010913506055967,2.9973502989,1087.250,2142.551,424.1002,8.2225
1.0147441855037647,-0.0000000000000007,0.0000000000001498,-0.0000000000001972,-0.0256592329930182,0.0773939206392329,5.5070958405825312,2.9973221710,1089.690,2143.790,425.3754,8.2864
1.0147343349981186,-0.0000000000000000,0.0000000000001967,-0.0000000000001759,-0.0256698503173289,0.0775833867972849,5.5131003305594639,2.9972936879,1092.156,2145.044,426.6644,8.3509
1.0147243536330033,-0.0000000000000001,0.0000000000001478,-0.0000000000003627,-0.0256802206612372,0.0777749515981721,5.5191048205363984,2.9972648416,1094.647,2146.314,427.9671,8.4158
1.0147142391803345,-0.0000000000000007,0.0000000000002283,-0.0000000000007221,-0.0256903446506684,0.0779686551910212,5.5251093105133311,2.9972356240,1097.165,2147.599,429.2837,8.4813
1.0147039893673155,-0.0000000000000000,0.0000000000002145,-0.0000000000003554,-0.0257002229529008,0.0781645387833722,5.5311138004902656,2.9972060265,1099.709,2148.900,430.6142,8.5473
1.0146936018748010,-0.0000000000000000,0.0000000000001607,-0.0000000000003893,-0.0257098562789993,0.0783626446787049,5.5371182904671992,2.9971760405,1102.281,2150.217,431.9587,8.6138
1.0146830743359039,-0.0000000000000000,0.0000000000003815,-0.0000000000008171,-0.0257192453862980,0.0785630163155330,5.5431227804441328,2.9971456570,1104.881,2151.551,433.3173,8.6808
1.0146724043345867,-0.0000000000000000,0.0000000000004221,-0.0000000000008502,-0.0257283910807212,0.0787656983084253,5.5491272704210663,2.9971148667,1107.510,2152.902,434.6900,8.7484
1.0146615894038888,-0.0000000000000007,0.0000000000004966,-0.0000000000010016,-0.0257372942199376,0.0789707364904443,5.5551317603979999,2.9970836601,1110.167,2154.271,436.0769,8.8165
1.0146506270243270,-0.0000000000000007,0.0000000000009819,-0.0000000000021848,-0.0257459557164631,0.0791781779588386,5.5611362503749335,2.9970520274,1112.855,2155.657,437.4781,8.8852
1.0146395146227061,-0.0000000000000007,0.0000000000001609,-0.0000000000004064,-0.0257543765395919,0.0793880711195082,5.5671407403518671,2.9970199584,1115.573,2157.062,438.8937,8.9543
1.0146282495686565,-0.0000000000000007,0.0000000000002278,-0.0000000000006603,-0.0257625577199922,0.0796004657383421,5.5731452303288016,2.9969874427,1118.322,2158.485,440.3237,9.0241
1.0146168291749527,-0.0000000000000007,0.0000000000003534,-0.0000000000004608,-0.0257705003523474,0.0798154129899106,5.5791497203057343,2.9969544694,1121.103,2159.927,441.7682,9.0944
1.0146052506943986,-0.0000000000000000,-0.0000000000000160,-0.0000000000003049,-0.0257782055994725,0.0800329655124757,5.5851542102826688,2.9969210275,1123.916,2161.388,443.2273,9.1652
1.0145935113175297,-0.0000000000000000,0.0000000000000943,-0.0000000000000848,-0.0257856746955708,0.0802531774629928,5.5911587002596015,2.9968871054,1126.763,2162.870,444.7011,9.2367
1.0145816081712864,-0.0000000000000000,0.0000000000001581,-0.0000000000005135,-0.0257929089508070,0.0804761045760663,5.5971631902365360,2.9968526912,1129.644,2164.372,446.1897,9.3086
1.0145695383165330,-0.0000000000000007,0.0000000000000886,-0.0000000000002602,-0.0257999097552590,0.0807018042231971,5.6031676802134687,2.9968177727,1132.559,2165.895,447.6931,9.3812
1.0145572987453781,-0.0000000000000007,0.0000000000001953,-0.0000000000004100,-0.0258066785837479,0.0809303354803184,5.6091721701904032,2.9967823372,1135.510,2167.439,449.2113,9.4543
1.0145448863792570,-0.0000000000000007,0.0000000000003882,-0.0000000000003465,-0.0258132170004940,0.0811617591928653,5.6151766601673359,2.9967463715,1138.497,2169.006,450.7446,9.5281
1.0145322980664917,-0.0000000000000000,0.0000000000003024,-0.0000000000003850,-0.0258195266641963,0.0813961380448071,5.6211811501442703,2.9967098622,1141.521,2170.595,452.2930,9.6024
1.0145195305792183,-0.0000000000000000,0.0000000000002884,-0.0000000000003902,-0.0258256093337687,0.0816335366362085,5.6271856401212030,2.9966727951,1144.584,2172.207,453.8566,9.6773
1.0145065806110278,-0.0000000000000000,0.0000000000000002,0.0000000000000012,-0.0258314668736960,-0.0818740215587901,5.6331901300981375,2.9966351558,1147.685,2173.843,455.4354,9.7528
1.0144934447739149,-0.0000000000000000,0.0000000000000055,0.0000000000000069,-0.0258371012601224,-0.0821176614760011,5.6391946200750702,2.9965969293,1150.826,2175.503,457.0296,9.8289
1.0144801195955466,-0.0000000000000000,-0.0000000000000018,-0.0000000000000032,-0.0258425145876864,-0.0823645272115848,5.6451991100520047,2.9965581001,1154.008,2177.187,458.6392,9.9057
1.0144666015159820,-0.0000000000000000,0.0000000000000009,0.0000000000000013,-0.0258477090761643,-0.0826146918376615,5.6512036000289383,2.9965186519,1157.231,2178.898,460.2643,9.9830
1.0144528868844489,-0.0000000000000000,-0.0000000000000029,-0.0000000000000028,-0.0258526870777358,-0.0828682307697894,5.6572080900058719,2.9964785683,1160.498,2180.634,461.9050,10.0610
1.0144389719559932,-0.0000000000000000,-0.0000000000000382,-0.0000000000000530,-0.0258574510849458,-0.0831252218663947,5.6632125799828055,2.9964378318,1163.808,2182.398,463.5615,10.1396
1.0144248528877449,-0.0000000000000000,-0.0000000000000035,-0.0000000000000031,-0.0258620037385469,-0.0833857455334959,5.6692170699597391,2.9963964245,1167.163,2184.189,465.2337,10.2188
1.0144105257354994,-0.0000000000000000,-0.0000000000000053,-0.0000000000000037,-0.0258663478369244,-0.0836498848350487,5.6752215599366727,2.9963543280,1170.564,2186.008,466.9219,10.2987
1.0143959864495002,-0.0000000000000000,0.0000000000000013,0.0000000000000033,-0.0258704863448672,-0.0839177256089754,5.6812260499136062,2.9963115228,1174.012,2187.856,468.6260,10.3792
1.0143812308704900,-0.0000000000000000,-0.0000000000000006,-0.0000000000000004,-0.0258744224037880,-0.0841893565896879,5.6872305398905407,2.9962679891,1177.509,2189.735,470.3463,10.4604
1.0143662547253631,-0.0000000000000000,-0.0000000000000030,-0.0000000000000028,-0.0258781593422902,-0.0844648695371725,5.6932350298674734,2.9962237060,1181.055,2191.644,472.0827,10.5422
1.0143510536226714,-0.0000000000000000,-0.0000000000000006,-0.0000000000000012,-0.0258817006874953,-0.0847443593732160,5.6992395198444079,2.9961786520,1184.652,2193.584,473.8355,10.6247
1.0143356230478882,-0.0000000000000000,0.0000000000000255,-0.0000000000000063,-0.0258850501771348,-0.0850279243251850,5.7052440098213406,2.9961328046,1188.301,2195.557,475.6046,10.7079
1.0143199583582867,-0.0000000000000000,0.0000000000000010,0.0000000000000009,-0.0258882117721218,-0.0853156660782576,5.7112484997982751,2.9960861407,1192.004,2197.563,477.3902,10.7917
1.0143040547780080,-0.0000000000000000,0.0000000000000053,-0.0000000000000021,-0.0258911896709664,-0.0856076899353238,5.7172529897752078,2.9960386359,1195.761,2199.604,479.1925,10.8762
1.0142879073921978,-0.0000000000000000,-0.0000000000000535,0.0000000000000164,-0.0258939883237339,-0.0859041049873899,5.7232574797521423,2.9959902651,1199.575,2201.679,481.0114,10.9615
1.0142715111415572,-0.0000000000000000,-0.0000000000000259,-0.0000000000000049,-0.0258966124483837,-0.0862050242931538,5.7292619697290759,2.9959410021,1203.447,2203.791,482.8472,11.0474
1.0142548608158728,-0.0000000000000000,-0.0000000000000084,-0.0000000000000031,-0.0258990670469296,-0.0865105650688315,5.7352664597060095,2.9958908195,1207.378,2205.941,484.6998,11.1340
1.0142379510478647,-0.0000000000000000,-0.0000000000000025,-0.0000000000000005,-0.0259013574239252,-0.0868208488900312,5.7412709496829430,2.9958396890,1211.371,2208.128,486.5696,11.2213
1.0142207763063209,-0.0000000000000000,-0.0000000000000054,-0.0000000000000090,-0.0259034892055474,-0.0871360019052442,5.7472754396598766,2.9957875810,1215.426,2210.356,488.4564,11.3094
1.0142033308889471,0.0000000000000000,0.0000000000000025,0.0000000000000029,-0.0259054683602126,-0.0874561550624391,5.7532799296368093,2.9957344644,1219.546,2212.624,490.3605,11.3982
1.0141856089148373,-0.0000000000000000,0.0000000000000091,0.0000000000000098,-0.0259073012207711,-0.0877814443495363,5.7592844196137438,2.9956803072,1223.733,2214.934,492.2820,11.4877
1.0141676043165080,0.0000000000000000,0.0000000000000093,0.0000000000000125,-0.0259089945082088,-0.0881120110498700,5.7652889095906774,2.9956250758,1227.988,2217.288,494.2210,11.5780
1.0141493108314852,0.0000000000000000,-0.0000000000000002,-0.0000000000000012,-0.0259105553571994,-0.0884480020136837,5.7712933995676110,2.9955687350,1232.313,2219.686,496.1775,11.6690
1.0141307219934139,-0.0000000000000001,0.0000000000002771,-0.0000000000006504,-0.0259119913435769,0.0887895699466873,5.7772978895445446,2.9955112481,1236.710,2222.130,498.1518,11.7607
1.0141118311226429,-0.0000000000000007,0.0000000000000560,-0.0000000000002624,-0.0259133105133447,0.0891368737183644,5.7833023795214782,2.9954525769,1241.182,2224.622,500.1439,11.8533
1.0140926313163574,-0.0000000000000000,0.0000000000001886,-0.0000000000005687,-0.0259145214155904,0.0894900786875638,5.7893068694984118,2.9953926814,1245.731,2227.163,502.1540,11.9466
1.0140731154378693,-0.0000000000000000,0.0000000000002408,-0.0000000000006022,-0.0259156331351590,0.0898493570530624,5.7953113594753454,2.9953315196,1250.359,2229.755,504.1822,12.0407
1.0140532761055430,-0.0000000000000006,-0.0000000000001399,0.0000000000002631,-0.0259166553302253,0.0902148882249831,5.8013158494522798,2.9952690476,1255.068,2232.399,506.2286,12.1356
1.0140331056809031,-0.0000000000000007,0.0000000000000674,-0.0000000000004000,-0.0259175982728992,0.0905868592228044,5.8073203394292126,2.9952052196,1259.862,2235.098,508.2933,12.2312
1.0140125962560691,-0.0000000000000007,0.0000000000001333,-0.0000000000004675,-0.0259184728901829,0.0909654650994187,5.8133248294061470,2.9951399873,1264.742,2237.852,510.3765,12.3277
1.0139917396404061,-0.0000000000000007,0.0000000000000262,-0.0000000000000972,-0.0259192908117865,0.0913509093947181,5.8193293193830797,2.9950733003,1269.711,2240.665,512.4783,12.4250
1.0139705273461945,-0.0000000000000000,0.0000000000009407,-0.0000000000018816,-0.0259200644206706,0.0917434046232310,5.8253338093600142,2.9950051056,1274.773,2243.537,514.5988,12.5232
1.0139489505739001,-0.0000000000000000,0.0000000000000372,-0.0000000000004060,-0.0259208069048651,0.0921431727931736,5.8313382993369469,2.9949353477,1279.930,2246.471,516.7381,12.6221
1.0139270001950857,-0.0000000000000000,-0.0000000000005323,0.0000000000004724,-0.0259215323193725,0.0925504459644793,5.8373427893138814,2.9948639680,1285.186,2249.470,518.8965,12.7219
1.0139046667366542,-0.0000000000000005,0.0000000000002057,-0.0000000000005402,-0.0259222556490600,0.0929654668470887,5.8433472792908150,2.9947909052,1290.543,2252.535,521.0740,12.8226
1.0138819403612478,-0.0000000000000007,-0.0000000000000431,-0.0000000000001964,-0.0259229928753167,0.0933884894474719,5.8493517692677486,2.9947160947,1296.006,2255.669,523.2707,12.9241
1.0138588108485194,-0.0000000000000007,-0.0000000000000978,-0.0000000000000354,-0.0259237610552590,0.0938197797559750,5.8553562592446822,2.9946394684,1301.578,2258.875,525.4869,13.0265
1.0138352675739175,-0.0000000000000000,-0.0000000000000021,-0.0000000000001055,-0.0259245784009553,0.0942596164928176,5.8613607492216158,2.9945609548,1307.262,2262.155,527.7227,13.1298
1.0138112994866084,-0.0000000000000000,-0.0000000000000015,-0.0000000000000016,-0.0259254643696665,-0.0947082919095428,5.8673652391985494,2.9944804783,1313.062,2265.512,529.9781,13.2340
1.0137868950850411,-0.0000000000000000,0.0000000000000006,0.0000000000000001,-0.0259264397601470,-0.0951661126541788,5.8733697291754829,2.9943979591,1318.984,2268.949,532.2534,13.3391
1.0137620423919316,-0.0000000000000000,-0.0000000000000034,-0.0000000000000045,-0.0259275268195998,-0.0956334007036542,5.8793742191524174,2.9943133133,1325.030,2272.469,534.5486,13.4451
1.0137367289264807,-0.0000000000000000,-0.0000000000000025,-0.0000000000000032,-0.0259287493589915,-0.0961104943728926,5.8853787091293501,2.9942264520,1331.206,2276.076,536.8641,13.5520
1.0137109416749444,-0.0000000000000000,-0.0000000000000073,-0.0000000000000177,-0.0259301328798900,-0.0965977494061046,5.8913831991062846,2.9941372810,1337.517,2279.773,539.1998,13.6599
1.0136846670589263,-0.0000000000000000,-0.0000000000000031,-0.0000000000000074,-0.0259317047132640,-0.0970955401590009,5.8973876890832173,2.9940457010,1343.967,2283.563,541.5559,13.7687
1.0136578909012839,-0.0000000000000000,0.0000000000000081,0.0000000000000141,-0.0259334941716510,-0.0976042608809560,5.9033921790601509,2.9939516065,1350.563,2287.451,543.9327,13.8785
1.0136305983893943,-0.0000000000000000,-0.0000000000000008,-0.0000000000000002,-0.0259355327163427,-0.0981243271072577,5.9093966690370845,2.9938548859,1357.309,2291.440,546.3303,13.9893
1.0136027740355118,-0.0000000000000000,-0.0000000000000022,-0.0000000000000042,-0.0259378541410559,-0.0986561771730009,5.9154011590140181,2.9937554205,1364.212,2295.536,548.7487,14.1010
1.0135744016339852,-0.0000000000000000,-0.0000000000000024,0.0000000000000483,-0.0259404947742072,-0.0992002738609972,5.9214056489909517,2.9936530843,1371.277,2299.742,551.1883,14.2138
1.0135454642151409,-0.0000000000000000,-0.0000000000000030,0.0000000000000046,-0.0259434937023142,-0.0997571061994568,5.9274101389678862,2.9935477435,1378.513,2304.064,553.6491,14.3275
1.0135159439950063,-0.0000000000000000,0.0000000000000025,0.0000000000000042,-0.0259468930157374,-0.1003271914220382,5.9334146289448189,2.9934392554,1385.925,2308.506,556.1313,14.4423
1.0134858223212651,-0.0000000000000000,-0.0000000000000044,-0.0000000000000067,-0.0259507380816159,-0.1009110771140262,5.9394191189217533,2.9933274682,1393.521,2313.074,558.6352,14.5581
1.0134550796143103,-0.0000000000000000,-0.0000000000000092,-0.0000000000000139,-0.0259550778454306,-0.1015093435602544,5.9454236088986860,2.9932122198,1401.309,2317.775,561.1607,14.6749
1.0134236953032814,0.0000000000000000,-0.0000000000000080,-0.0000000000000102,-0.0259599651658885,-0.1021226063206302,5.9514280988756205,2.9930933372,1409.298,2322.613,563.7082,14.7929
1.0133916477564207,-0.0000000000000000,-0.0000000000003820,0.0000000000001937,-0.0259654571868061,0.1027515190592337,5.9574325888525541,2.9929706353,1417.496,2327.597,566.2779,14.9119
1.0133589142051973,0.0000000000000000,0.0000000000000112,0.0000000000000623,-0.0259716157522306,-0.1033967766568079,5.9634370788294877,2.9928439163,1425.913,2332.732,568.8698,15.0320
1.0133254706614399,-0.0000000000000007,-0.0000000000005009,0.0000000000005968,-0.0259785078670383,0.1040591186435541,5.9694415688064213,2.9927129678,1434.559,2338.027,571.4841,15.1532
1.0132912918267600,-0.0000000000000000,-0.0000000000011317,0.0000000000013938,-0.0259862062149729,0.1047393329829695,5.9754460587833549,2.9925775620,1443.445,2343.490,574.1211,15.2755
1.0132563509931864,-0.0000000000000000,-0.0000000000000115,-0.0000000000000154,-0.0259947897368330,-0.1054382602678138,5.9814505487602885,2.9924374543,1452.583,2349.129,576.7809,15.3990
1.0132206199345741,-0.0000000000000000,-0.0000000000011964,0.0000000000016411,-0.0260043442764337,0.1061567983605369,5.9874550387372221,2.9922923813,1461.984,2354.954,579.4638,15.5236
1.0131840687864913,-0.0000000000000000,0.0000000000000035,0.0000000000000045,-0.0260149633157053,-0.1068959075547209,5.9934595287141565,2.9921420590,1471.662,2360.974,582.1698,15.6494
1.0131466659149428,-0.0000000000000003,-0.0000000000010472,0.0000000000014340,-0.0260267487901653,0.1076566163127986,5.9994640186910893,2.9919861813,1481.630,2367.201,584.8991,15.7764
1.0131083777704712,-0.0000000000000005,-0.0000000000005045,0.0000000000006571,-0.0260398120240592,0.1084400276711773,6.0054685086680237,2.9918244168,1491.905,2373.645,587.6520,15.9046
1.0130691687277524,-0.0000000000000000,0.0000000000000028,0.0000000000000014,-0.0260542747766144,-0.1092473263947851,6.0114729986449564,2.9916564071,1502.502,2380.320,590.4287,16.0341
1.0130290009070109,-0.0000000000000000,-0.0000000000015289,0.0000000000021304,-0.0260702704371912,0.1100797869994372,6.0174774886218909,2.9914817631,1513.439,2387.239,593.2293,16.1647
1.0129878339765848,-0.0000000000000000,0.0000000000000544,0.0000000000001253,-0.0260879453862148,-0.1109387827548467,6.0234819785988236,2.9913000622,1524.734,2394.416,596.0539,16.2967
1.0129456249325683,-0.0000000000000000,-0.0000000000008058,0.0000000000008315,-0.0261074605390234,0.1118257958355540,6.0294864685757581,2.9911108442,1536.409,2401.867,598.9029,16.4299
1.0129023278529341,-0.0000000000000000,0.0000000000000191,0.0000000000000392,-0.0261289931252764,-0.1127424287631029,6.0354909585526917,2.9909136074,1548.485,2409.609,601.7763,16.5644
1.0128578936232187,-0.0000000000000002,-0.0000000000008673,0.0000000000010524,-0.0261527387206535,0.1136904173852655,6.0414954485296253,2.9907078031,1560.985,2417.661,604.6743,16.7002
1.0128122696276047,0.0000000000000000,0.0000000000000085,0.0000000000000121,-0.0261789135941970,-0.1146716455986870,6.0474999385065580,2.9904928303,1573.937,2426.044,607.5972,16.8374
1.0127653994031283,-0.0000000000000004,-0.0000000000005160,0.0000000000006955,-0.0262077574128956,0.1156881621264244,6.0535044284834925,2.9902680294,1587.367,2434.778,610.5450,16.9759
1.0127172222479088,0.0000000000000000,0.0000000000000031,0.0000000000000097,-0.0262395363842487,-0.1167421996948625,6.0595089184604252,2.9900326743,1601.307,2443.890,613.5180,17.1158
1.0126676727794925,-0.0000000000000000,-0.0000000000010994,0.0000000000012282,-0.0262745469053694,0.1178361970177331,6.0655134084373596,2.9897859641,1615.791,2453.404,616.5162,17.2572
1.0126166804323116,-0.0000000000000000,0.0000000000000145,0.0000000000000205,-0.0263131198317933,-0.1189728241025718,6.0715178984142932,2.9895270126,1630.855,2463.352,619.5399,17.3999
1.0125641688861513,-0.0000000000000000,0.0000000000000067,0.0000000000000080,-0.0263556254755794,-0.1201550114840671,6.0775223883912268,2.9892548371,1646.540,2473.764,622.5891,17.5442
1.0125100554124853,-0.0000000000000001,-0.0000000000007282,0.0000000000008520,-0.0264024794984140,0.1213859841253527,6.0835268783681604,2.9889683443,1662.891,2484.676,625.6640,17.6899
1.0124542501245342,-0.0000000000000000,-0.0000000000000004,-0.0000000000000019,-0.0264541498791940,-0.1226693009085919,6.0895313683450940,2.9886663139,1679.955,2496.129,628.7646,17.8371
1.0123966551136327,0.0000000000000000,0.0000000000000223,0.0000000000000301,-0.0265111651938425,-0.1240089008301694,6.0955358583220276,2.9883473798,1697.789,2508.166,631.8911,17.9858
1.0123371634496989,-0.0000000000000000,-0.0000000000009544,0.0000000000010738,-0.0265741245113723,0.1254091573074901,6.1015403482989612,2.9880100071,1716.451,2520.836,635.0434,18.1361
1.0122756580198276,-0.0000000000000000,0.0000000000000046,0.0000000000000057,-0.0266437092764696,-0.1268749423266949,6.1075448382758948,2.9876524645,1736.011,2534.195,638.2215,18.2880
1.0122120101723857,0.0000000000000000,-0.0000000000000013,-0.0000000000000020,-0.0267206976619684,-0.1284117026407505,6.1135493282528284,2.9872727921,1756.543,2548.304,641.4254,18.4415
1.0121460781248783,-0.0000000000000007,-0.0000000000005488,0.0000000000004471,-0.0268059820159373,0.1300255507790960,6.1195538182297629,2.9868687609,1778.131,2563.233,644.6551,18.5967
1.0120777050855649,-0.0000000000000000,-0.0000000000003951,0.0000000000003018,-0.0269005902023412,0.1317233744245575,6.1255583082066956,2.9864378251,1800.873,2579.061,647.9102,18.7535
1.0120067170228622,-0.0000000000000000,0.0000000000000003,0.0000000000000006,-0.0270057118900421,-0.1335129687238061,6.1315627981836300,2.9859770624,1824.874,2595.877,651.1907,18.9121
1.0119329200009979,-0.0000000000000000,0.0000000000000141,0.0000000000000196,-0.0271227311844677,-0.1354031974595143,6.1375672881605627,2.9854831006,1850.259,2613.785,654.4960,19.0724
1.0118560969749102,-0.0000000000000000,-0.0000000000002960,0.0000000000002078,-0.0272532674585655,0.1374041908723548,6.1435717781374972,2.9849520264,1877.169,2632.902,657.8258,19.2345
1.0117760039066421,-0.0000000000000000,-0.0000000000002520,-0.0000000000000663,-0.0273992268928347,0.1395275904530263,6.1495762681144308,2.9843792706,1905.765,2653.366,661.1794,19.3984
1.0116923650216862,-0.0000000000000000,0.0000000000000033,0.0000000000000033,-0.0275628681530776,-0.1417868545456433,6.1555807580913644,2.9837594622,1936.234,2675.334,664.5559,19.5642
1.0116048669651592,-0.0000000000000000,-0.0000000000005452,0.0000000000004596,-0.0277468869521116,0.1441976435405986,6.1615852480682980,2.9830862419,1968.795,2698.993,667.9543,19.7318
1.0115131515332159,0.0000000000000000,-0.0000000000000019,-0.0000000000000023,-0.0279545261572278,-0.1467783105070903,6.1675897380452316,2.9823520195,2003.703,2724.562,671.3730,19.9014
1.0114168065395501,-0.0000000000000000,-0.0000000000000026,-0.0000000000000023,-0.0281897209370107,-0.1495505333326165,6.1735942280221652,2.9815476565,2041.260,2752.300,674.8104,20.0730
1.0113153542061863,-0.0000000000000014,-0.0000000000006459,0.0000000000007224,-0.0284572927189485,0.1525401395268610,6.1795987179990988,2.9806620431,2081.828,2782.521,678.2639,20.2466
1.0112082362211428,0.0000000000000000,0.0000000000000127,0.0000000000000195,-0.0287632122896973,-0.1557781975432878,6.1856032079760324,2.9796815268,2125.841,2815.601,681.7305,20.4222
