x0_n,y0_n,z0_n,xd0_n,yd0_n,zd0_n,Tp,JC,L2ExcessVelocity_mps,...,error_tol=1e-12,n_Nodes=6,stepsize=1.0
1.0158064429168330,0.0000000000000000,0.0000000000000169,0.0000000000000350,-0.0178934024142014,-0.0565837509263916,4.2665485561936736,3.0003148430,788.797
1.0129449839034621,-0.0000000000000000,0.0000000000002210,0.0000000000006192,-0.0030852848897571,-0.0626735323711291,4.2574097572207226,3.0003601051,783.360
1.0201822774224674,-0.0000000000000000,0.0000000000009967,-0.0000000000026300,-0.0341206996661416,0.0451695934404255,4.2483943215648940,3.0004053672,777.884
1.0212087234613645,-0.0000000000000000,0.0000000000000008,-0.0000000000000005,-0.0373013181198502,0.0420944982307148,4.2395014075009811,3.0004506294,772.370
1.0220860950203754,0.0000000000000000,-0.0000000000000004,-0.0000000000000002,-0.0398941251197889,0.0392903407109287,4.2307301117037328,3.0004958915,766.816
1.0228679149826352,-0.0000000000000003,0.0000000000007197,-0.0000000000016667,-0.0421204628455699,0.0366200991220259,4.2220794737057421,3.0005411536,761.221
1.0235816583971822,-0.0000000000000000,0.0000000000000000,-0.0000000000000000,-0.0440920568085279,0.0340049566485217,4.2135484803183791,3.0005864157,755.585
1.0242436619500972,-0.0000000000000000,0.0000000000000078,-0.0000000000000042,-0.0458743128277501,0.0313876010612835,4.2051360702921032,3.0006316778,749.907
1.0248645801061811,-0.0000000000000000,-0.0000000000000012,0.0000000000000006,-0.0475092684615308,0.0287168376796985,4.1968411380111919,3.0006769400,744.185
1.0254518207994687,-0.0000000000000000,-0.0000000000000010,0.0000000000000013,-0.0490257505347572,0.0259373410695485,4.1886625376781286,3.0007222021,738.419
1.0260107832121699,0.0000000000000000,0.0000000000000011,-0.0000000000000022,-0.0504444944620071,0.0229778702986008,4.1805990870273995,3.0007674642,732.608
1.0265455475953849,-0.0000000000000000,-0.0000000000000012,0.0000000000000014,-0.0517809745845874,0.0197297694309604,4.1726495709643174,3.0008127263,726.750
1.0270592873576136,-0.0000000000000000,0.0000000000000004,-0.0000000000000007,-0.0530470819415791,0.0159917096082143,4.1648127450133980,3.0008579885,720.845
1.0275545289874446,0.0000000000000000,0.0000000000000003,-0.0000000000000009,-0.0542521745887667,0.0112569114382920,4.1570873386070373,3.0009032506,714.891
1.0280333233278915,-0.0000000000000000,0.0000000000001146,-0.0000000000077396,-0.0554037646633829,0.0012909091825237,4.1494720582028934,3.0009485127,708.887
