x0_n,y0_n,z0_n,xd0_n,yd0_n,zd0_n,Tp,JC,L2ExcessVelocity_mps,landingVelocity_mps,stabilityIndex1,stabilityIndex2...,error_tol=1e-12,n_Nodes=6,stepsize=1.0
1.0298323504651588,-0.0000000000000000,0.0000000000000000,0.0000000000007317,-0.0000000083471948,0.0000000000000000,3.0961611389157739,3.0075330503,0.000,2565.598,1901.7416,1.9497
1.0310380331562561,-0.0000000000000000,0.0000000000000000,0.0000000000000051,-0.0079811867816633,0.0000000000000000,3.0999166928325774,3.0074816052,78.037,2566.784,1876.9875,1.9538
1.0314988058793129,-0.0000000000000000,0.0000000000000000,0.0000000000000002,-0.0112000907683303,0.0000000000000000,3.1036722467493814,3.0074307893,110.023,2567.956,1852.7609,1.9579
1.0318365133317831,-0.0000000000000000,0.0000000000000000,-0.0000000000000002,-0.0136288761521003,0.0000000000000000,3.1074278006661848,3.0073805953,134.339,2569.112,1829.0507,1.9620
1.0321104678819579,0.0000000000000000,0.0000000000000000,0.0000000000000011,-0.0156464172743782,0.0000000000000000,3.1111833545829888,3.0073310109,154.649,2570.255,1805.8421,1.9661
1.0323437009314576,-0.0000000000000000,0.0000000000000000,0.0000000000000010,-0.0173998595842725,0.0000000000000000,3.1149389084997923,3.0072820239,172.381,2571.382,1783.1206,1.9701
1.0325480517189323,-0.0000000000000000,0.0000000000000000,0.0000000000000008,-0.0189648674770225,0.0000000000000000,3.1186944624165958,3.0072336228,188.268,2572.496,1760.8723,1.9741
1.0327305685326702,-0.0000000000000000,0.0000000000000000,0.0000000000000024,-0.0203865081741631,0.0000000000000000,3.1224500163333997,3.0071857961,202.747,2573.596,1739.0839,1.9781
1.0328958529883601,-0.0000000000000000,0.0000000000000000,0.0000000000000342,-0.0216942236679552,0.0000000000000000,3.1262055702502032,3.0071385327,216.104,2574.683,1717.7425,1.9821
1.0330471073312684,-0.0000000000000000,0.0000000000000000,-0.0000000000000005,-0.0229085191107443,0.0000000000000000,3.1299611241670071,3.0070918218,228.540,2575.757,1696.8356,1.9860
1.0331866670575049,-0.0000000000000000,0.0000000000000000,0.0000000000000005,-0.0240443641504286,0.0000000000000000,3.1337166780838106,3.0070456531,240.199,2576.817,1676.3513,1.9899
1.0333162979743462,-0.0000000000000000,0.0000000000000000,0.0000000000000002,-0.0251130898916297,0.0000000000000000,3.1374722320006141,3.0070000161,251.193,2577.865,1656.2779,1.9938
1.0334373737962506,-0.0000000000000000,0.0000000000000000,-0.0000000000000005,-0.0261235229446200,0.0000000000000000,3.1412277859174180,3.0069549010,261.607,2578.901,1636.6043,1.9976
1.0335509882501388,0.0000000000000000,0.0000000000000000,-0.0000000000000015,-0.0270827012581010,0.0000000000000000,3.1449833398342215,3.0069102981,271.511,2579.924,1617.3196,2.0014
1.0336580290059634,-0.0000000000000000,0.0000000000000000,-0.0000000000012508,-0.0279963461841290,0.0000000000000000,3.1487388937510250,3.0068661979,280.960,2580.936,1598.4134,2.0052
1.0337592282255945,-0.0000000000000000,0.0000000000000000,0.0000000000011747,-0.0288691852224843,0.0000000000000000,3.1524944476678289,3.0068225911,290.001,2581.936,1579.8757,2.0090
1.0338551981741733,0.0000000000000000,0.0000000000000000,-0.0000000000000023,-0.0297051794407815,0.0000000000000000,3.1562500015846324,3.0067794688,298.672,2582.924,1561.6966,2.0128
1.0339464569839010,-0.0000000000000000,0.0000000000000000,-0.0000000000000010,-0.0305076879270465,0.0000000000000000,3.1600055555014364,3.0067368223,307.007,2583.901,1543.8668,2.0165
1.0340334476863002,-0.0000000000000000,0.0000000000000000,0.0000000000000023,-0.0312795893526535,0.0000000000000000,3.1637611094182398,3.0066946430,315.034,2584.867,1526.3771,2.0202
1.0341165525699787,-0.0000000000000000,0.0000000000000000,0.0000000000123503,-0.0320233736100212,0.0000000000000000,3.1675166633350433,3.0066529225,322.777,2585.822,1509.2187,2.0238
1.0341961041668430,-0.0000000000000000,0.0000000000000000,0.0000000000262025,-0.0327412120474145,0.0000000000000000,3.1712722172518473,3.0066116527,330.258,2586.767,1492.3831,2.0275
1.0342723938095102,-0.0000000000000000,0.0000000000000000,-0.0000000000000003,-0.0334350121313395,0.0000000000000000,3.1750277711686508,3.0065708258,337.495,2587.701,1475.8620,2.0311
1.0343456784422449,-0.0000000000000000,0.0000000000000000,-0.0000000000000005,-0.0341064606467087,0.0000000000000000,3.1787833250854547,3.0065304338,344.506,2588.624,1459.6474,2.0347
1.0344161859289627,-0.0000000000000000,0.0000000000000000,-0.0000000000000010,-0.0347570580329896,0.0000000000000000,3.1825388790022582,3.0064904694,351.305,2589.538,1443.7317,2.0382
1.0344841194534062,-0.0000000000000000,0.0000000000000000,-0.0000000000000006,-0.0353881462351747,0.0000000000000000,3.1862944329190617,3.0064509251,357.906,2590.442,1428.1073,2.0418
1.0345496610650269,-0.0000000000000000,0.0000000000000000,0.0000000000247474,-0.0360009313594593,0.0000000000000000,3.1900499868358656,3.0064117938,364.319,2591.336,1412.7669,2.0453
1.0346129745502901,-0.0000000000000000,0.0000000000000000,0.0000000000122107,-0.0365965022690895,0.0000000000000000,3.1938055407526691,3.0063730683,370.557,2592.220,1397.7036,2.0488
1.0346742079359739,-0.0000000000000004,0.0000000000000000,0.0000000000200043,-0.0371758461226500,0.0000000000000000,3.1975610946694726,3.0063347418,376.629,2593.095,1382.9104,2.0522
1.0347334954186844,-0.0000000000000000,0.0000000000000000,-0.0000000000000038,-0.0377398612116444,0.0000000000000000,3.2013166485862765,3.0062968077,382.544,2593.961,1368.3810,2.0557
1.0347909591478208,-0.0000000000000000,0.0000000000000000,0.0000000000000046,-0.0382893679098264,0.0000000000000000,3.2050722025030800,3.0062592593,388.310,2594.817,1354.1087,2.0591
1.0348467105985424,-0.0000000000000000,0.0000000000000000,-0.0000000000000007,-0.0388251178189110,0.0000000000000000,3.2088277564198839,3.0062220903,393.935,2595.665,1340.0875,2.0624
1.0349008518471889,-0.0000000000000000,0.0000000000000000,0.0000000000263749,-0.0393478016755610,0.0000000000000000,3.2125833103366874,3.0061852944,399.425,2596.504,1326.3113,2.0658
1.0349534765701398,-0.0000000000000000,0.0000000000000000,0.0000000000281886,-0.0398580560198342,0.0000000000000000,3.2163388642534909,3.0061488655,404.787,2597.334,1312.7743,2.0691
1.0350046710104761,-0.0000000000000002,0.0000000000000000,0.0000000000231520,-0.0403564690555321,0.0000000000000000,3.2200944181702948,3.0061127976,410.027,2598.156,1299.4708,2.0724
1.0350545147281500,-0.0000000000000000,0.0000000000000000,0.0000000000183523,-0.0408435856298550,0.0000000000000000,3.2238499720870983,3.0060770848,415.150,2598.969,1286.3954,2.0757
1.0351030812780788,-0.0000000000000000,0.0000000000000000,0.0000000000000013,-0.0413199116083906,0.0000000000000000,3.2276055260039023,3.0060417215,420.162,2599.775,1273.5427,2.0789
1.0351504388314230,0.0000000000000000,0.0000000000000000,0.0000000000000017,-0.0417859176990021,0.0000000000000000,3.2313610799207058,3.0060067020,425.066,2600.572,1260.9076,2.0822
1.0351966506570851,-0.0000000000000000,0.0000000000000000,0.0000000000000012,-0.0422420427618898,0.0000000000000000,3.2351166338375092,3.0059720209,429.868,2601.361,1248.4849,2.0854
1.0352417756096282,0.0000000000000000,0.0000000000000000,0.0000000000000007,-0.0426886967843752,0.0000000000000000,3.2388721877543132,3.0059376729,434.572,2602.142,1236.2700,2.0885
1.0352858685342765,-0.0000000000000001,0.0000000000000000,0.0000000000197219,-0.0431262634746344,0.0000000000000000,3.2426277416711167,3.0059036527,439.181,2602.916,1224.2579,2.0917
1.0353289805927015,-0.0000000000000003,0.0000000000000000,0.0000000000194237,-0.0435551025405538,0.0000000000000000,3.2463832955879206,3.0058699551,443.699,2603.682,1212.4442,2.0948
1.0353711596287314,-0.0000000000000003,0.0000000000000000,0.0000000000108864,-0.0439755517819404,0.0000000000000000,3.2501388495047241,3.0058365753,448.129,2604.441,1200.8243,2.0979
1.0354124504277447,-0.0000000000000000,0.0000000000000000,-0.0000000000002849,-0.0443879288900244,0.0000000000000000,3.2538944034215276,3.0058035082,452.476,2605.192,1189.3939,2.1009
1.0354528949786366,0.0000000000000000,0.0000000000000000,0.0000000000000014,-0.0447925331056781,0.0000000000000000,3.2576499573383315,3.0057707490,456.741,2605.936,1178.1488,2.1040
1.0354925326854789,-0.0000000000000000,0.0000000000000000,0.0000000000000039,-0.0451896466576366,0.0000000000000000,3.2614055112551350,3.0057382932,460.927,2606.673,1167.0850,2.1070
1.0355314005889147,-0.0000000000000000,0.0000000000000000,0.0000000000000009,-0.0455795361018632,0.0000000000000000,3.2651610651719389,3.0057061360,465.038,2607.403,1156.1983,2.1100
1.0355695335461936,-0.0000000000000000,0.0000000000000000,0.0000000000000004,-0.0459624535151095,0.0000000000000000,3.2689166190887424,3.0056742729,469.076,2608.127,1145.4850,2.1129
1.0356069643971395,-0.0000000000000000,0.0000000000000000,0.0000000000000350,-0.0463386375624502,0.0000000000000000,3.2726721730055459,3.0056426996,473.043,2608.843,1134.9412,2.1159
1.0356437241141110,-0.0000000000000001,0.0000000000000000,-0.0000000000020192,-0.0467083144709669,0.0000000000000000,3.2764277269223498,3.0056114118,476.942,2609.553,1124.5634,2.1188
1.0356798419428532,-0.0000000000000006,0.0000000000000000,-0.0000000000029816,-0.0470716989283134,0.0000000000000000,3.2801832808391533,3.0055804051,480.774,2610.256,1114.3478,2.1216
1.0357153455198314,-0.0000000000000026,0.0000000000000000,-0.0000000000090618,-0.0474289948708693,0.0000000000000000,3.2839388347559568,3.0055496755,484.543,2610.953,1104.2912,2.1245
1.0357502609970697,-0.0000000000000000,0.0000000000000000,-0.0000000000087462,-0.0477803962322755,0.0000000000000000,3.2876943886727608,3.0055192188,488.249,2611.643,1094.3900,2.1273
1.0357846131316755,-0.0000000000000014,0.0000000000000000,-0.0000000000068468,-0.0481260876044156,0.0000000000000000,3.2914499425895642,3.0054890311,491.895,2612.327,1084.6410,2.1301
1.0358184253902629,-0.0000000000000000,0.0000000000000000,0.0000000000000001,-0.0484662448564200,0.0000000000000000,3.2952054965063682,3.0054591085,495.482,2613.005,1075.0410,2.1329
1.0358517200255390,-0.0000000000000000,0.0000000000000000,0.0000000000000057,-0.0488010356903709,0.0000000000000000,3.2989610504231717,3.0054294472,499.013,2613.677,1065.5869,2.1356
1.0358845181701866,-0.0000000000000000,0.0000000000000000,0.0000000000000011,-0.0491306201684110,0.0000000000000000,3.3027166043399752,3.0054000434,502.488,2614.342,1056.2757,2.1383
1.0359168398991083,0.0000000000000000,0.0000000000000000,0.0000000000000003,-0.0494551511826562,0.0000000000000000,3.3064721582567791,3.0053708934,505.910,2615.002,1047.1044,2.1410
1.0359487042990689,-0.0000000000000000,0.0000000000000000,0.0000000000000115,-0.0497747748909642,0.0000000000000000,3.3102277121735826,3.0053419936,509.280,2615.656,1038.0700,2.1437
1.0359801295352322,-0.0000000000000014,0.0000000000000000,0.0000000000103377,-0.0500896311271890,0.0000000000000000,3.3139832660903865,3.0053133405,512.599,2616.305,1029.1699,2.1463
1.0360111328851238,-0.0000000000000005,0.0000000000000000,-0.0000000000010764,-0.0503998537529300,0.0000000000000000,3.3177388200071900,3.0052849307,515.869,2616.947,1020.4013,2.1489
1.0360417308411221,-0.0000000000000000,0.0000000000000000,0.0000000000055671,-0.0507055710475775,0.0000000000000000,3.3214943739239935,3.0052567606,519.091,2617.584,1011.7616,2.1515
1.0360719391003408,-0.0000000000000000,0.0000000000000000,0.0000000000065222,-0.0510069059744615,0.0000000000000000,3.3252499278407974,3.0052288271,522.266,2618.216,1003.2480,2.1541
1.0361017726421220,-0.0000000000000000,0.0000000000000000,-0.0000000000109597,-0.0513039765095426,0.0000000000000000,3.3290054817576009,3.0052011267,525.396,2618.842,994.8582,2.1566
1.0361312457919134,-0.0000000000000015,0.0000000000000000,0.0000000000019107,-0.0515968959297173,0.0000000000000000,3.3327610356744044,3.0051736563,528.482,2619.463,986.5896,2.1591
1.0361603721919925,-0.0000000000000006,0.0000000000000000,-0.0000000000017995,-0.0518857730191228,0.0000000000000000,3.3365165895912083,3.0051464128,531.524,2620.078,978.4399,2.1616
1.0361891649092663,-0.0000000000000000,0.0000000000000000,0.0000000000000160,-0.0521707123624974,0.0000000000000000,3.3402721435080118,3.0051193930,534.524,2620.689,970.4067,2.1640
1.0362176364253086,-0.0000000000000000,0.0000000000000000,0.0000000000000025,-0.0524518145278855,0.0000000000000000,3.3440276974248158,3.0050925940,537.484,2621.294,962.4877,2.1665
1.0362457986859550,-0.0000000000000000,0.0000000000000000,0.0000000000000009,-0.0527291763007871,0.0000000000000000,3.3477832513416192,3.0050660127,540.403,2621.894,954.6807,2.1688
1.0362736631246692,0.0000000000000000,0.0000000000000000,-0.0000000000000011,-0.0530028908628287,0.0000000000000000,3.3515388052584232,3.0050396462,543.283,2622.489,946.9835,2.1712
1.0363012406910361,-0.0000000000000000,0.0000000000000000,-0.0000000000000014,-0.0532730479780373,0.0000000000000000,3.3552943591752267,3.0050134916,546.125,2623.079,939.3940,2.1736
1.0363285418762662,-0.0000000000000000,0.0000000000000000,-0.0000000000000011,-0.0535397341623575,0.0000000000000000,3.3590499130920302,3.0049875462,548.930,2623.665,931.9102,2.1759
1.0363555767319184,-0.0000000000000000,0.0000000000000000,-0.0000000000116858,-0.0538030328383470,0.0000000000000000,3.3628054670088341,3.0049618071,551.698,2624.245,924.5299,2.1781
1.0363823549130635,-0.0000000000000011,0.0000000000000000,-0.0000000000110713,-0.0540630245014380,0.0000000000000000,3.3665610209256376,3.0049362717,554.431,2624.821,917.2514,2.1804
1.0364088856687736,-0.0000000000000015,0.0000000000000000,-0.0000000000082507,-0.0543197868349918,0.0000000000000000,3.3703165748424411,3.0049109373,557.129,2625.392,910.0725,2.1826
1.0364351778777721,-0.0000000000000002,0.0000000000000000,-0.0000000000099079,-0.0545733948550206,0.0000000000000000,3.3740721287592450,3.0048858012,559.793,2625.959,902.9915,2.1848
1.0364612400706057,-0.0000000000000000,0.0000000000000000,-0.0000000000121460,-0.0548239210373455,0.0000000000000000,3.3778276826760485,3.0048608609,562.423,2626.521,896.0065,2.1870
1.0364870804381807,-0.0000000000000016,0.0000000000000000,-0.0000000000193704,-0.0550714354264516,0.0000000000000000,3.3815832365928524,3.0048361138,565.022,2627.078,889.1158,2.1892
1.0365127068638824,-0.0000000000000000,0.0000000000000000,-0.0000000000092482,-0.0553160057571700,0.0000000000000000,3.3853387905096559,3.0048115575,567.588,2627.632,882.3175,2.1913
1.0365381269045728,-0.0000000000000000,0.0000000000000000,-0.0000000000102704,-0.0555576975337886,0.0000000000000000,3.3890943444264594,3.0047871896,570.124,2628.181,875.6100,2.1934
1.0365633478498155,-0.0000000000000000,0.0000000000000000,0.0000000000000168,-0.0557965741599528,0.0000000000000000,3.3928498983432633,3.0047630076,572.629,2628.725,868.9916,2.1954
1.0365883766934705,0.0000000000000000,0.0000000000000000,0.0000000000000047,-0.0560326969971760,0.0000000000000000,3.3966054522600668,3.0047390091,575.104,2629.265,862.4607,2.1975
1.0366132201804923,-0.0000000000000000,0.0000000000000000,0.0000000000000016,-0.0562661254832587,0.0000000000000000,3.4003610061768703,3.0047151919,577.550,2629.801,856.0157,2.1995
1.0366378847999969,-0.0000000000000000,0.0000000000000000,-0.0000000000000008,-0.0564969171951640,0.0000000000000000,3.4041165600936742,3.0046915537,579.967,2630.333,849.6551,2.2015
1.0366623768013790,-0.0000000000000000,0.0000000000000000,-0.0000000000000003,-0.0567251279322992,0.0000000000000000,3.4078721140104777,3.0046680922,582.356,2630.861,843.3772,2.2034
1.0366867022051063,0.0000000000000000,0.0000000000000000,-0.0000000000000018,-0.0569508117902078,0.0000000000000000,3.4116276679272817,3.0046448053,584.718,2631.385,837.1807,2.2054
1.0367108668129352,0.0000000000000000,0.0000000000000000,-0.0000000000000015,-0.0571740212304418,0.0000000000000000,3.4153832218440852,3.0046216907,587.053,2631.905,831.0641,2.2073
1.0367348762095989,-0.0000000000000016,0.0000000000000000,-0.0000000000177701,-0.0573948071404427,0.0000000000000000,3.4191387757608886,3.0045987464,589.362,2632.421,825.0259,2.2091
1.0367587358097752,-0.0000000000000002,0.0000000000000000,-0.0000000000043873,-0.0576132189261188,0.0000000000000000,3.4228943296776926,3.0045759703,591.645,2632.933,819.0648,2.2110
1.0367824507905636,-0.0000000000000031,0.0000000000000000,-0.0000000000146419,-0.0578293045133267,0.0000000000000000,3.4266498835944961,3.0045533603,593.903,2633.441,813.1795,2.2128
1.0368060261881633,-0.0000000000000001,0.0000000000000000,-0.0000000000087884,-0.0580431104692989,0.0000000000000000,3.4304054375112996,3.0045309144,596.135,2633.946,807.3685,2.2146
1.0368294668333922,-0.0000000000000016,0.0000000000000000,-0.0000000000150236,-0.0582546820075149,0.0000000000000000,3.4341609914281035,3.0045086306,598.344,2634.446,801.6307,2.2164
1.0368527774104914,-0.0000000000000017,0.0000000000000000,-0.0000000000133028,-0.0584640630703571,0.0000000000000000,3.4379165453449070,3.0044865069,600.528,2634.943,795.9647,2.2181
1.0368759624280302,-0.0000000000000011,0.0000000000000000,-0.0000000000169249,-0.0586712963563708,0.0000000000000000,3.4416720992617109,3.0044645415,602.689,2635.437,790.3692,2.2198
1.0368990262472351,-0.0000000000000000,0.0000000000000000,-0.0000000000241161,-0.0588764233812028,0.0000000000000000,3.4454276531785144,3.0044427324,604.827,2635.926,784.8432,2.2215
1.0369219730912989,-0.0000000000000017,0.0000000000000000,-0.0000000000110947,-0.0590794845241273,0.0000000000000000,3.4491832070953183,3.0044210778,606.943,2636.413,779.3854,2.2231
1.0369448070209595,-0.0000000000000000,0.0000000000000000,0.0000000000000146,-0.0592805190463752,0.0000000000000000,3.4529387610121218,3.0043995758,609.036,2636.895,773.9946,2.2247
1.0369675319665641,-0.0000000000000000,0.0000000000000000,0.0000000000000047,-0.0594795651513965,0.0000000000000000,3.4566943149289253,3.0043782247,611.107,2637.374,768.6697,2.2263
1.0369901517370290,-0.0000000000000000,0.0000000000000000,0.0000000000000004,-0.0596766600277902,0.0000000000000000,3.4604498688457292,3.0043570227,613.157,2637.850,763.4096,2.2279
1.0370126700107458,-0.0000000000000000,0.0000000000000000,0.0000000000000001,-0.0598718398729262,0.0000000000000000,3.4642054227625327,3.0043359680,615.186,2638.323,758.2132,2.2295
1.0370350903455647,-0.0000000000000000,0.0000000000000000,-0.0000000000000013,-0.0600651399324575,0.0000000000000000,3.4679609766793362,3.0043150589,617.195,2638.792,753.0794,2.2310
1.0370574161835013,0.0000000000000000,0.0000000000000000,-0.0000000000000015,-0.0602565945336792,0.0000000000000000,3.4717165305961402,3.0042942937,619.183,2639.257,748.0072,2.2324
1.0370796508552214,-0.0000000000000000,0.0000000000000000,-0.0000000000000011,-0.0604462371174416,0.0000000000000000,3.4754720845129436,3.0042736708,621.151,2639.720,742.9956,2.2339
1.0371017975843306,-0.0000000000000000,0.0000000000000000,0.0000000000000013,-0.0606341002686310,0.0000000000000000,3.4792276384297476,3.0042531885,623.100,2640.179,738.0436,2.2353
1.0371238594914463,-0.0000000000000000,0.0000000000000000,-0.0000000000000006,-0.0608202157453597,0.0000000000000000,3.4829831923465511,3.0042328452,625.029,2640.635,733.1502,2.2367
1.0371458395939821,-0.0000000000000001,0.0000000000000000,-0.0000000000088693,-0.0610046145029991,0.0000000000000000,3.4867387462633546,3.0042126394,626.940,2641.088,728.3144,2.2381
1.0371677408261686,-0.0000000000000003,0.0000000000000000,-0.0000000000095016,-0.0611873267370434,0.0000000000000000,3.4904943001801585,3.0041925694,628.831,2641.538,723.5353,2.2394
1.0371895660184969,-0.0000000000000012,0.0000000000000000,-0.0000000000098071,-0.0613683818829962,0.0000000000000000,3.4942498540969620,3.0041726338,630.705,2641.984,718.8120,2.2407
1.0372113179173363,-0.0000000000000000,0.0000000000000000,-0.0000000000092924,-0.0615478086612021,0.0000000000000000,3.4980054080137659,3.0041528310,632.561,2642.428,714.1435,2.2420
1.0372329991835050,-0.0000000000000006,0.0000000000000000,-0.0000000000078144,-0.0617256350913589,0.0000000000000000,3.5017609619305694,3.0041331595,634.399,2642.868,709.5291,2.2433
1.0372546123939896,-0.0000000000000017,0.0000000000000000,-0.0000000000093305,-0.0619018885166926,0.0000000000000000,3.5055165158473729,3.0041136178,636.219,2643.306,704.9678,2.2445
1.0372761600501850,-0.0000000000000018,0.0000000000000000,-0.0000000000099548,-0.0620765956284218,0.0000000000000000,3.5092720697641768,3.0040942046,638.023,2643.741,700.4588,2.2457
1.0372976445766595,-0.0000000000000000,0.0000000000000000,-0.0000000000078921,-0.0622497824859056,0.0000000000000000,3.5130276236809803,3.0040749184,639.809,2644.172,696.0012,2.2469
1.0373190683189970,-0.0000000000000000,0.0000000000000000,-0.0000000000123598,-0.0624214745278699,0.0000000000000000,3.5167831775977838,3.0040557578,641.579,2644.601,691.5943,2.2480
1.0373404335672149,-0.0000000000000000,0.0000000000000000,0.0000000000000081,-0.0625916966134046,0.0000000000000000,3.5205387315145877,3.0040367214,643.333,2645.027,687.2372,2.2491
1.0373617425184027,-0.0000000000000000,0.0000000000000000,0.0000000000000017,-0.0627604730033709,0.0000000000000000,3.5242942854313912,3.0040178078,645.071,2645.450,682.9292,2.2502
1.0373829973230804,-0.0000000000000000,0.0000000000000000,0.0000000000000011,-0.0629278274182947,0.0000000000000000,3.5280498393481952,3.0039990157,646.793,2645.871,678.6695,2.2513
1.0374042000622994,-0.0000000000000000,0.0000000000000000,0.0000000000000008,-0.0630937830321221,0.0000000000000000,3.5318053932649986,3.0039803438,648.499,2646.289,674.4573,2.2523
1.0374253527556185,-0.0000000000000000,0.0000000000000000,0.0000000000000013,-0.0632583624939851,0.0000000000000000,3.5355609471818026,3.0039617909,650.190,2646.703,670.2920,2.2533
1.0374464573632294,-0.0000000000000000,0.0000000000000000,-0.0000000000000028,-0.0634215879439322,0.0000000000000000,3.5393165010986061,3.0039433555,651.866,2647.116,666.1728,2.2543
1.0374675157879758,-0.0000000000000000,0.0000000000000000,0.0000000000000014,-0.0635834810281205,0.0000000000000000,3.5430720550154096,3.0039250364,653.527,2647.525,662.0989,2.2552
1.0374885298773047,-0.0000000000000000,0.0000000000000000,-0.0000000000000013,-0.0637440629132744,0.0000000000000000,3.5468276089322135,3.0039068325,655.174,2647.932,658.0697,2.2561
1.0375095014251328,-0.0000000000000000,0.0000000000000000,0.0000000000000028,-0.0639033543008574,0.0000000000000000,3.5505831628490170,3.0038887424,656.806,2648.337,654.0846,2.2570
1.0375304321713661,-0.0000000000000018,0.0000000000000000,-0.0000000000047154,-0.0640613754380535,0.0000000000000000,3.5543387167658205,3.0038707650,658.424,2648.738,650.1428,2.2579
1.0375513238127423,-0.0000000000000001,0.0000000000000000,-0.0000000000047414,-0.0642181461408060,0.0000000000000000,3.5580942706826244,3.0038528990,660.028,2649.137,646.2437,2.2587
1.0375721779923561,-0.0000000000000009,0.0000000000000000,-0.0000000000015028,-0.0643736857927985,0.0000000000000000,3.5618498245994279,3.0038351434,661.619,2649.534,642.3866,2.2595
1.0375929963032220,-0.0000000000000018,0.0000000000000000,-0.0000000000035837,-0.0645280133608165,0.0000000000000000,3.5656053785162318,3.0038174969,663.195,2649.928,638.5710,2.2603
1.0376137803004213,-0.0000000000000003,0.0000000000000000,-0.0000000000040818,-0.0646811474160608,0.0000000000000000,3.5693609324330353,3.0037999584,664.759,2650.320,634.7961,2.2610
1.0376345314905930,-0.0000000000000000,0.0000000000000000,-0.0000000000061625,-0.0648331061345599,0.0000000000000000,3.5731164863498388,3.0037825267,666.309,2650.709,631.0615,2.2617
1.0376552513418469,-0.0000000000000000,0.0000000000000000,-0.0000000000047657,-0.0649839073149606,0.0000000000000000,3.5768720402666427,3.0037652008,667.846,2651.096,627.3664,2.2624
1.0376759412768117,-0.0000000000000018,0.0000000000000000,-0.0000000000046226,-0.0651335683829721,0.0000000000000000,3.5806275941834462,3.0037479796,669.371,2651.481,623.7104,2.2631
1.0376966026806878,-0.0000000000000018,0.0000000000000000,-0.0000000000053059,-0.0652821064053094,0.0000000000000000,3.5843831481002502,3.0037308619,670.883,2651.863,620.0929,2.2637
1.0377172369035061,-0.0000000000000000,0.0000000000000000,0.0000000000000046,-0.0654295381030669,0.0000000000000000,3.5881387020170536,3.0037138468,672.382,2652.242,616.5132,2.2643
1.0377378452495198,-0.0000000000000000,0.0000000000000000,0.0000000000000016,-0.0655758798487804,0.0000000000000000,3.5918942559338571,3.0036969332,673.869,2652.620,612.9708,2.2649
1.0377584289947652,-0.0000000000000000,0.0000000000000000,0.0000000000000008,-0.0657211476905998,0.0000000000000000,3.5956498098506611,3.0036801200,675.344,2652.995,609.4653,2.2654
1.0377789893779215,-0.0000000000000000,0.0000000000000000,0.0000000000000006,-0.0658653573520690,0.0000000000000000,3.5994053637674646,3.0036634062,676.808,2653.368,605.9960,2.2659
1.0377995276038843,-0.0000000000000000,0.0000000000000000,-0.0000000000000016,-0.0660085242428661,0.0000000000000000,3.6031609176842680,3.0036467908,678.259,2653.738,602.5624,2.2664
1.0378200448448061,-0.0000000000000000,0.0000000000000000,0.0000000000000010,-0.0661506634670266,0.0000000000000000,3.6069164716010720,3.0036302729,679.699,2654.107,599.1641,2.2668
1.0378405422411157,-0.0000000000000000,0.0000000000000000,-0.0000000000000011,-0.0662917898308958,0.0000000000000000,3.6106720255178755,3.0036138514,681.127,2654.473,595.8005,2.2673
1.0378610209024883,-0.0000000000000000,0.0000000000000000,0.0000000000000016,-0.0664319178509138,0.0000000000000000,3.6144275794346794,3.0035975253,682.545,2654.837,592.4711,2.2676
1.0378814819087987,-0.0000000000000000,0.0000000000000000,0.0000000000000021,-0.0665710617610999,0.0000000000000000,3.6181831333514829,3.0035812938,683.951,2655.199,589.1755,2.2680
1.0379019263075437,-0.0000000000000001,0.0000000000000000,-0.0000000000069363,-0.0667092355161734,0.0000000000000000,3.6219386872682864,3.0035651559,685.346,2655.558,585.9131,2.2683
1.0379223551303023,-0.0000000000000004,0.0000000000000000,-0.0000000000035800,-0.0668464528166519,0.0000000000000000,3.6256942411850903,3.0035491106,686.730,2655.916,582.6835,2.2686
1.0379427693670078,-0.0000000000000015,0.0000000000000000,-0.0000000000011708,-0.0669827270840012,0.0000000000000000,3.6294497951018938,3.0035331571,688.104,2656.272,579.4863,2.2689
1.0379631699869405,-0.0000000000000029,0.0000000000000000,-0.0000000000003824,-0.0671180714932996,0.0000000000000000,3.6332053490186977,3.0035172944,689.467,2656.625,576.3210,2.2692
1.0379835579333547,-0.0000000000000019,0.0000000000000000,-0.0000000000021649,-0.0672524989690846,0.0000000000000000,3.6369609029355012,3.0035015217,690.820,2656.976,573.1871,2.2694
1.0380039341258542,-0.0000000000000000,0.0000000000000000,-0.0000000000050821,-0.0673860221948683,0.0000000000000000,3.6407164568523047,3.0034858380,692.162,2657.326,570.0842,2.2696
1.0380242994634385,-0.0000000000000019,0.0000000000000000,-0.0000000000011282,-0.0675186536225137,0.0000000000000000,3.6444720107691086,3.0034702426,693.494,2657.673,567.0119,2.2697
1.0380446548113496,-0.0000000000000000,0.0000000000000000,-0.0000000000027552,-0.0676504054609412,0.0000000000000000,3.6482275646859121,3.0034547345,694.817,2658.018,563.9698,2.2698
1.0380650010233747,-0.0000000000000000,0.0000000000000000,0.0000000000000006,-0.0677812897063961,0.0000000000000000,3.6519831186027156,3.0034393129,696.129,2658.362,560.9575,2.2699
1.0380853389228260,-0.0000000000000000,0.0000000000000000,0.0000000000000006,-0.0679113181271986,0.0000000000000000,3.6557386725195196,3.0034239769,697.432,2658.703,557.9744,2.2700
1.0381056693164443,-0.0000000000000000,0.0000000000000000,0.0000000000000002,-0.0680405022817488,0.0000000000000000,3.6594942264363230,3.0034087259,698.725,2659.043,555.0204,2.2700
1.0381259929888731,-0.0000000000000000,0.0000000000000000,0.0000000000000025,-0.0681688535180878,0.0000000000000000,3.6632497803531265,3.0033935588,700.008,2659.380,552.0948,2.2700
1.0381463107045836,-0.0000000000000000,0.0000000000000000,0.0000000000000002,-0.0682963829800442,0.0000000000000000,3.6670053342699305,3.0033784750,701.283,2659.716,549.1975,2.2700
1.0381666232084570,-0.0000000000000000,0.0000000000000000,0.0000000000000013,-0.0684231016120434,0.0000000000000000,3.6707608881867344,3.0033634736,702.548,2660.050,546.3279,2.2700
1.0381869312263476,-0.0000000000000000,0.0000000000000000,0.0000000000000027,-0.0685490201638047,0.0000000000000000,3.6745164421035379,3.0033485539,703.803,2660.382,543.4858,2.2699
1.0382072354656167,-0.0000000000000000,0.0000000000000000,-0.0000000000000017,-0.0686741491948722,0.0000000000000000,3.6782719960203414,3.0033337151,705.050,2660.712,540.6707,2.2698
1.0382275366156657,-0.0000000000000000,0.0000000000000000,0.0000000000000015,-0.0687984990790266,0.0000000000000000,3.6820275499371453,3.0033189563,706.288,2661.040,537.8823,2.2696
1.0382478353462810,-0.0000000000000000,0.0000000000000000,-0.0000000000045260,-0.0689220800068095,0.0000000000000000,3.6857831038539488,3.0033042770,707.517,2661.367,535.1203,2.2695
1.0382681323180367,-0.0000000000000005,0.0000000000000000,-0.0000000000018207,-0.0690449019977719,0.0000000000000000,3.6895386577707523,3.0032896763,708.737,2661.691,532.3842,2.2693
1.0382884281649520,-0.0000000000000000,0.0000000000000000,-0.0000000000012859,-0.0691669748899301,0.0000000000000000,3.6932942116875562,3.0032751535,709.949,2662.014,529.6738,2.2690
1.0383087235070758,-0.0000000000000020,0.0000000000000000,-0.0000000000075512,-0.0692883083527727,0.0000000000000000,3.6970497656043597,3.0032607079,711.153,2662.335,526.9887,2.2688
1.0383290189591132,-0.0000000000000009,0.0000000000000000,-0.0000000000053590,-0.0694089119021497,0.0000000000000000,3.7008053195211632,3.0032463388,712.347,2662.655,524.3286,2.2685
1.0383493151082706,-0.0000000000000020,0.0000000000000000,-0.0000000000030831,-0.0695287948768364,0.0000000000000000,3.7045608734379671,3.0032320453,713.534,2662.973,521.6932,2.2682
1.0383696125315256,-0.0000000000000020,0.0000000000000000,-0.0000000000012503,-0.0696479664647372,0.0000000000000000,3.7083164273547711,3.0032178270,714.712,2663.289,519.0821,2.2678
1.0383899117898645,-0.0000000000000000,0.0000000000000000,-0.0000000000030311,-0.0697664356958425,0.0000000000000000,3.7120719812715746,3.0032036830,715.883,2663.603,516.4950,2.2674
1.0384102134361397,-0.0000000000000000,0.0000000000000000,-0.0000000000000001,-0.0698842114546552,0.0000000000000000,3.7158275351883781,3.0031896127,717.045,2663.915,513.9316,2.2670
1.0384305180017828,-0.0000000000000000,0.0000000000000000,0.0000000000000004,-0.0700013024709518,0.0000000000000000,3.7195830891051820,3.0031756155,718.200,2664.226,511.3917,2.2666
1.0384508260102152,-0.0000000000000000,0.0000000000000000,0.0000000000000010,-0.0701177173338738,0.0000000000000000,3.7233386430219855,3.0031616906,719.346,2664.536,508.8748,2.2661
1.0384711379706020,-0.0000000000000000,0.0000000000000000,0.0000000000000011,-0.0702334644898313,0.0000000000000000,3.7270941969387890,3.0031478373,720.485,2664.844,506.3808,2.2656
1.0384914543796220,-0.0000000000000000,0.0000000000000000,0.0000000000000016,-0.0703485522466689,0.0000000000000000,3.7308497508555929,3.0031340552,721.617,2665.150,503.9093,2.2651
1.0385117757218103,-0.0000000000000000,0.0000000000000000,-0.0000000000000006,-0.0704629887766504,0.0000000000000000,3.7346053047723964,3.0031203434,722.740,2665.454,501.4601,2.2645
1.0385321024698866,-0.0000000000000000,0.0000000000000000,0.0000000000000004,-0.0705767821193424,0.0000000000000000,3.7383608586891999,3.0031067014,723.857,2665.757,499.0328,2.2639
1.0385524350850661,-0.0000000000000000,0.0000000000000000,0.0000000000000018,-0.0706899401844348,0.0000000000000000,3.7421164126060038,3.0030931286,724.966,2666.058,496.6272,2.2633
1.0385727740173725,0.0000000000000000,0.0000000000000000,-0.0000000000000006,-0.0708024707545027,0.0000000000000000,3.7458719665228077,3.0030796243,726.067,2666.358,494.2431,2.2626
1.0385931197048357,-0.0000000000000000,0.0000000000000000,-0.0000000000021770,-0.0709143814865648,0.0000000000000000,3.7496275204396112,3.0030661880,727.162,2666.656,491.8800,2.2620
1.0386134725794471,-0.0000000000000016,0.0000000000000000,0.0000000000002606,-0.0710256799205566,0.0000000000000000,3.7533830743564147,3.0030528190,728.249,2666.953,489.5379,2.2612
1.0386338330554774,-0.0000000000000002,0.0000000000000000,-0.0000000000002275,-0.0711363734690211,0.0000000000000000,3.7571386282732187,3.0030395167,729.329,2667.248,487.2164,2.2605
1.0386542015415454,-0.0000000000000020,0.0000000000000000,-0.0000000000027694,-0.0712464694325730,0.0000000000000000,3.7608941821900221,3.0030262805,730.403,2667.542,484.9153,2.2597
1.0386745784390745,-0.0000000000000000,0.0000000000000000,-0.0000000000012916,-0.0713559750002628,0.0000000000000000,3.7646497361068256,3.0030131099,731.469,2667.834,482.6343,2.2589
1.0386949641340104,-0.0000000000000000,0.0000000000000000,-0.0000000000014275,-0.0714648972425029,0.0000000000000000,3.7684052900236296,3.0030000043,732.529,2668.125,480.3731,2.2581
1.0387153590089313,-0.0000000000000020,0.0000000000000000,0.0000000000028338,-0.0715732431260772,0.0000000000000000,3.7721608439404331,3.0029869631,733.582,2668.414,478.1317,2.2572
1.0387357634286012,-0.0000000000000000,0.0000000000000000,0.0000000000000541,-0.0716810195017436,0.0000000000000000,3.7759163978572365,3.0029739858,734.628,2668.702,475.9096,2.2563
1.0387561777594883,-0.0000000000000000,0.0000000000000000,0.0000000000000004,-0.0717882331244142,0.0000000000000000,3.7796719517740405,3.0029610718,735.668,2668.988,473.7066,2.2554
1.0387766023534264,-0.0000000000000000,0.0000000000000000,-0.0000000000000005,-0.0718948906407357,0.0000000000000000,3.7834275056908440,3.0029482205,736.701,2669.273,471.5226,2.2544
1.0387970375550963,-0.0000000000000000,0.0000000000000000,-0.0000000000000005,-0.0720009985966889,0.0000000000000000,3.7871830596076479,3.0029354315,737.728,2669.557,469.3573,2.2534
1.0388174837010840,-0.0000000000000000,0.0000000000000000,0.0000000000000015,-0.0721065634392297,0.0000000000000000,3.7909386135244514,3.0029227041,738.748,2669.839,467.2105,2.2524
1.0388379411200408,-0.0000000000000000,0.0000000000000000,0.0000000000000085,-0.0722115915181047,0.0000000000000000,3.7946941674412549,3.0029100379,739.762,2670.120,465.0819,2.2514
1.0388584101328926,0.0000000000000000,0.0000000000000000,0.0000000000000023,-0.0723160890876092,0.0000000000000000,3.7984497213580588,3.0028974323,740.770,2670.399,462.9714,2.2503
1.0388788910530258,-0.0000000000000000,0.0000000000000000,-0.0000000000000008,-0.0724200623087416,0.0000000000000000,3.8022052752748623,3.0028848868,741.772,2670.677,460.8786,2.2492
1.0388993841864951,-0.0000000000000000,0.0000000000000000,-0.0000000000000019,-0.0725235172507668,0.0000000000000000,3.8059608291916662,3.0028724009,742.768,2670.954,458.8035,2.2480
1.0389198898308820,-0.0000000000000001,0.0000000000000000,-0.0000000000027131,-0.0726264598920409,0.0000000000000000,3.8097163831084697,3.0028599741,743.757,2671.229,456.7458,2.2469
1.0389404082813658,-0.0000000000000001,0.0000000000000000,-0.0000000000014187,-0.0727288961265235,0.0000000000000000,3.8134719370252732,3.0028476059,744.741,2671.503,454.7053,2.2457
1.0389609398193309,-0.0000000000000000,0.0000000000000000,-0.0000000000038507,-0.0728308317559554,0.0000000000000000,3.8172274909420771,3.0028352958,745.718,2671.776,452.6818,2.2444
1.0389814847271162,-0.0000000000000000,0.0000000000000000,-0.0000000000019722,-0.0729322725035766,0.0000000000000000,3.8209830448588806,3.0028230433,746.690,2672.048,450.6751,2.2432
1.0390020432734277,-0.0000000000000014,0.0000000000000000,-0.0000000000027446,-0.0730332240036024,0.0000000000000000,3.8247385987756841,3.0028108480,747.656,2672.318,448.6850,2.2419
1.0390226157255364,-0.0000000000000000,0.0000000000000000,-0.0000000000031712,-0.0731336918127677,0.0000000000000000,3.8284941526924881,3.0027987093,748.617,2672.587,446.7113,2.2405
1.0390432023435274,-0.0000000000000000,0.0000000000000000,-0.0000000000021218,-0.0732336814067484,0.0000000000000000,3.8322497066092915,3.0027866267,749.571,2672.854,444.7539,2.2392
1.0390638033812514,-0.0000000000000000,0.0000000000000000,0.0000000000007050,-0.0733331981827644,0.0000000000000000,3.8360052605260950,3.0027745999,750.520,2673.120,442.8124,2.2378
1.0390844190837629,-0.0000000000000000,0.0000000000000000,0.0000000000000001,-0.0734322474575305,0.0000000000000000,3.8397608144428990,3.0027626283,751.464,2673.385,440.8868,2.2364
1.0391050496954055,-0.0000000000000000,0.0000000000000000,0.0000000000000004,-0.0735308344779235,0.0000000000000000,3.8435163683597025,3.0027507116,752.402,2673.649,438.9769,2.2349
1.0391256954523351,-0.0000000000000000,0.0000000000000000,-0.0000000000000014,-0.0736289644132350,0.0000000000000000,3.8472719222765064,3.0027388491,753.334,2673.912,437.0825,2.2334
1.0391463565857069,-0.0000000000000000,0.0000000000000000,-0.0000000000000000,-0.0737266423605601,0.0000000000000000,3.8510274761933099,3.0027270405,754.262,2674.173,435.2033,2.2319
1.0391670333213985,-0.0000000000000000,0.0000000000000000,0.0000000000000004,-0.0738238733455039,0.0000000000000000,3.8547830301101138,3.0027152854,755.184,2674.433,433.3394,2.2304
1.0391877258801474,0.0000000000000000,0.0000000000000000,-0.0000000000000026,-0.0739206623234774,0.0000000000000000,3.8585385840269173,3.0027035833,756.100,2674.692,431.4903,2.2288
1.0392084344776709,-0.0000000000000000,0.0000000000000000,-0.0000000000000009,-0.0740170141809889,0.0000000000000000,3.8622941379437208,3.0026919338,757.012,2674.950,429.6561,2.2272
1.0392291593247953,-0.0000000000000000,0.0000000000000000,-0.0000000000000009,-0.0741129337368829,0.0000000000000000,3.8660496918605247,3.0026803365,757.918,2675.207,427.8365,2.2256
1.0392499006275739,-0.0000000000000000,0.0000000000000000,-0.0000000000000015,-0.0742084257435863,0.0000000000000000,3.8698052457773282,3.0026687908,758.819,2675.462,426.0314,2.2239
1.0392706585865070,-0.0000000000000002,0.0000000000000000,-0.0000000000017975,-0.0743034948874698,0.0000000000000000,3.8735607996941317,3.0026572965,759.715,2675.716,424.2406,2.2222
1.0392914334015919,-0.0000000000000020,0.0000000000000000,0.0000000000008584,-0.0743981457945946,0.0000000000000000,3.8773163536109356,3.0026458531,760.606,2675.970,422.4639,2.2205
1.0393122252614611,-0.0000000000000000,0.0000000000000000,0.0000000000003624,-0.0744923830216549,0.0000000000000000,3.8810719075277391,3.0026344601,761.492,2676.222,420.7012,2.2187
1.0393330343540281,-0.0000000000000000,0.0000000000000000,-0.0000000000034153,-0.0745862110663799,0.0000000000000000,3.8848274614445426,3.0026231173,762.373,2676.472,418.9523,2.2169
1.0393538608671820,-0.0000000000000021,0.0000000000000000,-0.0000000000029171,-0.0746796343710489,0.0000000000000000,3.8885830153613465,3.0026118241,763.249,2676.722,417.2172,2.2151
1.0393747049790125,-0.0000000000000000,0.0000000000000000,-0.0000000000011017,-0.0747726573114419,0.0000000000000000,3.8923385692781505,3.0026005802,764.121,2676.971,415.4955,2.2133
1.0393955668656445,-0.0000000000000000,0.0000000000000000,0.0000000000024771,-0.0748652842077430,0.0000000000000000,3.8960941231949540,3.0025893851,764.987,2677.218,413.7872,2.2114
1.0394164466950477,-0.0000000000000000,0.0000000000000000,0.0000000000002745,-0.0749575193179577,0.0000000000000000,3.8998496771117575,3.0025782386,765.849,2677.465,412.0922,2.2094
1.0394373446383518,-0.0000000000000000,0.0000000000000000,-0.0000000000018550,-0.0750493668507904,0.0000000000000000,3.9036052310285614,3.0025671402,766.707,2677.710,410.4103,2.2075
1.0394582608632221,-0.0000000000000021,0.0000000000000000,0.0000000000032116,-0.0751408309586285,0.0000000000000000,3.9073607849453649,3.0025560896,767.559,2677.954,408.7413,2.2055
1.0394791955221205,-0.0000000000000016,0.0000000000000000,-0.0000000000011081,-0.0752319157291812,0.0000000000000000,3.9111163388621684,3.0025450863,768.407,2678.197,407.0851,2.2035
1.0395001487809179,-0.0000000000000000,0.0000000000000000,0.0000000000026051,-0.0753226252123240,0.0000000000000000,3.9148718927789723,3.0025341299,769.251,2678.440,405.4416,2.2015
1.0395211207859667,-0.0000000000000000,0.0000000000000000,-0.0000000000000003,-0.0754129633893910,0.0000000000000000,3.9186274466957758,3.0025232202,770.090,2678.681,403.8107,2.1994
1.0395421116921384,-0.0000000000000000,0.0000000000000000,-0.0000000000000001,-0.0755029342021352,0.0000000000000000,3.9223830006125793,3.0025123568,770.924,2678.921,402.1921,2.1973
1.0395631216450554,-0.0000000000000000,0.0000000000000000,0.0000000000000004,-0.0755925415349617,0.0000000000000000,3.9261385545293832,3.0025015392,771.754,2679.160,400.5858,2.1952
1.0395841507884782,-0.0000000000000000,0.0000000000000000,-0.0000000000000033,-0.0756817892236612,0.0000000000000000,3.9298941084461871,3.0024907672,772.580,2679.398,398.9916,2.1930
1.0396051992630244,0.0000000000000000,0.0000000000000000,0.0000000000000009,-0.0757706810547594,0.0000000000000000,3.9336496623629906,3.0024800404,773.401,2679.635,397.4095,2.1908
1.0396262672062535,-0.0000000000000000,0.0000000000000000,-0.0000000000000040,-0.0758592207663501,0.0000000000000000,3.9374052162797941,3.0024693584,774.218,2679.870,395.8392,2.1886
1.0396473547527210,-0.0000000000000000,0.0000000000000000,-0.0000000000000012,-0.0759474120488914,0.0000000000000000,3.9411607701965981,3.0024587208,775.031,2680.105,394.2807,2.1863
1.0396684620340804,-0.0000000000000000,0.0000000000000000,0.0000000000000003,-0.0760352585460445,0.0000000000000000,3.9449163241134015,3.0024481275,775.840,2680.339,392.7338,2.1840
1.0396895891791258,0.0000000000000000,0.0000000000000000,-0.0000000000000013,-0.0761227638553826,0.0000000000000000,3.9486718780302050,3.0024375779,776.644,2680.572,391.1984,2.1817
1.0397107363138736,-0.0000000000000000,0.0000000000000000,-0.0000000000000020,-0.0762099315292150,0.0000000000000000,3.9524274319470090,3.0024270718,777.444,2680.804,389.6744,2.1793
1.0397319035616293,-0.0000000000000000,0.0000000000000000,0.0000000000000003,-0.0762967650753040,0.0000000000000000,3.9561829858638125,3.0024166088,778.240,2681.035,388.1617,2.1769
1.0397530910430444,-0.0000000000000000,0.0000000000000000,0.0000000000000001,-0.0763832679576009,0.0000000000000000,3.9599385397806159,3.0024061886,779.032,2681.265,386.6602,2.1745
1.0397742988760590,-0.0000000000000000,0.0000000000000000,-0.0000000000004409,-0.0764694435971528,0.0000000000000000,3.9636940936974199,3.0023958109,779.820,2681.494,385.1696,2.1721
1.0397955271762507,-0.0000000000000005,0.0000000000000000,-0.0000000000009150,-0.0765552953718670,0.0000000000000000,3.9674496476142234,3.0023854753,780.605,2681.722,383.6900,2.1696
1.0398167760576127,-0.0000000000000002,0.0000000000000000,0.0000000000002308,-0.0766408266196024,0.0000000000000000,3.9712052015310273,3.0023751816,781.385,2681.950,382.2213,2.1671
1.0398380456250731,-0.0000000000000003,0.0000000000000000,-0.0000000000082934,-0.0767260406305480,0.0000000000000000,3.9749607554478308,3.0023649294,782.161,2682.176,380.7632,2.1645
1.0398593360002599,-0.0000000000000000,0.0000000000000000,-0.0000000000005935,-0.0768109406732971,0.0000000000000000,3.9787163093646343,3.0023547184,782.933,2682.401,379.3157,2.1619
1.0398806472727140,-0.0000000000000000,0.0000000000000000,-0.0000000000087122,-0.0768955299469356,0.0000000000000000,3.9824718632814382,3.0023445483,783.702,2682.626,377.8786,2.1593
1.0399019795603894,-0.0000000000000025,0.0000000000000000,-0.0000000000053129,-0.0769798116423841,0.0000000000000000,3.9862274171982417,3.0023344188,784.466,2682.849,376.4520,2.1567
1.0399233329598496,-0.0000000000000022,0.0000000000000000,-0.0000000000001174,-0.0770637888925102,0.0000000000000000,3.9899829711150456,3.0023243296,785.227,2683.072,375.0356,2.1540
1.0399447075613206,-0.0000000000000000,0.0000000000000000,-0.0000000000111941,-0.0771474647885187,0.0000000000000000,3.9937385250318491,3.0023142803,785.984,2683.293,373.6294,2.1513
1.0399661034783518,-0.0000000000000022,0.0000000000000000,-0.0000000000070803,-0.0772308424092673,0.0000000000000000,3.9974940789486526,3.0023042708,786.738,2683.514,372.2333,2.1486
1.0399875207955298,-0.0000000000000000,0.0000000000000000,-0.0000000000089994,-0.0773139247707639,0.0000000000000000,4.0012496328654565,3.0022943006,787.487,2683.734,370.8471,2.1458
1.0400089596134978,-0.0000000000000000,0.0000000000000000,-0.0000000000028869,-0.0773967148702237,0.0000000000000000,4.0050051867822596,3.0022843695,788.233,2683.953,369.4708,2.1430
1.0400304200178354,-0.0000000000000000,0.0000000000000000,0.0000000000000050,-0.0774792156564340,0.0000000000000000,4.0087607406990635,3.0022744772,788.976,2684.171,368.1042,2.1402
1.0400519020985013,-0.0000000000000000,0.0000000000000000,-0.0000000000000003,-0.0775614300500620,0.0000000000000000,4.0125162946158675,3.0022646235,789.715,2684.388,366.7474,2.1373
1.0400734059446664,0.0000000000000000,0.0000000000000000,-0.0000000000000000,-0.0776433609376906,0.0000000000000000,4.0162718485326714,3.0022548079,790.450,2684.605,365.4000,2.1344
1.0400949316423125,-0.0000000000000000,0.0000000000000000,0.0000000000000034,-0.0777250111708999,0.0000000000000000,4.0200274024494744,3.0022450304,791.182,2684.820,364.0622,2.1315
1.0401164792756259,-0.0000000000000000,0.0000000000000000,-0.0000000000000019,-0.0778063835677506,0.0000000000000000,4.0237829563662784,3.0022352905,791.910,2685.035,362.7338,2.1285
1.0401380489271472,-0.0000000000000000,0.0000000000000000,-0.0000000000000155,-0.0778874809136766,0.0000000000000000,4.0275385102830823,3.0022255880,792.635,2685.249,361.4146,2.1255
1.0401596406777149,-0.0000000000000000,0.0000000000000000,-0.0000000000000034,-0.0779683059617376,0.0000000000000000,4.0312940641998853,3.0022159226,793.356,2685.462,360.1046,2.1225
1.0401812546065412,-0.0000000000000000,0.0000000000000000,0.0000000000000004,-0.0780488614330115,0.0000000000000000,4.0350496181166893,3.0022062941,794.074,2685.674,358.8038,2.1194
1.0402028907912497,0.0000000000000000,0.0000000000000000,-0.0000000000000005,-0.0781291500173055,0.0000000000000000,4.0388051720334932,3.0021967022,794.789,2685.886,357.5119,2.1164
1.0402245493079201,-0.0000000000000000,0.0000000000000000,0.0000000000000027,-0.0782091743735422,0.0000000000000000,4.0425607259502971,3.0021871466,795.500,2686.096,356.2290,2.1132
1.0402462302311157,-0.0000000000000000,0.0000000000000000,0.0000000000000005,-0.0782889371302220,0.0000000000000000,4.0463162798671002,3.0021776270,796.208,2686.306,354.9549,2.1101
1.0402679336339240,-0.0000000000000000,0.0000000000000000,0.0000000000000014,-0.0783684408858848,0.0000000000000000,4.0500718337839041,3.0021681432,796.913,2686.515,353.6896,2.1069
1.0402896595831785,-0.0000000000000000,0.0000000000000000,-0.0000000000093073,-0.0784476882049687,0.0000000000000000,4.0538273877007081,3.0021586950,797.614,2686.723,352.4330,2.1037
1.0403114081591160,-0.0000000000000006,0.0000000000000000,-0.0000000000088703,-0.0785266816371699,0.0000000000000000,4.0575829416175111,3.0021492821,798.312,2686.930,351.1850,2.1005
1.0403331794291459,-0.0000000000000006,0.0000000000000000,-0.0000000000009325,-0.0786054236921479,0.0000000000000000,4.0613384955343150,3.0021399042,799.007,2687.137,349.9454,2.0972
1.0403549734513662,-0.0000000000000015,0.0000000000000000,-0.0000000000042645,-0.0786839168440802,0.0000000000000000,4.0650940494511190,3.0021305610,799.699,2687.343,348.7143,2.0939
1.0403767902980789,-0.0000000000000030,0.0000000000000000,-0.0000000000066936,-0.0787621635540136,0.0000000000000000,4.0688496033679220,3.0021212524,800.388,2687.548,347.4916,2.0905
1.0403986300363204,-0.0000000000000008,0.0000000000000000,-0.0000000000044534,-0.0788401662520539,0.0000000000000000,4.0726051572847259,3.0021119781,801.073,2687.752,346.2771,2.0871
1.0404204927248091,-0.0000000000000000,0.0000000000000000,-0.0000000000072690,-0.0789179273344847,0.0000000000000000,4.0763607112015299,3.0021027378,801.756,2687.955,345.0708,2.0837
1.0404423784298495,-0.0000000000000045,0.0000000000000000,-0.0000000000077248,-0.0789954491794340,0.0000000000000000,4.0801162651183329,3.0020935314,802.435,2688.158,343.8726,2.0803
1.0404642872132095,-0.0000000000000045,0.0000000000000000,-0.0000000000052119,-0.0790727341356738,0.0000000000000000,4.0838718190351369,3.0020843584,803.112,2688.360,342.6824,2.0768
1.0404862191313760,-0.0000000000000045,0.0000000000000000,-0.0000000000064019,-0.0791497845216369,0.0000000000000000,4.0876273729519408,3.0020752188,803.785,2688.561,341.5002,2.0733
1.0405081742444862,-0.0000000000000042,0.0000000000000000,-0.0000000000093836,-0.0792266026355707,0.0000000000000000,4.0913829268687447,3.0020661123,804.455,2688.762,340.3259,2.0698
1.0405301526178812,-0.0000000000000000,0.0000000000000000,0.0000000000000007,-0.0793031907567965,0.0000000000000000,4.0951384807855478,3.0020570386,805.122,2688.962,339.1594,2.0662
1.0405521542972147,-0.0000000000000000,0.0000000000000000,0.0000000000000001,-0.0793795511215987,0.0000000000000000,4.0988940347023517,3.0020479975,805.787,2689.161,338.0007,2.0626
1.0405741793431575,-0.0000000000000000,0.0000000000000000,-0.0000000000000004,-0.0794556859575758,0.0000000000000000,4.1026495886191547,3.0020389889,806.448,2689.359,336.8496,2.0590
1.0405962278105532,0.0000000000000000,0.0000000000000000,-0.0000000000000452,-0.0795315974636051,0.0000000000000000,4.1064051425359587,3.0020300124,807.107,2689.556,335.7061,2.0553
1.0406182997532412,-0.0000000000000000,0.0000000000000000,-0.0000000000000131,-0.0796072878151438,0.0000000000000000,4.1101606964527626,3.0020210678,807.762,2689.753,334.5701,2.0516
1.0406403952241141,-0.0000000000000000,0.0000000000000000,-0.0000000000000033,-0.0796827591640620,0.0000000000000000,4.1139162503695665,3.0020121549,808.415,2689.949,333.4416,2.0479
1.0406625142751216,-0.0000000000000000,0.0000000000000000,0.0000000000000009,-0.0797580136394059,0.0000000000000000,4.1176718042863705,3.0020032735,809.065,2690.145,332.3205,2.0442
1.0406846569572901,-0.0000000000000000,0.0000000000000000,0.0000000000000003,-0.0798330533475570,0.0000000000000000,4.1214273582031735,3.0019944235,809.712,2690.339,331.2066,2.0404
1.0407068233207610,-0.0000000000000000,0.0000000000000000,0.0000000000000043,-0.0799078803725642,0.0000000000000000,4.1251829121199775,3.0019856044,810.357,2690.533,330.1001,2.0365
1.0407290134148051,-0.0000000000000000,0.0000000000000000,0.0000000000000008,-0.0799824967764539,0.0000000000000000,4.1289384660367805,3.0019768162,810.998,2690.727,329.0007,2.0327
1.0407512272878452,-0.0000000000000000,0.0000000000000000,-0.0000000000000204,-0.0800569045995529,0.0000000000000000,4.1326940199535844,3.0019680587,811.637,2690.919,327.9085,2.0288
1.0407734649818774,-0.0000000000000000,0.0000000000000000,-0.0000000000109180,-0.0801311058554652,0.0000000000000000,4.1364495738703884,3.0019593315,812.273,2691.111,326.8233,2.0249
1.0407957265572727,-0.0000000000000008,0.0000000000000000,-0.0000000000064901,-0.0802051025552399,0.0000000000000000,4.1402051277871923,3.0019506346,812.907,2691.303,325.7451,2.0209
1.0408180120481481,-0.0000000000000000,0.0000000000000000,-0.0000000000092139,-0.0802788966638270,0.0000000000000000,4.1439606817039953,3.0019419676,813.538,2691.493,324.6738,2.0169
1.0408403215063835,-0.0000000000000000,0.0000000000000000,-0.0000000000073185,-0.0803524901450502,0.0000000000000000,4.1477162356207993,3.0019333305,814.166,2691.683,323.6094,2.0129
1.0408626549710087,-0.0000000000000000,0.0000000000000000,-0.0000000000100809,-0.0804258849287335,0.0000000000000000,4.1514717895376032,3.0019247229,814.791,2691.872,322.5518,2.0089
1.0408850124897071,-0.0000000000000000,0.0000000000000000,-0.0000000000111048,-0.0804990829361744,0.0000000000000000,4.1552273434544063,3.0019161447,815.414,2692.061,321.5010,2.0048
1.0409073941053726,-0.0000000000000015,0.0000000000000000,-0.0000000000101386,-0.0805720860631786,0.0000000000000000,4.1589828973712102,3.0019075957,816.035,2692.249,320.4568,2.0007
1.0409297998594536,-0.0000000000000000,0.0000000000000000,-0.0000000000091849,-0.0806448961861975,0.0000000000000000,4.1627384512880141,3.0018990757,816.652,2692.436,319.4193,1.9965
1.0409522297979987,0.0000000000000000,0.0000000000000000,0.0000000000000011,-0.0807175151677177,0.0000000000000000,4.1664940052048172,3.0018905845,817.267,2692.623,318.3883,1.9924
1.0409746839530458,-0.0000000000000000,0.0000000000000000,-0.0000000000000399,-0.0807899448380030,0.0000000000000000,4.1702495591216211,3.0018821219,817.880,2692.809,317.3639,1.9882
1.0409971623697489,-0.0000000000000000,0.0000000000000000,-0.0000000000000114,-0.0808621870222745,0.0000000000000000,4.1740051130384250,3.0018736877,818.490,2692.994,316.3459,1.9839
1.0410196650879981,-0.0000000000000000,0.0000000000000000,-0.0000000000000019,-0.0809342435228347,0.0000000000000000,4.1777606669552281,3.0018652817,819.098,2693.179,315.3343,1.9796
1.0410421921470341,0.0000000000000000,0.0000000000000000,0.0000000000000016,-0.0810061161238057,0.0000000000000000,4.1815162208720320,3.0018569037,819.703,2693.363,314.3290,1.9753
1.0410647435855156,0.0000000000000000,0.0000000000000000,-0.0000000000000009,-0.0810778065914371,0.0000000000000000,4.1852717747888359,3.0018485535,820.306,2693.547,313.3300,1.9710
1.0410873194415469,-0.0000000000000000,0.0000000000000000,-0.0000000000000000,-0.0811493166743509,0.0000000000000000,4.1890273287056399,3.0018402310,820.906,2693.729,312.3373,1.9666
1.0411099197526799,-0.0000000000000000,0.0000000000000000,0.0000000000000004,-0.0812206481037764,0.0000000000000000,4.1927828826224429,3.0018319360,821.504,2693.912,311.3507,1.9622
1.0411325445559367,-0.0000000000000000,0.0000000000000000,-0.0000000000000037,-0.0812918025937752,0.0000000000000000,4.1965384365392469,3.0018236682,822.099,2694.093,310.3702,1.9578
1.0411551938819208,-0.0000000000000001,0.0000000000000000,-0.0000000000114210,-0.0813627818357235,0.0000000000000000,4.2002939904560508,3.0018154275,822.692,2694.274,309.3958,1.9533
1.0411778677794665,-0.0000000000000000,0.0000000000000000,-0.0000000000096049,-0.0814335875227337,0.0000000000000000,4.2040495443728538,3.0018072137,823.283,2694.455,308.4275,1.9488
1.0412005662744672,-0.0000000000000014,0.0000000000000000,-0.0000000000127102,-0.0815042213088537,0.0000000000000000,4.2078050982896578,3.0017990266,823.871,2694.635,307.4651,1.9443
1.0412232894077393,-0.0000000000000000,0.0000000000000000,-0.0000000000101609,-0.0815746848480264,0.0000000000000000,4.2115606522064617,3.0017908661,824.458,2694.814,306.5086,1.9397
1.0412460372093086,-0.0000000000000046,0.0000000000000000,-0.0000000000104713,-0.0816449797671489,0.0000000000000000,4.2153162061232656,3.0017827320,825.041,2694.993,305.5580,1.9351
1.0412688097138894,-0.0000000000000000,0.0000000000000000,-0.0000000000119383,-0.0817151076819089,0.0000000000000000,4.2190717600400687,3.0017746241,825.623,2695.171,304.6131,1.9305
1.0412916069588614,-0.0000000000000000,0.0000000000000000,-0.0000000000086044,-0.0817850701972312,0.0000000000000000,4.2228273139568726,3.0017665422,826.202,2695.348,303.6741,1.9258
1.0413144289702156,-0.0000000000000046,0.0000000000000000,-0.0000000000136696,-0.0818548688897252,0.0000000000000000,4.2265828678736757,3.0017584861,826.779,2695.525,302.7408,1.9212
1.0413372757881965,-0.0000000000000046,0.0000000000000000,-0.0000000000134410,-0.0819245053367321,0.0000000000000000,4.2303384217904796,3.0017504558,827.353,2695.701,301.8131,1.9164
1.0413601474492407,-0.0000000000000000,0.0000000000000000,0.0000000000000036,-0.0819939810962093,0.0000000000000000,4.2340939757072835,3.0017424509,827.926,2695.877,300.8911,1.9117
1.0413830439717351,-0.0000000000000000,0.0000000000000000,-0.0000000000000040,-0.0820632976945560,0.0000000000000000,4.2378495296240875,3.0017344714,828.496,2696.052,299.9746,1.9069
1.0414059653944490,-0.0000000000000000,0.0000000000000000,-0.0000000000000283,-0.0821324566638051,0.0000000000000000,4.2416050835408905,3.0017265171,829.064,2696.227,299.0637,1.9021
1.0414289117484754,-0.0000000000000000,0.0000000000000000,-0.0000000000000048,-0.0822014595136375,0.0000000000000000,4.2453606374576944,3.0017185878,829.630,2696.401,298.1582,1.8972
1.0414518830650727,-0.0000000000000000,0.0000000000000000,0.0000000000000007,-0.0822703077410110,0.0000000000000000,4.2491161913744975,3.0017106833,830.194,2696.574,297.2582,1.8923
1.0414748793749093,0.0000000000000000,0.0000000000000000,-0.0000000000000012,-0.0823390028280439,0.0000000000000000,4.2528717452913014,3.0017028035,830.755,2696.747,296.3635,1.8874
1.0414979007083498,0.0000000000000000,0.0000000000000000,0.0000000000000008,-0.0824075462430088,0.0000000000000000,4.2566272992081053,3.0016949483,831.315,2696.920,295.4742,1.8825
1.0415209470954503,-0.0000000000000000,0.0000000000000000,0.0000000000000030,-0.0824759394404730,0.0000000000000000,4.2603828531249093,3.0016871174,831.872,2697.092,294.5902,1.8775
1.0415440185659721,-0.0000000000000000,0.0000000000000000,0.0000000000000025,-0.0825441838614754,0.0000000000000000,4.2641384070417132,3.0016793108,832.428,2697.263,293.7115,1.8725
1.0415671151493848,0.0000000000000000,0.0000000000000000,0.0000000000000020,-0.0826122809336891,0.0000000000000000,4.2678939609585163,3.0016715281,832.981,2697.434,292.8380,1.8674
1.0415902368696424,-0.0000000000000000,0.0000000000000000,-0.0000000000101501,-0.0826802320664902,0.0000000000000000,4.2716495148753202,3.0016637694,833.532,2697.604,291.9696,1.8623
1.0416133837663482,-0.0000000000000003,0.0000000000000000,-0.0000000000099665,-0.0827480386719364,0.0000000000000000,4.2754050687921241,3.0016560344,834.081,2697.774,291.1064,1.8572
1.0416365558626686,-0.0000000000000017,0.0000000000000000,-0.0000000000097065,-0.0828157021327943,0.0000000000000000,4.2791606227089272,3.0016483230,834.628,2697.943,290.2483,1.8521
1.0416597531864660,-0.0000000000000013,0.0000000000000000,-0.0000000000102156,-0.0828832238243866,0.0000000000000000,4.2829161766257311,3.0016406351,835.173,2698.112,289.3952,1.8469
1.0416829757658292,-0.0000000000000000,0.0000000000000000,-0.0000000000120368,-0.0829506051101774,0.0000000000000000,4.2866717305425350,3.0016329704,835.716,2698.280,288.5471,1.8417
1.0417062236321066,-0.0000000000000001,0.0000000000000000,-0.0000000000091173,-0.0830178473449742,0.0000000000000000,4.2904272844593381,3.0016253288,836.257,2698.447,287.7040,1.8365
1.0417294968086139,-0.0000000000000003,0.0000000000000000,-0.0000000000090627,-0.0830849518623310,0.0000000000000000,4.2941828383761420,3.0016177103,836.796,2698.614,286.8658,1.8312
1.0417527953227619,-0.0000000000000047,0.0000000000000000,-0.0000000000123878,-0.0831519199892092,0.0000000000000000,4.2979383922929459,3.0016101146,837.333,2698.781,286.0325,1.8259
1.0417761192050519,-0.0000000000000000,0.0000000000000000,-0.0000000000123141,-0.0832187530427408,0.0000000000000000,4.3016939462097490,3.0016025415,837.868,2698.947,285.2040,1.8205
1.0417994684834297,-0.0000000000000045,0.0000000000000000,-0.0000000000078913,-0.0832854523274525,0.0000000000000000,4.3054495001265529,3.0015949910,838.401,2699.113,284.3804,1.8152
1.0418228431793934,-0.0000000000000000,0.0000000000000000,-0.0000000000095083,-0.0833520191291527,0.0000000000000000,4.3092050540433569,3.0015874629,838.933,2699.278,283.5615,1.8098
1.0418462433229185,-0.0000000000000000,0.0000000000000000,-0.0000000000105235,-0.0834184547305942,0.0000000000000000,4.3129606079601599,3.0015799571,839.462,2699.442,282.7473,1.8043
1.0418696689462230,-0.0000000000000000,0.0000000000000000,-0.0000000000000012,-0.0834847604056807,0.0000000000000000,4.3167161618769638,3.0015724734,839.990,2699.606,281.9379,1.7989
1.0418931200644530,-0.0000000000000000,0.0000000000000000,0.0000000000000011,-0.0835509374009981,0.0000000000000000,4.3204717157937678,3.0015650116,840.515,2699.770,281.1331,1.7934
1.0419165967091670,-0.0000000000000000,0.0000000000000000,0.0000000000000018,-0.0836169869676743,0.0000000000000000,4.3242272697105708,3.0015575717,841.039,2699.933,280.3329,1.7878
1.0419400989064389,-0.0000000000000000,0.0000000000000000,-0.0000000000000011,-0.0836829103409183,0.0000000000000000,4.3279828236273747,3.0015501535,841.561,2700.096,279.5373,1.7823
1.0419636266822005,-0.0000000000000000,0.0000000000000000,0.0000000000000013,-0.0837487087451187,0.0000000000000000,4.3317383775441787,3.0015427568,842.081,2700.258,278.7462,1.7767
1.0419871800623230,-0.0000000000000000,0.0000000000000000,0.0000000000000356,-0.0838143833943044,0.0000000000000000,4.3354939314609826,3.0015353816,842.599,2700.419,277.9597,1.7710
1.0420107590722674,-0.0000000000000000,0.0000000000000000,0.0000000000000091,-0.0838799354908369,0.0000000000000000,4.3392494853777865,3.0015280277,843.115,2700.581,277.1776,1.7654
1.0420343637377520,-0.0000000000000000,0.0000000000000000,0.0000000000000045,-0.0839453662281603,0.0000000000000000,4.3430050392945896,3.0015206949,843.630,2700.741,276.4000,1.7597
1.0420579940841843,-0.0000000000000000,0.0000000000000000,-0.0000000000000020,-0.0840106767886552,0.0000000000000000,4.3467605932113935,3.0015133831,844.143,2700.902,275.6268,1.7540
1.0420816501368828,-0.0000000000000000,0.0000000000000000,0.0000000000000000,-0.0840758683446228,0.0000000000000000,4.3505161471281966,3.0015060922,844.654,2701.061,274.8580,1.7482
1.0421053319210694,-0.0000000000000000,0.0000000000000000,0.0000000000000013,-0.0841409420583180,0.0000000000000000,4.3542717010450005,3.0014988220,845.163,2701.221,274.0935,1.7424
1.0421290394618776,-0.0000000000000000,0.0000000000000000,-0.0000000000000003,-0.0842058990821258,0.0000000000000000,4.3580272549618044,3.0014915725,845.671,2701.379,273.3333,1.7366
1.0421527727783038,-0.0000000000000000,0.0000000000000000,-0.0000000000119749,-0.0842707405529274,0.0000000000000000,4.3617828088786084,3.0014843435,846.177,2701.538,272.5774,1.7308
1.0421765319094642,-0.0000000000000001,0.0000000000000000,-0.0000000000080942,-0.0843354676171227,0.0000000000000000,4.3655383627954114,3.0014771348,846.681,2701.696,271.8257,1.7249
1.0422003168699052,-0.0000000000000018,0.0000000000000000,-0.0000000000083725,-0.0844000813877957,0.0000000000000000,4.3692939167122153,3.0014699464,847.183,2701.853,271.0782,1.7190
1.0422241276876472,-0.0000000000000006,0.0000000000000000,-0.0000000000068813,-0.0844645829822780,0.0000000000000000,4.3730494706290184,3.0014627781,847.684,2702.010,270.3349,1.7130
1.0422479643854490,-0.0000000000000048,0.0000000000000000,-0.0000000000074225,-0.0845289735031176,0.0000000000000000,4.3768050245458223,3.0014556298,848.183,2702.167,269.5958,1.7070
1.0422718269858344,-0.0000000000000000,0.0000000000000000,-0.0000000000138834,-0.0845932540432216,0.0000000000000000,4.3805605784626263,3.0014485013,848.680,2702.323,268.8608,1.7010
1.0422957155207280,-0.0000000000000032,0.0000000000000000,-0.0000000000131415,-0.0846574256966165,0.0000000000000000,4.3843161323794302,3.0014413926,849.176,2702.479,268.1298,1.6950
1.0423196300098190,-0.0000000000000022,0.0000000000000000,-0.0000000000133168,-0.0847214895345140,0.0000000000000000,4.3880716862962332,3.0014343035,849.669,2702.634,267.4029,1.6889
1.0423435704777899,-0.0000000000000048,0.0000000000000000,-0.0000000000148210,-0.0847854466262654,0.0000000000000000,4.3918272402130372,3.0014272339,850.162,2702.789,266.6801,1.6828
1.0423675369544843,-0.0000000000000048,0.0000000000000000,-0.0000000000084760,-0.0848492980369352,0.0000000000000000,4.3955827941298411,3.0014201836,850.653,2702.943,265.9612,1.6766
1.0423915294514221,-0.0000000000000048,0.0000000000000000,-0.0000000000168470,-0.0849130448029268,0.0000000000000000,4.3993383480466441,3.0014131526,851.142,2703.097,265.2463,1.6705
1.0424155480105184,-0.0000000000000048,0.0000000000000000,-0.0000000000093742,-0.0849766879858031,0.0000000000000000,4.4030939019634481,3.0014061407,851.629,2703.251,264.5353,1.6643
1.0424395926432064,-0.0000000000000000,0.0000000000000000,-0.0000000000086913,-0.0850402286047545,0.0000000000000000,4.4068494558802520,3.0013991479,852.115,2703.404,263.8282,1.6580
1.0424636633779993,-0.0000000000000087,0.0000000000000000,-0.0000000000079630,-0.0851036676898038,0.0000000000000000,4.4106050097970559,3.0013921739,852.599,2703.556,263.1250,1.6518
1.0424877602426028,-0.0000000000000000,0.0000000000000000,0.0000000000000028,-0.0851670062605705,0.0000000000000000,4.4143605637138590,3.0013852187,853.082,2703.709,262.4256,1.6455
1.0425118832541935,-0.0000000000000000,0.0000000000000000,0.0000000000000001,-0.0852302453197132,0.0000000000000000,4.4181161176306629,3.0013782822,853.563,2703.861,261.7301,1.6391
1.0425360324410404,-0.0000000000000000,0.0000000000000000,0.0000000000000011,-0.0852933858713503,0.0000000000000000,4.4218716715474669,3.0013713642,854.043,2704.012,261.0384,1.6328
1.0425602078275698,-0.0000000000000000,0.0000000000000000,0.0000000000000017,-0.0853564289082050,0.0000000000000000,4.4256272254642699,3.0013644647,854.521,2704.163,260.3504,1.6264
1.0425844094382191,-0.0000000000000000,0.0000000000000000,0.0000000000000182,-0.0854193754151295,0.0000000000000000,4.4293827793810738,3.0013575835,854.997,2704.314,259.6661,1.6199
1.0426086372974346,-0.0000000000000000,0.0000000000000000,0.0000000000000001,-0.0854822263690980,0.0000000000000000,4.4331383332978778,3.0013507205,855.472,2704.464,258.9856,1.6135
1.0426328914296810,0.0000000000000000,0.0000000000000000,-0.0000000000000092,-0.0855449827393894,0.0000000000000000,4.4368938872146817,3.0013438755,855.945,2704.614,258.3087,1.6070
1.0426571718594502,0.0000000000000000,0.0000000000000000,0.0000000000000045,-0.0856076454876584,0.0000000000000000,4.4406494411314847,3.0013370486,856.417,2704.763,257.6355,1.6004
1.0426814786112519,-0.0000000000000000,0.0000000000000000,0.0000000000000002,-0.0856702155679473,0.0000000000000000,4.4444049950482887,3.0013302396,856.888,2704.912,256.9659,1.5939
1.0427058117096359,-0.0000000000000000,0.0000000000000000,0.0000000000000017,-0.0857326939268966,0.0000000000000000,4.4481605489650917,3.0013234483,857.357,2705.061,256.2999,1.5873
1.0427301711791732,-0.0000000000000000,0.0000000000000000,-0.0000000000000064,-0.0857950815037059,0.0000000000000000,4.4519161028818957,3.0013166746,857.824,2705.209,255.6375,1.5807
1.0427545570445007,-0.0000000000000000,0.0000000000000000,0.0000000000000001,-0.0858573792303664,0.0000000000000000,4.4556716567986996,3.0013099185,858.290,2705.357,254.9787,1.5740
1.0427789693302638,0.0000000000000000,0.0000000000000000,0.0000000000000027,-0.0859195880315562,0.0000000000000000,4.4594272107155035,3.0013031799,858.755,2705.504,254.3234,1.5673
1.0428034080611770,0.0000000000000000,0.0000000000000000,-0.0000000000000008,-0.0859817088248812,0.0000000000000000,4.4631827646323066,3.0012964585,859.218,2705.651,253.6715,1.5606
1.0428278732619838,0.0000000000000000,0.0000000000000000,0.0000000000000044,-0.0860437425208585,0.0000000000000000,4.4669383185491105,3.0012897545,859.680,2705.798,253.0232,1.5539
1.0428523649489285,-0.0000000000000000,0.0000000000000000,-0.0000000000162159,-0.0861056900143192,0.0000000000000000,4.4706938724659135,3.0012830675,860.140,2705.944,252.3783,1.5471
1.0428768831691433,-0.0000000000000000,0.0000000000000000,-0.0000000000071448,-0.0861675522251046,0.0000000000000000,4.4744494263827175,3.0012763975,860.599,2706.090,251.7368,1.5403
1.0429014279262685,-0.0000000000000015,0.0000000000000000,-0.0000000000116900,-0.0862293300203952,0.0000000000000000,4.4782049802995214,3.0012697445,861.056,2706.235,251.0988,1.5334
1.0429259992584186,-0.0000000000000070,0.0000000000000000,-0.0000000000063066,-0.0862910242976463,0.0000000000000000,4.4819605342163253,3.0012631083,861.512,2706.381,250.4641,1.5266
1.0429505971820536,-0.0000000000000085,0.0000000000000000,-0.0000000000061156,-0.0863526359237050,0.0000000000000000,4.4857160881331293,3.0012564888,861.967,2706.525,249.8327,1.5197
1.0429752217250545,-0.0000000000000000,0.0000000000000000,-0.0000000000070172,-0.0864141657720347,0.0000000000000000,4.4894716420499323,3.0012498859,862.420,2706.670,249.2047,1.5127
1.0429998729129508,-0.0000000000000000,0.0000000000000000,-0.0000000000079011,-0.0864756147060076,0.0000000000000000,4.4932271959667363,3.0012432995,862.872,2706.814,248.5800,1.5058
1.0430245507675555,-0.0000000000000000,0.0000000000000000,-0.0000000000152025,-0.0865369835789094,0.0000000000000000,4.4969827498835393,3.0012367295,863.323,2706.957,247.9586,1.4987
1.0430492553273667,-0.0000000000000049,0.0000000000000000,-0.0000000000046238,-0.0865982732552518,0.0000000000000000,4.5007383038003432,3.0012301759,863.772,2707.101,247.3405,1.4917
1.0430739866003458,-0.0000000000000049,0.0000000000000000,-0.0000000000083155,-0.0866594845606846,0.0000000000000000,4.5044938577171472,3.0012236384,864.220,2707.244,246.7256,1.4846
1.0430987446176687,-0.0000000000000047,0.0000000000000000,-0.0000000000166822,-0.0867206183396671,0.0000000000000000,4.5082494116339511,3.0012171171,864.666,2707.386,246.1139,1.4776
1.0431235294148229,-0.0000000000000047,0.0000000000000000,-0.0000000000106492,-0.0867816754341195,0.0000000000000000,4.5120049655507541,3.0012106117,865.111,2707.528,245.5054,1.4704
1.0431483410079807,-0.0000000000000000,0.0000000000000000,-0.0000000000081856,-0.0868426566599835,0.0000000000000000,4.5157605194675581,3.0012041223,865.555,2707.670,244.9001,1.4633
1.0431731794218964,-0.0000000000000000,0.0000000000000000,-0.0000000000113798,-0.0869035628358988,0.0000000000000000,4.5195160733843620,3.0011976487,865.998,2707.812,244.2979,1.4561
1.0431980446929747,-0.0000000000000000,0.0000000000000000,-0.0000000000000242,-0.0869643947863630,0.0000000000000000,4.5232716273011651,3.0011911909,866.439,2707.953,243.6989,1.4488
1.0432229368339605,0.0000000000000000,0.0000000000000000,0.0000000000000037,-0.0870251533062465,0.0000000000000000,4.5270271812179690,3.0011847486,866.879,2708.094,243.1029,1.4416
1.0432478558767933,-0.0000000000000000,0.0000000000000000,-0.0000000000000082,-0.0870858392034244,0.0000000000000000,4.5307827351347729,3.0011783220,867.318,2708.234,242.5101,1.4343
1.0432728018477169,-0.0000000000000000,0.0000000000000000,0.0000000000000001,-0.0871464532743550,0.0000000000000000,4.5345382890515760,3.0011719107,867.755,2708.374,241.9203,1.4270
1.0432977747730718,-0.0000000000000000,0.0000000000000000,0.0000000000000077,-0.0872069963097158,0.0000000000000000,4.5382938429683799,3.0011655148,868.191,2708.514,241.3336,1.4196
1.0433227746793288,-0.0000000000000000,0.0000000000000000,0.0000000000000014,-0.0872674690946356,0.0000000000000000,4.5420493968851838,3.0011591342,868.626,2708.653,240.7499,1.4123
1.0433478015930742,-0.0000000000000000,0.0000000000000000,-0.0000000000000026,-0.0873278724086747,0.0000000000000000,4.5458049508019869,3.0011527687,869.060,2708.793,240.1692,1.4048
1.0433728555410091,-0.0000000000000000,0.0000000000000000,0.0000000000000027,-0.0873882070258791,0.0000000000000000,4.5495605047187908,3.0011464184,869.492,2708.931,239.5916,1.3974
1.0433979365499564,-0.0000000000000000,0.0000000000000000,0.0000000000000038,-0.0874484737148488,0.0000000000000000,4.5533160586355947,3.0011400830,869.923,2709.070,239.0168,1.3899
1.0434230446468669,-0.0000000000000000,0.0000000000000000,0.0000000000000054,-0.0875086732388154,0.0000000000000000,4.5570716125523987,3.0011337625,870.353,2709.208,238.4450,1.3824
1.0434481798588153,-0.0000000000000000,0.0000000000000000,0.0000000000000040,-0.0875688063556694,0.0000000000000000,4.5608271664692026,3.0011274568,870.782,2709.346,237.8762,1.3749
1.0434733422130036,-0.0000000000000000,0.0000000000000000,0.0000000000000018,-0.0876288738180500,0.0000000000000000,4.5645827203860057,3.0011211658,871.209,2709.483,237.3102,1.3673
1.0434985317367798,-0.0000000000000000,0.0000000000000000,0.0000000000000077,-0.0876888763734134,0.0000000000000000,4.5683382743028096,3.0011148895,871.636,2709.620,236.7472,1.3597
1.0435237484576021,-0.0000000000000000,0.0000000000000000,0.0000000000000017,-0.0877488147639999,0.0000000000000000,4.5720938282196126,3.0011086277,872.061,2709.757,236.1870,1.3521
1.0435489924007788,-0.0000000000000050,0.0000000000000000,-0.0000000000050324,-0.0878086897251605,0.0000000000000000,4.5758493821364166,3.0011023804,872.485,2709.893,235.6297,1.3444
1.0435742635972598,-0.0000000000000001,0.0000000000000000,-0.0000000000075741,-0.0878685019911623,0.0000000000000000,4.5796049360532205,3.0010961474,872.907,2710.029,235.0752,1.3367
1.0435995620749736,-0.0000000000000005,0.0000000000000000,-0.0000000000085965,-0.0879282522899298,0.0000000000000000,4.5833604899700244,3.0010899287,873.329,2710.165,234.5235,1.3290
1.0436248878574943,-0.0000000000000007,0.0000000000000000,-0.0000000000159941,-0.0879879413392781,0.0000000000000000,4.5871160438868275,3.0010837243,873.749,2710.301,233.9746,1.3212
1.0436502409855011,-0.0000000000000045,0.0000000000000000,-0.0000000000065850,-0.0880475698690153,0.0000000000000000,4.5908715978036314,3.0010775339,874.169,2710.436,233.4285,1.3134
1.0436756214716567,-0.0000000000000050,0.0000000000000000,-0.0000000000096173,-0.0881071385759654,0.0000000000000000,4.5946271517204345,3.0010713576,874.587,2710.571,232.8851,1.3056
1.0437010293540439,-0.0000000000000038,0.0000000000000000,-0.0000000000070975,-0.0881666481773298,0.0000000000000000,4.5983827056372384,3.0010651952,875.004,2710.705,232.3445,1.2978
1.0437264646555395,-0.0000000000000000,0.0000000000000000,-0.0000000000100984,-0.0882260993707080,0.0000000000000000,4.6021382595540423,3.0010590467,875.419,2710.840,231.8066,1.2899
1.0437519274100646,-0.0000000000000000,0.0000000000000000,-0.0000000000086929,-0.0882854928596871,0.0000000000000000,4.6058938134708463,3.0010529119,875.834,2710.974,231.2714,1.2820
1.0437774176456962,-0.0000000000000085,0.0000000000000000,-0.0000000000046146,-0.0883448293373208,0.0000000000000000,4.6096493673876493,3.0010467909,876.248,2711.107,230.7390,1.2740
1.0438029353858236,-0.0000000000000050,0.0000000000000000,-0.0000000000079746,-0.0884041094860654,0.0000000000000000,4.6134049213044532,3.0010406835,876.660,2711.240,230.2092,1.2661
1.0438284806659683,-0.0000000000000050,0.0000000000000000,-0.0000000000081368,-0.0884633339978384,0.0000000000000000,4.6171604752212572,3.0010345896,877.071,2711.374,229.6820,1.2580
1.0438540535159406,-0.0000000000000000,0.0000000000000000,-0.0000000000037152,-0.0885225035535266,0.0000000000000000,4.6209160291380602,3.0010285092,877.482,2711.506,229.1575,1.2500
1.0438796539576678,-0.0000000000000050,0.0000000000000000,-0.0000000000086033,-0.0885816188201429,0.0000000000000000,4.6246715830548641,3.0010224421,877.891,2711.639,228.6356,1.2419
1.0439052820312811,-0.0000000000000025,0.0000000000000000,-0.0000000000040272,-0.0886406804806995,0.0000000000000000,4.6284271369716681,3.0010163884,878.299,2711.771,228.1163,1.2338
1.0439309377608579,-0.0000000000000000,0.0000000000000000,-0.0000000000000282,-0.0886996891952259,0.0000000000000000,4.6321826908884720,3.0010103478,878.706,2711.903,227.5996,1.2257
1.0439566211754012,-0.0000000000000000,0.0000000000000000,-0.0000000000000156,-0.0887586456265921,0.0000000000000000,4.6359382448052751,3.0010043204,879.112,2712.034,227.0855,1.2176
1.0439823323069184,-0.0000000000000000,0.0000000000000000,-0.0000000000000031,-0.0888175504347077,0.0000000000000000,4.6396937987220790,3.0009983061,879.517,2712.165,226.5739,1.2094
1.0440080711858399,-0.0000000000000000,0.0000000000000000,-0.0000000000000010,-0.0888764042739871,0.0000000000000000,4.6434493526388829,3.0009923048,879.920,2712.296,226.0649,1.2011
1.0440338378427672,-0.0000000000000000,0.0000000000000000,0.0000000000000030,-0.0889352077946877,0.0000000000000000,4.6472049065556860,3.0009863163,880.323,2712.427,225.5584,1.1929
1.0440596323084794,-0.0000000000000000,0.0000000000000000,0.0000000000000013,-0.0889939616429832,0.0000000000000000,4.6509604604724899,3.0009803407,880.725,2712.557,225.0545,1.1846
1.0440854546139380,-0.0000000000000000,0.0000000000000000,0.0000000000000096,-0.0890526664609917,0.0000000000000000,4.6547160143892938,3.0009743778,881.125,2712.688,224.5530,1.1763
1.0441113047902739,-0.0000000000000000,0.0000000000000000,0.0000000000000022,-0.0891113228867840,0.0000000000000000,4.6584715683060969,3.0009684277,881.525,2712.817,224.0540,1.1679
1.0441371828688131,-0.0000000000000000,0.0000000000000000,0.0000000000000044,-0.0891699315545298,0.0000000000000000,4.6622271222229008,3.0009624901,881.924,2712.947,223.5574,1.1596
1.0441630888810589,-0.0000000000000000,0.0000000000000000,0.0000000000000006,-0.0892284930944219,0.0000000000000000,4.6659826761397047,3.0009565650,882.321,2713.076,223.0633,1.1512
1.0441890228587010,-0.0000000000000000,0.0000000000000000,0.0000000000000016,-0.0892870081327899,0.0000000000000000,4.6697382300565078,3.0009506524,882.718,2713.205,222.5717,1.1427
1.0442149848336146,-0.0000000000000000,0.0000000000000000,0.0000000000000037,-0.0893454772921223,0.0000000000000000,4.6734937839733117,3.0009447522,883.113,2713.334,222.0825,1.1343
1.0442409748378629,-0.0000000000000000,0.0000000000000000,0.0000000000000015,-0.0894039011910914,0.0000000000000000,4.6772493378901157,3.0009388643,883.508,2713.462,221.5956,1.1258
1.0442669929037007,-0.0000000000000000,0.0000000000000000,0.0000000000000045,-0.0894622804446276,0.0000000000000000,4.6810048918069196,3.0009329886,883.901,2713.590,221.1112,1.1172
1.0442930390559644,-0.0000000000000051,0.0000000000000000,-0.0000000000148728,-0.0895206156562952,0.0000000000000000,4.6847604457237226,3.0009271251,884.294,2713.718,220.6291,1.1087
1.0443191133500911,-0.0000000000000001,0.0000000000000000,-0.0000000000010643,-0.0895789074569965,0.0000000000000000,4.6885159996405266,3.0009212737,884.685,2713.846,220.1495,1.1001
1.0443452157924182,-0.0000000000000001,0.0000000000000000,-0.0000000000078297,-0.0896371564227781,0.0000000000000000,4.6922715535573296,3.0009154342,885.076,2713.973,219.6721,1.0915
1.0443713464310072,-0.0000000000000007,0.0000000000000000,-0.0000000000079895,-0.0896953631699031,0.0000000000000000,4.6960271074741335,3.0009096068,885.465,2714.100,219.1971,1.0828
1.0443975052957026,-0.0000000000000039,0.0000000000000000,-0.0000000000073267,-0.0897535282916027,0.0000000000000000,4.6997826613909375,3.0009037912,885.854,2714.227,218.7244,1.0741
1.0444236924185681,-0.0000000000000000,0.0000000000000000,-0.0000000000086025,-0.0898116523796153,0.0000000000000000,4.7035382153077414,3.0008979874,886.242,2714.354,218.2540,1.0654
1.0444499078351464,-0.0000000000000070,0.0000000000000000,-0.0000000000081341,-0.0898697360257836,0.0000000000000000,4.7072937692245453,3.0008921953,886.629,2714.480,217.7859,1.0567
1.0444761515786620,-0.0000000000000000,0.0000000000000000,-0.0000000000073240,-0.0899277798153768,0.0000000000000000,4.7110493231413484,3.0008864149,887.014,2714.606,217.3201,1.0479
1.0445024236833083,-0.0000000000000051,0.0000000000000000,-0.0000000000059354,-0.0899857843315877,0.0000000000000000,4.7148048770581523,3.0008806461,887.399,2714.732,216.8566,1.0391
1.0445287241809844,-0.0000000000000059,0.0000000000000000,-0.0000000000076434,-0.0900437501512682,0.0000000000000000,4.7185604309749554,3.0008748888,887.783,2714.857,216.3953,1.0303
1.0445550531024783,-0.0000000000000051,0.0000000000000000,-0.0000000000195843,-0.0901016778467654,0.0000000000000000,4.7223159848917593,3.0008691430,888.166,2714.983,215.9363,1.0214
1.0445814105019340,-0.0000000000000000,0.0000000000000000,-0.0000000000059555,-0.0901595680119471,0.0000000000000000,4.7260715388085632,3.0008634086,888.548,2715.108,215.4794,1.0125
1.0446077963913971,-0.0000000000000000,0.0000000000000000,-0.0000000000091450,-0.0902174211916490,0.0000000000000000,4.7298270927253672,3.0008576855,888.929,2715.232,215.0248,1.0036
1.0446342108171693,-0.0000000000000041,0.0000000000000000,-0.0000000000076996,-0.0902752379638821,0.0000000000000000,4.7335826466421702,3.0008519736,889.310,2715.357,214.5724,0.9946
1.0446606538108583,-0.0000000000000000,0.0000000000000000,-0.0000000000087357,-0.0903330188885515,0.0000000000000000,4.7373382005589741,3.0008462729,889.689,2715.481,214.1222,0.9856
1.0446871254100085,-0.0000000000000000,0.0000000000000000,-0.0000000000082521,-0.0903907645270370,0.0000000000000000,4.7410937544757772,3.0008405834,890.067,2715.605,213.6742,0.9766
1.0447136256523515,-0.0000000000000042,0.0000000000000000,-0.0000000000026758,-0.0904484754385554,0.0000000000000000,4.7448493083925811,3.0008349049,890.445,2715.729,213.2283,0.9676
1.0447401545652939,-0.0000000000000051,0.0000000000000000,-0.0000000000081697,-0.0905061521680265,0.0000000000000000,4.7486048623093851,3.0008292374,890.821,2715.853,212.7846,0.9585
1.0447667121976629,-0.0000000000000000,0.0000000000000000,-0.0000000000000127,-0.0905637952787689,0.0000000000000000,4.7523604162261890,3.0008235808,891.197,2715.976,212.3430,0.9494
1.0447932985749337,-0.0000000000000000,0.0000000000000000,0.0000000000000037,-0.0906214053077347,0.0000000000000000,4.7561159701429929,3.0008179351,891.572,2716.099,211.9035,0.9403
1.0448199137376895,-0.0000000000000000,0.0000000000000000,0.0000000000000027,-0.0906789828033164,0.0000000000000000,4.7598715240597960,3.0008123001,891.946,2716.222,211.4662,0.9311
1.0448465577227357,-0.0000000000000000,0.0000000000000000,-0.0000000000000006,-0.0907365283071430,0.0000000000000000,4.7636270779765999,3.0008066759,892.319,2716.344,211.0310,0.9219
1.0448732305671027,-0.0000000000000000,0.0000000000000000,-0.0000000000000048,-0.0907940423578730,0.0000000000000000,4.7673826318934029,3.0008010624,892.691,2716.466,210.5978,0.9127
1.0448999323080375,-0.0000000000000000,0.0000000000000000,0.0000000000000010,-0.0908515254912729,0.0000000000000000,4.7711381858102069,3.0007954595,893.063,2716.589,210.1667,0.9034
1.0449266629830209,-0.0000000000000000,0.0000000000000000,-0.0000000000000018,-0.0909089782402191,0.0000000000000000,4.7748937397270108,3.0007898671,893.433,2716.710,209.7377,0.8942
1.0449534226297212,-0.0000000000000000,0.0000000000000000,-0.0000000000000792,-0.0909664011346205,0.0000000000000000,4.7786492936438147,3.0007842851,893.803,2716.832,209.3108,0.8849
1.0449802112861486,-0.0000000000000000,0.0000000000000000,-0.0000000000000122,-0.0910237947020150,0.0000000000000000,4.7824048475606178,3.0007787136,894.172,2716.953,208.8859,0.8755
1.0450070289903857,-0.0000000000000000,0.0000000000000000,0.0000000000000015,-0.0910811594665309,0.0000000000000000,4.7861604014774217,3.0007731525,894.540,2717.075,208.4630,0.8661
1.0450338757808353,-0.0000000000000000,0.0000000000000000,-0.0000000000000538,-0.0911384959498849,0.0000000000000000,4.7899159553942257,3.0007676016,894.907,2717.195,208.0422,0.8567
1.0450607516961237,-0.0000000000000000,0.0000000000000000,0.0000000000000050,-0.0911958046710969,0.0000000000000000,4.7936715093110287,3.0007620609,895.274,2717.316,207.6234,0.8473
1.0450876567750915,-0.0000000000000000,0.0000000000000000,0.0000000000000020,-0.0912530861463261,0.0000000000000000,4.7974270632278326,3.0007565305,895.639,2717.437,207.2065,0.8379
1.0451145910568236,-0.0000000000000000,0.0000000000000000,0.0000000000000010,-0.0913103408891718,0.0000000000000000,4.8011826171446366,3.0007510101,896.004,2717.557,206.7917,0.8284
1.0451415545806344,-0.0000000000000000,0.0000000000000000,0.0000000000000002,-0.0913675694105486,0.0000000000000000,4.8049381710614405,3.0007454997,896.368,2717.677,206.3788,0.8188
1.0451685473860755,-0.0000000000000000,0.0000000000000000,0.0000000000000004,-0.0914247722187708,0.0000000000000000,4.8086937249782435,3.0007399994,896.731,2717.797,205.9679,0.8093
1.0451955695129365,-0.0000000000000000,0.0000000000000000,0.0000000000000067,-0.0914819498195631,0.0000000000000000,4.8124492788950475,3.0007345090,897.093,2717.916,205.5590,0.7997
1.0452226209910862,-0.0000000000000000,0.0000000000000000,-0.0000000000192526,-0.0915391027053795,0.0000000000000000,4.8162048328118505,3.0007290284,897.455,2718.036,205.1520,0.7901
1.0452497018893141,-0.0000000000000005,0.0000000000000000,-0.0000000000046255,-0.0915962314074315,0.0000000000000000,4.8199603867286545,3.0007235577,897.816,2718.155,204.7470,0.7805
1.0452768122198066,-0.0000000000000011,0.0000000000000000,-0.0000000000075330,-0.0916533363927004,0.0000000000000000,4.8237159406454584,3.0007180966,898.175,2718.274,204.3438,0.7708
1.0453039520349710,-0.0000000000000021,0.0000000000000000,-0.0000000000073579,-0.0917104181701833,0.0000000000000000,4.8274714945622623,3.0007126453,898.535,2718.392,203.9426,0.7611
1.0453311213744634,-0.0000000000000008,0.0000000000000000,-0.0000000000072072,-0.0917674772317520,0.0000000000000000,4.8312270484790654,3.0007072036,898.893,2718.511,203.5433,0.7514
1.0453583202775918,-0.0000000000000000,0.0000000000000000,-0.0000000000090222,-0.0918245140651259,0.0000000000000000,4.8349826023958693,3.0007017715,899.251,2718.629,203.1459,0.7417
1.0453855487891455,-0.0000000000000010,0.0000000000000000,-0.0000000000074445,-0.0918815291632407,0.0000000000000000,4.8387381563126732,3.0006963489,899.607,2718.747,202.7504,0.7319
1.0454128069530175,-0.0000000000000000,0.0000000000000000,0.0000000000007676,-0.0919385230141787,0.0000000000000000,4.8424937102294763,3.0006909357,899.963,2718.865,202.3567,0.7221
1.0454400948005760,-0.0000000000000000,0.0000000000000000,-0.0000000000033283,-0.0919954960901704,0.0000000000000000,4.8462492641462802,3.0006855320,900.319,2718.983,201.9649,0.7122
1.0454674123793828,-0.0000000000000025,0.0000000000000000,-0.0000000000091643,-0.0920524488778693,0.0000000000000000,4.8500048180630841,3.0006801376,900.673,2719.100,201.5750,0.7024
1.0454947597368478,-0.0000000000000052,0.0000000000000000,-0.0000000000088004,-0.0921093818621807,0.0000000000000000,4.8537603719798881,3.0006747524,901.027,2719.217,201.1869,0.6925
1.0455221369160128,-0.0000000000000000,0.0000000000000000,0.0000000000000050,-0.0921662955197734,0.0000000000000000,4.8575159258966911,3.0006693765,901.380,2719.334,200.8007,0.6825
1.0455495439515465,-0.0000000000000000,0.0000000000000000,0.0000000000000019,-0.0922231903167908,0.0000000000000000,4.8612714798134951,3.0006640098,901.733,2719.451,200.4163,0.6726
1.0455769808909645,-0.0000000000000000,0.0000000000000000,0.0000000000000010,-0.0922800667298577,0.0000000000000000,4.8650270337302981,3.0006586522,902.084,2719.568,200.0337,0.6626
1.0456044477777307,-0.0000000000000000,0.0000000000000000,-0.0000000000000119,-0.0923369252290457,0.0000000000000000,4.8687825876471020,3.0006533036,902.435,2719.684,199.6529,0.6526
1.0456319446555704,-0.0000000000000000,0.0000000000000000,-0.0000000000000057,-0.0923937662823045,0.0000000000000000,4.8725381415639060,3.0006479641,902.785,2719.800,199.2739,0.6426
1.0456594715684540,-0.0000000000000000,0.0000000000000000,0.0000000000000041,-0.0924505903553617,0.0000000000000000,4.8762936954807099,3.0006426335,903.135,2719.916,198.8966,0.6325
1.0456870285606095,-0.0000000000000000,0.0000000000000000,-0.0000000000000014,-0.0925073979118373,0.0000000000000000,4.8800492493975129,3.0006373118,903.483,2720.032,198.5212,0.6224
1.0457146156765265,-0.0000000000000000,0.0000000000000000,0.0000000000000011,-0.0925641894132698,0.0000000000000000,4.8838048033143169,3.0006319989,903.831,2720.148,198.1476,0.6123
1.0457422329609471,-0.0000000000000000,0.0000000000000000,0.0000000000000002,-0.0926209653190855,0.0000000000000000,4.8875603572311208,3.0006266949,904.179,2720.263,197.7757,0.6021
1.0457698804588746,-0.0000000000000000,0.0000000000000000,-0.0000000000000010,-0.0926777260866568,0.0000000000000000,4.8913159111479239,3.0006213995,904.525,2720.378,197.4055,0.5919
1.0457975582111487,-0.0000000000000000,0.0000000000000000,-0.0000000000088490,-0.0927344721668076,0.0000000000000000,4.8950714650647278,3.0006161129,904.871,2720.493,197.0371,0.5817
1.0458252662765717,0.0000000000000000,0.0000000000000000,0.0000000000000048,-0.0927912040264390,0.0000000000000000,4.8988270189815317,3.0006108349,905.216,2720.608,196.6705,0.5715
1.0458530046876504,0.0000000000000000,0.0000000000000000,0.0000000000000044,-0.0928479221032886,0.0000000000000000,4.9025825728983357,3.0006055654,905.561,2720.723,196.3055,0.5612
1.0458807734948614,-0.0000000000000000,0.0000000000000000,0.0000000000000025,-0.0929046268512489,0.0000000000000000,4.9063381268151387,3.0006003045,905.904,2720.837,195.9423,0.5509
1.0459085727445172,-0.0000000000000000,0.0000000000000000,0.0000000000000025,-0.0929613187177204,0.0000000000000000,4.9100936807319426,3.0005950520,906.247,2720.951,195.5808,0.5406
1.0459364024831959,-0.0000000000000000,0.0000000000000000,0.0000000000000008,-0.0930179981481799,0.0000000000000000,4.9138492346487457,3.0005898080,906.590,2721.065,195.2210,0.5302
1.0459642627577423,-0.0000000000000000,0.0000000000000000,-0.0000000000000017,-0.0930746655861949,0.0000000000000000,4.9176047885655496,3.0005845723,906.932,2721.179,194.8629,0.5199
1.0459921536152663,-0.0000000000000000,0.0000000000000000,-0.0000000000000024,-0.0931313214734446,0.0000000000000000,4.9213603424823535,3.0005793450,907.273,2721.293,194.5064,0.5095
1.0460200751026423,-0.0000000000000000,0.0000000000000000,-0.0000000000017692,-0.0931879662496147,0.0000000000000000,4.9251158963991575,3.0005741259,907.613,2721.407,194.1517,0.4990
1.0460480272581441,-0.0000000000000053,0.0000000000000000,-0.0000000000215525,-0.0932446003417714,0.0000000000000000,4.9288714503159614,3.0005689150,907.953,2721.520,193.7986,0.4886
1.0460760101569280,-0.0000000000000000,0.0000000000000000,-0.0000000000081107,-0.0933012242155384,0.0000000000000000,4.9326270042327645,3.0005637122,908.292,2721.633,193.4472,0.4781
1.0461040238267847,-0.0000000000000000,0.0000000000000000,0.0000000000000125,-0.0933578382836252,0.0000000000000000,4.9363825581495684,3.0005585176,908.630,2721.746,193.0974,0.4676
1.0461320683113684,-0.0000000000000000,0.0000000000000000,-0.0000000000080300,-0.0934144429737422,0.0000000000000000,4.9401381120663714,3.0005533311,908.968,2721.859,192.7493,0.4570
1.0461601436710861,-0.0000000000000000,0.0000000000000000,-0.0000000000080995,-0.0934710387285432,0.0000000000000000,4.9438936659831754,3.0005481525,909.305,2721.971,192.4028,0.4464
1.0461882499502151,-0.0000000000000000,0.0000000000000000,-0.0000000000095639,-0.0935276259721147,0.0000000000000000,4.9476492198999793,3.0005429819,909.642,2722.084,192.0579,0.4358
1.0462163872004848,-0.0000000000000053,0.0000000000000000,-0.0000000000088588,-0.0935842051349335,0.0000000000000000,4.9514047738167832,3.0005378192,909.978,2722.196,191.7146,0.4252
1.0462445554738273,0.0000000000000000,0.0000000000000000,0.0000000000000030,-0.0936407766444901,0.0000000000000000,4.9551603277335863,3.0005326644,910.313,2722.308,191.3730,0.4146
1.0462727548117166,-0.0000000000000000,0.0000000000000000,0.0000000000000067,-0.0936973409162203,0.0000000000000000,4.9589158816503902,3.0005275174,910.648,2722.420,191.0330,0.4039
1.0463009852687035,-0.0000000000000000,0.0000000000000000,0.0000000000000131,-0.0937538983769690,0.0000000000000000,4.9626714355671933,3.0005223781,910.981,2722.532,190.6945,0.3932
1.0463292468909093,-0.0000000000000000,0.0000000000000000,-0.0000000000085507,-0.0938104494429230,0.0000000000000000,4.9664269894839972,3.0005172466,911.315,2722.643,190.3577,0.3824
1.0463575397374261,-0.0000000000000038,0.0000000000000000,-0.0000000000089416,-0.0938669945418683,0.0000000000000000,4.9701825434008011,3.0005121227,911.648,2722.755,190.0224,0.3717
