x0_n,y0_n,z0_n,xd0_n,yd0_n,zd0_n,Tp,JC,L2ExcessVelocity_mps,...,error_tol=1e-12,n_Nodes=6,stepsize=1.0
1.0205355308000432,-0.0000000000000000,0.0000000000000000,-0.0000000000000004,-0.0004788697217393,0.0000000000000000,3.0765043887839072,3.0036090094,5.858
1.0208652117548300,0.0000000000000000,0.0000000000000000,0.0000000000000016,-0.0026541135564349,0.0000000000000000,3.0773600660191591,3.0036035548,32.627
1.0210221111710744,-0.0000000000000000,0.0000000000000000,-0.0000000000000052,-0.0037119084756604,0.0000000000000000,3.0782157432544111,3.0035981151,45.737
1.0211408268729785,-0.0000000000000000,0.0000000000000000,-0.0000000000000008,-0.0045226436739828,0.0000000000000000,3.0790714204896634,3.0035926903,55.825
1.0212395507319467,-0.0000000000000001,0.0000000000000000,0.0000000000009547,-0.0052039574242332,0.0000000000000000,3.0799270977249154,3.0035872804,64.329
1.0213254301161485,-0.0000000000000000,0.0000000000000000,0.0000000000000026,-0.0058020682467624,0.0000000000000000,3.0807827749601673,3.0035818852,71.814
1.0214021557754092,-0.0000000000000000,0.0000000000000000,0.0000000000000108,-0.0063408424226180,0.0000000000000000,3.0816384521954192,3.0035765047,78.571
1.0214719295428105,-0.0000000000000000,0.0000000000000000,-0.0000000000000010,-0.0068345182144910,0.0000000000000000,3.0824941294306711,3.0035711388,84.776
1.0215361903679310,0.0000000000000000,0.0000000000000000,0.0000000000000006,-0.0072924007542955,0.0000000000000000,3.0833498066659231,3.0035657875,90.541
1.0215959400595069,-0.0000000000000000,0.0000000000000000,0.0000000000000042,-0.0077209684512855,0.0000000000000000,3.0842054839011754,3.0035604506,95.946
1.0216519093922078,-0.0000000000000000,0.0000000000000000,0.0000000000000193,-0.0081249471132207,0.0000000000000000,3.0850611611364274,3.0035551282,101.049
1.0217046509061318,-0.0000000000000000,0.0000000000000000,-0.0000000000000013,-0.0085079100247138,0.0000000000000000,3.0859168383716793,3.0035498202,105.893
1.0217545944574513,-0.0000000000000000,0.0000000000000000,-0.0000000000000001,-0.0088726371634301,0.0000000000000000,3.0867725156069312,3.0035445265,110.513
1.0218020822981533,-0.0000000000000000,0.0000000000000000,0.0000000000000000,-0.0092213420344470,0.0000000000000000,3.0876281928421832,3.0035392470,114.936
1.0218473922272593,-0.0000000000000000,0.0000000000000000,-0.0000000000000005,-0.0095558213758552,0.0000000000000000,3.0884838700774355,3.0035339817,119.184
1.0218907534189963,0.0000000000000000,0.0000000000000000,-0.0000000000000005,-0.0098775575081844,0.0000000000000000,3.0893395473126875,3.0035287305,123.274
1.0219323575770138,-0.0000000000000000,0.0000000000000000,0.0000000000000003,-0.0101877904606732,0.0000000000000000,3.0901952245479394,3.0035234933,127.223
1.0219723669985807,-0.0000000000000000,0.0000000000000000,0.0000000000000032,-0.0104875701164125,0.0000000000000000,3.0910509017831913,3.0035182702,131.043
1.0220109205347729,-0.0000000000000000,0.0000000000000000,0.0000000000000050,-0.0107777947523574,0.0000000000000000,3.0919065790184432,3.0035130610,134.744
1.0220481380808353,-0.0000000000000000,0.0000000000000000,-0.0000000000000011,-0.0110592400744850,0.0000000000000000,3.0927622562536956,3.0035078657,138.337
1.0220841240183263,-0.0000000000000000,0.0000000000000000,0.0000000000000001,-0.0113325814760896,0.0000000000000000,3.0936179334889475,3.0035026842,141.830
1.0221189698912145,-0.0000000000000000,0.0000000000000000,0.0000000000000000,-0.0115984113409445,0.0000000000000000,3.0944736107241995,3.0034975164,145.230
1.0221527565169333,0.0000000000000000,0.0000000000000000,-0.0000000000000044,-0.0118572526941412,0.0000000000000000,3.0953292879594514,3.0034923624,148.544
1.0221855556701560,-0.0000000000000000,0.0000000000000000,-0.0000000000000005,-0.0121095700894046,0.0000000000000000,3.0961849651947033,3.0034872220,151.777
1.0222174314412966,-0.0000000000000000,0.0000000000000000,-0.0000000000000009,-0.0123557783931887,0.0000000000000000,3.0970406424299552,3.0034820951,154.934
1.0222484413428576,-0.0000000000000000,0.0000000000000000,-0.0000000000000094,-0.0125962499382337,0.0000000000000000,3.0978963196652076,3.0034769818,158.020
1.0222786372218187,-0.0000000000000004,0.0000000000000000,0.0000000000062571,-0.0128313204108923,0.0000000000000000,3.0987519969004595,3.0034718820,161.039
1.0223080660013952,0.0000000000000000,0.0000000000000000,-0.0000000000000036,-0.0130612937103504,0.0000000000000000,3.0996076741357115,3.0034667955,163.994
1.0223367703336177,-0.0000000000000000,0.0000000000000000,-0.0000000000000024,-0.0132864460405341,0.0000000000000000,3.1004633513709634,3.0034617224,166.890
1.0223647891069234,0.0000000000000000,0.0000000000000000,-0.0000000000000004,-0.0135070293213447,0.0000000000000000,3.1013190286062153,3.0034566626,169.729
1.0223921579040371,-0.0000000000000000,0.0000000000000000,0.0000000000000004,-0.0137232740833352,0.0000000000000000,3.1021747058414677,3.0034516161,172.514
1.0224189093822118,-0.0000000000000000,0.0000000000000000,-0.0000000000000007,-0.0139353919402903,0.0000000000000000,3.1030303830767196,3.0034465827,175.248
1.0224450735998352,-0.0000000000000000,0.0000000000000000,0.0000000000000126,-0.0141435777009266,0.0000000000000000,3.1038860603119716,3.0034415624,177.932
1.0224706782967770,-0.0000000000000000,0.0000000000000000,0.0000000000000006,-0.0143480111805329,0.0000000000000000,3.1047417375472235,3.0034365552,180.570
1.0224957491393796,-0.0000000000000000,0.0000000000000000,-0.0000000000000013,-0.0145488587872422,0.0000000000000000,3.1055974147824754,3.0034315610,183.163
1.0225203099298887,-0.0000000000000000,0.0000000000000000,-0.0000000000000146,-0.0147462748737972,0.0000000000000000,3.1064530920177278,3.0034265798,185.714
1.0225443827917799,0.0000000000000000,0.0000000000000000,-0.0000000000000003,-0.0149404029374209,0.0000000000000000,3.1073087692529797,3.0034216115,188.223
1.0225679883311498,-0.0000000000000000,0.0000000000000000,-0.0000000000000003,-0.0151313766622593,0.0000000000000000,3.1081644464882316,3.0034166561,190.693
1.0225911457787134,-0.0000000000000000,0.0000000000000000,0.0000000000000007,-0.0153193208382907,0.0000000000000000,3.1090201237234836,3.0034117134,193.125
1.0226138731152239,-0.0000000000000000,0.0000000000000000,0.0000000000000011,-0.0155043521719201,0.0000000000000000,3.1098758009587355,3.0034067835,195.521
1.0226361871825695,-0.0000000000000000,0.0000000000000000,0.0000000000000004,-0.0156865800043825,0.0000000000000000,3.1107314781939874,3.0034018662,197.882
1.0226581037821778,-0.0000000000000000,0.0000000000000000,-0.0000000000000013,-0.0158661069476871,0.0000000000000000,3.1115871554292398,3.0033969616,200.209
1.0226796377636309,-0.0000000000000000,0.0000000000000000,0.0000000000000262,-0.0160430294585911,0.0000000000000000,3.1124428326644917,3.0033920696,202.503
1.0227008031146629,-0.0000000000000005,0.0000000000000000,0.0000000000337551,-0.0162174383474474,0.0000000000000000,3.1132985098997437,3.0033871902,204.766
1.0227216129677599,-0.0000000000000000,0.0000000000000000,-0.0000000000027344,-0.0163894191832703,0.0000000000000000,3.1141541871349956,3.0033823232,206.998
1.0227420797972919,-0.0000000000000000,0.0000000000000000,0.0000000000000052,-0.0165590528310364,0.0000000000000000,3.1150098643702475,3.0033774686,209.201
1.0227622153352114,-0.0000000000000000,0.0000000000000000,0.0000000000000002,-0.0167264156692388,0.0000000000000000,3.1158655416054999,3.0033726264,211.376
1.0227820307005933,-0.0000000000000000,0.0000000000000000,0.0000000000000010,-0.0168915800207199,0.0000000000000000,3.1167212188407518,3.0033677965,213.523
1.0228015364254202,-0.0000000000000000,0.0000000000000000,-0.0000000000000003,-0.0170546144149174,0.0000000000000000,3.1175768960760037,3.0033629789,215.643
1.0228207424991307,0.0000000000000000,0.0000000000000000,-0.0000000000000001,-0.0172155838719933,0.0000000000000000,3.1184325733112557,3.0033581736,217.737
1.0228396584067834,-0.0000000000000000,0.0000000000000000,-0.0000000000000019,-0.0173745501493036,0.0000000000000000,3.1192882505465076,3.0033533804,219.806
1.0228582931639734,-0.0000000000000000,0.0000000000000000,-0.0000000000000011,-0.0175315719670634,0.0000000000000000,3.1201439277817595,3.0033485993,221.851
1.0228766553488327,-0.0000000000000000,0.0000000000000000,0.0000000000000032,-0.0176867052152784,0.0000000000000000,3.1209996050170119,3.0033438303,223.872
1.0228947531311243,-0.0000000000000000,0.0000000000000000,0.0000000000000111,-0.0178400031419262,0.0000000000000000,3.1218552822522638,3.0033390733,225.869
1.0229125942987300,-0.0000000000000000,0.0000000000000000,0.0000000000000013,-0.0179915165237491,0.0000000000000000,3.1227109594875158,3.0033343283,227.844
1.0229301862828439,-0.0000000000000000,0.0000000000000000,0.0000000000000010,-0.0181412938302648,0.0000000000000000,3.1235666367227677,3.0033295953,229.798
1.0229475361796856,-0.0000000000000000,0.0000000000000000,-0.0000000000000052,-0.0182893813628847,0.0000000000000000,3.1244223139580196,3.0033248741,231.730
1.0229646507716292,-0.0000000000000000,0.0000000000000000,0.0000000000000010,-0.0184358233923041,0.0000000000000000,3.1252779911932720,3.0033201647,233.641
1.0229815365462320,-0.0000000000000000,0.0000000000000000,0.0000000000000009,-0.0185806622811564,0.0000000000000000,3.1261336684285239,3.0033154671,235.532
1.0229981997138611,-0.0000000000000000,0.0000000000000000,-0.0000000000000018,-0.0187239385982874,0.0000000000000000,3.1269893456637758,3.0033107813,237.403
1.0230146462239251,-0.0000000000000000,0.0000000000000000,-0.0000000000000009,-0.0188656912234569,0.0000000000000000,3.1278450228990278,3.0033061071,239.256
1.0230308817800280,-0.0000000000000000,0.0000000000000000,0.0000000000000005,-0.0190059574454588,0.0000000000000000,3.1287007001342797,3.0033014446,241.089
1.0230469118538830,-0.0000000000000000,0.0000000000000000,0.0000000000000008,-0.0191447730520240,0.0000000000000000,3.1295563773695321,3.0032967937,242.904
1.0230627416986005,-0.0000000000000000,0.0000000000000000,0.0000000000000066,-0.0192821724163103,0.0000000000000000,3.1304120546047840,3.0032921543,244.701
1.0230783763592832,0.0000000000000000,0.0000000000000000,0.0000000000000014,-0.0194181885627146,0.0000000000000000,3.1312677318400359,3.0032875264,246.480
1.0230938206870055,-0.0000000000000000,0.0000000000000000,0.0000000000000019,-0.0195528532624223,0.0000000000000000,3.1321234090752879,3.0032829100,248.243
1.0231090793466788,-0.0000000000000000,0.0000000000000000,0.0000000000000025,-0.0196861970794559,0.0000000000000000,3.1329790863105398,3.0032783049,249.988
1.0231241568278320,-0.0000000000000000,0.0000000000000000,-0.0000000000000008,-0.0198182494425018,0.0000000000000000,3.1338347635457917,3.0032737113,251.718
1.0231390574585069,-0.0000000000000000,0.0000000000000000,0.0000000000121424,-0.0199490387082847,0.0000000000000000,3.1346904407810441,3.0032691289,253.431
1.0231537853927395,-0.0000000000000000,0.0000000000000000,0.0000000000081684,-0.0200785921936944,0.0000000000000000,3.1355461180162960,3.0032645578,255.129
1.0231683446547934,-0.0000000000000000,0.0000000000000000,0.0000000000107859,-0.0202069362652558,0.0000000000000000,3.1364017952515479,3.0032599980,256.811
1.0231827391164927,-0.0000000000000000,0.0000000000000000,0.0000000000176001,-0.0203340963561249,0.0000000000000000,3.1372574724867999,3.0032554493,258.478
1.0231969725174448,-0.0000000000000000,0.0000000000000000,0.0000000000346254,-0.0204600970250832,0.0000000000000000,3.1381131497220518,3.0032509118,260.131
1.0232110484385253,-0.0000000000000000,0.0000000000000000,-0.0000000000052834,-0.0205849619596887,0.0000000000000000,3.1389688269573042,3.0032463853,261.769
1.0232249704121872,-0.0000000000000006,0.0000000000000000,0.0000000000156173,-0.0207087141353207,0.0000000000000000,3.1398245041925561,3.0032418699,263.393
1.0232387417674436,0.0000000000000000,0.0000000000000000,0.0000000000000002,-0.0208313756737586,0.0000000000000000,3.1406801814278080,3.0032373655,265.003
1.0232523657812380,-0.0000000000000000,0.0000000000000000,0.0000000000000012,-0.0209529680355323,0.0000000000000000,3.1415358586630600,3.0032328721,266.599
1.0232658455968469,-0.0000000000000000,0.0000000000000000,0.0000000000000017,-0.0210735119618651,0.0000000000000000,3.1423915358983119,3.0032283896,268.182
1.0232791842619195,-0.0000000000000000,0.0000000000000000,-0.0000000000000021,-0.0211930275402504,0.0000000000000000,3.1432472131335643,3.0032239179,269.752
1.0232923847267592,-0.0000000000000000,0.0000000000000000,0.0000000000000015,-0.0213115342271015,0.0000000000000000,3.1441028903688162,3.0032194571,271.309
1.0233054498486245,-0.0000000000000000,0.0000000000000000,0.0000000000000006,-0.0214290508756203,0.0000000000000000,3.1449585676040681,3.0032150071,272.854
1.0233183823957348,-0.0000000000000000,0.0000000000000000,0.0000000000000004,-0.0215455957616334,0.0000000000000000,3.1458142448393200,3.0032105678,274.386
1.0233311850511011,-0.0000000000000000,0.0000000000000000,0.0000000000000010,-0.0216611866084177,0.0000000000000000,3.1466699220745720,3.0032061392,275.906
1.0233438604161178,-0.0000000000000000,0.0000000000000000,-0.0000000000000005,-0.0217758406099252,0.0000000000000000,3.1475255993098239,3.0032017213,277.414
1.0233564110139841,-0.0000000000000000,0.0000000000000000,0.0000000000000023,-0.0218895744528904,0.0000000000000000,3.1483812765450763,3.0031973140,278.910
1.0233688392929208,-0.0000000000000000,0.0000000000000000,0.0000000000000069,-0.0220024043376371,0.0000000000000000,3.1492369537803282,3.0031929173,280.395
1.0233811476292536,-0.0000000000000000,0.0000000000000000,0.0000000000000179,-0.0221143459980874,0.0000000000000000,3.1500926310155801,3.0031885311,281.868
1.0233933383300400,0.0000000000000000,0.0000000000000000,0.0000000000000003,-0.0222254147181119,0.0000000000000000,3.1509483082508321,3.0031841554,283.330
1.0234054136365975,-0.0000000000000000,0.0000000000000000,-0.0000000000000011,-0.0223356253561646,0.0000000000000000,3.1518039854860840,3.0031797902,284.782
1.0234173757261751,-0.0000000000000000,0.0000000000000000,0.0000000000000012,-0.0224449923538163,0.0000000000000000,3.1526596627213364,3.0031754354,286.222
1.0234292267149665,-0.0000000000000000,0.0000000000000000,0.0000000000000011,-0.0225535297566320,0.0000000000000000,3.1535153399565883,3.0031710909,287.652
1.0234409686603370,0.0000000000000000,0.0000000000000000,0.0000000000000010,-0.0226612512281888,0.0000000000000000,3.1543710171918402,3.0031667568,289.071
1.0234526035630911,-0.0000000000000000,0.0000000000000000,-0.0000000000000001,-0.0227681700647985,0.0000000000000000,3.1552266944270921,3.0031624330,290.480
1.0234641333695826,-0.0000000000000000,0.0000000000000000,0.0000000000000009,-0.0228742992091633,0.0000000000000000,3.1560823716623441,3.0031581195,291.879
1.0234755599737511,-0.0000000000000000,0.0000000000000000,-0.0000000000000003,-0.0229796512634779,0.0000000000000000,3.1569380488975964,3.0031538161,293.268
1.0234868852190673,-0.0000000000000000,0.0000000000000000,0.0000000000000001,-0.0230842385021005,0.0000000000000000,3.1577937261328484,3.0031495230,294.647
1.0234981109003614,0.0000000000000000,0.0000000000000000,0.0000000000000020,-0.0231880728833531,0.0000000000000000,3.1586494033681003,3.0031452399,296.017
1.0235092387655829,0.0000000000000000,0.0000000000000000,-0.0000000000000008,-0.0232911660608752,0.0000000000000000,3.1595050806033522,3.0031409670,297.377
1.0235202705174868,-0.0000000000000000,0.0000000000000000,0.0000000000000007,-0.0233935293945643,0.0000000000000000,3.1603607578386042,3.0031367041,298.728
1.0235312078153274,-0.0000000000000000,0.0000000000000000,0.0000000000000019,-0.0234951739617933,0.0000000000000000,3.1612164350738561,3.0031324513,300.069
1.0235420522759002,-0.0000000000000000,0.0000000000000000,0.0000000000000010,-0.0235961105629316,0.0000000000000000,3.1620721123091085,3.0031282084,301.401
1.0235528054759009,-0.0000000000000000,0.0000000000000000,-0.0000000000000002,-0.0236963497388161,0.0000000000000000,3.1629277895443604,3.0031239755,302.725
1.0235634689525335,-0.0000000000000000,0.0000000000000000,0.0000000000000116,-0.0237959017728155,0.0000000000000000,3.1637834667796123,3.0031197525,304.039
1.0235740442051620,-0.0000000000000000,0.0000000000000000,0.0000000000000016,-0.0238947767020661,0.0000000000000000,3.1646391440148642,3.0031155394,305.345
1.0235845326965187,0.0000000000000000,0.0000000000000000,-0.0000000000000002,-0.0239929843255601,0.0000000000000000,3.1654948212501162,3.0031113360,306.642
1.0235949358539742,0.0000000000000000,0.0000000000000000,0.0000000000000016,-0.0240905342120660,0.0000000000000000,3.1663504984853685,3.0031071425,307.931
1.0236052550612131,-0.0000000000000007,0.0000000000000000,-0.0000000000233016,-0.0241874356982965,0.0000000000000000,3.1672061757206205,3.0031029588,309.211
1.0236154916965730,-0.0000000000000000,0.0000000000000000,-0.0000000000248768,-0.0242836979328518,0.0000000000000000,3.1680618529558724,3.0030987847,310.484
1.0236256470801048,-0.0000000000000007,0.0000000000000000,-0.0000000000243759,-0.0243793298298744,0.0000000000000000,3.1689175301911243,3.0030946204,311.748
1.0236357225091668,-0.0000000000000000,0.0000000000000000,-0.0000000000210576,-0.0244743401099748,0.0000000000000000,3.1697732074263762,3.0030904657,313.004
1.0236457192480080,-0.0000000000000000,0.0000000000000000,-0.0000000000216024,-0.0245687372950356,0.0000000000000000,3.1706288846616282,3.0030863206,314.252
1.0236556385340139,-0.0000000000000000,0.0000000000000000,-0.0000000000276051,-0.0246625297200087,0.0000000000000000,3.1714845618968805,3.0030821850,315.492
1.0236654815847739,-0.0000000000000001,0.0000000000000000,-0.0000000000199281,-0.0247557255445129,0.0000000000000000,3.1723402391321325,3.0030780590,316.725
1.0236752495706816,-0.0000000000000001,0.0000000000000000,-0.0000000000280608,-0.0248483327295482,0.0000000000000000,3.1731959163673844,3.0030739426,317.950
1.0236849436603612,-0.0000000000000002,0.0000000000000000,-0.0000000000217678,-0.0249403590907531,0.0000000000000000,3.1740515936026363,3.0030698355,319.167
1.0236945649766067,-0.0000000000000000,0.0000000000000000,-0.0000000000195853,-0.0250318122544506,0.0000000000000000,3.1749072708378883,3.0030657379,320.377
1.0237041146246677,-0.0000000000000001,0.0000000000000000,-0.0000000000224186,-0.0251226996928203,0.0000000000000000,3.1757629480731406,3.0030616498,321.580
1.0237135936897666,-0.0000000000000001,0.0000000000000000,-0.0000000000210877,-0.0252130287244526,0.0000000000000000,3.1766186253083926,3.0030575709,322.776
1.0237230032288893,-0.0000000000000000,0.0000000000000000,-0.0000000000182681,-0.0253028065106139,0.0000000000000000,3.1774743025436445,3.0030535014,323.964
1.0237323442741013,-0.0000000000000000,0.0000000000000000,-0.0000000000220419,-0.0253920400622890,0.0000000000000000,3.1783299797788964,3.0030494412,325.145
1.0237416178435697,-0.0000000000000000,0.0000000000000000,-0.0000000000205419,-0.0254807362542479,0.0000000000000000,3.1791856570141483,3.0030453903,326.320
1.0237508249265470,-0.0000000000000007,0.0000000000000000,-0.0000000000202331,-0.0255689018142132,0.0000000000000000,3.1800413342494007,3.0030413485,327.487
1.0237599665028256,0.0000000000000000,0.0000000000000000,0.0000000000000004,-0.0256565433452529,0.0000000000000000,3.1808970114846526,3.0030373160,328.648
1.0237690435068290,0.0000000000000000,0.0000000000000000,0.0000000000000023,-0.0257436672937145,0.0000000000000000,3.1817526887199046,3.0030332926,329.802
1.0237780568781314,-0.0000000000000000,0.0000000000000000,-0.0000000000000014,-0.0258302800019102,0.0000000000000000,3.1826083659551565,3.0030292783,330.950
1.0237870075289348,-0.0000000000000000,0.0000000000000000,-0.0000000000000116,-0.0259163876793516,0.0000000000000000,3.1834640431904084,3.0030252731,332.090
1.0237958963528282,0.0000000000000000,0.0000000000000000,0.0000000000000061,-0.0260019964140095,0.0000000000000000,3.1843197204256604,3.0030212770,333.225
1.0238047242254567,-0.0000000000000000,0.0000000000000000,0.0000000000000007,-0.0260871121762456,0.0000000000000000,3.1851753976609127,3.0030172899,334.353
1.0238134920048552,0.0000000000000000,0.0000000000000000,0.0000000000000006,-0.0261717408213619,0.0000000000000000,3.1860310748961647,3.0030133118,335.475
1.0238222005320046,-0.0000000000000000,0.0000000000000000,0.0000000000000027,-0.0262558880930959,0.0000000000000000,3.1868867521314166,3.0030093426,336.590
1.0238308506312701,-0.0000000000000000,0.0000000000000000,0.0000000000000025,-0.0263395596263759,0.0000000000000000,3.1877424293666685,3.0030053824,337.699
1.0238394431108597,0.0000000000000000,0.0000000000000000,0.0000000000000023,-0.0264227609503862,0.0000000000000000,3.1885981066019204,3.0030014310,338.803
1.0238479787632384,-0.0000000000000000,0.0000000000000000,0.0000000000000041,-0.0265054974912028,0.0000000000000000,3.1894537838371728,3.0029974885,339.900
1.0238564583655534,-0.0000000000000000,0.0000000000000000,0.0000000000000059,-0.0265877745745557,0.0000000000000000,3.1903094610724247,3.0029935548,340.991
1.0238648826799950,-0.0000000000000000,0.0000000000000000,0.0000000000000035,-0.0266695974281120,0.0000000000000000,3.1911651383076767,3.0029896300,342.076
1.0238732524543008,-0.0000000000000000,0.0000000000000000,0.0000000000000003,-0.0267509711849858,0.0000000000000000,3.1920208155429286,3.0029857138,343.155
1.0238815684219802,-0.0000000000000000,0.0000000000000000,-0.0000000000000008,-0.0268319008848694,0.0000000000000000,3.1928764927781805,3.0029818064,344.229
1.0238898313027722,-0.0000000000000000,0.0000000000000000,-0.0000000000000071,-0.0269123914771686,0.0000000000000000,3.1937321700134329,3.0029779077,345.297
1.0238980418029513,-0.0000000000000000,0.0000000000000000,-0.0000000000000010,-0.0269924478230236,0.0000000000000000,3.1945878472486848,3.0029740177,346.359
1.0239062006157036,-0.0000000000000000,0.0000000000000000,-0.0000000000000007,-0.0270720746976070,0.0000000000000000,3.1954435244839368,3.0029701363,347.416
1.0239143084214299,-0.0000000000000000,0.0000000000000000,0.0000000000000015,-0.0271512767921973,0.0000000000000000,3.1962992017191887,3.0029662635,348.467
1.0239223658880652,0.0000000000000000,0.0000000000000000,0.0000000000000002,-0.0272300587162940,0.0000000000000000,3.1971548789544406,3.0029623993,349.513
1.0239303736713963,-0.0000000000000000,0.0000000000000000,-0.0000000000000018,-0.0273084249995140,0.0000000000000000,3.1980105561896925,3.0029585436,350.553
1.0239383324153499,-0.0000000000000000,0.0000000000000000,-0.0000000000000002,-0.0273863800936163,0.0000000000000000,3.1988662334249449,3.0029546964,351.588
1.0239462427522912,-0.0000000000000000,0.0000000000000000,0.0000000000000006,-0.0274639283743527,0.0000000000000000,3.1997219106601968,3.0029508577,352.617
1.0239541053032923,-0.0000000000000000,0.0000000000000000,0.0000000000000128,-0.0275410741433029,0.0000000000000000,3.2005775878954488,3.0029470274,353.641
1.0239619206784114,-0.0000000000000000,0.0000000000000000,-0.0000000000000001,-0.0276178216293837,0.0000000000000000,3.2014332651307007,3.0029432056,354.661
1.0239696894769597,-0.0000000000000000,0.0000000000000000,-0.0000000000000019,-0.0276941749911752,0.0000000000000000,3.2022889423659526,3.0029393921,355.675
1.0239774122877439,-0.0000000000000000,0.0000000000000000,0.0000000000000016,-0.0277701383178702,0.0000000000000000,3.2031446196012050,3.0029355870,356.683
1.0239850896893194,-0.0000000000000000,0.0000000000000000,0.0000000000000002,-0.0278457156312745,0.0000000000000000,3.2040002968364569,3.0029317903,357.687
1.0239927222502372,-0.0000000000000000,0.0000000000000000,-0.0000000000000004,-0.0279209108873070,0.0000000000000000,3.2048559740717089,3.0029280018,358.686
1.0240003105293469,-0.0000000000000000,0.0000000000000000,0.0000000000000027,-0.0279957279782448,0.0000000000000000,3.2057116513069608,3.0029242216,359.680
1.0240078550756493,-0.0000000000000000,0.0000000000000000,0.0000000000000001,-0.0280701707305335,0.0000000000000000,3.2065673285422127,3.0029204496,360.669
1.0240153564291854,-0.0000000000000000,0.0000000000000000,0.0000000000000025,-0.0281442429127252,0.0000000000000000,3.2074230057774651,3.0029166859,361.653
1.0240228151207063,-0.0000000000000000,0.0000000000000000,0.0000000000000026,-0.0282179482315945,0.0000000000000000,3.2082786830127170,3.0029129303,362.632
1.0240302316720504,0.0000000000000000,0.0000000000000000,0.0000000000000011,-0.0282912903351417,0.0000000000000000,3.2091343602479689,3.0029091829,363.607
1.0240376065963508,0.0000000000000000,0.0000000000000000,-0.0000000000000001,-0.0283642728139429,0.0000000000000000,3.2099900374832209,3.0029054436,364.577
1.0240449403982268,0.0000000000000000,0.0000000000000000,-0.0000000000000011,-0.0284368992023665,0.0000000000000000,3.2108457147184728,3.0029017124,365.542
1.0240522335739628,-0.0000000000000000,0.0000000000000000,0.0000000000000010,-0.0285091729797764,0.0000000000000000,3.2117013919537252,3.0028979893,366.503
1.0240594866117050,-0.0000000000000000,0.0000000000000000,0.0000000000000008,-0.0285810975717589,0.0000000000000000,3.2125570691889771,3.0028942742,367.459
1.0240666999916301,-0.0000000000000000,0.0000000000000000,0.0000000000000004,-0.0286526763512602,0.0000000000000000,3.2134127464242290,3.0028905671,368.410
1.0240738741861501,0.0000000000000000,0.0000000000000000,0.0000000000000090,-0.0287239126399809,0.0000000000000000,3.2142684236594810,3.0028868680,369.357
1.0240810096731061,-0.0000000000000000,0.0000000000000000,0.0000000000313312,-0.0287948097210411,0.0000000000000000,3.2151241008947329,3.0028831768,370.299
1.0240881068756915,-0.0000000000000000,0.0000000000000000,0.0000000000126030,-0.0288653707833052,0.0000000000000000,3.2159797781299848,3.0028794936,371.238
1.0240951662652147,-0.0000000000000000,0.0000000000000000,-0.0000000000055724,-0.0289355990215180,0.0000000000000000,3.2168354553652372,3.0028758183,372.171
1.0241021882962695,-0.0000000000000000,0.0000000000000000,0.0000000000051329,-0.0290054975717758,0.0000000000000000,3.2176911326004891,3.0028721508,373.101
1.0241091733898395,-0.0000000000000000,0.0000000000000000,0.0000000000088961,-0.0290750695006606,0.0000000000000000,3.2185468098357410,3.0028684912,374.026
1.0241161219757176,-0.0000000000000002,0.0000000000000000,0.0000000000076892,-0.0291443178429008,0.0000000000000000,3.2194024870709930,3.0028648394,374.947
1.0241230344803594,-0.0000000000000001,0.0000000000000000,0.0000000000113318,-0.0292132455925807,0.0000000000000000,3.2202581643062449,3.0028611953,375.863
1.0241299113148683,-0.0000000000000002,0.0000000000000000,0.0000000000087333,-0.0292818556917354,0.0000000000000000,3.2211138415414968,3.0028575591,376.776
1.0241367528920027,-0.0000000000000004,0.0000000000000000,0.0000000000080099,-0.0293501510476589,0.0000000000000000,3.2219695187767492,3.0028539305,377.684
1.0241435596145843,-0.0000000000000008,0.0000000000000000,0.0000000000086521,-0.0294181345222375,0.0000000000000000,3.2228251960120011,3.0028503097,378.589
1.0241503318777680,-0.0000000000000000,0.0000000000000000,0.0000000000065651,-0.0294858089350895,0.0000000000000000,3.2236808732472531,3.0028466966,379.489
1.0241570700770590,-0.0000000000000002,0.0000000000000000,0.0000000000126695,-0.0295531770722218,0.0000000000000000,3.2245365504825050,3.0028430911,380.385
1.0241637745919094,-0.0000000000000002,0.0000000000000000,0.0000000000146808,-0.0296202416674102,0.0000000000000000,3.2253922277177569,3.0028394932,381.277
1.0241704458007663,-0.0000000000000004,0.0000000000000000,0.0000000000100800,-0.0296870054275406,0.0000000000000000,3.2262479049530093,3.0028359029,382.165
1.0241770840830582,-0.0000000000000000,0.0000000000000000,0.0000000000135888,-0.0297534710210882,0.0000000000000000,3.2271035821882612,3.0028323202,383.050
1.0241836898002912,-0.0000000000000000,0.0000000000000000,0.0000000000097453,-0.0298196410719570,0.0000000000000000,3.2279592594235131,3.0028287451,383.930
1.0241902633173376,-0.0000000000000000,0.0000000000000000,0.0000000000046847,-0.0298855181735343,0.0000000000000000,3.2288149366587651,3.0028251775,384.806
1.0241968049968404,-0.0000000000000003,0.0000000000000000,0.0000000000116465,-0.0299511048875817,0.0000000000000000,3.2296706138940170,3.0028216174,385.679
1.0242033151841825,-0.0000000000000013,0.0000000000000000,0.0000000000151949,-0.0300164037301810,0.0000000000000000,3.2305262911292694,3.0028180647,386.548
1.0242097942223938,-0.0000000000000000,0.0000000000000000,0.0000000000066477,-0.0300814171853496,0.0000000000000000,3.2313819683645213,3.0028145195,387.413
1.0242162424623715,-0.0000000000000008,0.0000000000000000,0.0000000000082036,-0.0301461477146798,0.0000000000000000,3.2322376455997732,3.0028109817,388.275
1.0242226602331743,-0.0000000000000004,0.0000000000000000,0.0000000000016726,-0.0302105977321015,0.0000000000000000,3.2330933228350252,3.0028074513,389.132
1.0242290478751446,-0.0000000000000005,0.0000000000000000,0.0000000000072823,-0.0302747696336891,0.0000000000000000,3.2339490000702771,3.0028039283,389.986
1.0242354057072172,-0.0000000000000003,0.0000000000000000,0.0000000000057110,-0.0303386657685391,0.0000000000000000,3.2348046773055290,3.0028004126,390.837
1.0242417340560386,-0.0000000000000000,0.0000000000000000,0.0000000000070199,-0.0304022884658964,0.0000000000000000,3.2356603545407814,3.0027969042,391.683
1.0242480332362478,-0.0000000000000005,0.0000000000000000,0.0000000000036765,-0.0304656400176058,0.0000000000000000,3.2365160317760333,3.0027934031,392.527
1.0242543035640645,-0.0000000000000000,0.0000000000000000,0.0000000000025759,-0.0305287226909031,0.0000000000000000,3.2373717090112852,3.0027899093,393.366
1.0242605453531195,-0.0000000000000009,0.0000000000000000,0.0000000000149392,-0.0305915387251238,0.0000000000000000,3.2382273862465372,3.0027864227,394.202
1.0242667588945888,-0.0000000000000003,0.0000000000000000,0.0000000000087904,-0.0306540903150073,0.0000000000000000,3.2390830634817891,3.0027829434,395.035
1.0242729444998369,-0.0000000000000001,0.0000000000000000,0.0000000000104749,-0.0307163796473803,0.0000000000000000,3.2399387407170415,3.0027794712,395.864
1.0242791024606812,-0.0000000000000004,0.0000000000000000,0.0000000000098224,-0.0307784088687620,0.0000000000000000,3.2407944179522934,3.0027760063,396.690
1.0242852330694174,-0.0000000000000001,0.0000000000000000,0.0000000000069017,-0.0308401801020299,0.0000000000000000,3.2416500951875453,3.0027725484,397.512
1.0242913366144388,-0.0000000000000000,0.0000000000000000,0.0000000000029655,-0.0309016954423308,0.0000000000000000,3.2425057724227972,3.0027690977,398.331
1.0242974133834406,-0.0000000000000000,0.0000000000000000,0.0000000000063662,-0.0309629569622976,0.0000000000000000,3.2433614496580492,3.0027656541,399.147
1.0243034636479293,-0.0000000000000000,0.0000000000000000,-0.0000000000035238,-0.0310239666970596,0.0000000000000000,3.2442171268933016,3.0027622175,399.959
1.0243094876995475,-0.0000000000000000,0.0000000000000000,0.0000000000093760,-0.0310847266775745,0.0000000000000000,3.2450728041285535,3.0027587880,400.768
1.0243154857919405,-0.0000000000000000,0.0000000000000000,0.0000000000000021,-0.0311452388792507,0.0000000000000000,3.2459284813638054,3.0027553656,401.574
1.0243214582075226,-0.0000000000000000,0.0000000000000000,-0.0000000000000003,-0.0312055052820481,0.0000000000000000,3.2467841585990573,3.0027519501,402.376
1.0243274052077118,-0.0000000000000000,0.0000000000000000,0.0000000000000015,-0.0312655278256774,0.0000000000000000,3.2476398358343093,3.0027485416,403.175
1.0243333270543664,-0.0000000000000000,0.0000000000000000,-0.0000000000000006,-0.0313253084298007,0.0000000000000000,3.2484955130695612,3.0027451401,403.971
1.0243392240058602,-0.0000000000000000,0.0000000000000000,0.0000000000000027,-0.0313848489905927,0.0000000000000000,3.2493511903048136,3.0027417455,404.764
1.0243450963171550,-0.0000000000000000,0.0000000000000000,0.0000000000000012,-0.0314441513812910,0.0000000000000000,3.2502068675400655,3.0027383578,405.553
1.0243509442398437,-0.0000000000000000,0.0000000000000000,-0.0000000000000014,-0.0315032174524565,0.0000000000000000,3.2510625447753174,3.0027349770,406.340
1.0243567680222212,-0.0000000000000000,0.0000000000000000,0.0000000000000013,-0.0315620490323772,0.0000000000000000,3.2519182220105693,3.0027316031,407.123
1.0243625679093313,-0.0000000000000000,0.0000000000000000,0.0000000000000039,-0.0316206479274875,0.0000000000000000,3.2527738992458213,3.0027282360,407.903
1.0243683441430356,-0.0000000000000000,0.0000000000000000,0.0000000000000001,-0.0316790159227147,0.0000000000000000,3.2536295764810736,3.0027248757,408.681
1.0243740969620487,-0.0000000000000000,0.0000000000000000,0.0000000000000008,-0.0317371547817785,0.0000000000000000,3.2544852537163256,3.0027215223,409.455
1.0243798266020125,-0.0000000000000000,0.0000000000000000,-0.0000000000000014,-0.0317950662476359,0.0000000000000000,3.2553409309515775,3.0027181756,410.226
1.0243855332955309,-0.0000000000000000,0.0000000000000000,-0.0000000000000000,-0.0318527520427406,0.0000000000000000,3.2561966081868294,3.0027148356,410.994
1.0243912172722349,-0.0000000000000000,0.0000000000000000,0.0000000000000012,-0.0319102138694239,0.0000000000000000,3.2570522854220814,3.0027115024,411.759
1.0243968787588198,-0.0000000000000000,0.0000000000000000,0.0000000000000002,-0.0319674534102097,0.0000000000000000,3.2579079626573337,3.0027081759,412.522
1.0244025179791032,-0.0000000000000000,0.0000000000000000,0.0000000000000006,-0.0320244723281152,0.0000000000000000,3.2587636398925857,3.0027048560,413.281
1.0244081351540684,-0.0000000000000000,0.0000000000000000,0.0000000000000017,-0.0320812722669947,0.0000000000000000,3.2596193171278376,3.0027015429,414.037
1.0244137305019130,-0.0000000000000000,0.0000000000000000,0.0000000000000003,-0.0321378548518347,0.0000000000000000,3.2604749943630895,3.0026982363,414.791
1.0244193042380958,-0.0000000000000000,0.0000000000000000,0.0000000000000004,-0.0321942216890388,0.0000000000000000,3.2613306715983414,3.0026949364,415.541
1.0244248565753753,-0.0000000000000000,0.0000000000000000,0.0000000000000005,-0.0322503743667555,0.0000000000000000,3.2621863488335934,3.0026916431,416.289
1.0244303877238632,-0.0000000000000000,0.0000000000000000,-0.0000000000000009,-0.0323063144551323,0.0000000000000000,3.2630420260688457,3.0026883564,417.034
1.0244358978910615,-0.0000000000000000,0.0000000000000000,-0.0000000000000004,-0.0323620435066257,0.0000000000000000,3.2638977033040977,3.0026850762,417.776
1.0244413872819029,-0.0000000000000000,0.0000000000000000,-0.0000000000000007,-0.0324175630562459,0.0000000000000000,3.2647533805393496,3.0026818025,418.515
1.0244468560988020,0.0000000000000000,0.0000000000000000,0.0000000000000002,-0.0324728746218903,0.0000000000000000,3.2656090577746015,3.0026785354,419.252
1.0244523045416813,-0.0000000000000000,0.0000000000000000,-0.0000000000000003,-0.0325279797045185,0.0000000000000000,3.2664647350098535,3.0026752748,419.986
1.0244577328080224,-0.0000000000000000,0.0000000000000000,0.0000000000000014,-0.0325828797884895,0.0000000000000000,3.2673204122451058,3.0026720206,420.717
1.0244631410929996,-0.0000000000000000,0.0000000000000000,0.0000000000000058,-0.0326375763428685,0.0000000000000000,3.2681760894803578,3.0026687728,421.445
1.0244685295890859,-0.0000000000000000,0.0000000000000000,0.0000000000000033,-0.0326920708169465,0.0000000000000000,3.2690317667156097,3.0026655315,422.171
1.0244738984868069,-0.0000000000000000,0.0000000000000000,0.0000000000000018,-0.0327463646483307,0.0000000000000000,3.2698874439508616,3.0026622966,422.894
1.0244792479742428,-0.0000000000000000,0.0000000000000000,0.0000000000000016,-0.0328004592573401,0.0000000000000000,3.2707431211861135,3.0026590681,423.614
1.0244845782372132,-0.0000000000000000,0.0000000000000000,0.0000000000000008,-0.0328543560488747,0.0000000000000000,3.2715987984213655,3.0026558459,424.332
1.0244898894593211,-0.0000000000000000,0.0000000000000000,0.0000000000000007,-0.0329080564126973,0.0000000000000000,3.2724544756566178,3.0026526301,425.047
1.0244951818219759,-0.0000000000000000,0.0000000000000000,-0.0000000000000008,-0.0329615617236275,0.0000000000000000,3.2733101528918698,3.0026494207,425.759
1.0245004555044392,-0.0000000000000000,0.0000000000000000,-0.0000000000000000,-0.0330148733417762,0.0000000000000000,3.2741658301271217,3.0026462175,426.469
1.0245057106838453,0.0000000000000000,0.0000000000000000,0.0000000000000006,-0.0330679926127487,0.0000000000000000,3.2750215073623736,3.0026430206,427.177
1.0245109475352465,-0.0000000000000000,0.0000000000000000,-0.0000000000000011,-0.0331209208678768,0.0000000000000000,3.2758771845976256,3.0026398299,427.881
1.0245161662316378,-0.0000000000000000,0.0000000000000000,-0.0000000000000044,-0.0331736594244342,0.0000000000000000,3.2767328618328779,3.0026366455,428.584
1.0245213669439699,-0.0000000000000000,0.0000000000000000,0.0000000000000035,-0.0332262095857475,0.0000000000000000,3.2775885390681299,3.0026334674,429.283
1.0245265498412310,-0.0000000000000000,0.0000000000000000,-0.0000000000000013,-0.0332785726415819,0.0000000000000000,3.2784442163033818,3.0026302954,429.980
1.0245317150904232,-0.0000000000000000,0.0000000000000000,0.0000000000000002,-0.0333307498681702,0.0000000000000000,3.2792998935386337,3.0026271296,430.675
1.0245368628566178,-0.0000000000000000,0.0000000000000000,0.0000000000000003,-0.0333827425284882,0.0000000000000000,3.2801555707738856,3.0026239700,431.367
1.0245419933029789,-0.0000000000000000,0.0000000000000000,-0.0000000000000005,-0.0334345518724169,0.0000000000000000,3.2810112480091380,3.0026208165,432.057
1.0245471065907938,-0.0000000000000000,0.0000000000000000,0.0000000000000006,-0.0334861791369447,0.0000000000000000,3.2818669252443899,3.0026176691,432.745
1.0245522028795375,-0.0000000000000000,0.0000000000000000,0.0000000000000165,-0.0335376255467491,0.0000000000000000,3.2827226024796419,3.0026145279,433.430
1.0245572823269375,-0.0000000000000000,0.0000000000000000,0.0000000000003567,-0.0335888923129814,0.0000000000000000,3.2835782797148938,3.0026113927,434.112
1.0245623450887325,-0.0000000000000000,0.0000000000000000,0.0000000000010253,-0.0336399806352347,0.0000000000000000,3.2844339569501457,3.0026082636,434.792
1.0245673913200928,-0.0000000000000000,0.0000000000000000,0.0000000000043001,-0.0336908917019241,0.0000000000000000,3.2852896341853981,3.0026051405,435.470
1.0245724211676874,-0.0000000000000000,0.0000000000000000,-0.0000000000025362,-0.0337416266828168,0.0000000000000000,3.2861453114206500,3.0026020235,436.146
1.0245774347922187,-0.0000000000000002,0.0000000000000000,0.0000000000035725,-0.0337921867509020,0.0000000000000000,3.2870009886559020,3.0025989125,436.819
1.0245824323320947,-0.0000000000000002,0.0000000000000000,-0.0000000000012964,-0.0338425730478341,0.0000000000000000,3.2878566658911539,3.0025958074,437.489
1.0245874139428477,-0.0000000000000002,0.0000000000000000,0.0000000000018071,-0.0338927867217909,0.0000000000000000,3.2887123431264058,3.0025927083,438.158
1.0245923797656997,-0.0000000000000000,0.0000000000000000,0.0000000000029395,-0.0339428288973007,0.0000000000000000,3.2895680203616577,3.0025896152,438.824
1.0245973299436628,-0.0000000000000004,0.0000000000000000,-0.0000000000002613,-0.0339927006914341,0.0000000000000000,3.2904236975969101,3.0025865280,439.488
1.0246022646226514,-0.0000000000000019,0.0000000000000000,0.0000000000006657,-0.0340424032136995,0.0000000000000000,3.2912793748321620,3.0025834468,440.149
1.0246071839422417,-0.0000000000000001,0.0000000000000000,0.0000000000027891,-0.0340919375588551,0.0000000000000000,3.2921350520674140,3.0025803714,440.809
1.0246120880397986,-0.0000000000000001,0.0000000000000000,0.0000000000018466,-0.0341413048098889,0.0000000000000000,3.2929907293026659,3.0025773019,441.466
1.0246169770533358,-0.0000000000000002,0.0000000000000000,-0.0000000000016122,-0.0341905060418024,0.0000000000000000,3.2938464065379178,3.0025742382,442.121
1.0246218511229663,-0.0000000000000010,0.0000000000000000,0.0000000000017536,-0.0342395423217161,0.0000000000000000,3.2947020837731698,3.0025711804,442.773
1.0246267103781039,-0.0000000000000010,0.0000000000000000,-0.0000000000006301,-0.0342884146985197,0.0000000000000000,3.2955577610084221,3.0025681284,443.424
1.0246315549556320,-0.0000000000000002,0.0000000000000000,-0.0000000000000315,-0.0343371242188907,0.0000000000000000,3.2964134382436741,3.0025650823,444.072
1.0246363849846851,-0.0000000000000001,0.0000000000000000,-0.0000000000027668,-0.0343856719135855,0.0000000000000000,3.2972691154789260,3.0025620419,444.718
1.0246412005991783,-0.0000000000000010,0.0000000000000000,-0.0000000000007292,-0.0344340588095385,0.0000000000000000,3.2981247927141779,3.0025590072,445.362
1.0246460019210839,-0.0000000000000011,0.0000000000000000,-0.0000000000097844,-0.0344822859139134,0.0000000000000000,3.2989804699494298,3.0025559783,446.004
1.0246507890874881,-0.0000000000000003,0.0000000000000000,-0.0000000000082155,-0.0345303542393913,0.0000000000000000,3.2998361471846822,3.0025529552,446.643
1.0246555622234852,-0.0000000000000010,0.0000000000000000,0.0000000000019042,-0.0345782647777219,0.0000000000000000,3.3006918244199341,3.0025499377,447.281
1.0246603214465071,-0.0000000000000010,0.0000000000000000,0.0000000000027348,-0.0346260185101433,0.0000000000000000,3.3015475016551861,3.0025469260,447.916
1.0246650668841346,-0.0000000000000010,0.0000000000000000,0.0000000000039855,-0.0346736164146925,0.0000000000000000,3.3024031788904380,3.0025439199,448.550
1.0246697986586706,-0.0000000000000001,0.0000000000000000,0.0000000000058094,-0.0347210594583184,0.0000000000000000,3.3032588561256899,3.0025409195,449.181
1.0246745168892466,-0.0000000000000010,0.0000000000000000,0.0000000000040767,-0.0347683485968392,0.0000000000000000,3.3041145333609423,3.0025379247,449.810
1.0246792216985945,-0.0000000000000005,0.0000000000000000,0.0000000000062129,-0.0348154847813245,0.0000000000000000,3.3049702105961942,3.0025349356,450.437
1.0246839132018937,-0.0000000000000000,0.0000000000000000,0.0000000000042273,-0.0348624689500506,0.0000000000000000,3.3058258878314462,3.0025319521,451.062
1.0246885915205763,-0.0000000000000000,0.0000000000000000,0.0000000000085239,-0.0349093020368803,0.0000000000000000,3.3066815650666981,3.0025289741,451.685
1.0246932567630334,-0.0000000000000000,0.0000000000000000,0.0000000000017917,-0.0349559849578707,0.0000000000000000,3.3075372423019500,3.0025260017,452.306
1.0246979090528729,-0.0000000000000000,0.0000000000000000,0.0000000000043043,-0.0350025186353101,0.0000000000000000,3.3083929195372024,3.0025230349,452.925
1.0247025484967316,-0.0000000000000003,0.0000000000000000,0.0000000000003754,-0.0350489039686309,0.0000000000000000,3.3092485967724543,3.0025200736,453.542
1.0247071752139345,-0.0000000000000003,0.0000000000000000,0.0000000000059564,-0.0350951418619721,0.0000000000000000,3.3101042740077062,3.0025171179,454.157
1.0247117893073887,-0.0000000000000010,0.0000000000000000,0.0000000000023475,-0.0351412331966774,0.0000000000000000,3.3109599512429582,3.0025141676,454.770
1.0247163908922725,-0.0000000000000000,0.0000000000000000,0.0000000000012977,-0.0351871788590059,0.0000000000000000,3.3118156284782101,3.0025112229,455.382
1.0247209800775161,-0.0000000000000000,0.0000000000000000,0.0000000000026685,-0.0352329797226149,0.0000000000000000,3.3126713057134620,3.0025082836,455.991
1.0247255569694846,-0.0000000000000000,0.0000000000000000,0.0000000000037291,-0.0352786366508172,0.0000000000000000,3.3135269829487144,3.0025053497,456.598
1.0247301216747555,-0.0000000000000000,0.0000000000000000,0.0000000000038982,-0.0353241505019604,0.0000000000000000,3.3143826601839663,3.0025024213,457.203
1.0247346742992465,-0.0000000000000000,0.0000000000000000,0.0000000000041625,-0.0353695221259245,0.0000000000000000,3.3152383374192183,3.0024994983,457.806
1.0247392149468588,-0.0000000000000000,0.0000000000000000,0.0000000000028553,-0.0354147523655017,0.0000000000000000,3.3160940146544702,3.0024965808,458.408
1.0247437437216051,-0.0000000000000010,0.0000000000000000,0.0000000000016693,-0.0354598420552278,0.0000000000000000,3.3169496918897221,3.0024936686,459.007
1.0247482607258953,-0.0000000000000010,0.0000000000000000,0.0000000000006961,-0.0355047920230598,0.0000000000000000,3.3178053691249745,3.0024907617,459.605
1.0247527660632856,-0.0000000000000007,0.0000000000000000,0.0000000000044659,-0.0355496030913593,0.0000000000000000,3.3186610463602264,3.0024878603,460.201
1.0247572598304202,-0.0000000000000009,0.0000000000000000,0.0000000000048841,-0.0355942760698720,0.0000000000000000,3.3195167235954783,3.0024849642,460.795
1.0247617421278923,-0.0000000000000010,0.0000000000000000,0.0000000000048580,-0.0356388117657099,0.0000000000000000,3.3203724008307303,3.0024820733,461.387
1.0247662130539053,-0.0000000000000000,0.0000000000000000,0.0000000000041915,-0.0356832109774684,0.0000000000000000,3.3212280780659822,3.0024791878,461.977
1.0247706727058787,-0.0000000000000010,0.0000000000000000,0.0000000000025341,-0.0357274744977392,0.0000000000000000,3.3220837553012341,3.0024763076,462.565
1.0247751211822698,-0.0000000000000019,0.0000000000000000,0.0000000000052135,-0.0357716031129294,0.0000000000000000,3.3229394325364865,3.0024734327,463.152
1.0247795585708157,-0.0000000000000010,0.0000000000000000,-0.0000000000056663,-0.0358155975949990,0.0000000000000000,3.3237951097717384,3.0024705630,463.737
1.0247839849801914,-0.0000000000000010,0.0000000000000000,0.0000000000024409,-0.0358594587276001,0.0000000000000000,3.3246507870069903,3.0024676986,464.320
1.0247884004931231,-0.0000000000000000,0.0000000000000000,0.0000000000047814,-0.0359031872666546,0.0000000000000000,3.3255064642422423,3.0024648394,464.901
1.0247928052039812,-0.0000000000000008,0.0000000000000000,0.0000000000053404,-0.0359467839720052,0.0000000000000000,3.3263621414774942,3.0024619854,465.480
1.0247971992058942,-0.0000000000000008,0.0000000000000000,0.0000000000073642,-0.0359902495968548,0.0000000000000000,3.3272178187127466,3.0024591366,466.058
1.0248015825861105,-0.0000000000000008,0.0000000000000000,0.0000000000026295,-0.0360335848837434,0.0000000000000000,3.3280734959479985,3.0024562930,466.634
1.0248059554398115,-0.0000000000000000,0.0000000000000000,0.0000000000032737,-0.0360767905764313,0.0000000000000000,3.3289291731832504,3.0024534545,467.208
1.0248103178536465,-0.0000000000000008,0.0000000000000000,0.0000000000037956,-0.0361198674060056,0.0000000000000000,3.3297848504185024,3.0024506212,467.780
1.0248146699148553,-0.0000000000000000,0.0000000000000000,0.0000000000020044,-0.0361628160982654,0.0000000000000000,3.3306405276537543,3.0024477930,468.351
1.0248190117112654,-0.0000000000000004,0.0000000000000000,-0.0000000000010566,-0.0362056373745374,0.0000000000000000,3.3314962048890067,3.0024449700,468.919
1.0248233433338001,-0.0000000000000005,0.0000000000000000,0.0000000000048044,-0.0362483319534342,0.0000000000000000,3.3323518821242586,3.0024421520,469.487
1.0248276648651966,-0.0000000000000003,0.0000000000000000,0.0000000000131141,-0.0362909005409678,0.0000000000000000,3.3332075593595105,3.0024393392,470.052
1.0248319763798446,-0.0000000000000000,0.0000000000000000,0.0000000000000002,-0.0363333438307354,0.0000000000000000,3.3340632365947624,3.0024365314,470.616
1.0248362779769702,-0.0000000000000000,0.0000000000000000,0.0000000000000009,-0.0363756625336553,0.0000000000000000,3.3349189138300144,3.0024337286,471.178
1.0248405697339740,-0.0000000000000000,0.0000000000000000,0.0000000000000011,-0.0364178573355898,0.0000000000000000,3.3357745910652667,3.0024309310,471.738
1.0248448517332698,-0.0000000000000000,0.0000000000000000,-0.0000000000000004,-0.0364599289221004,0.0000000000000000,3.3366302683005187,3.0024281383,472.297
1.0248491240564730,-0.0000000000000000,0.0000000000000000,0.0000000000000003,-0.0365018779731162,0.0000000000000000,3.3374859455357706,3.0024253506,472.854
1.0248533867844338,-0.0000000000000000,0.0000000000000000,0.0000000000000004,-0.0365437051629863,0.0000000000000000,3.3383416227710225,3.0024225680,473.409
1.0248576399972278,-0.0000000000000000,0.0000000000000000,-0.0000000000000013,-0.0365854111605628,0.0000000000000000,3.3391973000062745,3.0024197903,473.963
1.0248618837741794,-0.0000000000000000,0.0000000000000000,-0.0000000000000014,-0.0366269966292688,0.0000000000000000,3.3400529772415264,3.0024170176,474.515
1.0248661181938747,-0.0000000000000000,0.0000000000000000,-0.0000000000000020,-0.0366684622272539,0.0000000000000000,3.3409086544767788,3.0024142498,475.066
1.0248703433340920,-0.0000000000000000,0.0000000000000000,-0.0000000000000006,-0.0367098086067756,0.0000000000000000,3.3417643317120307,3.0024114870,475.615
1.0248745592719877,-0.0000000000000000,0.0000000000000000,0.0000000000000000,-0.0367510364157216,0.0000000000000000,3.3426200089472826,3.0024087291,476.162
1.0248787660839211,-0.0000000000000000,0.0000000000000000,0.0000000000000012,-0.0367921462961437,0.0000000000000000,3.3434756861825345,3.0024059762,476.708
1.0248829638455557,-0.0000000000000000,0.0000000000000000,-0.0000000000000002,-0.0368331388851420,0.0000000000000000,3.3443313634177865,3.0024032281,477.252
1.0248871526318482,-0.0000000000000000,0.0000000000000000,-0.0000000000000012,-0.0368740148146759,0.0000000000000000,3.3451870406530384,3.0024004849,477.794
1.0248913325170608,-0.0000000000000000,0.0000000000000000,-0.0000000000000012,-0.0369147747116908,0.0000000000000000,3.3460427178882908,3.0023977465,478.335
1.0248955035747631,0.0000000000000000,0.0000000000000000,0.0000000000000008,-0.0369554191981405,0.0000000000000000,3.3468983951235427,3.0023950130,478.875
1.0248996658778446,0.0000000000000000,0.0000000000000000,-0.0000000000000017,-0.0369959488910565,0.0000000000000000,3.3477540723587946,3.0023922844,479.412
1.0249038194985212,-0.0000000000000000,0.0000000000000000,-0.0000000000000007,-0.0370363644025909,0.0000000000000000,3.3486097495940466,3.0023895606,479.949
1.0249079645083419,-0.0000000000000000,0.0000000000000000,-0.0000000000000006,-0.0370766663400681,0.0000000000000000,3.3494654268292985,3.0023868416,480.483
1.0249121009782005,-0.0000000000000000,0.0000000000000000,0.0000000000000009,-0.0371168553060386,0.0000000000000000,3.3503211040645509,3.0023841273,481.016
1.0249162289783358,-0.0000000000000000,0.0000000000000000,0.0000000000000005,-0.0371569318983592,0.0000000000000000,3.3511767812998028,3.0023814179,481.548
1.0249203485783469,-0.0000000000000000,0.0000000000000000,-0.0000000000000007,-0.0371968967101827,0.0000000000000000,3.3520324585350547,3.0023787132,482.078
1.0249244598471996,-0.0000000000000000,0.0000000000000000,-0.0000000000000023,-0.0372367503301131,0.0000000000000000,3.3528881357703066,3.0023760133,482.607
1.0249285628532159,-0.0000000000000000,0.0000000000000000,-0.0000000000000008,-0.0372764933419627,0.0000000000000000,3.3537438130055586,3.0023733181,483.134
1.0249326576641222,-0.0000000000000000,0.0000000000000000,-0.0000000000000025,-0.0373161263253683,0.0000000000000000,3.3545994902408109,3.0023706277,483.659
1.0249367443470065,-0.0000000000000000,0.0000000000000000,0.0000000000000003,-0.0373556498552227,0.0000000000000000,3.3554551674760629,3.0023679419,484.184
1.0249408229683643,-0.0000000000000000,0.0000000000000000,-0.0000000000000001,-0.0373950645021095,0.0000000000000000,3.3563108447113148,3.0023652609,484.706
1.0249448935941754,-0.0000000000000000,0.0000000000000000,0.0000000000000260,-0.0374343708333904,0.0000000000000000,3.3571665219465667,3.0023625845,485.227
1.0249489562895320,-0.0000000000000000,0.0000000000000000,0.0000000000000196,-0.0374735694082146,0.0000000000000000,3.3580221991818187,3.0023599129,485.747
1.0249530111192608,-0.0000000000000000,0.0000000000000000,0.0000000000000167,-0.0375126607856819,0.0000000000000000,3.3588778764170710,3.0023572458,486.265
1.0249570581474876,-0.0000000000000000,0.0000000000000000,0.0000000000000113,-0.0375516455190860,0.0000000000000000,3.3597335536523230,3.0023545835,486.782
1.0249610974377685,-0.0000000000000000,0.0000000000000000,0.0000000000000074,-0.0375905241575215,0.0000000000000000,3.3605892308875749,3.0023519257,487.297
1.0249651290530877,-0.0000000000000000,0.0000000000000000,0.0000000000000055,-0.0376292972459219,0.0000000000000000,3.3614449081228268,3.0023492726,487.811
1.0249691530558691,-0.0000000000000000,0.0000000000000000,0.0000000000000047,-0.0376679653251187,0.0000000000000000,3.3623005853580787,3.0023466240,488.324
1.0249731695079847,-0.0000000000000000,0.0000000000000000,0.0000000000000048,-0.0377065289318670,0.0000000000000000,3.3631562625933311,3.0023439801,488.835
1.0249771784707522,-0.0000000000000000,0.0000000000000000,0.0000000000000030,-0.0377449885988829,0.0000000000000000,3.3640119398285830,3.0023413408,489.344
1.0249811800049480,-0.0000000000000000,0.0000000000000000,0.0000000000000010,-0.0377833448549088,0.0000000000000000,3.3648676170638350,3.0023387060,489.853
1.0249851741708154,-0.0000000000000000,0.0000000000000000,-0.0000000000000001,-0.0378215982247400,0.0000000000000000,3.3657232942990869,3.0023360757,490.359
1.0249891610280633,-0.0000000000000000,0.0000000000000000,0.0000000000000029,-0.0378597492292602,0.0000000000000000,3.3665789715343388,3.0023334500,490.865
1.0249931406358730,-0.0000000000000000,0.0000000000000000,0.0000000000000004,-0.0378977983854686,0.0000000000000000,3.3674346487695908,3.0023308288,491.369
1.0249971130529107,-0.0000000000000000,0.0000000000000000,0.0000000000000013,-0.0379357462065689,0.0000000000000000,3.3682903260048431,3.0023282122,491.871
1.0250010783373262,-0.0000000000000000,0.0000000000000000,0.0000000000000003,-0.0379735932019485,0.0000000000000000,3.3691460032400951,3.0023256000,492.373
1.0250050365467611,-0.0000000000000000,0.0000000000000000,-0.0000000000000003,-0.0380113398772487,0.0000000000000000,3.3700016804753470,3.0023229923,492.873
1.0250089877383535,-0.0000000000000000,0.0000000000000000,-0.0000000000000004,-0.0380489867344099,0.0000000000000000,3.3708573577105989,3.0023203891,493.371
1.0250129319687473,-0.0000000000000000,0.0000000000000000,-0.0000000000000001,-0.0380865342716722,0.0000000000000000,3.3717130349458508,3.0023177904,493.868
1.0250168692940893,-0.0000000000000000,0.0000000000000000,-0.0000000000000011,-0.0381239829836549,0.0000000000000000,3.3725687121811028,3.0023151961,494.364
1.0250207997700409,-0.0000000000000000,0.0000000000000000,-0.0000000000000012,-0.0381613333613548,0.0000000000000000,3.3734243894163551,3.0023126063,494.858
1.0250247234517866,-0.0000000000000000,0.0000000000000000,-0.0000000000000002,-0.0381985858922171,0.0000000000000000,3.3742800666516071,3.0023100208,495.352
1.0250286403940263,-0.0000000000000000,0.0000000000000000,-0.0000000000000004,-0.0382357410601380,0.0000000000000000,3.3751357438868590,3.0023074398,495.843
1.0250325506509941,-0.0000000000000000,0.0000000000000000,-0.0000000000000001,-0.0382727993455263,0.0000000000000000,3.3759914211221109,3.0023048632,496.334
1.0250364542764563,-0.0000000000000000,0.0000000000000000,-0.0000000000000003,-0.0383097612253206,0.0000000000000000,3.3768470983573629,3.0023022910,496.823
1.0250403513237196,-0.0000000000000000,0.0000000000000000,-0.0000000000000002,-0.0383466271730247,0.0000000000000000,3.3777027755926152,3.0022997231,497.311
1.0250442418456298,0.0000000000000000,0.0000000000000000,-0.0000000000000014,-0.0383833976587750,0.0000000000000000,3.3785584528278672,3.0022971596,497.797
1.0250481258945838,-0.0000000000000000,0.0000000000000000,-0.0000000000000006,-0.0384200731492924,0.0000000000000000,3.3794141300631191,3.0022946005,498.283
1.0250520035225312,-0.0000000000000000,0.0000000000000000,-0.0000000000000002,-0.0384566541080004,0.0000000000000000,3.3802698072983710,3.0022920457,498.767
1.0250558747809775,0.0000000000000000,0.0000000000000000,0.0000000000000126,-0.0384931409950720,0.0000000000000000,3.3811254845336229,3.0022894952,499.249
1.0250597397209973,-0.0000000000000000,0.0000000000000000,0.0000000000000004,-0.0385295342672095,0.0000000000000000,3.3819811617688753,3.0022869490,499.731
1.0250635983932430,-0.0000000000000000,0.0000000000000000,0.0000000000000084,-0.0385658343784009,0.0000000000000000,3.3828368390041272,3.0022844071,500.211
1.0250674508478643,-0.0000000000000000,0.0000000000000000,-0.0000000000000002,-0.0386020417783597,0.0000000000000000,3.3836925162393792,3.0022818695,500.690
1.0250712971343978,-0.0000000000000000,0.0000000000000000,-0.0000000000006775,-0.0386381569147786,0.0000000000000000,3.3845481934746311,3.0022793362,501.167
1.0250751373049960,-0.0000000000000011,0.0000000000000000,0.0000000000042212,-0.0386741802340291,0.0000000000000000,3.3854038707098830,3.0022768072,501.644
1.0250789714025186,-0.0000000000000000,0.0000000000000000,0.0000000000010484,-0.0387101121713400,0.0000000000000000,3.3862595479451350,3.0022742824,502.119
1.0250827994838150,-0.0000000000000002,0.0000000000000000,0.0000000000086088,-0.0387459531723998,0.0000000000000000,3.3871152251803873,3.0022717619,502.592
1.0250866215866481,-0.0000000000000005,0.0000000000000000,0.0000000000034515,-0.0387817036626684,0.0000000000000000,3.3879709024156393,3.0022692455,503.065
1.0250904377665979,-0.0000000000000001,0.0000000000000000,0.0000000000030823,-0.0388173640811087,0.0000000000000000,3.3888265796508912,3.0022667334,503.536
1.0250942480688032,-0.0000000000000000,0.0000000000000000,0.0000000000030247,-0.0388529348542566,0.0000000000000000,3.3896822568861431,3.0022642255,504.006
1.0250980525399878,-0.0000000000000017,0.0000000000000000,0.0000000000024938,-0.0388884164080297,0.0000000000000000,3.3905379341213955,3.0022617218,504.475
1.0251018512268040,-0.0000000000000000,0.0000000000000000,0.0000000000016721,-0.0389238091654856,0.0000000000000000,3.3913936113566470,3.0022592223,504.943
1.0251056441761144,-0.0000000000000019,0.0000000000000000,0.0000000000022588,-0.0389591135470215,0.0000000000000000,3.3922492885918993,3.0022567270,505.410
1.0251094314330789,-0.0000000000000000,0.0000000000000000,0.0000000000027540,-0.0389943299697023,0.0000000000000000,3.3931049658271513,3.0022542358,505.875
1.0251132130434970,-0.0000000000000015,0.0000000000000000,0.0000000000043286,-0.0390294588472940,0.0000000000000000,3.3939606430624032,3.0022517487,506.339
1.0251169890494916,-0.0000000000000001,0.0000000000000000,0.0000000000002858,-0.0390645005894732,0.0000000000000000,3.3948163202976551,3.0022492658,506.802
1.0251207595014333,-0.0000000000000001,0.0000000000000000,0.0000000000033776,-0.0390994556095542,0.0000000000000000,3.3956719975329070,3.0022467870,507.263
1.0251245244375009,-0.0000000000000000,0.0000000000000000,0.0000000000001556,-0.0391343243077639,0.0000000000000000,3.3965276747681594,3.0022443124,507.724
1.0251282839076292,-0.0000000000000005,0.0000000000000000,0.0000000000038288,-0.0391691070928240,0.0000000000000000,3.3973833520034113,3.0022418418,508.183
1.0251320379504141,-0.0000000000000000,0.0000000000000000,0.0000000000034307,-0.0392038043607698,0.0000000000000000,3.3982390292386633,3.0022393753,508.641
1.0251357866105404,0.0000000000000000,0.0000000000000000,0.0000000000023180,-0.0392384165102715,0.0000000000000000,3.3990947064739152,3.0022369129,509.098
1.0251395299333450,-0.0000000000000011,0.0000000000000000,0.0000000000058401,-0.0392729439388991,0.0000000000000000,3.3999503837091671,3.0022344546,509.554
1.0251432679554047,-0.0000000000000000,0.0000000000000000,0.0000000000011246,-0.0393073870328819,0.0000000000000000,3.4008060609444195,3.0022320003,510.009
1.0251470007259782,-0.0000000000000000,0.0000000000000000,0.0000000000036057,-0.0393417461892975,0.0000000000000000,3.4016617381796714,3.0022295501,510.462
1.0251507282825274,-0.0000000000000012,0.0000000000000000,0.0000000000036955,-0.0393760217909712,0.0000000000000000,3.4025174154149234,3.0022271039,510.915
1.0251544506664425,-0.0000000000000011,0.0000000000000000,0.0000000000014599,-0.0394102142215785,0.0000000000000000,3.4033730926501753,3.0022246617,511.366
1.0251581679229409,-0.0000000000000011,0.0000000000000000,0.0000000000056394,-0.0394443238677758,0.0000000000000000,3.4042287698854272,3.0022222236,511.816
1.0251618800874083,-0.0000000000000000,0.0000000000000000,0.0000000000044190,-0.0394783511036179,0.0000000000000000,3.4050844471206796,3.0022197894,512.265
1.0251655872026222,-0.0000000000000000,0.0000000000000000,0.0000000000027718,-0.0395122963079983,0.0000000000000000,3.4059401243559315,3.0022173592,512.713
1.0251692893097251,-0.0000000000000011,0.0000000000000000,0.0000000000030297,-0.0395461598560426,0.0000000000000000,3.4067958015911834,3.0022149330,513.159
1.0251729864477355,-0.0000000000000000,0.0000000000000000,0.0000000000031606,-0.0395799421195455,0.0000000000000000,3.4076514788264354,3.0022125108,513.605
1.0251766786547234,-0.0000000000000011,0.0000000000000000,0.0000000000002569,-0.0396136434659883,0.0000000000000000,3.4085071560616873,3.0022100926,514.049
1.0251803659717778,-0.0000000000000011,0.0000000000000000,-0.0000000000019526,-0.0396472642649426,0.0000000000000000,3.4093628332969397,3.0022076782,514.493
1.0251840484349530,-0.0000000000000002,0.0000000000000000,-0.0000000000092647,-0.0396808048778126,0.0000000000000000,3.4102185105321916,3.0022052679,514.935
1.0251877260871605,-0.0000000000000000,0.0000000000000000,-0.0000000000120645,-0.0397142656708167,0.0000000000000000,3.4110741877674435,3.0022028614,515.376
1.0251913989647301,-0.0000000000000011,0.0000000000000000,-0.0000000000150398,-0.0397476470025112,0.0000000000000000,3.4119298650026955,3.0022004589,515.816
1.0251950671035279,-0.0000000000000011,0.0000000000000000,-0.0000000000224763,-0.0397809492282683,0.0000000000000000,3.4127855422379474,3.0021980603,516.255
1.0251987305572507,-0.0000000000000011,0.0000000000000000,0.0000000000016446,-0.0398141727160563,0.0000000000000000,3.4136412194731993,3.0021956655,516.693
1.0252023893402595,-0.0000000000000011,0.0000000000000000,0.0000000000052350,-0.0398473178014305,0.0000000000000000,3.4144968967084517,3.0021932747,517.130
1.0252060434978718,-0.0000000000000011,0.0000000000000000,0.0000000000072217,-0.0398803848407919,0.0000000000000000,3.4153525739437036,3.0021908877,517.565
1.0252096930677785,-0.0000000000000011,0.0000000000000000,0.0000000000095090,-0.0399133741835733,0.0000000000000000,3.4162082511789555,3.0021885046,518.000
1.0252133380854700,-0.0000000000000000,0.0000000000000000,0.0000000000099667,-0.0399462861747552,0.0000000000000000,3.4170639284142075,3.0021861253,518.433
1.0252169785863776,-0.0000000000000011,0.0000000000000000,0.0000000000068543,-0.0399791211580922,0.0000000000000000,3.4179196056494594,3.0021837499,518.866
1.0252206146102565,-0.0000000000000000,0.0000000000000000,0.0000000000085530,-0.0400118794786187,0.0000000000000000,3.4187752828847118,3.0021813783,519.297
1.0252242461873071,-0.0000000000000000,0.0000000000000000,0.0000000000033488,-0.0400445614704686,0.0000000000000000,3.4196309601199637,3.0021790105,519.728
1.0252278733597395,-0.0000000000000011,0.0000000000000000,0.0000000000061833,-0.0400771674779844,0.0000000000000000,3.4204866373552156,3.0021766465,520.157
1.0252314961572400,-0.0000000000000011,0.0000000000000000,0.0000000000051884,-0.0401096978313008,0.0000000000000000,3.4213423145904676,3.0021742864,520.586
1.0252351146150078,-0.0000000000000014,0.0000000000000000,0.0000000000013767,-0.0401421528633886,0.0000000000000000,3.4221979918257195,3.0021719300,521.013
1.0252387287745541,-0.0000000000000000,0.0000000000000000,0.0000000000099770,-0.0401745329124070,0.0000000000000000,3.4230536690609714,3.0021695774,521.439
1.0252423386601639,-0.0000000000000011,0.0000000000000000,0.0000000000090789,-0.0402068382976764,0.0000000000000000,3.4239093462962238,3.0021672286,521.864
1.0252459443071884,-0.0000000000000019,0.0000000000000000,0.0000000000017477,-0.0402390693472936,0.0000000000000000,3.4247650235314757,3.0021648835,522.288
1.0252495457594253,-0.0000000000000000,0.0000000000000000,0.0000000000099639,-0.0402712263954500,0.0000000000000000,3.4256207007667276,3.0021625422,522.712
1.0252531430391674,-0.0000000000000011,0.0000000000000000,0.0000000000092296,-0.0403033097546669,0.0000000000000000,3.4264763780019796,3.0021602046,523.134
1.0252567361842153,-0.0000000000000011,0.0000000000000000,0.0000000000096416,-0.0403353197498322,0.0000000000000000,3.4273320552372315,3.0021578708,523.555
1.0252603252268204,-0.0000000000000000,0.0000000000000000,0.0000000000096472,-0.0403672566990180,0.0000000000000000,3.4281877324724839,3.0021555407,523.975
1.0252639101997616,-0.0000000000000000,0.0000000000000000,0.0000000000094167,-0.0403991209190564,0.0000000000000000,3.4290434097077358,3.0021532142,524.394
1.0252674911355948,-0.0000000000000011,0.0000000000000000,0.0000000000090403,-0.0404309127252004,0.0000000000000000,3.4298990869429877,3.0021508915,524.812
1.0252710680676158,-0.0000000000000000,0.0000000000000000,0.0000000000111514,-0.0404626324304415,0.0000000000000000,3.4307547641782397,3.0021485725,525.229
1.0252746410250793,-0.0000000000000011,0.0000000000000000,0.0000000000098696,-0.0404942803437619,0.0000000000000000,3.4316104414134916,3.0021462572,525.645
1.0252782100420410,-0.0000000000000011,0.0000000000000000,0.0000000000101317,-0.0405258567761639,0.0000000000000000,3.4324661186487440,3.0021439455,526.061
1.0252817751489991,-0.0000000000000000,0.0000000000000000,0.0000000000098597,-0.0405573620338801,0.0000000000000000,3.4333217958839959,3.0021416375,526.475
1.0252853363759247,-0.0000000000000012,0.0000000000000000,0.0000000000063337,-0.0405887964208117,0.0000000000000000,3.4341774731192478,3.0021393331,526.888
1.0252888937585340,-0.0000000000000011,0.0000000000000000,0.0000000000099026,-0.0406201602448082,0.0000000000000000,3.4350331503544997,3.0021370324,527.300
1.0252924473221539,-0.0000000000000000,0.0000000000000000,0.0000000000086759,-0.0406514538021257,0.0000000000000000,3.4358888275897517,3.0021347353,527.711
1.0252959970993805,-0.0000000000000000,0.0000000000000000,0.0000000000071349,-0.0406826773945813,0.0000000000000000,3.4367445048250036,3.0021324419,528.122
1.0252995431221064,-0.0000000000000012,0.0000000000000000,0.0000000000089831,-0.0407138313208213,0.0000000000000000,3.4376001820602560,3.0021301520,528.531
1.0253030854171490,-0.0000000000000000,0.0000000000000000,0.0000000000068145,-0.0407449158747170,0.0000000000000000,3.4384558592955079,3.0021278658,528.939
1.0253066240148179,-0.0000000000000012,0.0000000000000000,0.0000000000020122,-0.0407759313498404,0.0000000000000000,3.4393115365307598,3.0021255831,529.347
1.0253101589505775,-0.0000000000000012,0.0000000000000000,0.0000000000072046,-0.0408068780447552,0.0000000000000000,3.4401672137660118,3.0021233040,529.753
1.0253136902465638,-0.0000000000000012,0.0000000000000000,0.0000000000065435,-0.0408377562431764,0.0000000000000000,3.4410228910012637,3.0021210285,530.159
1.0253172179322676,-0.0000000000000000,0.0000000000000000,0.0000000000007107,-0.0408685662342655,0.0000000000000000,3.4418785682365156,3.0021187566,530.563
1.0253207420450186,-0.0000000000000012,0.0000000000000000,0.0000000000081405,-0.0408993083129253,0.0000000000000000,3.4427342454717680,3.0021164882,530.967
1.0253242626047565,-0.0000000000000012,0.0000000000000000,0.0000000000096056,-0.0409299827561637,0.0000000000000000,3.4435899227070199,3.0021142234,531.369
1.0253277796377123,-0.0000000000000000,0.0000000000000000,-0.0000000000000011,-0.0409605898458431,0.0000000000000000,3.4444455999422718,3.0021119621,531.771
1.0253312931815779,-0.0000000000000000,0.0000000000000000,-0.0000000000000018,-0.0409911298725811,0.0000000000000000,3.4453012771775238,3.0021097044,532.172
1.0253348032600724,-0.0000000000000000,0.0000000000000000,0.0000000000000005,-0.0410216031126265,0.0000000000000000,3.4461569544127757,3.0021074501,532.572
1.0253383099010753,0.0000000000000000,0.0000000000000000,0.0000000000000017,-0.0410520098446155,0.0000000000000000,3.4470126316480281,3.0021051994,532.971
1.0253418131322574,-0.0000000000000000,0.0000000000000000,0.0000000000000006,-0.0410823503455327,0.0000000000000000,3.4478683088832800,3.0021029522,533.369
1.0253453129810803,-0.0000000000000000,0.0000000000000000,-0.0000000000000002,-0.0411126248907042,0.0000000000000000,3.4487239861185319,3.0021007084,533.766
1.0253488094748080,-0.0000000000000000,0.0000000000000000,0.0000000000000320,-0.0411428337538972,0.0000000000000000,3.4495796633537839,3.0020984682,534.162
1.0253523026405043,-0.0000000000000000,0.0000000000000000,0.0000000000000001,-0.0411729772070399,0.0000000000000000,3.4504353405890358,3.0020962314,534.557
1.0253557925050212,-0.0000000000000000,0.0000000000000000,-0.0000000000000027,-0.0412030555207669,0.0000000000000000,3.4512910178242882,3.0020939981,534.952
1.0253592790950217,-0.0000000000000000,0.0000000000000000,-0.0000000000000012,-0.0412330689639201,0.0000000000000000,3.4521466950595401,3.0020917682,535.345
1.0253627624369710,-0.0000000000000000,0.0000000000000000,-0.0000000000000004,-0.0412630178038063,0.0000000000000000,3.4530023722947920,3.0020895418,535.738
1.0253662425571370,-0.0000000000000000,0.0000000000000000,-0.0000000000000002,-0.0412929023061784,0.0000000000000000,3.4538580495300439,3.0020873188,536.129
1.0253697194815936,-0.0000000000000000,0.0000000000000000,0.0000000000000004,-0.0413227227352222,0.0000000000000000,3.4547137267652959,3.0020850993,536.520
1.0253731932362287,-0.0000000000000000,0.0000000000000000,-0.0000000000000010,-0.0413524793535858,0.0000000000000000,3.4555694040005482,3.0020828831,536.910
1.0253766638467336,-0.0000000000000000,0.0000000000000000,0.0000000000000005,-0.0413821724223870,0.0000000000000000,3.4564250812358002,3.0020806704,537.299
1.0253801313386171,-0.0000000000000000,0.0000000000000000,0.0000000000000009,-0.0414118022012240,0.0000000000000000,3.4572807584710521,3.0020784611,537.687
1.0253835957371957,-0.0000000000000000,0.0000000000000000,-0.0000000000000003,-0.0414413689481855,0.0000000000000000,3.4581364357063040,3.0020762552,538.075
1.0253870570676054,-0.0000000000000000,0.0000000000000000,-0.0000000000000014,-0.0414708729198772,0.0000000000000000,3.4589921129415560,3.0020740526,538.461
1.0253905153547958,-0.0000000000000000,0.0000000000000000,-0.0000000000000019,-0.0415003143714052,0.0000000000000000,3.4598477901768083,3.0020718535,538.847
1.0253939706235393,-0.0000000000000000,0.0000000000000000,-0.0000000000000017,-0.0415296935564239,0.0000000000000000,3.4607034674120603,3.0020696577,539.231
1.0253974228984550,-0.0000000000000000,0.0000000000000000,0.0000000000000705,-0.0415590107278757,0.0000000000000000,3.4615591446473122,3.0020674652,539.615
1.0254008722038845,-0.0000000000000000,0.0000000000000000,0.0000000000000603,-0.0415882661348317,0.0000000000000000,3.4624148218825641,3.0020652762,539.998
1.0254043185641004,-0.0000000000000000,0.0000000000000000,0.0000000000000513,-0.0416174600275020,0.0000000000000000,3.4632704991178160,3.0020630904,540.380
1.0254077620031585,-0.0000000000000000,0.0000000000000000,0.0000000000000426,-0.0416465926537601,0.0000000000000000,3.4641261763530680,3.0020609080,540.761
1.0254112025449467,-0.0000000000000000,0.0000000000000000,0.0000000000000370,-0.0416756642600534,0.0000000000000000,3.4649818535883203,3.0020587289,541.142
1.0254146402131721,-0.0000000000000000,0.0000000000000000,0.0000000000000303,-0.0417046750914265,0.0000000000000000,3.4658375308235723,3.0020565531,541.521
1.0254180750313786,-0.0000000000000000,0.0000000000000000,0.0000000000000249,-0.0417336253915424,0.0000000000000000,3.4666932080588242,3.0020543807,541.900
1.0254215070229347,-0.0000000000000000,0.0000000000000000,0.0000000000000203,-0.0417625154026572,0.0000000000000000,3.4675488852940761,3.0020522115,542.278
1.0254249362110452,-0.0000000000000000,0.0000000000000000,0.0000000000000170,-0.0417913453656821,0.0000000000000000,3.4684045625293281,3.0020500456,542.655
1.0254283626187450,-0.0000000000000000,0.0000000000000000,0.0000000000000125,-0.0418201155201421,0.0000000000000000,3.4692602397645800,3.0020478831,543.031
1.0254317862689051,-0.0000000000000000,0.0000000000000000,0.0000000000000108,-0.0418488261042247,0.0000000000000000,3.4701159169998324,3.0020457237,543.407
1.0254352071842334,-0.0000000000000000,0.0000000000000000,0.0000000000000081,-0.0418774773547760,0.0000000000000000,3.4709715942350843,3.0020435677,543.781
1.0254386253872738,-0.0000000000000000,0.0000000000000000,0.0000000000000067,-0.0419060695072964,0.0000000000000000,3.4718272714703362,3.0020414149,544.155
1.0254420409004099,-0.0000000000000000,0.0000000000000000,0.0000000000000044,-0.0419346027959816,0.0000000000000000,3.4726829487055881,3.0020392653,544.528
1.0254454537458664,-0.0000000000000000,0.0000000000000000,0.0000000000000039,-0.0419630774536996,0.0000000000000000,3.4735386259408401,3.0020371190,544.900
1.0254488639457071,-0.0000000000000000,0.0000000000000000,0.0000000000000033,-0.0419914937120313,0.0000000000000000,3.4743943031760924,3.0020349760,545.271
1.0254522715218415,-0.0000000000000000,0.0000000000000000,0.0000000000000043,-0.0420198518012598,0.0000000000000000,3.4752499804113444,3.0020328361,545.642
1.0254556764960228,-0.0000000000000000,0.0000000000000000,0.0000000000000009,-0.0420481519503812,0.0000000000000000,3.4761056576465963,3.0020306995,546.011
1.0254590788898490,0.0000000000000000,0.0000000000000000,0.0000000000000007,-0.0420763943871244,0.0000000000000000,3.4769613348818482,3.0020285661,546.380
1.0254624787247646,-0.0000000000000000,0.0000000000000000,0.0000000000000010,-0.0421045793379513,0.0000000000000000,3.4778170121171001,3.0020264358,546.748
1.0254658760220647,-0.0000000000000000,0.0000000000000000,0.0000000000000014,-0.0421327070280718,0.0000000000000000,3.4786726893523525,3.0020243088,547.116
1.0254692708028919,-0.0000000000000000,0.0000000000000000,0.0000000000000003,-0.0421607776814505,0.0000000000000000,3.4795283665876044,3.0020221850,547.482
1.0254726630882391,-0.0000000000000000,0.0000000000000000,-0.0000000000000004,-0.0421887915208179,0.0000000000000000,3.4803840438228564,3.0020200643,547.848
1.0254760528989522,-0.0000000000000000,0.0000000000000000,0.0000000000000006,-0.0422167487676726,0.0000000000000000,3.4812397210581083,3.0020179468,548.213
1.0254794402557319,-0.0000000000000000,0.0000000000000000,-0.0000000000000012,-0.0422446496423046,0.0000000000000000,3.4820953982933602,3.0020158324,548.577
1.0254828251791301,-0.0000000000000000,0.0000000000000000,-0.0000000000000005,-0.0422724943637887,0.0000000000000000,3.4829510755286126,3.0020137212,548.940
1.0254862076895561,-0.0000000000000000,0.0000000000000000,-0.0000000000000006,-0.0423002831500033,0.0000000000000000,3.4838067527638645,3.0020116132,549.302
1.0254895878072774,-0.0000000000000000,0.0000000000000000,0.0000000000000014,-0.0423280162176409,0.0000000000000000,3.4846624299991165,3.0020095083,549.664
1.0254929655524114,-0.0000000000000000,0.0000000000000000,-0.0000000000000003,-0.0423556937821792,0.0000000000000000,3.4855181072343684,3.0020074065,550.025
1.0254963409449513,-0.0000000000000000,0.0000000000000000,-0.0000000000000006,-0.0423833160579815,0.0000000000000000,3.4863737844696203,3.0020053078,550.385
1.0254997140047328,-0.0000000000000000,0.0000000000000000,0.0000000000000003,-0.0424108832582006,0.0000000000000000,3.4872294617048727,3.0020032123,550.745
1.0255030847514661,-0.0000000000000000,0.0000000000000000,0.0000000000000000,-0.0424383955948400,0.0000000000000000,3.4880851389401246,3.0020011198,551.104
1.0255064532047107,-0.0000000000000000,0.0000000000000000,0.0000000000000002,-0.0424658532787615,0.0000000000000000,3.4889408161753765,3.0019990305,551.461
1.0255098193839076,-0.0000000000000000,0.0000000000000000,0.0000000000000004,-0.0424932565196990,0.0000000000000000,3.4897964934106285,3.0019969442,551.819
1.0255131833083491,-0.0000000000000000,0.0000000000000000,0.0000000000000033,-0.0425206055262382,0.0000000000000000,3.4906521706458804,3.0019948610,552.175
1.0255165449971975,-0.0000000000000000,0.0000000000000000,-0.0000000000000008,-0.0425479005058382,0.0000000000000000,3.4915078478811323,3.0019927809,552.531
1.0255199044694823,-0.0000000000000000,0.0000000000000000,-0.0000000000000004,-0.0425751416648583,0.0000000000000000,3.4923635251163847,3.0019907039,552.885
1.0255232617441028,-0.0000000000000000,0.0000000000000000,0.0000000000000004,-0.0426023292085435,0.0000000000000000,3.4932192023516366,3.0019886299,553.240
1.0255266168398263,-0.0000000000000000,0.0000000000000000,0.0000000000000010,-0.0426294633410658,0.0000000000000000,3.4940748795868886,3.0019865590,553.593
1.0255299697752833,-0.0000000000000000,0.0000000000000000,-0.0000000000000001,-0.0426565442653837,0.0000000000000000,3.4949305568221405,3.0019844911,553.946
1.0255333205689894,-0.0000000000000000,0.0000000000000000,0.0000000000000009,-0.0426835721835642,0.0000000000000000,3.4957862340573924,3.0019824262,554.298
1.0255366692393260,-0.0000000000000000,0.0000000000000000,-0.0000000000000004,-0.0427105472964718,0.0000000000000000,3.4966419112926443,3.0019803644,554.649
1.0255400158045451,-0.0000000000000000,0.0000000000000000,-0.0000000000000014,-0.0427374698039289,0.0000000000000000,3.4974975885278967,3.0019783056,554.999
1.0255433602827755,-0.0000000000000000,0.0000000000000000,-0.0000000000000006,-0.0427643399047078,0.0000000000000000,3.4983532657631486,3.0019762498,555.349
1.0255467026920222,-0.0000000000000000,0.0000000000000000,-0.0000000000000002,-0.0427911577964958,0.0000000000000000,3.4992089429984006,3.0019741970,555.698
1.0255500430501694,0.0000000000000000,0.0000000000000000,-0.0000000000000011,-0.0428179236760118,0.0000000000000000,3.5000646202336525,3.0019721473,556.046
1.0255533813749722,-0.0000000000000000,0.0000000000000000,-0.0000000000000005,-0.0428446377388359,0.0000000000000000,3.5009202974689044,3.0019701005,556.393
1.0255567176840681,-0.0000000000000000,0.0000000000000000,-0.0000000000000005,-0.0428713001795846,0.0000000000000000,3.5017759747041568,3.0019680567,556.740
1.0255600519949764,-0.0000000000000000,0.0000000000000000,-0.0000000000000008,-0.0428979111918459,0.0000000000000000,3.5026316519394087,3.0019660158,557.086
1.0255633843259719,-0.0000000000000000,0.0000000000000000,0.0000000000019592,-0.0429244709688127,0.0000000000000000,3.5034873291746607,3.0019639780,557.432
