x0_n,y0_n,z0_n,xd0_n,yd0_n,zd0_n,Tp,JC,L2ExcessVelocity_mps,...,error_tol=1e-12,n_Nodes=6,stepsize=1.0
1.0204869122096605,-0.0000000000000000,0.0000000001669678,-0.0000000000010873,-0.0000001266494411,0.0001891458407242,3.1935664462721411,3.0037592659,2.599
1.0203847967534916,0.0000000000000000,-0.0000000000001138,0.0000000000000202,-0.0002090543297389,0.0076576440968575,3.2018641907489886,3.0037007101,105.196
1.0202852921184444,-0.0000000000000000,-0.0000000000000676,0.0000000000000162,-0.0004159009137328,0.0107634960678129,3.2101619352258366,3.0036436338,147.804
1.0201883016620146,-0.0000000000000000,-0.0000000000000166,0.0000000000000055,-0.0006207279415552,0.0131045863061455,3.2184596797026841,3.0035879738,179.885
1.0200937337972924,0.0000000000000000,-0.0000000000000265,0.0000000000000060,-0.0008235936077934,0.0150440320571846,3.2267574241795316,3.0035336701,206.434
1.0200015016493347,-0.0000000000000000,0.0000000000000454,-0.0000000000000171,-0.0010245529931640,0.0167236235243847,3.2350551686563795,3.0034806663,229.403
1.0199115227399274,-0.0000000000000000,0.0000000000002025,0.0000000000001475,-0.0012236582763562,-0.0182166464918356,3.2433529131332270,3.0034289091,249.802
1.0198237186983103,-0.0000000000000000,0.0000000000001196,0.0000000000001193,-0.0014209589288846,-0.0195669704376480,3.2516506576100750,3.0033783483,268.236
1.0197380149951683,0.0000000000000000,0.0000000000010892,0.0000000000009164,-0.0016165018937367,-0.0208033951515866,3.2599484020869225,3.0033289360,285.101
1.0196543406970886,0.0000000000000000,0.0000000000000207,-0.0000000000000108,-0.0018103317490292,0.0219460738166229,3.2682461465637700,3.0032806273,300.677
1.0195726282423478,-0.0000000000000000,0.0000000000008684,0.0000000000007736,-0.0020024908617295,-0.0230097865931922,3.2765438910406179,3.0032333794,315.167
1.0194928132304961,-0.0000000000000000,0.0000000000008669,0.0000000000008161,-0.0021930195249973,-0.0240057703776722,3.2848416355174654,3.0031871516,328.727
1.0194148342311442,0.0000000000000000,-0.0000000000000123,-0.0000000000000075,-0.0023819560889564,-0.0249428151453751,3.2931393799943129,3.0031419056,341.478
1.0193386326054414,-0.0000000000000000,0.0000000000000072,0.0000000000000044,-0.0025693370799010,-0.0258279575727226,3.3014371244711609,3.0030976048,353.517
1.0192641523405450,-0.0000000000000000,-0.0000000000004408,0.0000000000004835,-0.0027551973104628,0.0266669395270155,3.3097348689480084,3.0030542144,364.924
1.0191913398965193,-0.0000000000000000,-0.0000000000004511,0.0000000000004983,-0.0029395699823110,0.0274645222728488,3.3180326134248559,3.0030117015,375.764
1.0191201440644426,-0.0000000000000000,0.0000000000000013,0.0000000000000017,-0.0031224867817020,-0.0282247084205634,3.3263303579017038,3.0029700344,386.094
1.0190505158341636,-0.0000000000000000,0.0000000000002031,-0.0000000000002363,-0.0033039779673621,0.0289509027994207,3.3346281023785513,3.0029291833,395.959
1.0189824082709620,-0.0000000000000000,0.0000000000000395,-0.0000000000000408,-0.0034840724532404,0.0296460316875446,3.3429258468553993,3.0028891196,405.402
1.0189157764010577,-0.0000000000000000,0.0000000000000073,0.0000000000000047,-0.0036627978844294,-0.0303126328977287,3.3512235913322468,3.0028498161,414.456
1.0188505771050471,-0.0000000000000000,0.0000000000000054,0.0000000000000042,-0.0038401807085050,-0.0309529250164267,3.3595213358090943,3.0028112467,423.153
1.0187867690178789,-0.0000000000000001,-0.0000000000002491,0.0000000000003260,-0.0040162462428302,0.0315688614314062,3.3678190802859422,3.0027733866,431.519
1.0187243124357990,-0.0000000000000001,-0.0000000000002724,0.0000000000003480,-0.0041910187354231,0.0321621730512073,3.3761168247627897,3.0027362120,439.579
1.0186631692293653,-0.0000000000000000,-0.0000000000000145,-0.0000000000000121,-0.0043645214239239,-0.0327344025040869,3.3844145692396372,3.0026997004,447.354
1.0186033027619634,-0.0000000000000000,0.0000000000000013,0.0000000000000017,-0.0045367765893807,-0.0332869318095471,3.3927123137164852,3.0026638299,454.864
1.0185446778133993,-0.0000000000000000,-0.0000000000000125,-0.0000000000000100,-0.0047078056066428,-0.0338210049914379,3.4010100581933327,3.0026285798,462.124
1.0184872605081863,-0.0000000000000000,0.0000000000000777,-0.0000000000000931,-0.0048776289928168,0.0343377467305011,3.4093078026701802,3.0025939302,469.151
1.0184310182493552,-0.0000000000000001,-0.0000000000025394,0.0000000000035686,-0.0050462664517143,0.0348381778660587,3.4176055471470281,3.0025598620,475.959
1.0183759196523812,-0.0000000000000001,-0.0000000000000532,0.0000000000000868,-0.0052137369121702,0.0353232283889943,3.4259032916238756,3.0025263569,482.561
1.0183219344915286,-0.0000000000000001,0.0000000000000503,-0.0000000000000672,-0.0053800585748376,0.0357937483990805,3.4342010361007236,3.0024933975,488.969
1.0182690336389493,-0.0000000000000001,-0.0000000000004290,0.0000000000006641,-0.0055452489416263,0.0362505174114082,3.4424987805775711,3.0024609668,495.192
1.0182171890142313,-0.0000000000000000,0.0000000000000063,0.0000000000000057,-0.0057093248534126,-0.0366942523044422,3.4507965250544186,3.0024290487,501.242
1.0181663735357800,-0.0000000000000000,0.0000000000000194,0.0000000000000188,-0.0058723025231416,-0.0371256141463789,3.4590942695312665,3.0023976277,507.127
1.0181165610731291,-0.0000000000000000,-0.0000000000000031,-0.0000000000000038,-0.0060341975654390,-0.0375452140905070,3.4673920140081140,3.0023666889,512.856
1.0180677264038449,-0.0000000000000000,0.0000000000000014,0.0000000000000024,-0.0061950250255500,-0.0379536184864495,3.4756897584849620,3.0023362179,518.437
1.0180198451716362,-0.0000000000000000,0.0000000000000078,0.0000000000000097,-0.0063547994074698,-0.0383513533405999,3.4839875029618095,3.0023062009,523.876
1.0179728938477606,-0.0000000000000000,-0.0000000000004567,0.0000000000007150,-0.0065135346986138,0.0387389082121847,3.4922852474386570,3.0022766247,529.181
1.0179268496937623,-0.0000000000000001,-0.0000000000009028,0.0000000000013317,-0.0066712443948113,0.0391167396424940,3.5005829919155049,3.0022474764,534.357
1.0178816907265262,-0.0000000000000000,-0.0000000000006851,0.0000000000012479,-0.0068279415223172,0.0394852741770947,3.5088807363923524,3.0022187437,539.411
1.0178373956856990,-0.0000000000000000,-0.0000000000006159,0.0000000000010691,-0.0069836386603533,0.0398449110391024,3.5171784808691999,3.0021904148,544.348
1.0177939440021893,-0.0000000000000000,-0.0000000000005267,0.0000000000009461,-0.0071383479617015,0.0401960245076338,3.5254762253460479,3.0021624783,549.173
1.0177513157683495,-0.0000000000000000,-0.0000000000005633,0.0000000000010112,-0.0072920811704695,0.0405389660317510,3.5337739698228954,3.0021349230,553.891
1.0177094917101734,-0.0000000000000000,-0.0000000000003691,0.0000000000006695,-0.0074448496422088,0.0408740661224386,3.5420717142997429,3.0021077384,558.506
1.0176684531608646,-0.0000000000000000,-0.0000000000007236,0.0000000000013010,-0.0075966643602919,0.0412016360460763,3.5503694587765908,3.0020809141,563.024
1.0176281820348021,-0.0000000000000000,0.0000000000000005,-0.0000000000000007,-0.0077475359522696,-0.0415219693478318,3.5586672032534383,3.0020544403,567.447
1.0175886608050644,-0.0000000000000000,0.0000000000000019,-0.0000000000000026,-0.0078974747063936,-0.0418353432211011,3.5669649477302858,3.0020283074,571.779
1.0175498724791021,-0.0000000000000000,-0.0000000000000023,-0.0000000000000034,-0.0080464905849560,-0.0421420197469452,3.5752626922071338,3.0020025061,576.025
1.0175118005780208,-0.0000000000000000,0.0000000000000017,-0.0000000000000003,-0.0081945932392030,-0.0424422470137576,3.5835604366839813,3.0019770275,580.187
1.0174744291158242,-0.0000000000000000,-0.0000000000000010,-0.0000000000000012,-0.0083417920225435,-0.0427362601337327,3.5918581811608292,3.0019518629,584.268
1.0174377425798666,-0.0000000000000000,-0.0000000000000018,-0.0000000000000024,-0.0084880960026537,-0.0430242821662242,3.6001559256376767,3.0019270039,588.273
1.0174017259122226,-0.0000000000000000,-0.0000000000000011,0.0000000000000063,-0.0086335139741847,-0.0433065249597550,3.6084536701145242,3.0019024425,592.202
1.0173663644922806,-0.0000000000000001,-0.0000000000008967,0.0000000000015590,-0.0087780544698720,0.0435831899187691,3.6167514145913722,3.0018781708,596.060
1.0173316441186606,-0.0000000000000000,-0.0000000000002902,0.0000000000005782,-0.0089217257701319,0.0438544687067602,3.6250491590682197,3.0018541812,599.849
1.0172975509952293,-0.0000000000000000,0.0000000000002510,-0.0000000000004229,-0.0090645359161084,0.0441205438873564,3.6333469035450672,3.0018304663,603.571
1.0172640717143173,-0.0000000000000000,0.0000000000000510,-0.0000000000000317,-0.0092064927170877,0.0443815895153090,3.6416446480219151,3.0018070192,607.228
1.0172311932419287,-0.0000000000000001,0.0000000000002469,-0.0000000000004151,-0.0093476037601797,0.0446377716779049,3.6499423924987626,3.0017838327,610.823
1.0171989029047108,-0.0000000000000001,0.0000000000002712,-0.0000000000004596,-0.0094878764201966,0.0448892489940308,3.6582401369756106,3.0017609003,614.359
1.0171671883761206,-0.0000000000000001,0.0000000000001222,-0.0000000000001378,-0.0096273178674280,0.0451361730733720,3.6665378814524581,3.0017382154,617.836
1.0171360376634084,-0.0000000000000001,0.0000000000003502,-0.0000000000006242,-0.0097659350748982,0.0453786889406436,3.6748356259293056,3.0017157718,621.257
1.0171054390964938,-0.0000000000000001,0.0000000000002805,-0.0000000000004768,-0.0099037348282620,0.0456169354286389,3.6831333704061535,3.0016935633,624.623
1.0170753813151836,-0.0000000000000001,0.0000000000002501,-0.0000000000004089,-0.0100407237308480,0.0458510455404774,3.6914311148830010,3.0016715839,627.938
1.0170458532588442,-0.0000000000000001,0.0000000000001081,-0.0000000000001024,-0.0101769082120179,0.0460811467864800,3.6997288593598485,3.0016498280,631.201
1.0170168441551959,-0.0000000000000000,0.0000000000000050,-0.0000000000000064,-0.0103122945323972,0.0463073614956573,3.7080266038366965,3.0016282900,634.415
1.0169883435108205,-0.0000000000000000,0.0000000000000023,-0.0000000000000038,-0.0104468887927041,0.0465298071076450,3.7163243483135440,3.0016069643,637.582
1.0169603411009041,-0.0000000000000000,-0.0000000000000059,0.0000000000000079,-0.0105806969372978,0.0467485964405562,3.7246220927903915,3.0015858457,640.702
1.0169328269601146,-0.0000000000000000,-0.0000000000000038,0.0000000000000044,-0.0107137247612850,0.0469638379433772,3.7329198372672394,3.0015649290,643.777
1.0169057913736179,-0.0000000000000000,-0.0000000000000019,-0.0000000000000018,-0.0108459779156302,0.0471756359301084,3.7412175817440869,3.0015442093,646.810
1.0168792248685725,-0.0000000000000000,-0.0000000000000143,0.0000000000000150,-0.0109774619130352,0.0473840907985731,3.7495153262209344,3.0015236817,649.800
1.0168531182059777,-0.0000000000000000,-0.0000000000000035,0.0000000000000048,-0.0111081821316535,0.0475892992335057,3.7578130706977824,3.0015033413,652.749
1.0168274623725668,-0.0000000000000000,-0.0000000000000014,0.0000000000000019,-0.0112381438217414,0.0477913544001423,3.7661108151746299,3.0014831837,655.659
1.0168022485735286,-0.0000000000000000,0.0000000000000026,-0.0000000000000030,-0.0113673521088921,0.0479903461206685,3.7744085596514778,3.0014632044,658.530
1.0167774682251620,-0.0000000000000000,0.0000000000000027,-0.0000000000000033,-0.0114958119990381,0.0481863610427515,3.7827063041283253,3.0014433989,661.364
1.0167531129479088,-0.0000000000000000,0.0000000000000008,-0.0000000000000010,-0.0116235283825402,0.0483794827966461,3.7910040486051733,3.0014237629,664.162
1.0167291745596609,-0.0000000000000000,0.0000000000000060,0.0000000000000084,-0.0117505060381524,-0.0485697921427117,3.7993017930820208,3.0014042925,666.925
1.0167056450692500,-0.0000000000000000,-0.0000000000000305,-0.0000000000002066,-0.0118767496361162,-0.0487573671102367,3.8075995375588683,3.0013849834,669.653
1.0166825166713955,-0.0000000000000000,-0.0000000000008341,0.0000000000015780,-0.0120022637473999,0.0489422831256245,3.8158972820357162,3.0013658317,672.349
1.0166597817374756,-0.0000000000000000,0.0000000000000022,0.0000000000000009,-0.0121270528346917,-0.0491246131405650,3.8241950265125637,3.0013468336,675.012
1.0166374328148124,-0.0000000000000000,0.0000000000000074,0.0000000000003201,-0.0122511212702254,0.0493044277402982,3.8324927709894112,3.0013279853,677.644
1.0166154626168362,-0.0000000000000000,0.0000000000000000,-0.0000000000000005,-0.0123744733293702,-0.0494817952568797,3.8407905154662592,3.0013092832,680.245
1.0165938640201926,0.0000000000000000,0.0000000000000048,0.0000000000000071,-0.0124971131985850,-0.0496567818719862,3.8490882599431067,3.0012907236,682.816
1.0165726300589422,-0.0000000000000002,-0.0000000000005742,0.0000000000011237,-0.0126190449760396,0.0498294517116482,3.8573860044199542,3.0012723031,685.359
1.0165517539192339,-0.0000000000000002,-0.0000000000007752,0.0000000000014554,-0.0127402726748453,0.0499998669392360,3.8656837488968021,3.0012540183,687.874
1.0165312289353459,-0.0000000000000000,-0.0000000000005337,0.0000000000010554,-0.0128608002265889,0.0501680878424476,3.8739814933736496,3.0012358657,690.362
1.0165110485851552,-0.0000000000000000,-0.0000000000002686,0.0000000000007125,-0.0129806314836633,0.0503341729130133,3.8822792378504971,3.0012178422,692.823
1.0164912064852987,-0.0000000000000002,-0.0000000000000191,0.0000000000003050,-0.0130997702215134,0.0504981789260991,3.8905769823273451,3.0011999445,695.258
1.0164716963872811,-0.0000000000000002,-0.0000000000003057,0.0000000000007960,-0.0132182201411934,0.0506601610131703,3.8988747268041926,3.0011821695,697.668
1.0164525121728791,-0.0000000000000000,-0.0000000000000126,0.0000000000000173,-0.0133359848715135,0.0508201727315792,3.9071724712810401,3.0011645142,700.054
1.0164336478512990,-0.0000000000000000,-0.0000000000000040,0.0000000000000046,-0.0134530679722500,0.0509782661307650,3.9154702157578880,3.0011469756,702.416
1.0164150975543211,-0.0000000000000000,-0.0000000000000036,0.0000000000000048,-0.0135694729349704,0.0511344918141096,3.9237679602347355,3.0011295507,704.755
1.0163968555331899,-0.0000000000000000,-0.0000000000000018,0.0000000000000023,-0.0136852031856249,0.0512888989990647,3.9320657047115835,3.0011122367,707.071
1.0163789161550596,-0.0000000000000000,-0.0000000000000000,0.0000000000000004,-0.0138002620868217,0.0514415355733287,3.9403634491884310,3.0010950307,709.365
1.0163612738995107,-0.0000000000000000,0.0000000000000016,-0.0000000000000003,-0.0139146529393012,0.0515924481487336,3.9486611936652789,3.0010779301,711.638
1.0163439233553202,0.0000000000000000,0.0000000000000043,-0.0000000000000190,-0.0140283789840321,0.0517416821123048,3.9569589381421260,3.0010609321,713.890
1.0163268592172663,-0.0000000000000000,-0.0000000000001746,-0.0000000000003464,-0.0141414434037578,-0.0518892816746669,3.9652566826189739,3.0010440340,716.122
1.0163100762831065,-0.0000000000000000,0.0000000000004499,-0.0000000000006553,-0.0142538493247772,0.0520352899166283,3.9735544270958219,3.0010272333,718.334
1.0162935694508823,-0.0000000000000000,0.0000000000000055,0.0000000000000126,-0.0143655998186283,-0.0521797488324439,3.9818521715726694,3.0010105275,720.527
1.0162773337151174,-0.0000000000000002,0.0000000000002124,-0.0000000000004453,-0.0144766979037176,0.0523226993744896,3.9901499160495169,3.0009939140,722.701
1.0162613641654816,-0.0000000000000004,0.0000000000000060,-0.0000000000000101,-0.0145871465462650,0.0524641814891733,3.9984476605263648,3.0009773905,724.857
1.0162456559827946,-0.0000000000000000,0.0000000000000057,0.0000000000000084,-0.0146969486624799,-0.0526042341594365,4.0067454050032119,3.0009609544,726.995
1.0162302044373681,-0.0000000000000004,0.0000000000000276,-0.0000000000001025,-0.0148061071197182,0.0527428954383596,4.0150431494800598,3.0009446034,729.116
1.0162150048860856,-0.0000000000000000,0.0000000000000234,0.0000000000000584,-0.0149146247375562,-0.0528802024850188,4.0233408939569077,3.0009283352,731.220
1.0162000527697015,-0.0000000000000000,-0.0000000000000428,-0.0000000000000910,-0.0150225042878011,-0.0530161915994230,4.0316386384337557,3.0009121476,733.307
1.0161853436114205,-0.0000000000000000,0.0000000000001281,-0.0000000000002932,-0.0151297485001157,0.0531508982513115,4.0399363829106028,3.0008960382,735.379
1.0161708730137260,-0.0000000000000000,0.0000000000001070,-0.0000000000002008,-0.0152363600575805,0.0532843571131303,4.0482341273874507,3.0008800049,737.435
1.0161566366565269,-0.0000000000000000,0.0000000000000042,0.0000000000000053,-0.0153423416013713,-0.0534166020885030,4.0565318718642978,3.0008640456,739.476
1.0161426302950323,-0.0000000000000000,-0.0000000000000032,-0.0000000000000047,-0.0154476957311052,-0.0535476663406412,4.0648296163411457,3.0008481580,741.502
1.0161288497576955,-0.0000000000000000,-0.0000000000000689,0.0000000000002092,-0.0155524250054418,0.0536775823187175,4.0731273608179936,3.0008323401,743.514
1.0161152909440714,-0.0000000000000004,0.0000000000000702,-0.0000000000001580,-0.0156565319425868,0.0538063817827229,4.0814251052948416,3.0008165897,745.512
1.0161019498232002,-0.0000000000000004,0.0000000000000947,-0.0000000000002317,-0.0157600190233545,0.0539340958304860,4.0897228497716887,3.0008009050,747.496
1.0160888224314191,-0.0000000000000000,0.0000000000000013,0.0000000000000008,-0.0158628886898523,-0.0540607549190604,4.0980205942485366,3.0007852838,749.467
1.0160759048705770,-0.0000000000000000,-0.0000000000000030,-0.0000000000000049,-0.0159651433476026,-0.0541863888889180,4.1063183387253845,3.0007697242,751.425
1.0160631933064130,-0.0000000000000000,0.0000000000000028,0.0000000000000065,-0.0160667853658914,-0.0543110269847994,4.1146160832022316,3.0007542242,753.370
1.0160506839668448,-0.0000000000000005,-0.0000000000002957,0.0000000000006302,-0.0161678170788679,0.0544346978772910,4.1229138276790795,3.0007387820,755.303
1.0160383731398779,-0.0000000000000000,-0.0000000000003490,0.0000000000006684,-0.0162682407858429,0.0545574296823327,4.1312115721559275,3.0007233955,757.225
1.0160262571725702,-0.0000000000000000,-0.0000000000003267,0.0000000000006428,-0.0163680587528794,0.0546792499822641,4.1395093166327745,3.0007080630,759.134
1.0160143324691764,-0.0000000000000000,0.0000000000000013,0.0000000000000012,-0.0164672732132535,-0.0548001858424893,4.1478070611096225,3.0006927826,761.033
1.0160025954898386,-0.0000000000000000,-0.0000000000000023,-0.0000000000000037,-0.0165658863673430,-0.0549202638295869,4.1561048055864704,3.0006775524,762.920
1.0159910427486234,-0.0000000000000000,0.0000000000000006,-0.0000000000000023,-0.0166639003843259,-0.0550395100303314,4.1644025500633184,3.0006623707,764.797
1.0159796708127169,-0.0000000000000000,-0.0000000000003494,0.0000000000007467,-0.0167613174029508,0.0551579500667199,4.1727002945401654,3.0006472357,766.664
1.0159684763000840,-0.0000000000000000,-0.0000000000004391,0.0000000000009397,-0.0168581395302270,0.0552756091131769,4.1809980390170134,3.0006321455,768.520
1.0159574558793503,-0.0000000000000000,-0.0000000000004961,0.0000000000009659,-0.0169543688452558,0.0553925119105927,4.1892957834938604,3.0006170986,770.367
1.0159466062673179,-0.0000000000000000,-0.0000000000001980,0.0000000000005914,-0.0170500073968262,0.0555086827837857,4.1975935279707084,3.0006020931,772.204
1.0159359242287080,-0.0000000000000000,-0.0000000000000043,-0.0000000000000061,-0.0171450572055835,-0.0556241456519887,4.2058912724475563,3.0005871273,774.032
1.0159254065740666,-0.0000000000000000,0.0000000000000102,0.0000000000000205,-0.0172395202640130,-0.0557389240474233,4.2141890169244043,3.0005721996,775.851
1.0159150501591119,-0.0000000000000000,-0.0000000000000016,0.0000000000000011,-0.0173333985382319,-0.0558530411247970,4.2224867614012513,3.0005573082,777.662
1.0159048518826490,-0.0000000000000000,-0.0000000000000135,-0.0000000000000285,-0.0174266939643050,-0.0559665196779109,4.2307845058780993,3.0005424516,779.464
1.0158948086871471,-0.0000000000000000,-0.0000000000005432,0.0000000000010697,-0.0175194084556914,0.0560793821480641,4.2390822503549472,3.0005276280,781.258
1.0158849175553861,-0.0000000000000000,-0.0000000000005299,0.0000000000010384,-0.0176115438973982,0.0561916506406115,4.2473799948317943,3.0005128359,783.044
1.0158751755110456,-0.0000000000000005,-0.0000000000004021,0.0000000000008345,-0.0177031021487674,0.0563033469342324,4.2556777393086422,3.0004980736,784.822
1.0158655796174028,-0.0000000000000000,-0.0000000000003732,0.0000000000007507,-0.0177940850455776,0.0564144924916738,4.2639754837854902,3.0004833396,786.593
1.0158561269736357,-0.0000000000000000,-0.0000000000000005,-0.0000000000000008,-0.0178844943896423,-0.0565251084775138,4.2722732282623372,3.0004686321,788.357
1.0158468147230413,-0.0000000000000000,0.0000000000000009,0.0000000000000019,-0.0179743319870364,-0.0566352157481144,4.2805709727391852,3.0004539497,790.113
1.0158376400359796,-0.0000000000000000,-0.0000000000000198,-0.0000000000000535,-0.0180635995810312,-0.0567448348979639,4.2888687172160331,3.0004392908,791.863
1.0158286001224972,-0.0000000000000000,0.0000000000000003,0.0000000000000001,-0.0181522989103641,-0.0568539862391112,4.2971664616928802,3.0004246539,793.607
1.0158196922282285,-0.0000000000000000,0.0000000000000025,0.0000000000000042,-0.0182404316957468,-0.0569626898183154,4.3054642061697281,3.0004100373,795.344
1.0158109136306641,0.0000000000000000,-0.0000000000008216,0.0000000000017606,-0.0183279996270041,0.0570709654333553,4.3137619506465761,3.0003954395,797.076
1.0158022616386639,-0.0000000000000005,-0.0000000000000905,0.0000000000003324,-0.0184150043718028,0.0571788326396199,4.3220596951234231,3.0003808590,798.801
1.0157937335952649,-0.0000000000000000,-0.0000000000003683,0.0000000000006913,-0.0185014475780845,0.0572863107535723,4.3303574396002711,3.0003662943,800.521
1.0157853268718884,-0.0000000000000005,-0.0000000000003400,0.0000000000006963,-0.0185873308685351,0.0573934188710957,4.3386551840771190,3.0003517439,802.236
1.0157770388714285,-0.0000000000000000,-0.0000000000004125,0.0000000000007853,-0.0186726558472893,0.0575001758664780,4.3469529285539661,3.0003372062,803.946
1.0157688670249212,-0.0000000000000000,-0.0000000000004343,0.0000000000008418,-0.0187574240944138,0.0576066004083488,4.3552506730308140,3.0003226797,805.650
1.0157608087920118,-0.0000000000000000,-0.0000000000000004,-0.0000000000000012,-0.0188416371702764,-0.0577127109632053,4.3635484175076620,3.0003081630,807.350
1.0157528616601537,-0.0000000000000000,0.0000000000000046,0.0000000000000044,-0.0189252966135187,-0.0578185258048418,4.3718461619845090,3.0002936545,809.045
1.0157450231429972,0.0000000000000000,0.0000000000000020,0.0000000000000017,-0.0190084039419780,-0.0579240630228085,4.3801439064613570,3.0002791527,810.736
1.0157372907804700,-0.0000000000000000,0.0000000000000029,0.0000000000000045,-0.0190909606535529,-0.0580293405288473,4.3884416509382049,3.0002646562,812.423
1.0157296621375824,-0.0000000000000000,-0.0000000000000003,-0.0000000000000015,-0.0191729682252246,-0.0581343760651304,4.3967393954150529,3.0002501635,814.106
1.0157221348041163,-0.0000000000000010,-0.0000000000003676,0.0000000000009587,-0.0192544281144470,0.0582391872110768,4.4050371398918999,3.0002356730,815.785
1.0157147063930363,-0.0000000000000005,-0.0000000000002975,0.0000000000006203,-0.0193353417578638,0.0583437913904525,4.4133348843687479,3.0002211834,817.460
1.0157073745409533,-0.0000000000000000,-0.0000000000002053,0.0000000000003908,-0.0194157105730613,0.0584482058791412,4.4216326288455949,3.0002066930,819.133
1.0157001369069087,-0.0000000000000000,-0.0000000000002407,0.0000000000004731,-0.0194955359583023,0.0585524478104880,4.4299303733224429,3.0001922005,820.802
1.0156929911715149,-0.0000000000000000,-0.0000000000004257,0.0000000000008081,-0.0195748192919673,0.0586565341830734,4.4382281177992908,3.0001777043,822.468
1.0156859350362188,-0.0000000000000006,-0.0000000000002444,0.0000000000004787,-0.0196535619334223,0.0587604818681977,4.4465258622761388,3.0001632030,824.131
1.0156789662233370,-0.0000000000000000,-0.0000000000000197,-0.0000000000000445,-0.0197317652227536,-0.0588643076134666,4.4548236067529867,3.0001486950,825.792
1.0156720824752095,-0.0000000000000000,-0.0000000000000144,-0.0000000000000142,-0.0198094304827125,-0.0589680280514047,4.4631213512298338,3.0001341790,827.450
1.0156652815526765,-0.0000000000000000,-0.0000000000002949,0.0000000000005966,-0.0198865590144877,0.0590716597064014,4.4714190957066817,3.0001196533,829.106
1.0156585612353979,-0.0000000000000000,-0.0000000000000011,-0.0000000000000044,-0.0199631521030631,-0.0591752189982862,4.4797168401835288,3.0001051166,830.760
1.0156519193214357,-0.0000000000000000,-0.0000000000000012,-0.0000000000000027,-0.0200392110142502,-0.0592787222503519,4.4880145846603767,3.0000905672,832.413
1.0156453536258945,-0.0000000000000005,-0.0000000000002200,0.0000000000004188,-0.0201147369954310,0.0593821856947974,4.4963123291372247,3.0000760038,834.063
1.0156388619805654,-0.0000000000000000,-0.0000000000002629,0.0000000000005203,-0.0201897312757082,0.0594856254785861,4.5046100736140726,3.0000614248,835.712
1.0156324422337353,-0.0000000000000000,-0.0000000000002770,0.0000000000005349,-0.0202641950664548,0.0595890576692382,4.5129078180909197,3.0000468287,837.360
1.0156260922492089,-0.0000000000000000,-0.0000000000001341,0.0000000000002211,-0.0203381295608542,0.0596924982608920,4.5212055625677676,3.0000322140,839.007
1.0156198099058016,-0.0000000000000000,0.0000000000005008,-0.0000000000009407,-0.0204115359340424,0.0597959631797036,4.5295033070446156,3.0000175791,840.652
1.0156135930974626,-0.0000000000000006,0.0000000000008970,-0.0000000000020727,-0.0204844153443429,0.0598994682895794,4.5378010515214626,3.0000029226,842.297
1.0156074397313035,-0.0000000000000006,0.0000000000020523,-0.0000000000046232,-0.0205567689311736,0.0600030293979326,4.5460987959983106,2.9999882429,843.941
1.0156013477295853,-0.0000000000000000,0.0000000000000001,0.0000000000000005,-0.0206285978159782,-0.0601066622602529,4.5543965404751585,2.9999735384,845.585
1.0155953150248120,-0.0000000000000000,-0.0000000000000026,-0.0000000000000052,-0.0206999031053653,-0.0602103825884411,4.5626942849520056,2.9999588077,847.229
1.0155893395639997,-0.0000000000000000,-0.0000000000000045,-0.0000000000000059,-0.0207706858860289,-0.0603142060528789,4.5709920294288535,2.9999440490,848.872
1.0155834193055702,-0.0000000000000000,-0.0000000000000033,-0.0000000000000054,-0.0208409472283499,-0.0604181482896268,4.5792897739057015,2.9999292610,850.516
1.0155775522192243,-0.0000000000000000,0.0000000000000361,0.0000000000000844,-0.0209106881849391,-0.0605222249059122,4.5875875183825485,2.9999144419,852.159
1.0155717362859404,-0.0000000000000000,-0.0000000000000073,-0.0000000000000131,-0.0209799097925919,-0.0606264514844421,4.5958852628593965,2.9998995903,853.804
1.0155659694965491,0.0000000000000000,-0.0000000000000137,-0.0000000000000181,-0.0210486130689943,-0.0607308435907513,4.6041830073362444,2.9998847044,855.448
1.0155602498521830,-0.0000000000000000,-0.0000000000000012,-0.0000000000000015,-0.0211167990161850,-0.0608354167765921,4.6124807518130915,2.9998697827,857.094
1.0155545753634214,-0.0000000000000006,-0.0000000000002913,0.0000000000005213,-0.0211844686190066,0.0609401865862612,4.6207784962899394,2.9998548235,858.741
1.0155489440493235,-0.0000000000000000,-0.0000000000000032,-0.0000000000000050,-0.0212516228451305,-0.0610451685621501,4.6290762407667874,2.9998398252,860.388
1.0155433539379795,-0.0000000000000000,0.0000000000000344,-0.0000000000000451,-0.0213182626454089,0.0611503782493863,4.6373739852436344,2.9998247861,862.038
1.0155378030653459,-0.0000000000000000,-0.0000000000001619,0.0000000000003322,-0.0213843889544535,0.0612558312017707,4.6456717297204824,2.9998097046,863.688
1.0155322894744381,-0.0000000000000000,-0.0000000000002849,-0.0000000000003586,-0.0214500026894802,-0.0613615429879885,4.6539694741973303,2.9997945790,865.340
1.0155268112156903,-0.0000000000000006,-0.0000000000000061,-0.0000000000003036,-0.0215151047512603,0.0614675291942756,4.6622672186741774,2.9997794075,866.994
1.0155213663463554,-0.0000000000000000,-0.0000000000003265,0.0000000000006382,-0.0215796960239682,0.0615738054328024,4.6705649631510253,2.9997641885,868.651
1.0155159529287441,-0.0000000000000000,0.0000000000000022,0.0000000000000037,-0.0216437773749055,-0.0616803873462611,4.6788627076278733,2.9997489202,870.309
1.0155105690318675,-0.0000000000000000,-0.0000000000000040,0.0000000000001378,-0.0217073496550318,0.0617872906124371,4.6871604521047203,2.9997336007,871.970
1.0155052127295403,-0.0000000000000002,-0.0000000000001926,0.0000000000003397,-0.0217704136993597,0.0618945309508809,4.6954581965815683,2.9997182285,873.633
1.0154998820998586,-0.0000000000000000,0.0000000000000011,0.0000000000000021,-0.0218329703252716,-0.0620021241275529,4.7037559410584162,2.9997028016,875.299
1.0154945752256974,0.0000000000000000,-0.0000000000000186,-0.0000000000000235,-0.0218950203345648,-0.0621100859612750,4.7120536855352642,2.9996873182,876.968
1.0154892901933326,-0.0000000000000000,-0.0000000000000242,0.0000000000000737,-0.0219565645122435,0.0622184323287828,4.7203514300121112,2.9996717765,878.640
1.0154840250926624,-0.0000000000000000,0.0000000000000006,0.0000000000000013,-0.0220176036277951,-0.0623271791708444,4.7286491744889592,2.9996561746,880.315
1.0154787780159951,-0.0000000000000000,0.0000000000000152,0.0000000000000294,-0.0220781384330806,-0.0624363424977110,4.7369469189658062,2.9996405106,881.994
1.0154735470582235,-0.0000000000000000,0.0000000000000291,0.0000000000000256,-0.0221381696643534,0.0625459383951618,4.7452446634426542,2.9996247826,883.676
1.0154683303162546,-0.0000000000000000,0.0000000000000237,-0.0000000000001623,-0.0221976980420512,0.0626559830306274,4.7535424079195021,2.9996089887,885.362
1.0154631258884563,-0.0000000000000000,-0.0000000000000148,-0.0000000000000459,-0.0222567242702723,-0.0627664926584891,4.7618401523963492,2.9995931269,887.052
1.0154579318736963,-0.0000000000000000,0.0000000000000051,0.0000000000000079,-0.0223152490358311,-0.0628774836270900,4.7701378968731971,2.9995771952,888.747
1.0154527463718979,-0.0000000000000000,0.0000000000000001,0.0000000000000014,-0.0223732730108430,-0.0629889723840484,4.7784356413500451,2.9995611916,890.446
1.0154475674826657,-0.0000000000000001,-0.0000000000000262,-0.0000000000000229,-0.0224307968503107,0.0631009754829232,4.7867333858268930,2.9995451140,892.149
1.0154423933055687,-0.0000000000000006,-0.0000000000002667,0.0000000000002007,-0.0224878211943424,0.0632135095901226,4.7950311303037410,2.9995289604,893.857
1.0154372219389234,-0.0000000000000000,0.0000000000000001,-0.0000000000000019,-0.0225443466666925,-0.0633265914901441,4.8033288747805880,2.9995127286,895.571
1.0154320514796262,-0.0000000000000000,-0.0000000000000019,-0.0000000000000033,-0.0226003738737663,-0.0634402380928164,4.8116266192574360,2.9994964164,897.289
1.0154268800228770,-0.0000000000000000,-0.0000000000002556,-0.0000000000002875,-0.0226559034073973,-0.0635544664403211,4.8199243637342839,2.9994800218,899.013
1.0154217056613233,-0.0000000000000006,0.0000000000001969,-0.0000000000007499,-0.0227109358435279,0.0636692937135859,4.8282221082111310,2.9994635425,900.742
1.0154165264856183,-0.0000000000000006,-0.0000000000002450,0.0000000000002941,-0.0227654717422856,0.0637847372385007,4.8365198526879789,2.9994469762,902.477
1.0154113405816316,-0.0000000000000000,-0.0000000000000577,0.0000000000001971,-0.0228195116475027,0.0639008144956969,4.8448175971648269,2.9994303207,904.219
1.0154061460325323,-0.0000000000000000,0.0000000000000025,0.0000000000000029,-0.0228730560876517,-0.0640175431243118,4.8531153416416739,2.9994135735,905.966
1.0154009409167095,-0.0000000000000000,0.0000000000000004,0.0000000000000005,-0.0229261055751341,-0.0641349409311815,4.8614130861185219,2.9993967325,907.720
1.0153957233077522,-0.0000000000000006,0.0000000000000277,0.0000000000000261,-0.0229786606069551,0.0642530258985687,4.8697108305953698,2.9993797951,909.480
1.0153904912741605,-0.0000000000000007,0.0000000000000211,0.0000000000000587,-0.0230307216651896,0.0643718161915015,4.8780085750722169,2.9993627589,911.247
1.0153852428782983,-0.0000000000000007,-0.0000000000001590,0.0000000000003432,-0.0230822892154886,0.0644913301652845,4.8863063195490648,2.9993456214,913.021
1.0153799761761892,-0.0000000000000000,-0.0000000000000108,0.0000000000000406,-0.0231333637091331,0.0646115863751412,4.8946040640259127,2.9993283801,914.803
1.0153746892169355,-0.0000000000000000,-0.0000000000000024,-0.0000000000000040,-0.0231839455804501,-0.0647326035809714,4.9029018085027598,2.9993110324,916.592
1.0153693800421901,-0.0000000000000000,-0.0000000000000043,-0.0000000000000074,-0.0232340352499230,-0.0648544007606585,4.9111995529796078,2.9992935757,918.389
1.0153640466856153,-0.0000000000000000,-0.0000000000000603,-0.0000000000000612,-0.0232836331223466,-0.0649769971150184,4.9194972974564557,2.9992760072,920.194
1.0153586871723002,-0.0000000000000000,-0.0000000000003238,0.0000000000004621,-0.0233327395872124,0.0651004120780793,4.9277950419333028,2.9992583243,922.006
1.0153532995180510,-0.0000000000000007,0.0000000000000781,0.0000000000000313,-0.0233813550199789,0.0652246653270458,4.9360927864101507,2.9992405241,923.828
1.0153478817292518,-0.0000000000000007,0.0000000000000126,0.0000000000000250,-0.0234294797797130,0.0653497767895208,4.9443905308869986,2.9992226039,925.658
1.0153424318018536,-0.0000000000000007,-0.0000000000000760,0.0000000000003519,-0.0234771142119261,0.0654757666550477,4.9526882753638457,2.9992045607,927.497
1.0153369477207390,-0.0000000000000000,-0.0000000000000010,-0.0000000000000042,-0.0235242586469610,-0.0656026553852999,4.9609860198406937,2.9991863915,929.345
1.0153314274594605,-0.0000000000000000,0.0000000000000052,0.0000000000000104,-0.0235709134002757,-0.0657304637219364,4.9692837643175416,2.9991680934,931.202
1.0153258689794558,-0.0000000000000000,0.0000000000000018,-0.0000000000000010,-0.0236170787734953,-0.0658592126996522,4.9775815087943887,2.9991496633,933.069
1.0153202702293511,-0.0000000000000000,-0.0000000000000033,-0.0000000000000045,-0.0236627550536523,-0.0659889236557876,4.9858792532712366,2.9991310980,934.947
1.0153146291443420,-0.0000000000000002,-0.0000000000000202,0.0000000000001141,-0.0237079425135252,0.0661196182415211,4.9941769977480845,2.9991123943,936.834
1.0153089436458127,-0.0000000000000007,0.0000000000000214,0.0000000000001054,-0.0237526414127279,0.0662513184336372,5.0024747422249316,2.9990935490,938.732
1.0153032116401266,-0.0000000000000000,0.0000000000001101,-0.0000000000000515,-0.0237968519961786,0.0663840465460527,5.0107724867017795,2.9990745586,940.640
1.0152974310183849,-0.0000000000000007,0.0000000000001875,-0.0000000000002038,-0.0238405744954554,0.0665178252421742,5.0190702311786275,2.9990554199,942.559
1.0152915996556393,-0.0000000000000000,0.0000000000000021,0.0000000000000004,-0.0238838091288703,-0.0666526775475831,5.0273679756554754,2.9990361292,944.490
1.0152857154098256,-0.0000000000000000,0.0000000000000033,0.0000000000000077,-0.0239265561012296,-0.0667886268627103,5.0356657201323225,2.9990166830,946.433
1.0152797761216215,-0.0000000000000000,0.0000000000000017,-0.0000000000000019,-0.0239688156047665,-0.0669256969764059,5.0439634646091704,2.9989970776,948.387
1.0152737796132507,-0.0000000000000000,0.0000000000000005,0.0000000000000001,-0.0240105878187331,-0.0670639120799365,5.0522612090860175,2.9989773093,950.353
1.0152677236878527,-0.0000000000000000,-0.0000000000001595,-0.0000000000001348,-0.0240518729098759,-0.0672032967809459,5.0605589535628663,2.9989573743,952.332
1.0152616061287645,-0.0000000000000000,0.0000000000000051,0.0000000000001606,-0.0240926710331455,0.0673438761183412,5.0688566980397134,2.9989372686,954.324
1.0152554246985372,-0.0000000000000007,-0.0000000000001535,0.0000000000001454,-0.0241329823310555,0.0674856755781732,5.0771544425165605,2.9989169883,956.328
1.0152491771380920,-0.0000000000000007,0.0000000000000947,-0.0000000000000109,-0.0241728069349776,0.0676287211086923,5.0854521869934084,2.9988965291,958.346
1.0152428611662825,-0.0000000000000007,0.0000000000000823,-0.0000000000000047,-0.0242121449646373,0.0677730391361772,5.0937499314702563,2.9988758870,960.378
1.0152364744785003,-0.0000000000000000,-0.0000000000000888,0.0000000000003563,-0.0242509965291660,0.0679186565834337,5.1020476759471043,2.9988550576,962.424
1.0152300147458111,-0.0000000000000000,-0.0000000000000927,0.0000000000002712,-0.0242893617270032,0.0680656008864855,5.1103454204239513,2.9988340365,964.485
1.0152234796144288,-0.0000000000000000,-0.0000000000000006,-0.0000000000000007,-0.0243272406468052,-0.0682139000129849,5.1186431649007993,2.9988128192,966.560
1.0152168667043924,-0.0000000000000000,-0.0000000000000001,0.0000000000000003,-0.0243646333669196,-0.0683635824799329,5.1269409093776472,2.9987914010,968.650
1.0152101736087205,-0.0000000000000000,-0.0000000000000013,-0.0000000000000010,-0.0244015399570137,-0.0685146773750277,5.1352386538544952,2.9987697771,970.756
1.0152033978923904,-0.0000000000000000,-0.0000000000000020,-0.0000000000000050,-0.0244379604779852,-0.0686672143756841,5.1435363983313422,2.9987479427,972.878
1.0151965370912217,-0.0000000000000000,-0.0000000000000047,-0.0000000000000062,-0.0244738949823594,-0.0688212237705349,5.1518341428081902,2.9987258928,975.016
1.0151895887108990,-0.0000000000000000,-0.0000000000000057,-0.0000000000000066,-0.0245093435152030,-0.0689767364809890,5.1601318872850381,2.9987036223,977.170
1.0151825502257974,-0.0000000000000007,-0.0000000000001641,0.0000000000000986,-0.0245443061142381,0.0691337840836728,5.1684296317618852,2.9986811257,979.342
1.0151754190777125,-0.0000000000000000,0.0000000000000233,0.0000000000001232,-0.0245787828115299,0.0692923988358982,5.1767273762387331,2.9986583979,981.531
1.0151681926751168,-0.0000000000000007,-0.0000000000000186,-0.0000000000002095,-0.0246127736325308,0.0694526136958748,5.1850251207155802,2.9986354331,983.738
1.0151608683912987,-0.0000000000000000,0.0000000000000261,0.0000000000000657,-0.0246462785981885,0.0696144623529539,5.1933228651924281,2.9986122256,985.964
1.0151534435635576,-0.0000000000000000,0.0000000000001274,-0.0000000000004930,-0.0246792977252218,0.0697779792512504,5.2016206096692761,2.9985887697,988.208
1.0151459154918288,-0.0000000000000007,0.0000000000000868,-0.0000000000000638,-0.0247118310266315,0.0699431996171291,5.2099183541461240,2.9985650592,990.471
1.0151382814371450,-0.0000000000000000,-0.0000000000000074,-0.0000000000000074,-0.0247438785133930,-0.0701101594897873,5.2182160986229711,2.9985410879,992.754
1.0151305386203617,-0.0000000000000000,0.0000000000000038,0.0000000000000079,-0.0247754401943291,-0.0702788957481861,5.2265138430998190,2.9985168495,995.057
1.0151226842207530,-0.0000000000000000,-0.0000000000000031,-0.0000000000000037,-0.0248065160780188,-0.0704494461447625,5.2348115875766670,2.9984923374,997.380
1.0151147153744411,-0.0000000000000000,0.0000000000000004,0.0000000000000010,-0.0248371061734193,-0.0706218493363159,5.2431093320535140,2.9984675449,999.725
1.0151066291728439,-0.0000000000000000,-0.0000000000000046,-0.0000000000000055,-0.0248672104910251,-0.0707961449180718,5.2514070765303620,2.9984424649,1002.091
1.0150984226610786,-0.0000000000000000,-0.0000000000000058,-0.0000000000000092,-0.0248968290441261,-0.0709723734587919,5.2597048210072099,2.9984170904,1004.480
1.0150900928362836,0.0000000000000000,-0.0000000000000050,-0.0000000000000060,-0.0249259618500445,-0.0711505765374603,5.2680025654840570,2.9983914139,1006.891
1.0150816366458315,-0.0000000000000006,0.0000000000002116,-0.0000000000002661,-0.0249546089314879,0.0713307967813023,5.2763003099609049,2.9983654279,1009.325
1.0150730509857744,-0.0000000000000001,0.0000000000002085,-0.0000000000003006,-0.0249827703181887,0.0715130779065170,5.2845980544377529,2.9983391246,1011.783
1.0150643326985742,-0.0000000000000000,0.0000000000001433,-0.0000000000001667,-0.0250104460481057,0.0716974647590300,5.2928957989145999,2.9983124958,1014.265
1.0150554785714654,-0.0000000000000000,0.0000000000000268,-0.0000000000000776,-0.0250376361693911,0.0718840033584354,5.3011935433914479,2.9982855333,1016.772
1.0150464853342722,-0.0000000000000000,0.0000000000000478,-0.0000000000000033,-0.0250643407419666,0.0720727409435765,5.3094912878682958,2.9982582285,1019.305
1.0150373496574794,-0.0000000000000007,0.0000000000001138,-0.0000000000000977,-0.0250905598395368,0.0722637260202962,5.3177890323451429,2.9982305726,1021.864
1.0150280681499404,-0.0000000000000000,-0.0000000000000006,0.0000000000000011,-0.0251162935514532,-0.0724570084112851,5.3260867768219908,2.9982025564,1024.450
1.0150186373565520,-0.0000000000000000,-0.0000000000000000,0.0000000000000022,-0.0251415419848198,-0.0726526393071915,5.3343845212988388,2.9981741705,1027.063
1.0150090537560152,-0.0000000000000000,-0.0000000000000033,-0.0000000000000054,-0.0251663052670502,-0.0728506713229962,5.3426822657756858,2.9981454052,1029.705
1.0149993137583000,-0.0000000000000000,-0.0000000000000062,-0.0000000000000101,-0.0251905835480175,-0.0730511585539571,5.3509800102525338,2.9981162505,1032.375
1.0149894137021100,-0.0000000000000000,-0.0000000000000064,-0.0000000000000069,-0.0252143770027880,-0.0732541566357893,5.3592777547293817,2.9980866959,1035.075
1.0149793498521729,-0.0000000000000000,-0.0000000000000031,-0.0000000000000041,-0.0252376858342924,-0.0734597228075427,5.3675754992062288,2.9980567308,1037.805
1.0149691183964500,-0.0000000000000000,0.0000000000001681,-0.0000000000002407,-0.0252605102763465,0.0736679159771553,5.3758732436830767,2.9980263440,1040.567
1.0149587154433404,-0.0000000000000000,-0.0000000000004212,0.0000000000001497,-0.0252828505964701,0.0738787967914768,5.3841709881599247,2.9979955241,1043.360
1.0149481370185323,-0.0000000000000007,0.0000000000002163,-0.0000000000003609,-0.0253047071013322,0.0740924277078264,5.3924687326367717,2.9979642593,1046.186
1.0149373790618281,-0.0000000000000007,-0.0000000000000065,-0.0000000000002780,-0.0253260801359417,0.0743088730702758,5.4007664771136206,2.9979325372,1049.045
1.0149264374238003,-0.0000000000000007,0.0000000000001192,-0.0000000000000853,-0.0253469700920755,0.0745281991899352,5.4090642215904676,2.9979003452,1051.939
1.0149153078623041,-0.0000000000000000,0.0000000000003607,-0.0000000000004233,-0.0253673774099363,0.0747504744305107,5.4173619660673147,2.9978676701,1054.869
1.0149039860393083,-0.0000000000000001,0.0000000000001759,-0.0000000000005727,-0.0253873025831349,0.0749757692932174,5.4256597105441635,2.9978344982,1057.834
1.0148924675162929,-0.0000000000000007,0.0000000000003739,-0.0000000000007891,-0.0254067461637824,0.0752041565139291,5.4339574550210106,2.9978008154,1060.837
1.0148807477509960,-0.0000000000000000,-0.0000000000000148,0.0000000000000007,-0.0254257087668082,-0.0754357111596701,5.4422551994978585,2.9977666072,1063.878
1.0148688220927506,-0.0000000000000000,-0.0000000000000047,-0.0000000000000007,-0.0254441910761599,-0.0756705107303515,5.4505529439747065,2.9977318582,1066.958
1.0148566857784933,-0.0000000000000000,-0.0000000000000055,-0.0000000000000073,-0.0254621938499888,-0.0759086352702887,5.4588506884515535,2.9976965528,1070.078
1.0148443339280147,0.0000000000000000,-0.0000000000000016,-0.0000000000000010,-0.0254797179272311,-0.0761501674814906,5.4671484329284006,2.9976606745,1073.239
1.0148317615391946,-0.0000000000000000,-0.0000000000000006,-0.0000000000000008,-0.0254967642341538,-0.0763951928451481,5.4754461774052494,2.9976242064,1076.443
1.0148189634829656,-0.0000000000000000,-0.0000000000000023,0.0000000000000002,-0.0255133337915007,-0.0766437997495172,5.4837439218820965,2.9975871309,1079.691
1.0148059344980738,-0.0000000000000000,-0.0000000000000058,-0.0000000000000079,-0.0255294277223000,-0.0768960796249197,5.4920416663589435,2.9975494296,1082.984
1.0147926691853748,-0.0000000000000007,0.0000000000002821,-0.0000000000005058,-0.0255450472598084,0.0771521270861505,5.5003394108357924,2.9975110835,1086.322
1.0147791620024749,-0.0000000000000014,0.0000000000001540,-0.0000000000003431,-0.0255601937570497,0.0774120400852354,5.5086371553126394,2.9974720727,1089.708
1.0147654072567174,-0.0000000000000000,0.0000000000001508,-0.0000000000003761,-0.0255748686952067,0.0776759200680809,5.5169348997894874,2.9974323766,1093.143
1.0147513990996180,-0.0000000000000007,0.0000000000000533,-0.0000000000002124,-0.0255890736949426,0.0779438721459811,5.5252326442663353,2.9973919738,1096.628
1.0147371315194378,-0.0000000000000007,0.0000000000001751,-0.0000000000005692,-0.0256028105268956,0.0782160052742117,5.5335303887431824,2.9973508419,1100.164
1.0147225983346777,-0.0000000000000007,0.0000000000001914,-0.0000000000006119,-0.0256160811237700,0.0784924324405508,5.5418281332200303,2.9973089575,1103.753
1.0147077931855573,-0.0000000000000000,0.0000000000005516,-0.0000000000009101,-0.0256288875926624,0.0787732708694573,5.5501258776968783,2.9972662966,1107.397
1.0146927095269938,-0.0000000000000007,0.0000000000006293,-0.0000000000010598,-0.0256412322290047,0.0790586422327387,5.5584236221737253,2.9972228336,1111.097
1.0146773406198046,-0.0000000000000000,-0.0000000000000542,-0.0000000000000019,-0.0256531175321601,-0.0793486728805183,5.5667213666505733,2.9971785422,1114.855
1.0146616795213632,-0.0000000000000000,-0.0000000000000145,0.0000000000000007,-0.0256645462202254,-0.0796434940775520,5.5750191111274212,2.9971333948,1118.673
1.0146457190769866,-0.0000000000000000,-0.0000000000000028,0.0000000000000003,-0.0256755212479156,-0.0799432422645251,5.5833168556042683,2.9970873626,1122.552
1.0146294519095551,-0.0000000000000000,0.0000000000000014,0.0000000000000039,-0.0256860458252269,-0.0802480593291870,5.5916146000811162,2.9970404155,1126.495
1.0146128704090780,-0.0000000000000000,0.0000000000000026,0.0000000000000027,-0.0256961234376010,-0.0805580928978423,5.5999123445579642,2.9969925220,1130.503
1.0145959667215159,-0.0000000000000000,0.0000000000000051,0.0000000000000096,-0.0257057578675973,-0.0808734966457816,5.6082100890348112,2.9969436493,1134.578
1.0145787327370215,-0.0000000000000000,0.0000000000000016,0.0000000000000064,-0.0257149532187335,-0.0811944306282265,5.6165078335116592,2.9968937628,1138.722
1.0145611600772482,-0.0000000000000007,0.0000000000005313,-0.0000000000007037,-0.0257237139409237,0.0815210616338275,5.6248055779885071,2.9968428265,1142.939
1.0145432400826560,-0.0000000000000000,0.0000000000001391,-0.0000000000004145,-0.0257320448582628,0.0818535635624609,5.6331033224653542,2.9967908026,1147.229
1.0145249637971236,-0.0000000000000007,0.0000000000000887,-0.0000000000003294,-0.0257399511990812,0.0821921178298429,5.6414010669422021,2.9967376513,1151.596
1.0145063219544890,-0.0000000000000007,0.0000000000002859,-0.0000000000005911,-0.0257474386291458,0.0825369137969765,5.6496988114190501,2.9966833311,1156.042
1.0144873049612217,-0.0000000000000000,0.0000000000001946,-0.0000000000003828,-0.0257545132860308,0.0828881492383538,5.6579965558958971,2.9966277984,1160.569
1.0144679028802714,-0.0000000000000000,0.0000000000003346,-0.0000000000007395,-0.0257611818192316,0.0832460308337230,5.6662943003727451,2.9965710072,1165.181
1.0144481054126562,-0.0000000000000000,-0.0000000000000021,-0.0000000000000000,-0.0257674514309842,-0.0836107747034792,5.6745920448495930,2.9965129093,1169.880
1.0144279018779556,-0.0000000000000000,0.0000000000000011,0.0000000000000014,-0.0257733299231760,-0.0839826069802665,5.6828897893264401,2.9964534540,1174.670
1.0144072811938984,-0.0000000000000000,0.0000000000000018,0.0000000000000016,-0.0257788257465199,-0.0843617644255951,5.6911875338032880,2.9963925878,1179.553
1.0143862318541883,0.0000000000000000,-0.0000000000000085,-0.0000000000000281,-0.0257839480556081,-0.0847484950915571,5.6994852782801360,2.9963302545,1184.533
1.0143647419049200,-0.0000000000000000,-0.0000000000000146,0.0000000000000163,-0.0257887067685550,-0.0851430590348763,5.7077830227569830,2.9962663948,1189.613
1.0143427989192968,-0.0000000000000007,0.0000000000004177,-0.0000000000008353,-0.0257931126322534,0.0855457290867403,5.7160807672338318,2.9962009461,1194.797
1.0143203899706255,-0.0000000000000000,0.0000000000001845,-0.0000000000005407,-0.0257971772935356,0.0859567916852870,5.7243785117106789,2.9961338423,1200.089
1.0142975016032201,-0.0000000000000000,0.0000000000003366,-0.0000000000007303,-0.0258009133786307,0.0863765477718567,5.7326762561875260,2.9960650137,1205.493
1.0142741198011731,-0.0000000000000009,0.0000000000005484,-0.0000000000006640,-0.0258043345778699,0.0868053137654133,5.7409740006643748,2.9959943863,1211.013
1.0142502299549698,-0.0000000000000011,0.0000000000002813,-0.0000000000003060,-0.0258074557412030,0.0872434226162038,5.7492717451412219,2.9959218821,1216.654
1.0142258168253049,-0.0000000000000006,0.0000000000005205,-0.0000000000010983,-0.0258102929823503,0.0876912249463797,5.7575694896180698,2.9958474182,1222.420
1.0142008645043212,-0.0000000000000000,0.0000000000000052,0.0000000000000065,-0.0258128637922591,-0.0881490902939168,5.7658672340949169,2.9957709068,1228.317
1.0141753563734630,-0.0000000000000000,-0.0000000000000182,0.0000000000000177,-0.0258151871672975,-0.0886174084599405,5.7741649785717648,2.9956922549,1234.349
1.0141492750586356,-0.0000000000000000,-0.0000000000000005,0.0000000000000075,-0.0258172837477633,-0.0890965909806369,5.7824627230486119,2.9956113634,1240.522
1.0141226023808863,-0.0000000000000000,-0.0000000000000031,-0.0000000000000060,-0.0258191759726680,-0.0895870727285346,5.7907604675254607,2.9955281271,1246.842
1.0140953193036464,-0.0000000000000000,0.0000000000000063,0.0000000000000060,-0.0258208882511873,-0.0900893136631586,5.7990582120023078,2.9954424340,1253.316
1.0140674058752361,-0.0000000000000000,-0.0000000000000028,-0.0000000000000044,-0.0258224471524006,-0.0906038007447419,5.8073559564791548,2.9953541645,1259.949
1.0140388411665406,0.0000000000000000,-0.0000000000000076,0.0000000000000466,-0.0258238816163440,-0.0911310500300738,5.8156537009560036,2.9952631915,1266.749
1.0140096032032666,-0.0000000000000000,-0.0000000000003965,0.0000000000004639,-0.0258252231888181,0.0916716089729478,5.8239514454328507,2.9951693789,1273.724
1.0139796688922895,-0.0000000000000000,0.0000000000001865,-0.0000000000005140,-0.0258265062840749,0.0922260589468888,5.8322491899096987,2.9950725812,1280.880
1.0139490139409535,-0.0000000000000007,-0.0000000000002775,0.0000000000002192,-0.0258277684748303,0.0927950180303595,5.8405469343865466,2.9949726428,1288.227
1.0139176127694602,-0.0000000000000007,-0.0000000000002694,0.0000000000001818,-0.0258290508225009,0.0933791440674917,5.8488446788633937,2.9948693967,1295.774
1.0138854384149942,-0.0000000000000000,0.0000000000003059,-0.0000000000007252,-0.0258303982418121,0.0939791380541467,5.8571424233402416,2.9947626639,1303.529
1.0138524624261005,-0.0000000000000007,0.0000000000004528,-0.0000000000009864,-0.0258318599123072,0.0945957478849610,5.8654401678170895,2.9946522517,1311.503
1.0138186547478547,-0.0000000000000000,-0.0000000000000002,-0.0000000000000003,-0.0258334897432322,-0.0952297725041800,5.8737379122939366,2.9945379531,1319.708
1.0137839835938232,-0.0000000000000000,-0.0000000000000018,-0.0000000000000035,-0.0258353468944474,-0.0958820665185052,5.8820356567707845,2.9944195447,1328.154
1.0137484153073122,-0.0000000000000000,-0.0000000000000168,0.0000000000000422,-0.0258374963674123,-0.0965535453331291,5.8903334012476325,2.9942967854,1336.854
1.0137119142065287,-0.0000000000000000,0.0000000000000016,0.0000000000000108,-0.0258400096740020,-0.0972451908806884,5.8986311457244796,2.9941694145,1345.821
1.0136744424137156,-0.0000000000000000,-0.0000000000000049,-0.0000000000000068,-0.0258429655951252,-0.0979580580257397,5.9069288902013275,2.9940371498,1355.070
1.0136359596661730,-0.0000000000000000,-0.0000000000000018,-0.0000000000000029,-0.0258464510453858,-0.0986932817461775,5.9152266346781754,2.9938996849,1364.616
1.0135964231059384,0.0000000000000000,-0.0000000000000024,-0.0000000000000035,-0.0258505620589397,-0.0994520851999121,5.9235243791550225,2.9937566871,1374.477
1.0135557870457459,-0.0000000000000007,-0.0000000000008514,0.0000000000012449,-0.0258554049174629,0.1002357888128698,5.9318221236318704,2.9936077938,1384.669
1.0135140027079423,-0.0000000000000000,-0.0000000000005167,0.0000000000006237,-0.0258610974466475,0.1010458205432472,5.9401198681087184,2.9934526096,1395.212
1.0134710179319242,-0.0000000000000000,0.0000000000000001,-0.0000000000000018,-0.0258677705034865,-0.1018837275103862,5.9484176125855655,2.9932907023,1406.128
1.0134267768464544,-0.0000000000000000,-0.0000000000000036,-0.0000000000000046,-0.0258755696985545,-0.1027511892032510,5.9567153570624134,2.9931215980,1417.439
1.0133812195006364,-0.0000000000000000,-0.0000000000007818,0.0000000000008750,-0.0258846573886070,0.1036500325346108,5.9650131015392613,2.9929447766,1429.171
1.0133342814474018,-0.0000000000000007,-0.0000000000004438,0.0000000000002903,-0.0258952149933068,0.1045822490532050,5.9733108460161084,2.9927596654,1441.351
1.0132858932726754,-0.0000000000000007,-0.0000000000003968,0.0000000000004187,-0.0259074456953471,0.1055500146878021,5.9816085904929563,2.9925656326,1454.008
1.0132359800599318,-0.0000000000000000,-0.0000000000000009,-0.0000000000000023,-0.0259215776061118,-0.1065557124832017,5.9899063349698043,2.9923619789,1467.175
1.0131844607805376,-0.0000000000000000,0.0000000000000053,0.0000000000000062,-0.0259378674841379,-0.1076019588756289,5.9982040794466513,2.9921479285,1480.888
1.0131312475965801,0.0000000000000000,0.0000000000000034,0.0000000000000031,-0.0259566051279898,-0.1086916341818400,6.0065018239234993,2.9919226178,1495.187
1.0130762450604871,-0.0000000000000000,-0.0000000000000017,0.0000000000000027,-0.0259781185850210,-0.1098279181307515,6.0147995684003472,2.9916850830,1510.115
1.0130193491924413,-0.0000000000000000,-0.0000000000004703,0.0000000000007252,-0.0260027803586868,0.1110143314530117,6.0230973128771943,2.9914342445,1525.721
1.0129604464125905,-0.0000000000000013,-0.0000000000010300,0.0000000000012386,-0.0260310148445363,0.1122547847970874,6.0313950573540431,2.9911688887,1542.057
1.0128994122992800,-0.0000000000000000,-0.0000000000005386,0.0000000000004463,-0.0260633072835035,0.1135536365509655,6.0396928018308902,2.9908876464,1559.185
1.0128361101383387,-0.0000000000000000,-0.0000000000005559,0.0000000000003595,-0.0261002146054371,0.1149157615638676,6.0479905463077372,2.9905889666,1577.172
1.0127703892189421,-0.0000000000000000,-0.0000000000000235,-0.0000000000000389,-0.0261423786451468,-0.1163466332853123,6.0562882907845861,2.9902710847,1596.092
1.0127020828211555,-0.0000000000000000,0.0000000000001226,0.0000000000001698,-0.0261905423494674,-0.1178524225523525,6.0645860352614331,2.9899319844,1616.030
1.0126310058249675,-0.0000000000000000,0.0000000000000085,0.0000000000000077,-0.0262455698007865,-0.1194401171852593,6.0728837797382802,2.9895693495,1637.084
1.0125569518516748,-0.0000000000000000,0.0000000000000034,0.0000000000000037,-0.0263084711330340,-0.1211176677767328,6.0811815242151281,2.9891805062,1659.363
1.0124796898226309,-0.0000000000000000,-0.0000000000000059,-0.0000000000000098,-0.0263804337995634,-0.1228941668118518,6.0894792686919761,2.9887623492,1682.992
