x0_n,y0_n,z0_n,xd0_n,yd0_n,zd0_n,Tp,JC,L2ExcessVelocity_mps,...,error_tol=1e-12,n_Nodes=6,stepsize=1.0
1.0133646800413449,-0.0000000000000000,-0.0249350745552772,0.0000000000000005,-0.0279857909290815,-0.0000000000000001,2.3357468086249287,3.0008381369,723.441
1.0164255409824827,-0.0000000000000000,-0.0234534082125735,0.0000000000000005,-0.0304559630864959,0.0000000000000012,2.6834971259060647,3.0010158432,699.860
1.0175843325735219,-0.0000000000000000,-0.0222267584498294,-0.0000000000000004,-0.0306479571122530,-0.0000000000000001,2.8017207764448724,3.0011935496,675.456
1.0184242814091791,-0.0000000000000000,-0.0210128159833841,0.0000000000000014,-0.0304434420509804,-0.0000000000000032,2.8770610528593572,3.0013712559,650.136
1.0191109471588087,-0.0000000000000008,-0.0197895635526126,-0.0000000000032087,-0.0300266469156586,0.0000000000022230,2.9308960544908786,3.0015489622,623.790
1.0197043546727378,0.0000000000000000,-0.0185467046376628,-0.0000000000000007,-0.0294594965219198,0.0000000000000003,2.9716185553444481,3.0017266685,596.281
1.0202326437827198,-0.0000000000000000,-0.0172752985484099,-0.0000000000000009,-0.0287672515732387,0.0000000000000021,3.0035434656240629,3.0019043749,567.439
1.0207106229245015,-0.0000000000000000,-0.0159649373444903,0.0000000000020691,-0.0279594247979603,-0.0000000000017156,3.0292168083223476,3.0020820812,537.051
1.0211464078703456,-0.0000000000000000,-0.0146019457673303,-0.0000000000000001,-0.0270367967019866,-0.0000000000000013,3.0502726144951176,3.0022597875,504.837
1.0215442476985284,-0.0000000000000000,-0.0131670252791816,-0.0000000000037377,-0.0259938897131683,0.0000000000017510,3.0678204814062671,3.0024374939,470.423
1.0219058032385662,-0.0000000000000000,-0.0116308961429145,-0.0000000000000023,-0.0248193737832281,-0.0000000000000048,3.0826449458424836,3.0026152002,433.283
1.0222306433621058,0.0000000000000000,-0.0099445693947952,0.0000000000000012,-0.0234950139611884,0.0000000000000007,3.0953178195600044,3.0027929065,392.646
1.0225161960636024,-0.0000000000000001,-0.0080125715029329,-0.0000000000064849,-0.0219928858389626,0.0000000000023482,3.1062658968072370,3.0029706128,347.286
1.0227570818992164,-0.0000000000000001,-0.0055869006375297,-0.0000000000251955,-0.0202695430181612,0.0000000000069628,3.1158139250327892,3.0031483192,295.033
1.0229433141676467,-0.0000000000000000,-0.0000179751136095,0.0000000000000010,-0.0182533484132890,-0.0000000000000000,3.1242130013728628,3.0033260255,231.260
