x0_n,y0_n,z0_n,xd0_n,yd0_n,zd0_n,Tp,JC,L2ExcessVelocity_mps,...,error_tol=1e-12,n_Nodes=6,stepsize=1.0
1.0157289323262575,-0.0000000000000000,-0.0000000000000007,0.0000000000000004,-0.0188179128287104,0.0576413134692115,4.3498485000225386,3.0001685851,806.117
1.0159845493016240,-0.0000000000000000,0.0000000000003301,0.0000000000007011,-0.0164356362969039,-0.0547444163435535,4.1354941888337207,3.0005508745,760.014
1.0163327303704131,-0.0000000000000000,0.0000000000000027,-0.0000000000000036,-0.0138887871044711,0.0515552502589083,3.9384478531889235,3.0009331640,710.928
1.0167734050974293,-0.0000000000000000,-0.0000000000005279,-0.0000000000008279,-0.0113547646133094,-0.0479756084028822,3.7663061073298723,3.0013154534,658.192
1.0172926897059067,-0.0000000000000000,-0.0000000000004166,-0.0000000000007435,-0.0089588196986610,-0.0439323098674105,3.6207273676241538,3.0016977429,600.844
1.0178713239179498,-0.0000000000000000,-0.0000000000000060,0.0000000000000068,-0.0067633617717804,0.0393440385659953,3.4996345630908428,3.0020800323,537.411
1.0184908208634600,-0.0000000000000000,0.0000000000000093,-0.0000000000000045,-0.0047844201102399,0.0340655168148933,3.3994527771969731,3.0024623218,465.412
1.0191360771905100,-0.0000000000000000,-0.0000000000000435,-0.0000000000000513,-0.0030121081994337,-0.0277781167426341,3.3164532964424578,3.0028446112,380.007
1.0197957473393655,-0.0000000000000000,-0.0000000000000458,0.0000000000000199,-0.0014253151154789,0.0196018621292553,3.2473316203699372,3.0032269007,268.706
1.0204616998840694,-0.0000000000000000,0.0000000000613896,-0.0000000000000634,-0.0000000033302702,0.0000306816969695,3.1893615914701132,3.0036091901,0.422
