x0_n,y0_n,z0_n,xd0_n,yd0_n,zd0_n,Tp,JC,L2ExcessVelocity_mps,landingVelocity_mps,stabilityIndex1,stabilityIndex2...,error_tol=1e-12,n_Nodes=6,stepsize=1.0
1.0298323490077133,-0.0000000000000000,-0.0000000002294021,0.0000000000000416,-0.0000000003071536,0.0000111350834275,3.2110278352184332,3.0075330502,0.121,2565.598,2516.5584,1.9459
1.0297267631646700,-0.0000000000000000,0.0000000000001664,-0.0000000000000210,-0.0002166173838748,0.0093283130035889,3.2166369904691696,3.0074460827,101.463,2567.603,2463.0255,1.9390
1.0296231109567904,-0.0000000000000000,-0.0000000000000240,0.0000000000000039,-0.0004316153860743,0.0131358338952335,3.2222461457199061,3.0073606948,142.838,2569.571,2411.3186,1.9323
1.0295213398114091,-0.0000000000000000,0.0000000000037576,0.0000000000016203,-0.0006450307662149,-0.0160200106686289,3.2278553009706425,3.0072768369,174.153,2571.502,2361.3547,1.9256
1.0294213992050882,0.0000000000000000,0.0000000000000462,-0.0000000000000116,-0.0008568985072983,0.0184209119179815,3.2334644562213790,3.0071944620,200.201,2573.397,2313.0557,1.9189
1.0293232405611861,0.0000000000000000,0.0000000000000433,-0.0000000000000138,-0.0010672522022202,0.0205099240125885,3.2390736114721155,3.0071135247,222.848,2575.258,2266.3479,1.9124
1.0292268171494323,-0.0000000000000000,0.0000000000057889,0.0000000000034454,-0.0012761241229516,-0.0223754156406121,3.2446827667228519,3.0070339817,243.058,2577.085,2221.1614,1.9059
1.0291320839922768,-0.0000000000000000,-0.0000000000000465,0.0000000000000148,-0.0014835452849580,0.0240701632608077,3.2502919219735880,3.0069557913,261.406,2578.881,2177.4304,1.8996
1.0290389977837426,-0.0000000000000000,0.0000000000018018,0.0000000000012349,-0.0016895455181814,-0.0256287380801714,3.2559010772243244,3.0068789136,278.268,2580.644,2135.0925,1.8933
1.0289475168018429,-0.0000000000000000,0.0000000000012409,0.0000000000008963,-0.0018941535166212,-0.0270752818549426,3.2615102324750609,3.0068033103,293.910,2582.378,2094.0887,1.8871
1.0288576008362380,-0.0000000000000000,-0.0000000000000052,0.0000000000000021,-0.0020973968996023,0.0284274656096925,3.2671193877257974,3.0067289447,308.522,2584.082,2054.3632,1.8809
1.0287692111155184,-0.0000000000000000,0.0000000000016293,0.0000000000012935,-0.0022993022624994,-0.0296986999197648,3.2727285429765338,3.0066557812,322.252,2585.757,2015.8628,1.8749
1.0286823102378957,-0.0000000000000000,-0.0000000000016011,-0.0000000000013468,-0.0024998952231241,-0.0308994577773436,3.2783376982272703,3.0065837859,335.215,2587.404,1978.5375,1.8689
1.0285968621110551,-0.0000000000000000,0.0000000000000125,-0.0000000000000021,-0.0026992004740842,0.0320381105781241,3.2839468534780067,3.0065129262,347.501,2589.025,1942.3394,1.8630
1.0285128318880430,-0.0000000000000000,-0.0000000000014029,-0.0000000000012684,-0.0028972418177759,-0.0331214800617788,3.2895560087287432,3.0064431705,359.186,2590.619,1907.2235,1.8572
1.0284301859142051,-0.0000000000000000,0.0000000000012976,0.0000000000012286,-0.0030940422161212,-0.0341552161382541,3.2951651639794797,3.0063744885,370.330,2592.188,1873.1466,1.8515
1.0283488916701695,-0.0000000000000000,-0.0000000000000460,0.0000000000000256,-0.0032896238211676,0.0351440634322084,3.3007743192302161,3.0063068512,380.987,2593.732,1840.0680,1.8458
1.0282689177253250,0.0000000000000000,0.0000000000000305,-0.0000000000000151,-0.0034840080184501,0.0360920542656167,3.3063834744809526,3.0062402303,391.200,2595.251,1807.9487,1.8402
1.0281902336874023,-0.0000000000000001,0.0000000000014715,0.0000000000015005,-0.0036772154571820,-0.0370026515002050,3.3119926297316891,3.0061745989,401.007,2596.748,1776.7518,1.8347
1.0281128101573509,-0.0000000000000000,0.0000000000012730,0.0000000000013419,-0.0038692660839032,-0.0378788563439656,3.3176017849824255,3.0061099307,410.441,2598.221,1746.4422,1.8293
1.0280366186882752,-0.0000000000000000,0.0000000000013406,0.0000000000014423,-0.0040601791744628,-0.0387232911010365,3.3232109402331615,3.0060462007,419.530,2599.673,1716.9863,1.8239
1.0279616317434097,-0.0000000000000000,-0.0000000000000405,0.0000000000000237,-0.0042499733616488,0.0395382636651551,3.3288200954838980,3.0059833845,428.301,2601.102,1688.3522,1.8186
1.0278878226592436,-0.0000000000000000,-0.0000000000000019,0.0000000000000013,-0.0044386666645599,0.0403258184584089,3.3344292507346345,3.0059214586,436.774,2602.511,1660.5094,1.8134
1.0278151656078702,-0.0000000000000000,0.0000000000011140,0.0000000000012797,-0.0046262765132273,-0.0410877771572563,3.3400384059853709,3.0058604005,444.972,2603.899,1633.4289,1.8083
1.0277436355630045,-0.0000000000000001,0.0000000000030810,0.0000000000036030,-0.0048128197743337,-0.0418257716096763,3.3456475612361074,3.0058001882,452.910,2605.268,1607.0830,1.8032
1.0276732082665672,-0.0000000000000000,0.0000000000010805,0.0000000000013049,-0.0049983127726801,-0.0425412707034361,3.3512567164868439,3.0057408005,460.605,2606.616,1581.4453,1.7982
1.0276038602000264,-0.0000000000000000,-0.0000000000000076,0.0000000000000070,-0.0051827713187773,0.0432356025033357,3.3568658717375803,3.0056822171,468.073,2607.946,1556.4904,1.7933
1.0275355685524945,-0.0000000000000000,-0.0000000000000012,0.0000000000000011,-0.0053662107251139,0.0439099726315512,3.3624750269883168,3.0056244182,475.325,2609.258,1532.1944,1.7885
1.0274683111932399,0.0000000000000000,0.0000000000000072,-0.0000000000000059,-0.0055486458275068,0.0445654796528079,3.3680841822390533,3.0055673847,482.375,2610.551,1508.5340,1.7837
1.0274020666451991,-0.0000000000000001,0.0000000000000443,0.0000000000000335,-0.0057300910056122,-0.0452031280441864,3.3736933374897897,3.0055110980,489.232,2611.827,1485.4873,1.7790
1.0273368140599513,-0.0000000000000000,0.0000000000011885,0.0000000000015151,-0.0059105602004074,-0.0458238391901225,3.3793024927405262,3.0054555403,495.908,2613.086,1463.0332,1.7744
1.0272725331922679,0.0000000000000000,0.0000000000003672,0.0000000000004958,-0.0060900669300852,-0.0464284607700105,3.3849116479912627,3.0054006943,502.412,2614.328,1441.1514,1.7699
1.0272092043791641,-0.0000000000000000,0.0000000000000063,-0.0000000000000045,-0.0062686243104091,0.0470177748143580,3.3905208032419987,3.0053465432,508.751,2615.553,1419.8226,1.7654
1.0271468085161277,-0.0000000000000000,0.0000000000000071,-0.0000000000000058,-0.0064462450665713,0.0475925046516142,3.3961299584927351,3.0052930707,514.934,2616.763,1399.0283,1.7610
1.0270853270369178,-0.0000000000000000,-0.0000000000000037,0.0000000000000038,-0.0066229415501472,0.0481533209327868,3.4017391137434716,3.0052402611,520.969,2617.957,1378.7507,1.7567
1.0270247418935841,0.0000000000000000,0.0000000000000022,0.0000000000000001,-0.0067987257530605,0.0487008468764800,3.4073482689942081,3.0051880991,526.862,2619.136,1358.9729,1.7524
1.0269650355374089,-0.0000000000000000,0.0000000000002189,0.0000000000003068,-0.0069736093211871,-0.0492356628564822,3.4129574242449445,3.0051365698,532.619,2620.301,1339.6785,1.7482
1.0269061909007722,-0.0000000000000000,0.0000000000009926,0.0000000000014128,-0.0071476035676956,-0.0497583104300126,3.4185665794956810,3.0050856590,538.247,2621.450,1320.8520,1.7441
1.0268481913791530,-0.0000000000000000,0.0000000000002687,0.0000000000003770,-0.0073207194841006,-0.0502692958879247,3.4241757347464175,3.0050353527,543.750,2622.586,1302.4782,1.7401
1.0267910208160624,-0.0000000000000000,0.0000000000003669,0.0000000000005747,-0.0074929677548610,-0.0507690933960885,3.4297848899971539,3.0049856374,549.135,2623.708,1284.5428,1.7361
1.0267346634855212,-0.0000000000000000,-0.0000000000000018,-0.0000000000000005,-0.0076643587660461,0.0512581477825684,3.4353940452478904,3.0049365000,554.406,2624.816,1267.0319,1.7322
1.0266791040779109,-0.0000000000000000,-0.0000000000000016,0.0000000000000011,-0.0078349026175575,0.0517368770200181,3.4410032004986268,3.0048879277,559.568,2625.911,1249.9323,1.7284
1.0266243276850608,-0.0000000000000000,-0.0000000000000404,0.0000000000000214,-0.0080046091330544,0.0522056744424062,3.4466123557493633,3.0048399082,564.624,2626.993,1233.2312,1.7246
1.0265703197864744,-0.0000000000000001,0.0000000000004858,0.0000000000005446,-0.0081734878700843,-0.0526649107308568,3.4522215110000998,3.0047924294,569.579,2628.063,1216.9164,1.7209
1.0265170662359198,-0.0000000000000000,0.0000000000004377,0.0000000000006881,-0.0083415481295263,-0.0531149356980772,3.4578306662508362,3.0047454797,574.437,2629.120,1200.9759,1.7173
1.0264645532489329,-0.0000000000000000,0.0000000000002056,0.0000000000003226,-0.0085087989643805,-0.0535560798919368,3.4634398215015727,3.0046990477,579.202,2630.165,1185.3985,1.7137
1.0264127673906647,-0.0000000000000001,0.0000000000008303,0.0000000000010591,-0.0086752491889800,-0.0539886560468401,3.4690489767523087,3.0046531224,583.876,2631.198,1170.1733,1.7103
1.0263616955635455,-0.0000000000000000,0.0000000000008301,0.0000000000010480,-0.0088409073868943,-0.0544129603964845,3.4746581320030452,3.0046076931,588.463,2632.220,1155.2898,1.7069
1.0263113249967806,-0.0000000000000000,0.0000000000000291,-0.0000000000000317,-0.0090057819189480,0.0548292738614113,3.4802672872537816,3.0045627494,592.966,2633.230,1140.7378,1.7035
1.0262616432357443,-0.0000000000000000,-0.0000000000000016,0.0000000000000018,-0.0091698809315678,0.0552378631306652,3.4858764425045181,3.0045182810,597.388,2634.229,1126.5076,1.7003
1.0262126381308854,-0.0000000000000000,-0.0000000000000078,0.0000000000000085,-0.0093332123625705,0.0556389816467686,3.4914855977552546,3.0044742782,601.732,2635.218,1112.5899,1.6971
1.0261642978282346,-0.0000000000000000,-0.0000000000000061,0.0000000000000070,-0.0094957839499294,0.0560328705057888,3.4970947530059910,3.0044307313,606.000,2636.196,1098.9755,1.6939
1.0261166107600594,-0.0000000000000001,0.0000000000001408,0.0000000000002358,-0.0096576032374351,-0.0564197592761106,3.5027039082567275,3.0043876309,610.196,2637.163,1085.6559,1.6909
1.0260695656355232,-0.0000000000000000,0.0000000000004659,0.0000000000005618,-0.0098186775814931,-0.0567998667522156,3.5083130635074640,3.0043449681,614.320,2638.121,1072.6225,1.6879
1.0260231514318059,-0.0000000000000001,0.0000000000000710,0.0000000000001179,-0.0099790141573100,-0.0571734016455419,3.5139222187582004,3.0043027338,618.375,2639.068,1059.8674,1.6850
1.0259773573864723,-0.0000000000000001,0.0000000000010636,0.0000000000017934,-0.0101386199653610,-0.0575405632168888,3.5195313740089369,3.0042609195,622.365,2640.006,1047.3826,1.6821
1.0259321729876572,-0.0000000000000001,0.0000000000009256,0.0000000000012748,-0.0102975018351067,-0.0579015418619992,3.5251405292596734,3.0042195167,626.290,2640.934,1035.1607,1.6793
1.0258875879681810,-0.0000000000000001,0.0000000000006345,0.0000000000008486,-0.0104556664337142,-0.0582565196504603,3.5307496845104098,3.0041785173,630.153,2641.852,1023.1944,1.6766
1.0258435922971105,-0.0000000000000000,0.0000000000000002,-0.0000000000000001,-0.0106131202692401,0.0586056708208199,3.5363588397611458,3.0041379132,633.955,2642.762,1011.4766,1.6740
1.0258001761727180,-0.0000000000000000,-0.0000000000000032,0.0000000000000022,-0.0107698696958774,0.0589491622408234,3.5419679950118823,3.0040976968,637.699,2643.663,1000.0007,1.6714
1.0257573300152885,-0.0000000000000000,-0.0000000000000022,0.0000000000000024,-0.0109259209189732,0.0592871538334288,3.5475771502626188,3.0040578602,641.385,2644.554,988.7600,1.6689
1.0257150444606993,0.0000000000000000,-0.0000000000000042,0.0000000000000059,-0.0110812800002955,0.0596197989715475,3.5531863055133552,3.0040183963,645.017,2645.437,977.7483,1.6665
1.0256733103539954,0.0000000000000000,-0.0000000000000808,0.0000000000001122,-0.0112359528620338,0.0599472448430955,3.5587954607640917,3.0039792977,648.595,2646.312,966.9594,1.6641
1.0256321187431976,-0.0000000000000002,0.0000000000006228,0.0000000000009176,-0.0113899452910031,-0.0602696327919972,3.5644046160148282,3.0039405574,652.120,2647.178,956.3874,1.6618
1.0255914608727896,-0.0000000000000000,0.0000000000000420,0.0000000000000779,-0.0115432629433409,-0.0605870986356419,3.5700137712655646,3.0039021684,655.595,2648.036,946.0267,1.6596
1.0255513281794493,-0.0000000000000000,0.0000000000007453,0.0000000000012292,-0.0116959113488841,-0.0608997729576186,3.5756229265163011,3.0038641242,659.021,2648.887,935.8717,1.6575
1.0255117122841251,-0.0000000000000002,0.0000000000006069,0.0000000000010483,-0.0118478959128758,-0.0612077813854461,3.5812320817670376,3.0038264182,662.399,2649.729,925.9170,1.6554
1.0254726049891150,-0.0000000000000002,0.0000000000002444,0.0000000000003775,-0.0119992219229976,-0.0615112448464955,3.5868412370177740,3.0037890438,665.730,2650.564,916.1576,1.6534
1.0254339982717251,-0.0000000000000002,0.0000000000005894,0.0000000000009410,-0.0121498945512911,-0.0618102798081087,3.5924503922685105,3.0037519950,669.016,2651.391,906.5884,1.6514
1.0253958842785196,-0.0000000000000000,0.0000000000000009,-0.0000000000000011,-0.0122999188557934,0.0621049985017480,3.5980595475192469,3.0037152656,672.257,2652.211,897.2046,1.6496
1.0253582553225593,-0.0000000000000000,0.0000000000000039,-0.0000000000000073,-0.0124492997882433,0.0623955091346115,3.6036687027699834,3.0036788496,675.456,2653.023,888.0015,1.6477
1.0253211038769285,-0.0000000000000000,-0.0000000000000076,0.0000000000000080,-0.0125980421931091,0.0626819160853714,3.6092778580207194,3.0036427412,678.612,2653.829,878.9746,1.6460
1.0252844225709798,-0.0000000000000000,-0.0000000000000090,0.0000000000000115,-0.0127461508133277,0.0629643200913923,3.6148870132714559,3.0036069347,681.728,2654.627,870.1195,1.6444
1.0252482041860080,-0.0000000000000000,0.0000000000000057,-0.0000000000000053,-0.0128936302920171,0.0632428184205352,3.6204961685221924,3.0035714246,684.804,2655.419,861.4319,1.6428
1.0252124416510235,-0.0000000000000000,0.0000000000000026,-0.0000000000000028,-0.0130404851760129,0.0635175050353642,3.6261053237729288,3.0035362055,687.841,2656.204,852.9078,1.6412
1.0251771280387199,-0.0000000000000002,0.0000000000002062,0.0000000000004410,-0.0131867199184127,-0.0637884707468761,3.6317144790236653,3.0035012719,690.841,2656.982,844.5431,1.6398
1.0251422565614257,-0.0000000000000002,0.0000000000001981,0.0000000000004667,-0.0133323388812110,-0.0640558033589899,3.6373236342744018,3.0034666187,693.803,2657.754,836.3340,1.6384
1.0251078205676571,-0.0000000000000000,0.0000000000002908,0.0000000000006148,-0.0134773463386016,-0.0643195878049478,3.6429327895251382,3.0034322409,696.730,2658.519,828.2768,1.6371
1.0250738135380664,-0.0000000000000000,0.0000000000001633,0.0000000000003412,-0.0136217464783861,-0.0645799062763872,3.6485419447758747,3.0033981334,699.621,2659.279,820.3678,1.6358
1.0250402290822249,-0.0000000000000000,0.0000000000005460,0.0000000000010285,-0.0137655434045194,-0.0648368383432931,3.6541511000266111,3.0033642913,702.479,2660.032,812.6034,1.6347
1.0250070609353183,-0.0000000000000000,0.0000000000015163,0.0000000000028862,-0.0139087411417934,-0.0650904610713043,3.6597602552773476,3.0033307101,705.302,2660.779,804.9804,1.6336
1.0249743029535590,-0.0000000000000002,0.0000000000001829,0.0000000000003272,-0.0140513436330086,-0.0653408491261521,3.6653694105280841,3.0032973848,708.093,2661.520,797.4953,1.6325
1.0249419491136804,-0.0000000000000000,-0.0000000000000002,0.0000000000000002,-0.0141933547479988,-0.0655880748800746,3.6709785657788205,3.0032643111,710.853,2662.255,790.1449,1.6316
1.0249099935072319,-0.0000000000000000,0.0000000000000034,0.0000000000000012,-0.0143347782802533,-0.0658322085057681,3.6765877210295566,3.0032314844,713.581,2662.985,782.9262,1.6307
1.0248784303387615,-0.0000000000000000,0.0000000000000073,0.0000000000000083,-0.0144756179507962,-0.0660733180691058,3.6821968762802930,3.0031989004,716.278,2663.709,775.8360,1.6299
1.0248472539226507,-0.0000000000000000,-0.0000000000000000,0.0000000000000004,-0.0146158774109383,-0.0663114696174757,3.6878060315310295,3.0031665547,718.946,2664.428,768.8716,1.6291
1.0248164586804458,-0.0000000000000000,0.0000000000000045,0.0000000000000082,-0.0147555602431309,-0.0665467272604554,3.6934151867817659,3.0031344433,721.585,2665.141,762.0299,1.6285
1.0247860391380739,-0.0000000000000000,0.0000000000000072,0.0000000000000098,-0.0148946699633257,-0.0667791532488176,3.6990243420325024,3.0031025619,724.195,2665.849,755.3082,1.6279
1.0247559899232124,0.0000000000000000,0.0000000000000012,-0.0000000000000002,-0.0150332100227688,-0.0670088080488096,3.7046334972832389,3.0030709066,726.778,2666.552,748.7039,1.6273
1.0247263057628273,-0.0000000000000002,-0.0000000000004770,0.0000000000007681,-0.0151711838096392,0.0672357504126458,3.7102426525339753,3.0030394734,729.333,2667.249,742.2143,1.6269
1.0246969814800435,-0.0000000000000002,-0.0000000000000785,0.0000000000001657,-0.0153085946500516,0.0674600374459556,3.7158518077847118,3.0030082584,731.862,2667.942,735.8369,1.6265
1.0246680119932925,-0.0000000000000002,-0.0000000000004534,0.0000000000007123,-0.0154454458119421,0.0676817246710424,3.7214609630354483,3.0029772580,734.365,2668.629,729.5692,1.6262
1.0246393923120591,-0.0000000000000002,-0.0000000000006335,0.0000000000012150,-0.0155817405036663,0.0679008660883771,3.7270701182861847,3.0029464682,736.842,2669.312,723.4088,1.6259
1.0246111175357775,-0.0000000000000002,-0.0000000000004228,0.0000000000006227,-0.0157174818771629,0.0681175142328780,3.7326792735369212,3.0029158856,739.294,2669.990,717.3534,1.6258
1.0245831828517942,-0.0000000000000000,-0.0000000000005141,0.0000000000009000,-0.0158526730299330,0.0683317202311253,3.7382884287876577,3.0028855065,741.723,2670.664,711.4007,1.6257
1.0245555835326696,-0.0000000000000000,-0.0000000000010832,0.0000000000021039,-0.0159873170054689,0.0685435338518368,3.7438975840383941,3.0028553275,744.127,2671.332,705.5485,1.6256
1.0245283149336097,-0.0000000000000000,-0.0000000000004526,0.0000000000009552,-0.0161214167937348,0.0687530035572061,3.7495067392891306,3.0028253450,746.508,2671.997,699.7947,1.6257
1.0245013724923311,-0.0000000000000002,-0.0000000000002445,0.0000000000005779,-0.0162549753360348,0.0689601765504749,3.7551158945398670,3.0027955558,748.866,2672.656,694.1371,1.6258
1.0244747517251938,-0.0000000000000000,0.0000000000000175,0.0000000000000206,-0.0163879955224672,-0.0691650988204978,3.7607250497906031,3.0027659565,751.202,2673.312,688.5738,1.6260
1.0244484482263627,-0.0000000000000000,0.0000000000000070,0.0000000000000086,-0.0165204801945080,-0.0693678151857242,3.7663342050413395,3.0027365439,753.516,2673.963,683.1027,1.6263
1.0244224576654370,-0.0000000000000000,0.0000000000000039,0.0000000000000053,-0.0166524321474269,-0.0695683693372024,3.7719433602920760,3.0027073148,755.808,2674.610,677.7220,1.6266
1.0243967757860106,-0.0000000000000000,0.0000000000000050,0.0000000000000061,-0.0167838541299381,-0.0697668038763659,3.7775525155428125,3.0026782661,758.079,2675.253,672.4298,1.6270
1.0243713984038554,-0.0000000000000000,0.0000000000000011,0.0000000000000017,-0.0169147488460339,-0.0699631603537438,3.7831616707935489,3.0026493947,760.330,2675.891,667.2242,1.6275
1.0243463214052173,-0.0000000000000000,0.0000000000000030,0.0000000000000045,-0.0170451189560071,-0.0701574793052954,3.7887708260442854,3.0026206975,762.561,2676.526,662.1035,1.6281
1.0243215407451824,-0.0000000000000000,0.0000000000000086,0.0000000000000079,-0.0171749670774708,-0.0703498002871842,3.7943799812950219,3.0025921717,764.772,2677.157,657.0659,1.6288
1.0242970524461030,-0.0000000000000000,0.0000000000000023,0.0000000000000040,-0.0173042957864921,-0.0705401619090231,3.7999891365457583,3.0025638144,766.963,2677.784,652.1099,1.6295
1.0242728525961113,-0.0000000000000000,-0.0000000000002142,0.0000000000004874,-0.0174331076186355,0.0707286018657758,3.8055982917964948,3.0025356226,769.136,2678.407,647.2336,1.6303
1.0242489373474084,-0.0000000000000002,-0.0000000000002354,0.0000000000005337,-0.0175614050698562,0.0709151569682058,3.8112074470472312,3.0025075935,771.290,2679.026,642.4356,1.6311
1.0242253029150941,-0.0000000000000000,-0.0000000000001890,0.0000000000002912,-0.0176891905975408,0.0710998631722832,3.8168166022979673,3.0024797245,773.425,2679.642,637.7143,1.6321
1.0242019455754321,-0.0000000000000000,0.0000000000001169,-0.0000000000003370,-0.0178164666211389,0.0712827556075447,3.8224257575487037,3.0024520128,775.543,2680.254,633.0682,1.6331
1.0241788616650851,-0.0000000000000003,-0.0000000000000774,0.0000000000000253,-0.0179432355237189,0.0714638686027772,3.8280349127994402,3.0024244557,777.643,2680.862,628.4957,1.6342
1.0241560475787941,-0.0000000000000000,-0.0000000000001527,0.0000000000002777,-0.0180694996521649,0.0716432357140923,3.8336440680501767,3.0023970507,779.726,2681.467,623.9956,1.6354
1.0241334997690277,-0.0000000000000003,-0.0000000000004121,0.0000000000007609,-0.0181952613187321,0.0718208897476259,3.8392532233009131,3.0023697951,781.793,2682.069,619.5663,1.6366
1.0241112147438611,-0.0000000000000003,-0.0000000000002571,0.0000000000004337,-0.0183205228008491,0.0719968627843059,3.8448623785516496,3.0023426864,783.842,2682.667,615.2065,1.6379
1.0240891890666552,-0.0000000000000003,-0.0000000000003537,0.0000000000008310,-0.0184452863430250,0.0721711862028110,3.8504715338023860,3.0023157221,785.876,2683.262,610.9148,1.6393
1.0240674193541301,-0.0000000000000003,-0.0000000000000752,0.0000000000000359,-0.0185695541566084,0.0723438907000592,3.8560806890531225,3.0022888999,787.893,2683.853,606.6900,1.6408
1.0240459022754369,-0.0000000000000000,0.0000000000000281,0.0000000000000366,-0.0186933284220497,-0.0725150063165541,3.8616898443038590,3.0022622172,789.895,2684.441,602.5309,1.6424
1.0240246345511916,-0.0000000000000000,0.0000000000000116,0.0000000000000150,-0.0188166112876061,-0.0726845624505777,3.8672989995545954,3.0022356718,791.882,2685.027,598.4360,1.6440
1.0240036129519621,-0.0000000000000000,0.0000000000000053,0.0000000000000059,-0.0189394048717950,-0.0728525878831655,3.8729081548053319,3.0022092612,793.853,2685.609,594.4044,1.6457
1.0239828342975181,-0.0000000000000000,0.0000000000000025,0.0000000000000035,-0.0190617112631602,-0.0730191107940788,3.8785173100560684,3.0021829833,795.810,2686.188,590.4347,1.6475
1.0239622954556726,-0.0000000000000000,-0.0000000000000040,-0.0000000000000067,-0.0191835325212439,-0.0731841587806336,3.8841264653068048,3.0021568356,797.752,2686.764,586.5259,1.6494
1.0239419933412373,-0.0000000000000000,0.0000000000000019,0.0000000000000033,-0.0193048706771174,-0.0733477588751900,3.8897356205575413,3.0021308161,799.680,2687.337,582.6768,1.6514
1.0239219249150815,-0.0000000000000000,-0.0000000000000055,-0.0000000000000074,-0.0194257277343214,-0.0735099375618163,3.8953447758082773,3.0021049226,801.595,2687.907,578.8863,1.6534
1.0239020871830700,-0.0000000000000000,0.0000000000000009,0.0000000000000027,-0.0195461056690408,-0.0736707207926831,3.9009539310590138,3.0020791528,803.495,2688.475,575.1534,1.6555
1.0238824771951767,-0.0000000000000000,0.0000000000000023,0.0000000000000039,-0.0196660064310235,-0.0738301340035200,3.9065630863097507,3.0020535046,805.382,2689.039,571.4770,1.6577
1.0238630920444998,-0.0000000000000000,-0.0000000000000114,-0.0000000000000570,-0.0197854319443037,-0.0739882021290715,3.9121722415604867,3.0020279761,807.256,2689.601,567.8562,1.6600
1.0238439288664980,-0.0000000000000003,0.0000000000000603,-0.0000000000001132,-0.0199043841065543,0.0741449496155515,3.9177813968112232,3.0020025650,809.117,2690.160,564.2898,1.6623
1.0238249848378460,-0.0000000000000003,0.0000000000002792,-0.0000000000005799,-0.0200228647923837,0.0743004004394620,3.9233905520619596,3.0019772695,810.965,2690.717,560.7770,1.6648
1.0238062571760203,-0.0000000000000000,0.0000000000000700,-0.0000000000001437,-0.0201408758504515,0.0744545781148019,3.9289997073126961,3.0019520874,812.801,2691.271,557.3168,1.6673
1.0237877431377806,-0.0000000000000000,0.0000000000001133,-0.0000000000002410,-0.0202584191066322,0.0746075057113917,3.9346088625634326,3.0019270169,814.625,2691.822,553.9083,1.6699
1.0237694400191986,-0.0000000000000000,-0.0000000000001899,0.0000000000002432,-0.0203754963633551,0.0747592058641320,3.9402180178141690,3.0019020559,816.436,2692.371,550.5506,1.6726
1.0237513451537683,-0.0000000000000002,0.0000000000000661,-0.0000000000001248,-0.0204921093998462,0.0749097007872309,3.9458271730649055,3.0018772026,818.236,2692.917,547.2427,1.6753
1.0237334559131692,-0.0000000000000000,-0.0000000000002435,0.0000000000004007,-0.0206082599738313,0.0750590122840619,3.9514363283156415,3.0018524552,820.024,2693.461,543.9839,1.6782
1.0237157697045709,-0.0000000000000003,0.0000000000001298,-0.0000000000002193,-0.0207239498205490,0.0752071617610191,3.9570454835663784,3.0018278116,821.801,2694.002,540.7733,1.6811
1.0236982839719313,-0.0000000000000000,0.0000000000004326,-0.0000000000005340,-0.0208391806546342,0.0753541702352961,3.9626546388171149,3.0018032702,823.567,2694.541,537.6101,1.6841
1.0236809961936668,-0.0000000000000003,0.0000000000001558,-0.0000000000002680,-0.0209539541686622,0.0755000583475640,3.9682637940678509,3.0017788290,825.321,2695.078,534.4935,1.6872
1.0236639038827027,-0.0000000000000000,0.0000000000001245,-0.0000000000001566,-0.0210682720361733,0.0756448463729734,3.9738729493185874,3.0017544864,827.065,2695.613,531.4227,1.6904
1.0236470045857082,-0.0000000000000000,-0.0000000000001715,0.0000000000005431,-0.0211821359098484,0.0757885542289282,3.9794821045693238,3.0017302405,828.798,2696.145,528.3969,1.6937
1.0236302958820620,-0.0000000000000000,0.0000000000000253,0.0000000000000376,-0.0212955474219214,-0.0759312014852796,3.9850912598200603,3.0017060896,830.521,2696.675,525.4153,1.6971
1.0236137753838359,-0.0000000000000000,0.0000000000000082,0.0000000000000125,-0.0214085081874831,-0.0760728073755322,3.9907004150707968,3.0016820320,832.234,2697.203,522.4774,1.7005
1.0235974407346065,-0.0000000000000000,0.0000000000000054,0.0000000000000076,-0.0215210198011761,-0.0762133908030669,3.9963095703215332,3.0016580661,833.937,2697.729,519.5822,1.7040
1.0235812896090732,-0.0000000000000000,0.0000000000000059,0.0000000000000085,-0.0216330838396605,-0.0763529703513593,4.0019187255722697,3.0016341901,835.630,2698.253,516.7292,1.7076
1.0235653197123973,-0.0000000000000000,0.0000000000000032,0.0000000000000044,-0.0217447018615302,-0.0764915642921082,4.0075278808230062,3.0016104024,837.313,2698.775,513.9176,1.7113
1.0235495287795116,-0.0000000000000000,0.0000000000000025,0.0000000000000044,-0.0218558754072410,-0.0766291905936066,4.0131370360737426,3.0015867014,838.986,2699.294,511.1468,1.7151
1.0235339145747606,-0.0000000000000000,0.0000000000000051,0.0000000000000086,-0.0219666060005099,-0.0767658669281349,4.0187461913244791,3.0015630854,840.651,2699.812,508.4162,1.7190
1.0235184748910748,-0.0000000000000000,0.0000000000000031,0.0000000000000048,-0.0220768951474758,-0.0769016106802005,4.0243553465752155,3.0015395530,842.306,2700.328,505.7250,1.7230
1.0235032075495816,-0.0000000000000000,0.0000000000000002,-0.0000000000000001,-0.0221867443377961,-0.0770364389535915,4.0299645018259520,3.0015161024,843.952,2700.842,503.0727,1.7270
1.0234881103992359,-0.0000000000000000,-0.0000000000000224,-0.0000000000000231,-0.0222961550458708,-0.0771703685781433,4.0355736570766885,3.0014927322,845.590,2701.354,500.4586,1.7312
1.0234731813151032,-0.0000000000000000,0.0000000000000053,0.0000000000000081,-0.0224051287254182,-0.0773034161195160,4.0411828123274249,3.0014694409,847.218,2701.864,497.8821,1.7354
1.0234584182001918,-0.0000000000000006,-0.0000000000001675,0.0000000000002458,-0.0225136668208206,0.0774355978803663,4.0467919675781614,3.0014462269,848.839,2702.373,495.3428,1.7397
1.0234438189823873,-0.0000000000000006,0.0000000000000613,-0.0000000000000724,-0.0226217707569340,0.0775669299131066,4.0524011228288979,3.0014230887,850.450,2702.880,492.8399,1.7441
1.0234293816160294,-0.0000000000000006,-0.0000000000001431,0.0000000000001867,-0.0227294419449118,0.0776974280214672,4.0580102780796334,3.0014000249,852.054,2703.385,490.3729,1.7486
1.0234151040795809,-0.0000000000000006,-0.0000000000001886,0.0000000000005124,-0.0228366817797853,0.0778271077705245,4.0636194333303699,3.0013770340,853.650,2703.888,487.9413,1.7532
1.0234009843767025,-0.0000000000000007,0.0000000000000092,0.0000000000002229,-0.0229434916432734,0.0779559844892659,4.0692285885811073,3.0013541145,855.237,2704.390,485.5446,1.7579
1.0233870205349409,-0.0000000000000000,0.0000000000002286,-0.0000000000000289,-0.0230498729018812,0.0780840732792647,4.0748377438318428,3.0013312651,856.817,2704.890,483.1821,1.7627
1.0233732106054476,-0.0000000000000000,-0.0000000000001440,0.0000000000004043,-0.0231558269075600,0.0782113890179570,4.0804468990825793,3.0013084842,858.389,2705.388,480.8535,1.7675
1.0233595526626658,-0.0000000000000000,0.0000000000002565,-0.0000000000001021,-0.0232613550004267,0.0783379463670293,4.0860560543333158,3.0012857706,859.954,2705.885,478.5581,1.7725
1.0233460448036826,-0.0000000000000007,0.0000000000000059,0.0000000000000894,-0.0233664585041945,0.0784637597737701,4.0916652095840522,3.0012631228,861.511,2706.380,476.2956,1.7776
1.0233326851480380,-0.0000000000000000,-0.0000000000001910,0.0000000000004715,-0.0234711387316796,0.0785888434810137,4.0972743648347887,3.0012405395,863.061,2706.874,474.0654,1.7827
1.0233194718370979,-0.0000000000000000,0.0000000000000529,0.0000000000002490,-0.0235753969817491,0.0787132115285400,4.1028835200855251,3.0012180193,864.604,2707.366,471.8670,1.7880
1.0233064030334560,-0.0000000000000007,0.0000000000003830,-0.0000000000002869,-0.0236792345390655,0.0788368777589281,4.1084926753362616,3.0011955608,866.141,2707.857,469.7000,1.7933
1.0232934769214073,-0.0000000000000007,0.0000000000002458,-0.0000000000004918,-0.0237826526775464,0.0789598558229130,4.1141018305869981,3.0011731628,867.670,2708.347,467.5639,1.7987
1.0232806917054935,-0.0000000000000000,0.0000000000005711,-0.0000000000006897,-0.0238856526579619,0.0790821591852610,4.1197109858377345,3.0011508239,869.192,2708.835,465.4583,1.8043
1.0232680456107661,-0.0000000000000000,0.0000000000000467,0.0000000000000894,-0.0239882357279231,-0.0792038011243868,4.1253201410884710,3.0011285429,870.708,2709.322,463.3827,1.8099
1.0232555368819467,-0.0000000000000000,0.0000000000000256,0.0000000000000506,-0.0240904031248072,-0.0793247947442451,4.1309292963392075,3.0011063183,872.218,2709.807,461.3368,1.8156
1.0232431637835337,-0.0000000000000000,0.0000000000000161,0.0000000000000303,-0.0241921560727159,-0.0794451529721357,4.1365384515899439,3.0010841491,873.721,2710.291,459.3201,1.8214
1.0232309245991738,-0.0000000000000000,0.0000000000000087,0.0000000000000152,-0.0242934957845170,-0.0795648885659518,4.1421476068406804,3.0010620338,875.217,2710.774,457.3321,1.8274
1.0232188176314292,-0.0000000000000000,0.0000000000000001,0.0000000000000011,-0.0243944234620006,-0.0796840141174600,4.1477567620914169,3.0010399713,876.708,2711.256,455.3726,1.8334
1.0232068412012176,-0.0000000000000000,-0.0000000000000008,-0.0000000000000002,-0.0244949402950558,-0.0798025420567825,4.1533659173421533,3.0010179602,878.193,2711.736,453.4411,1.8395
1.0231949936477713,-0.0000000000000000,-0.0000000000000039,-0.0000000000000058,-0.0245950474632209,-0.0799204846555625,4.1589750725928898,3.0009959994,879.672,2712.216,451.5371,1.8457
1.0231832733279609,-0.0000000000000000,-0.0000000000000008,-0.0000000000000012,-0.0246947461343561,-0.0800378540315082,4.1645842278436263,3.0009740877,881.145,2712.694,449.6605,1.8520
1.0231716786163139,-0.0000000000000000,0.0000000000000001,-0.0000000000000017,-0.0247940374663045,-0.0801546621512965,4.1701933830943627,3.0009522238,882.612,2713.171,447.8107,1.8584
1.0231602079045707,-0.0000000000000000,0.0000000000000036,0.0000000000000080,-0.0248929226065813,-0.0802709208344090,4.1758025383450992,3.0009304065,884.074,2713.647,445.9874,1.8650
1.0231488596009992,-0.0000000000000000,-0.0000000000000050,-0.0000000000000111,-0.0249914026908309,-0.0803866417574545,4.1814116935958356,3.0009086346,885.530,2714.122,444.1902,1.8716
1.0231376321307850,-0.0000000000000000,-0.0000000000000018,-0.0000000000000022,-0.0250894788461680,-0.0805018364560534,4.1870208488465721,3.0008869070,886.982,2714.595,442.4189,1.8783
1.0231265239352367,-0.0000000000000000,-0.0000000000000022,-0.0000000000000033,-0.0251871521890697,-0.0806165163291953,4.1926300040973086,3.0008652225,888.427,2715.068,440.6730,1.8851
1.0231155334715052,0.0000000000000000,-0.0000000000000603,-0.0000000000001619,-0.0252844238257045,-0.0807306926426462,4.1982391593480450,3.0008435798,889.868,2715.540,438.9523,1.8921
1.0231046592123596,-0.0000000000000007,0.0000000000004828,-0.0000000000006288,-0.0253812948528898,0.0808443765312339,4.2038483145987815,3.0008219780,891.304,2716.011,437.2564,1.8991
1.0230938996464434,-0.0000000000000000,-0.0000000000000911,0.0000000000002724,-0.0254777663573665,0.0809575790017512,4.2094574698495180,3.0008004157,892.734,2716.481,435.5849,1.9062
1.0230832532768162,-0.0000000000000000,-0.0000000000001512,0.0000000000003457,-0.0255738394177352,0.0810703109383605,4.2150666251002544,3.0007788919,894.160,2716.949,433.9377,1.9135
1.0230727186215069,-0.0000000000000000,0.0000000000002645,-0.0000000000003614,-0.0256695151018502,0.0811825831032125,4.2206757803509909,3.0007574055,895.581,2717.418,432.3143,1.9208
1.0230622942135479,-0.0000000000000001,-0.0000000000000500,0.0000000000002513,-0.0257647944684502,0.0812944061385488,4.2262849356017274,3.0007359552,896.998,2717.885,430.7145,1.9283
1.0230519785996384,-0.0000000000000007,0.0000000000002279,-0.0000000000003168,-0.0258596785684120,0.0814057905721848,4.2318940908524629,3.0007145401,898.410,2718.351,429.1379,1.9358
1.0230417703409469,-0.0000000000000000,0.0000000000002782,-0.0000000000004785,-0.0259541684425319,0.0815167468191490,4.2375032461032003,3.0006931589,899.817,2718.816,427.5843,1.9435
1.0230316680122320,-0.0000000000000001,0.0000000000001311,-0.0000000000000884,-0.0260482651231599,0.0816272851831461,4.2431124013539359,3.0006718107,901.220,2719.281,426.0534,1.9513
1.0230216702017092,-0.0000000000000007,0.0000000000002931,-0.0000000000004129,-0.0261419696347393,0.0817374158609388,4.2487215566046723,3.0006504942,902.619,2719.745,424.5450,1.9592
1.0230117755110764,-0.0000000000000000,0.0000000000002877,-0.0000000000003379,-0.0262352829922627,0.0818471489442074,4.2543307118554088,3.0006292084,904.014,2720.208,423.0586,1.9672
1.0230019825544532,-0.0000000000000000,0.0000000000001871,-0.0000000000001453,-0.0263282062009021,0.0819564944223479,4.2599398671061453,3.0006079522,905.405,2720.671,421.5942,1.9753
1.0229922899596662,-0.0000000000000007,0.0000000000000722,0.0000000000001648,-0.0264207402613095,0.0820654621832251,4.2655490223568817,3.0005867246,906.791,2721.133,420.1513,1.9835
1.0229826963666522,-0.0000000000000000,0.0000000000002378,-0.0000000000003387,-0.0265128861644066,0.0821740620171202,4.2711581776076182,3.0005655244,908.174,2721.594,418.7298,1.9918
1.0229732004120644,-0.0000000000000000,0.0000000000002038,-0.0000000000001981,-0.0266046448239663,0.0822823036581632,4.2767673328583546,3.0005443507,909.553,2722.054,417.3294,2.0003
1.0229638008055824,-0.0000000000000008,0.0000000000005055,-0.0000000000006700,-0.0266960174123869,0.0823901966003051,4.2823764881090911,3.0005232022,910.928,2722.514,415.9499,2.0088
1.0229544961778503,-0.0000000000000000,0.0000000000001658,-0.0000000000000416,-0.0267870046965910,0.0824977504638913,4.2879856433598276,3.0005020781,912.299,2722.973,414.5909,2.0175
1.0229452852324272,-0.0000000000000000,0.0000000000000168,0.0000000000001310,-0.0268776077047983,-0.0826049746345014,4.2935947986105640,3.0004809772,913.667,2723.432,413.2524,2.0263
1.0229361666685983,-0.0000000000000000,0.0000000000000115,0.0000000000000804,-0.0269678273875633,-0.0827118784496908,4.2992039538613005,3.0004598984,915.032,2723.890,411.9339,2.0352
1.0229271391964487,-0.0000000000000000,0.0000000000000066,0.0000000000000454,-0.0270576646864197,-0.0828184711628029,4.3048131091120370,3.0004388409,916.393,2724.347,410.6354,2.0442
1.0229182015375924,0.0000000000000000,0.0000000000000047,0.0000000000000295,-0.0271471205375879,-0.0829247619441010,4.3104222643627734,3.0004178034,917.751,2724.804,409.3566,2.0533
1.0229093524245736,-0.0000000000000000,-0.0000000000000001,0.0000000000000103,-0.0272361958703990,-0.0830307598834269,4.3160314196135099,3.0003967850,919.105,2725.261,408.0972,2.0625
1.0229005906001802,-0.0000000000000000,0.0000000000000034,0.0000000000000095,-0.0273248916052509,-0.0831364739933823,4.3216405748642464,3.0003757846,920.457,2725.717,406.8570,2.0719
1.0228919148179296,-0.0000000000000000,-0.0000000000000045,-0.0000000000000061,-0.0274132086566980,-0.0832419132096461,4.3272497301149828,3.0003548013,921.805,2726.172,405.6359,2.0814
1.0228833238413366,-0.0000000000000000,-0.0000000000000006,-0.0000000000000006,-0.0275011479311775,-0.0833470863942052,4.3328588853657193,3.0003338340,923.150,2726.628,404.4336,2.0910
1.0228748164440931,-0.0000000000000000,0.0000000000000011,0.0000000000000011,-0.0275887103287115,-0.0834520023363594,4.3384680406164557,3.0003128816,924.493,2727.082,403.2499,2.1007
1.0228663914097413,-0.0000000000000000,0.0000000000000027,0.0000000000000045,-0.0276758967423840,-0.0835566697549191,4.3440771958671913,3.0002919432,925.832,2727.537,402.0847,2.1105
1.0228580475314311,0.0000000000000000,0.0000000000000027,0.0000000000000045,-0.0277627080581766,-0.0836610973001667,4.3496863511179278,3.0002710178,927.169,2727.991,400.9376,2.1205
1.0228497836118957,-0.0000000000000000,0.0000000000000022,0.0000000000000032,-0.0278491451557384,-0.0837652935552701,4.3552955063686642,3.0002501043,928.503,2728.445,399.8086,2.1305
1.0228415984630161,-0.0000000000000000,-0.0000000000000015,-0.0000000000000040,-0.0279352089073304,-0.0838692670386887,4.3609046616194007,3.0002292018,929.834,2728.898,398.6974,2.1407
1.0228334909059580,-0.0000000000000000,-0.0000000000000038,-0.0000000000000049,-0.0280209001792841,-0.0839730262051251,4.3665138168701372,3.0002083092,931.163,2729.351,397.6039,2.1510
1.0228254597706703,-0.0000000000000000,0.0000000000000018,0.0000000000000046,-0.0281062198306495,-0.0840765794480363,4.3721229721208736,3.0001874255,932.490,2729.804,396.5279,2.1615
1.0228175038961242,-0.0000000000000000,0.0000000000000027,0.0000000000000041,-0.0281911687150536,-0.0841799351003116,4.3777321273716101,3.0001665497,933.814,2730.256,395.4691,2.1720
1.0228096221297251,0.0000000000000000,0.0000000000000007,-0.0000000000000060,-0.0282757476789137,-0.0842831014369708,4.3833412826223466,3.0001456809,935.136,2730.709,394.4275,2.1827
1.0228018133272316,-0.0000000000000008,0.0000000000003204,-0.0000000000004513,-0.0283599575624216,0.0843860866765002,4.3889504378730830,3.0001248180,936.455,2731.161,393.4028,2.1936
1.0227940763531498,-0.0000000000000008,0.0000000000001585,-0.0000000000000833,-0.0284437991998720,0.0844888989813596,4.3945595931238195,3.0001039601,937.773,2731.613,392.3948,2.2045
1.0227864100796853,-0.0000000000000000,-0.0000000000001352,0.0000000000004209,-0.0285272734191063,0.0845915464612326,4.4001687483745560,3.0000831061,939.088,2732.065,391.4035,2.2156
1.0227788133869045,-0.0000000000000008,-0.0000000000001414,0.0000000000004278,-0.0286103810418017,0.0846940371740008,4.4057779036252924,3.0000622551,940.401,2732.516,390.4287,2.2268
1.0227712851629445,-0.0000000000000000,0.0000000000000811,0.0000000000000498,-0.0286931228837973,0.0847963791266416,4.4113870588760289,3.0000414060,941.712,2732.968,389.4701,2.2381
1.0227638243037163,-0.0000000000000000,0.0000000000001856,0.0000000000000043,-0.0287754997549332,0.0848985802772917,4.4169962141267654,3.0000205579,943.022,2733.419,388.5276,2.2496
1.0227564297125293,-0.0000000000000008,-0.0000000000000726,0.0000000000003354,-0.0288575124590002,0.0850006485360081,4.4226053693775018,2.9999997098,944.329,2733.871,387.6012,2.2611
1.0227491002999654,-0.0000000000000000,-0.0000000000001707,0.0000000000004937,-0.0289391617946010,0.0851025917681246,4.4282145246282383,2.9999788607,945.635,2734.322,386.6905,2.2729
1.0227418349834572,-0.0000000000000001,0.0000000000001879,0.0000000000000216,-0.0290204485530713,0.0852044177940224,4.4338236798789747,2.9999580096,946.939,2734.774,385.7956,2.2847
1.0227346326884552,-0.0000000000000000,-0.0000000000001050,0.0000000000003390,-0.0291013735214228,0.0853061343896266,4.4394328351297112,2.9999371555,948.242,2735.225,384.9161,2.2967
1.0227274923462226,-0.0000000000000000,0.0000000000000680,0.0000000000001688,-0.0291819374802232,0.0854077492912944,4.4450419903804477,2.9999162974,949.543,2735.676,384.0521,2.3088
1.0227204128956449,-0.0000000000000008,0.0000000000001723,-0.0000000000000066,-0.0292621412050731,0.0855092701934060,4.4506511456311841,2.9998954344,950.843,2736.127,383.2033,2.3210
1.0227133932818537,-0.0000000000000008,0.0000000000002192,-0.0000000000001026,-0.0293419854654977,0.0856107047520200,4.4562603008819206,2.9998745654,952.141,2736.579,382.3696,2.3334
1.0227064324565029,-0.0000000000000008,0.0000000000001919,-0.0000000000001662,-0.0294214710255089,0.0857120605853787,4.4618694561326571,2.9998536895,953.438,2737.030,381.5509,2.3459
1.0226995293775594,-0.0000000000000000,0.0000000000003239,-0.0000000000003927,-0.0295005986439544,0.0858133452760864,4.4674786113833935,2.9998328056,954.733,2737.482,380.7471,2.3586
1.0226926830094898,-0.0000000000000008,0.0000000000002459,-0.0000000000003852,-0.0295793690744425,0.0859145663707138,4.4730877666341300,2.9998119129,956.027,2737.934,379.9580,2.3714
1.0226858923223796,-0.0000000000000008,0.0000000000004135,-0.0000000000008060,-0.0296577830646169,0.0860157313834022,4.4786969218848665,2.9997910101,957.321,2738.385,379.1835,2.3843
1.0226791562929360,-0.0000000000000000,0.0000000000000004,-0.0000000000000030,-0.0297358413574991,-0.0861168477948854,4.4843060771356029,2.9997700965,958.613,2738.837,378.4234,2.3974
1.0226724739027504,0.0000000000000000,0.0000000000001831,0.0000000000002453,-0.0298135446900839,-0.0862179230564456,4.4899152323863394,2.9997491710,959.904,2739.290,377.6777,2.4106
1.0226658441399856,-0.0000000000000000,0.0000000000000913,0.0000000000001305,-0.0298908937956082,-0.0863189645874587,4.4955243876370758,2.9997282325,961.194,2739.742,376.9462,2.4239
1.0226592659979246,-0.0000000000000000,0.0000000000000394,0.0000000000000566,-0.0299678894007471,-0.0864199797805202,4.5011335428878123,2.9997072802,962.483,2740.195,376.2289,2.4374
1.0226527384753972,0.0000000000000000,0.0000000000000007,0.0000000000000056,-0.0300445322276654,-0.0865209760004390,4.5067426981385488,2.9996863129,963.772,2740.647,375.5255,2.4511
1.0226462605766082,-0.0000000000000000,0.0000000000000130,0.0000000000000211,-0.0301208229937743,-0.0866219605857767,4.5123518533892852,2.9996653297,965.060,2741.101,374.8360,2.4648
1.0226398313108331,-0.0000000000000000,0.0000000000000038,0.0000000000000071,-0.0301967624109544,-0.0867229408507304,4.5179610086400208,2.9996443296,966.347,2741.554,374.1603,2.4788
1.0226334496924903,-0.0000000000000000,0.0000000000000019,0.0000000000000023,-0.0302723511864940,-0.0868239240857367,4.5235701638907582,2.9996233115,967.633,2742.008,373.4983,2.4928
1.0226271147409487,-0.0000000000000000,-0.0000000000000063,0.0000000000000131,-0.0303475900228441,-0.0869249175589554,4.5291793191414937,2.9996022745,968.919,2742.462,372.8498,2.5070
1.0226208254803155,-0.0000000000000000,0.0000000000000033,0.0000000000000050,-0.0304224796171813,-0.0870259285174389,4.5347884743922302,2.9995812176,970.205,2742.916,372.2148,2.5214
1.0226145809396145,-0.0000000000000000,0.0000000000000117,0.0000000000000482,-0.0304970206628157,-0.0871269641881349,4.5403976296429667,2.9995601397,971.490,2743.371,371.5931,2.5359
1.0226083801522154,-0.0000000000000000,-0.0000000000000009,-0.0000000000000025,-0.0305712138472664,-0.0872280317795161,4.5460067848937031,2.9995390398,972.774,2743.826,370.9847,2.5505
1.0226022221561595,-0.0000000000000000,0.0000000000000012,0.0000000000000020,-0.0306450598541809,-0.0873291384822508,4.5516159401444396,2.9995179168,974.059,2744.282,370.3894,2.5653
1.0225961059937263,-0.0000000000000000,-0.0000000000000020,-0.0000000000000040,-0.0307185593620585,-0.0874302914707823,4.5572250953951761,2.9994967699,975.343,2744.738,369.8072,2.5803
1.0225900307115001,-0.0000000000000000,-0.0000000000000008,-0.0000000000000052,-0.0307917130450135,-0.0875314979042325,4.5628342506459125,2.9994755978,976.627,2745.194,369.2379,2.5954
1.0225839953601796,-0.0000000000000000,0.0000000000000050,0.0000000000000079,-0.0308645215725734,-0.0876327649276880,4.5684434058966490,2.9994543996,977.911,2745.651,368.6815,2.6107
1.0225779989944912,-0.0000000000000000,-0.0000000000000176,-0.0000000000000231,-0.0309369856097427,-0.0877340996733490,4.5740525611473855,2.9994331743,979.194,2746.109,368.1379,2.6261
1.0225720406730847,-0.0000000000000009,-0.0000000000001442,0.0000000000005607,-0.0310091058169038,0.0878355092616903,4.5796617163981219,2.9994119208,980.478,2746.567,367.6070,2.6416
1.0225661194582760,-0.0000000000000000,-0.0000000000000144,0.0000000000003009,-0.0310808828504145,0.0879370008026393,4.5852708716488584,2.9993906380,981.762,2747.025,367.0887,2.6573
1.0225602344164679,-0.0000000000000009,-0.0000000000000766,0.0000000000004253,-0.0311523173623155,0.0880385813961054,4.5908800268995948,2.9993693249,983.046,2747.485,366.5829,2.6732
1.0225543846169698,-0.0000000000000009,0.0000000000000659,0.0000000000002305,-0.0312234099991000,0.0881402581342854,4.5964891821503313,2.9993479804,984.330,2747.944,366.0895,2.6892
1.0225485691332785,-0.0000000000000000,0.0000000000000388,0.0000000000001988,-0.0312941614047564,0.0882420381023329,4.6020983374010678,2.9993266036,985.615,2748.405,365.6085,2.7054
1.0225427870418049,-0.0000000000000000,0.0000000000000023,0.0000000000002801,-0.0313645722177623,0.0883439283790322,4.6077074926518042,2.9993051932,986.900,2748.866,365.1398,2.7218
1.0225370374222995,-0.0000000000000000,0.0000000000000817,0.0000000000001135,-0.0314346430727733,0.0884459360381117,4.6133166479025407,2.9992837483,988.185,2749.328,364.6832,2.7383
1.0225313193579213,-0.0000000000000000,-0.0000000000001800,0.0000000000004823,-0.0315043746004822,0.0885480681496690,4.6189258031532772,2.9992622677,989.471,2749.790,364.2388,2.7549
1.0225256319342517,-0.0000000000000009,0.0000000000000983,0.0000000000001610,-0.0315737674270763,0.0886503317817444,4.6245349584040136,2.9992407504,990.757,2750.253,363.8064,2.7718
1.0225199742406212,-0.0000000000000000,-0.0000000000000293,0.0000000000003455,-0.0316428221749168,0.0887527339996012,4.6301441136547492,2.9992191953,992.044,2750.717,363.3860,2.7887
1.0225143453686572,-0.0000000000000000,-0.0000000000001240,0.0000000000005086,-0.0317115394624009,0.0888552818694104,4.6357532689054857,2.9991976012,993.332,2751.181,362.9775,2.8059
1.0225087444128873,-0.0000000000000009,-0.0000000000002331,0.0000000000007688,-0.0317799199037724,0.0889579824572763,4.6413624241562221,2.9991759671,994.620,2751.647,362.5807,2.8232
1.0225031704704135,-0.0000000000000009,-0.0000000000003137,0.0000000000010059,-0.0318479641093738,0.0890608428315931,4.6469715794069586,2.9991542919,995.909,2752.113,362.1958,2.8407
1.0224976226409532,-0.0000000000000009,-0.0000000000004630,0.0000000000013447,-0.0319156726856493,0.0891638700635837,4.6525807346576951,2.9991325744,997.199,2752.580,361.8225,2.8583
1.0224921000266753,-0.0000000000000009,-0.0000000000010892,0.0000000000027062,-0.0319830462350065,0.0892670712286971,4.6581898899084315,2.9991108135,998.489,2753.048,361.4609,2.8762
1.0224866017319068,-0.0000000000000009,-0.0000000000015578,0.0000000000038874,-0.0320500853566685,0.0893704534079643,4.6637990451591680,2.9990890081,999.781,2753.517,361.1108,2.8941
1.0224811268634233,-0.0000000000000000,-0.0000000000026795,0.0000000000063574,-0.0321167906450975,0.0894740236881760,4.6694082004099045,2.9990671570,1001.074,2753.986,360.7722,2.9123
1.0224756745287524,-0.0000000000000009,-0.0000000000001732,0.0000000000005322,-0.0321831626927474,0.0895777891650487,4.6750173556606409,2.9990452591,1002.368,2754.457,360.4450,2.9306
1.0224702438403721,-0.0000000000000000,0.0000000000000993,0.0000000000001695,-0.0322492020857217,0.0896817569416166,4.6806265109113774,2.9990233133,1003.663,2754.928,360.1292,2.9491
1.0224648339105478,-0.0000000000000009,-0.0000000000000624,0.0000000000003442,-0.0323149094085573,0.0897859341309000,4.6862356661621138,2.9990013183,1004.959,2755.401,359.8248,2.9678
1.0224594438536454,-0.0000000000000000,0.0000000000000652,0.0000000000000593,-0.0323802852419353,0.0898903278576049,4.6918448214128503,2.9989792730,1006.256,2755.874,359.5315,2.9866
1.0224540727859333,0.0000000000000000,0.0000000000000027,0.0000000000000047,-0.0324453301621913,-0.0899949452583187,4.6974539766635868,2.9989571762,1007.555,2756.349,359.2495,3.0056
1.0224487198252685,-0.0000000000000000,-0.0000000000000023,0.0000000000000027,-0.0325100447429544,-0.0900997934837953,4.7030631319143232,2.9989350267,1008.856,2756.825,358.9786,3.0248
1.0224433840910829,-0.0000000000000000,-0.0000000000002008,-0.0000000000000772,-0.0325744295540590,-0.0902048796984184,4.7086722871650597,2.9989128234,1010.157,2757.301,358.7188,3.0442
1.0224380647041869,-0.0000000000000000,-0.0000000000001275,-0.0000000000000508,-0.0326384851619145,-0.0903102110823999,4.7142814424157962,2.9988905649,1011.461,2757.779,358.4700,3.0637
1.0224327607867627,-0.0000000000000000,-0.0000000000000797,-0.0000000000000331,-0.0327022121297308,-0.0904157948331623,4.7198905976665326,2.9988682501,1012.766,2758.258,358.2322,3.0834
1.0224274714621497,-0.0000000000000000,-0.0000000000000548,-0.0000000000000317,-0.0327656110171174,-0.0905216381662706,4.7254997529172691,2.9988458778,1014.072,2758.738,358.0053,3.1033
1.0224221958548891,-0.0000000000000000,-0.0000000000000309,-0.0000000000000179,-0.0328286823807245,-0.0906277483164350,4.7311089081680056,2.9988234467,1015.381,2759.219,357.7893,3.1234
1.0224169330905060,-0.0000000000000000,-0.0000000000000197,-0.0000000000000144,-0.0328914267737892,-0.0907341325390234,4.7367180634187420,2.9988009555,1016.691,2759.702,357.5842,3.1437
1.0224116822954807,-0.0000000000000000,-0.0000000000000101,-0.0000000000000075,-0.0329538447464854,-0.0908407981111026,4.7423272186694785,2.9987784030,1018.003,2760.185,357.3898,3.1641
1.0224064425971051,-0.0000000000000000,-0.0000000000000085,-0.0000000000000088,-0.0330159368457892,-0.0909477523327778,4.7479363739202149,2.9987557880,1019.317,2760.670,357.2062,3.1848
1.0224012131234281,-0.0000000000000000,-0.0000000000000016,0.0000000000000009,-0.0330777036156862,-0.0910550025283425,4.7535455291709514,2.9987331091,1020.633,2761.156,357.0332,3.2056
1.0223959930031115,-0.0000000000000000,-0.0000000000000025,-0.0000000000000032,-0.0331391455970780,-0.0911625560476093,4.7591546844216879,2.9987103651,1021.951,2761.644,356.8709,3.2266
1.0223907813653657,-0.0000000000000000,-0.0000000000000058,-0.0000000000000077,-0.0332002633279375,-0.0912704202671196,4.7647638396724243,2.9986875545,1023.271,2762.133,356.7193,3.2478
1.0223855773398409,-0.0000000000000000,-0.0000000000000029,-0.0000000000000042,-0.0332610573433581,-0.0913786025914103,4.7703729949231608,2.9986646762,1024.594,2762.623,356.5782,3.2692
1.0223803800565558,-0.0000000000000000,0.0000000000000045,0.0000000000000122,-0.0333215281756479,-0.0914871104545584,4.7759821501738973,2.9986417288,1025.919,2763.114,356.4476,3.2907
1.0223751886456132,-0.0000000000000000,-0.0000000000000060,-0.0000000000000059,-0.0333816763538390,-0.0915959513204195,4.7815913054246337,2.9986187109,1027.246,2763.607,356.3275,3.3125
1.0223700022374733,-0.0000000000000000,-0.0000000000000080,-0.0000000000000116,-0.0334415024049087,-0.0917051326859931,4.7872004606753702,2.9985956212,1028.575,2764.102,356.2179,3.3345
1.0223648199625068,0.0000000000000000,-0.0000000000000016,-0.0000000000000025,-0.0335010068527542,-0.0918146620806780,4.7928096159261067,2.9985724582,1029.907,2764.598,356.1187,3.3566
1.0223596409510549,-0.0000000000000000,0.0000000000000008,0.0000000000000029,-0.0335601902187317,-0.0919245470686483,4.7984187711768431,2.9985492207,1031.242,2765.095,356.0299,3.3790
1.0223544643332811,-0.0000000000000000,-0.0000000000000014,-0.0000000000000025,-0.0336190530215845,-0.0920347952500383,4.8040279264275787,2.9985259072,1032.579,2765.594,355.9514,3.4015
1.0223492892390802,-0.0000000000000000,-0.0000000000000016,-0.0000000000000019,-0.0336775957775167,-0.0921454142623079,4.8096370816783152,2.9985025163,1033.919,2766.095,355.8832,3.4242
1.0223441147979619,-0.0000000000000000,0.0000000000002104,-0.0000000000000875,-0.0337358190005165,0.0922564117818194,4.8152462369290525,2.9984790466,1035.261,2766.597,355.8254,3.4472
1.0223389401391270,-0.0000000000000010,0.0000000000000977,0.0000000000001533,-0.0337937232017133,0.0923677955242287,4.8208553921797881,2.9984554966,1036.607,2767.101,355.7777,3.4703
1.0223337643909982,-0.0000000000000010,-0.0000000000000740,0.0000000000002988,-0.0338513088903060,0.0924795732474033,4.8264645474305246,2.9984318649,1037.955,2767.606,355.7403,3.4936
1.0223285866813152,-0.0000000000000000,0.0000000000000974,-0.0000000000000391,-0.0339085765731805,0.0925917527522131,4.8320737026812610,2.9984081499,1039.307,2768.113,355.7131,3.5172
1.0223234061373254,-0.0000000000000000,0.0000000000000378,0.0000000000001537,-0.0339655267550627,0.0927043418837761,4.8376828579319975,2.9983843503,1040.661,2768.622,355.6960,3.5409
1.0223182218850979,-0.0000000000000010,0.0000000000000141,0.0000000000001700,-0.0340221599383581,0.0928173485328390,4.8432920131827339,2.9983604644,1042.019,2769.133,355.6891,3.5649
1.0223130330498515,-0.0000000000000010,-0.0000000000000022,0.0000000000002790,-0.0340784766236443,0.0929307806379850,4.8489011684334704,2.9983364908,1043.380,2769.645,355.6922,3.5890
1.0223078387556532,-0.0000000000000010,-0.0000000000000117,0.0000000000002349,-0.0341344773091619,0.0930446461861997,4.8545103236842069,2.9983124279,1044.744,2770.159,355.7055,3.6134
1.0223026381254532,-0.0000000000000000,-0.0000000000001451,0.0000000000004760,-0.0341901624915800,0.0931589532153703,4.8601194789349433,2.9982882742,1046.111,2770.675,355.7288,3.6379
1.0222974302808174,-0.0000000000000010,0.0000000000000292,0.0000000000001375,-0.0342455326659701,0.0932737098152744,4.8657286341856798,2.9982640281,1047.482,2771.193,355.7621,3.6627
1.0222922143421005,-0.0000000000000010,-0.0000000000001842,0.0000000000004840,-0.0343005883249189,0.0933889241287705,4.8713377894364163,2.9982396880,1048.857,2771.713,355.8054,3.6877
1.0222869894276665,-0.0000000000000000,-0.0000000000000721,0.0000000000003374,-0.0343553299598223,0.0935046043551014,4.8769469446871527,2.9982152522,1050.235,2772.235,355.8587,3.7129
1.0222817546547838,-0.0000000000000000,0.0000000000000838,0.0000000000000146,-0.0344097580604253,0.0936207587489108,4.8825560999378892,2.9981907191,1051.616,2772.758,355.9220,3.7383
1.0222765091388775,-0.0000000000000000,-0.0000000000001868,0.0000000000005516,-0.0344638731148658,0.0937373956241736,4.8881652551886257,2.9981660872,1053.002,2773.284,355.9952,3.7639
1.0222712519932138,-0.0000000000000000,-0.0000000000002273,0.0000000000006419,-0.0345176756099612,0.0938545233549468,4.8937744104393621,2.9981413546,1054.391,2773.812,356.0784,3.7898
1.0222659823293436,-0.0000000000000000,-0.0000000000002653,0.0000000000006229,-0.0345711660310373,0.0939721503770828,4.8993835656900986,2.9981165198,1055.784,2774.342,356.1714,3.8158
1.0222606992566940,-0.0000000000000010,-0.0000000000002470,0.0000000000004225,-0.0346243448622138,0.0940902851900056,4.9049927209408342,2.9980915809,1057.181,2774.874,356.2744,3.8421
1.0222554018826793,-0.0000000000000000,-0.0000000000005787,0.0000000000009956,-0.0346772125866131,0.0942089363588558,4.9106018761915715,2.9980665363,1058.583,2775.408,356.3872,3.8686
1.0222500893119602,-0.0000000000000000,0.0000000000000945,-0.0000000000001814,-0.0347297696861287,0.0943281125152226,4.9162110314423071,2.9980413843,1059.988,2775.944,356.5098,3.8953
1.0222447606475593,-0.0000000000000010,-0.0000000000000154,0.0000000000002364,-0.0347820166422802,0.0944478223604435,4.9218201866930436,2.9980161229,1061.398,2776.483,356.6423,3.9222
1.0222394149889493,-0.0000000000000010,0.0000000000001470,0.0000000000000338,-0.0348339539339827,0.0945680746669261,4.9274293419437809,2.9979907504,1062.812,2777.024,356.7846,3.9494
1.0222340514337762,-0.0000000000000000,-0.0000000000000429,0.0000000000002771,-0.0348855820408777,0.0946888782789713,4.9330384971945165,2.9979652650,1064.230,2777.567,356.9367,3.9768
1.0222286690764297,-0.0000000000000000,0.0000000000000700,-0.0000000000000220,-0.0349369014416866,0.0948102421162782,4.9386476524452529,2.9979396648,1065.653,2778.112,357.0986,4.0044
1.0222232670088185,-0.0000000000000000,-0.0000000000000670,0.0000000000003361,-0.0349879126146004,0.0949321751752935,4.9442568076959894,2.9979139480,1067.080,2778.660,357.2703,4.0322
1.0222178443194170,-0.0000000000000010,0.0000000000000217,0.0000000000003343,-0.0350386160370323,0.0950546865306229,4.9498659629467259,2.9978881126,1068.512,2779.210,357.4518,4.0603
1.0222124000938084,-0.0000000000000000,-0.0000000000000024,0.0000000000000000,-0.0350890121860943,-0.0951777853376189,4.9554751181974623,2.9978621568,1069.949,2779.763,357.6430,4.0886
1.0222069334142712,-0.0000000000000000,0.0000000000000021,0.0000000000000042,-0.0351391015389768,-0.0953014808351749,4.9610842734481988,2.9978360785,1071.390,2780.318,357.8440,4.1172
1.0222014433596545,-0.0000000000000000,-0.0000000000000002,0.0000000000000013,-0.0351888845724818,-0.0954257823463765,4.9666934286989353,2.9978098757,1072.837,2780.876,358.0548,4.1459
1.0221959290052998,-0.0000000000000000,0.0000000000000027,0.0000000000000051,-0.0352383617634994,-0.0955506992815821,4.9723025839496717,2.9977835466,1074.289,2781.436,358.2752,4.1749
1.0221903894228810,-0.0000000000000000,-0.0000000000000002,0.0000000000000089,-0.0352875335890099,-0.0956762411404502,4.9779117392004082,2.9977570890,1075.745,2781.999,358.5054,4.2042
1.0221848236803823,-0.0000000000000000,-0.0000000000000025,-0.0000000000000021,-0.0353364005265649,-0.0958024175139350,4.9835208944511447,2.9977305008,1077.207,2782.565,358.7453,4.2336
1.0221792308417090,-0.0000000000000000,-0.0000000000000042,-0.0000000000000044,-0.0353849630535873,-0.0959292380871292,4.9891300497018811,2.9977037801,1078.674,2783.133,358.9949,4.2634
1.0221736099668131,-0.0000000000000000,0.0000000000000115,0.0000000000000222,-0.0354332216483837,-0.0960567126410131,4.9947392049526176,2.9976769246,1080.147,2783.704,359.2542,4.2933
1.0221679601114817,-0.0000000000000000,-0.0000000000000038,-0.0000000000000058,-0.0354811767899934,-0.0961848510550476,5.0003483602033540,2.9976499321,1081.625,2784.278,359.5233,4.3235
1.0221622803270596,-0.0000000000000000,-0.0000000000001416,-0.0000000000000670,-0.0355288289580223,-0.0963136633097660,5.0059575154540905,2.9976228006,1083.109,2784.855,359.8020,4.3540
1.0221565696605828,-0.0000000000000000,-0.0000000000000833,-0.0000000000000405,-0.0355761786333119,-0.0964431594889271,5.0115666707048270,2.9975955278,1084.598,2785.434,360.0904,4.3847
1.0221508271543269,-0.0000000000000000,-0.0000000000000435,-0.0000000000000156,-0.0356232262976589,-0.0965733497823641,5.0171758259555634,2.9975681114,1086.093,2786.017,360.3885,4.4156
1.0221450518458663,-0.0000000000000000,-0.0000000000000225,-0.0000000000000078,-0.0356699724342318,-0.0967042444883559,5.0227849812062999,2.9975405491,1087.594,2786.602,360.6964,4.4468
1.0221392427678493,-0.0000000000000000,-0.0000000000000139,-0.0000000000000058,-0.0357164175275853,-0.0968358540163817,5.0283941364570364,2.9975128387,1089.101,2787.191,361.0139,4.4782
1.0221333989478818,-0.0000000000000000,-0.0000000000000112,-0.0000000000000085,-0.0357625620639546,-0.0969681888897255,5.0340032917077728,2.9974849777,1090.614,2787.782,361.3411,4.5099
1.0221275194083481,-0.0000000000000000,-0.0000000000000033,-0.0000000000000008,-0.0358084065313457,-0.0971012597482960,5.0396124469585093,2.9974569639,1092.133,2788.377,361.6779,4.5419
1.0221216031662810,-0.0000000000000000,-0.0000000000000027,-0.0000000000000026,-0.0358539514197955,-0.0972350773513807,5.0452216022092458,2.9974287947,1093.659,2788.975,362.0245,4.5740
1.0221156492331642,-0.0000000000000000,-0.0000000000000002,-0.0000000000000009,-0.0358991972214093,-0.0973696525806169,5.0508307574599822,2.9974004677,1095.191,2789.576,362.3808,4.6065
1.0221096566148076,-0.0000000000000000,-0.0000000000000018,-0.0000000000000017,-0.0359441444306869,-0.0975049964428502,5.0564399127107187,2.9973719803,1096.729,2790.180,362.7468,4.6392
1.0221036243111918,-0.0000000000000000,-0.0000000000000052,-0.0000000000000070,-0.0359887935447425,-0.0976411200731144,5.0620490679614552,2.9973433302,1098.274,2790.788,363.1225,4.6722
1.0220975513162389,-0.0000000000000000,0.0000000000000022,0.0000000000000045,-0.0360331450632849,-0.0977780347378687,5.0676582232121916,2.9973145145,1099.826,2791.399,363.5078,4.7054
1.0220914366177400,-0.0000000000000000,-0.0000000000000015,-0.0000000000000022,-0.0360771994891557,-0.0979157518379095,5.0732673784629281,2.9972855309,1101.385,2792.014,363.9029,4.7389
1.0220852791971011,-0.0000000000000000,0.0000000000000028,0.0000000000000050,-0.0361209573282741,-0.0980542829117794,5.0788765337136645,2.9972563765,1102.950,2792.632,364.3077,4.7727
1.0220790780292055,-0.0000000000000000,0.0000000000000004,0.0000000000000024,-0.0361644190899707,-0.0981936396389764,5.0844856889644010,2.9972270486,1104.523,2793.253,364.7222,4.8067
1.0220728320821979,0.0000000000000000,-0.0000000000001442,-0.0000000000001161,-0.0362075852870544,-0.0983338338433043,5.0900948442151375,2.9971975446,1106.103,2793.878,365.1465,4.8410
1.0220665403172631,-0.0000000000000010,-0.0000000000000091,-0.0000000000002762,-0.0362504564362943,0.0984748774965265,5.0957039994658730,2.9971678616,1107.690,2794.507,365.5805,4.8755
1.0220602016890827,-0.0000000000000000,0.0000000000000534,0.0000000000000713,-0.0362930330597223,0.0986167827214150,5.1013131547166104,2.9971379967,1109.285,2795.140,366.0242,4.9104
1.0220538151441578,-0.0000000000000010,0.0000000000001864,-0.0000000000002196,-0.0363353156814628,0.0987595617958416,5.1069223099673460,2.9971079472,1110.887,2795.776,366.4777,4.9455
1.0220473796221534,-0.0000000000000010,0.0000000000001257,-0.0000000000001122,-0.0363773048316595,0.0989032271562143,5.1125314652180824,2.9970777099,1112.497,2796.416,366.9409,4.9809
1.0220408940548735,-0.0000000000000010,-0.0000000000001200,0.0000000000000884,-0.0364190010449206,0.0990477914013738,5.1181406204688189,2.9970472821,1114.115,2797.060,367.4139,5.0165
1.0220343573664827,-0.0000000000000000,-0.0000000000000240,0.0000000000002145,-0.0364604048624014,0.0991932672974435,5.1237497757195554,2.9970166605,1115.740,2797.708,367.8967,5.0524
1.0220277684727517,-0.0000000000000010,0.0000000000000992,-0.0000000000000406,-0.0365015168283462,0.0993396677785532,5.1293589309702918,2.9969858421,1117.374,2798.360,368.3893,5.0887
1.0220211262815966,-0.0000000000000010,0.0000000000000013,0.0000000000001083,-0.0365423374947172,0.0994870059560434,5.1349680862210283,2.9969548238,1119.016,2799.016,368.8916,5.1252
1.0220144296920473,-0.0000000000000000,0.0000000000000636,0.0000000000000273,-0.0365828674181148,0.0996352951168014,5.1405772414717648,2.9969236024,1120.666,2799.676,369.4038,5.1619
1.0220076775949083,-0.0000000000000000,-0.0000000000000056,0.0000000000001981,-0.0366231071629672,0.0997845487335794,5.1461863967225012,2.9968921746,1122.324,2800.340,369.9258,5.1990
1.0220008688717044,-0.0000000000000000,0.0000000000001796,-0.0000000000002093,-0.0366630572994731,0.0999347804641859,5.1517955519732377,2.9968605371,1123.992,2801.009,370.4577,5.2363
1.0219940023949601,-0.0000000000000007,0.0000000000002853,-0.0000000000004050,-0.0367027184047552,0.1000860041590638,5.1574047072239741,2.9968286866,1125.668,2801.682,370.9994,5.2740
1.0219870770280923,-0.0000000000000000,-0.0000000000004107,0.0000000000001631,-0.0367420910634877,0.1002382338643655,5.1630138624747106,2.9967966195,1127.352,2802.359,371.5510,5.3119
1.0219800916243371,-0.0000000000000006,0.0000000000002903,-0.0000000000003510,-0.0367811758696421,0.1003914838295982,5.1686230177254471,2.9967643325,1129.046,2803.041,372.1125,5.3501
1.0219730450277660,-0.0000000000000010,-0.0000000000001120,-0.0000000000003506,-0.0368199734222318,0.1005457685066357,5.1742321729761835,2.9967318219,1130.749,2803.727,372.6839,5.3886
1.0219659360718685,-0.0000000000000000,0.0000000000005234,-0.0000000000011916,-0.0368584843319177,0.1007011025613146,5.1798413282269200,2.9966990841,1132.462,2804.418,373.2652,5.4275
1.0219587635805374,-0.0000000000000010,0.0000000000001381,0.0000000000000674,-0.0368967092163190,0.1008575008740321,5.1854504834776565,2.9966661155,1134.183,2805.114,373.8564,5.4666
1.0219515263660142,-0.0000000000000000,-0.0000000000000406,0.0000000000002073,-0.0369346487028595,0.1010149785473608,5.1910596387283920,2.9966329123,1135.915,2805.814,374.4576,5.5060
1.0219442232303486,-0.0000000000000010,0.0000000000000200,0.0000000000001696,-0.0369723034288536,0.1011735509100585,5.1966687939791294,2.9965994707,1137.656,2806.520,375.0688,5.5457
1.0219368529645592,-0.0000000000000000,0.0000000000001050,0.0000000000001396,-0.0370096740423288,0.1013332335244052,5.2022779492298659,2.9965657867,1139.407,2807.230,375.6900,5.5857
1.0219294143481497,-0.0000000000000000,-0.0000000000000376,0.0000000000002444,-0.0370467612010526,0.1014940421888458,5.2078871044806014,2.9965318565,1141.168,2807.945,376.3212,5.6260
1.0219219061489240,-0.0000000000000010,-0.0000000000005070,0.0000000000005625,-0.0370835655742747,0.1016559929470590,5.2134962597313379,2.9964976759,1142.940,2808.666,376.9624,5.6667
1.0219143271226288,-0.0000000000000011,0.0000000000002222,-0.0000000000002062,-0.0371200878442388,0.1018191020935570,5.2191054149820744,2.9964632409,1144.721,2809.391,377.6137,5.7076
1.0219066760132172,-0.0000000000000003,-0.0000000000001233,0.0000000000003849,-0.0371563287025693,0.1019833861763522,5.2247145702328108,2.9964285472,1146.514,2810.122,378.2750,5.7488
1.0218989515514694,-0.0000000000000000,-0.0000000000002156,0.0000000000001160,-0.0371922888554276,0.1021488620078461,5.2303237254835473,2.9963935906,1148.317,2810.858,378.9465,5.7904
1.0218911524561662,-0.0000000000000011,0.0000000000003190,-0.0000000000002588,-0.0372279690235382,0.1023155466693560,5.2359328807342838,2.9963583667,1150.131,2811.600,379.6281,5.8323
1.0218832774321627,-0.0000000000000011,-0.0000000000000182,0.0000000000001148,-0.0372633699377674,0.1024834575172783,5.2415420359850202,2.9963228711,1151.956,2812.347,380.3198,5.8745
1.0218753251710779,-0.0000000000000011,0.0000000000001045,-0.0000000000000201,-0.0372984923461512,0.1026526121905269,5.2471511912357567,2.9962870992,1153.793,2813.100,381.0217,5.9170
1.0218672943509250,-0.0000000000000011,0.0000000000002153,-0.0000000000002207,-0.0373333370111574,0.1028230286190987,5.2527603464864931,2.9962510464,1155.641,2813.858,381.7338,5.9598
1.0218591836354038,-0.0000000000000011,0.0000000000003262,-0.0000000000002714,-0.0373679047105411,0.1029947250291529,5.2583695017372296,2.9962147080,1157.500,2814.622,382.4561,6.0030
1.0218509916738978,-0.0000000000000011,-0.0000000000005087,0.0000000000003694,-0.0374021962378714,0.1031677199506650,5.2639786569879661,2.9961780793,1159.372,2815.393,383.1887,6.0465
1.0218427171006310,-0.0000000000000000,-0.0000000000000043,0.0000000000000052,-0.0374362124058477,-0.1033420322283223,5.2695878122387025,2.9961411551,1161.255,2816.169,383.9315,6.0903
1.0218343585349177,-0.0000000000000000,-0.0000000000000016,0.0000000000000071,-0.0374699540418212,-0.1035176810247514,5.2751969674894390,2.9961039307,1163.151,2816.951,384.6846,6.1345
1.0218259145804234,-0.0000000000000000,-0.0000000000000022,0.0000000000000060,-0.0375034219934344,-0.1036946858323753,5.2808061227401755,2.9960664008,1165.059,2817.739,385.4481,6.1790
1.0218173838248579,-0.0000000000000000,-0.0000000000000060,-0.0000000000000002,-0.0375366171270290,-0.1038730664803835,5.2864152779909119,2.9960285603,1166.980,2818.534,386.2220,6.2238
1.0218087648395540,-0.0000000000000000,-0.0000000000000021,0.0000000000000022,-0.0375695403287433,-0.1040528431437708,5.2920244332416484,2.9959904038,1168.914,2819.335,387.0062,6.2689
1.0218000561791540,-0.0000000000000000,0.0000000000000021,0.0000000000000108,-0.0376021925056576,-0.1042340363521192,5.2976335884923849,2.9959519259,1170.860,2820.143,387.8008,6.3144
1.0217912563811109,-0.0000000000000000,-0.0000000000000045,0.0000000000000004,-0.0376345745862915,-0.1044166669990296,5.3032427437431213,2.9959131211,1172.820,2820.957,388.6059,6.3603
1.0217823639653076,-0.0000000000000000,-0.0000000000000058,-0.0000000000000044,-0.0376666875216850,-0.1046007563515625,5.3088518989938578,2.9958739837,1174.794,2821.778,389.4215,6.4064
1.0217733774335505,-0.0000000000000000,0.0000000000000002,0.0000000000000056,-0.0376985322860385,-0.1047863260601854,5.3144610542445943,2.9958345079,1176.781,2822.606,390.2476,6.4530
1.0217642952692996,-0.0000000000000000,-0.0000000000000014,0.0000000000000016,-0.0377301098782201,-0.1049733981685580,5.3200702094953307,2.9957946877,1178.782,2823.441,391.0842,6.4998
1.0217551159370075,-0.0000000000000000,-0.0000000000000034,-0.0000000000000026,-0.0377614213221225,-0.1051619951243634,5.3256793647460672,2.9957545173,1180.797,2824.283,391.9314,6.5471
1.0217458378817603,-0.0000000000000000,-0.0000000000000082,-0.0000000000000122,-0.0377924676679919,-0.1053521397898610,5.3312885199968036,2.9957139904,1182.827,2825.132,392.7892,6.5947
1.0217364595287728,-0.0000000000000000,-0.0000000000000038,-0.0000000000000058,-0.0378232499934642,-0.1055438554530171,5.3368976752475401,2.9956731006,1184.871,2825.989,393.6576,6.6426
1.0217269792828791,-0.0000000000000000,-0.0000000000000011,-0.0000000000000021,-0.0378537694045999,-0.1057371658389866,5.3425068304982766,2.9956318417,1186.930,2826.853,394.5368,6.6909
1.0217173955280430,-0.0000000000000000,0.0000000000000016,0.0000000000000023,-0.0378840270370874,-0.1059320951218930,5.3481159857490130,2.9955902069,1189.005,2827.724,395.4266,6.7395
1.0217077066268021,-0.0000000000000000,-0.0000000000000026,-0.0000000000000049,-0.0379140240573501,-0.1061286679370870,5.3537251409997495,2.9955481897,1191.094,2828.604,396.3272,6.7886
1.0216979109197641,-0.0000000000000000,-0.0000000000000109,-0.0000000000000136,-0.0379437616638800,-0.1063269093936647,5.3593342962504860,2.9955057830,1193.200,2829.491,397.2386,6.8380
1.0216880067249483,-0.0000000000000000,-0.0000000000001586,-0.0000000000000311,-0.0379732410883011,-0.1065268450875305,5.3649434515012224,2.9954629799,1195.321,2830.386,398.1608,6.8877
1.0216779923375499,-0.0000000000000000,-0.0000000000000854,-0.0000000000000178,-0.0380024635972890,-0.1067285011147916,5.3705526067519589,2.9954197731,1197.459,2831.289,399.0939,6.9378
1.0216678660287952,-0.0000000000000000,-0.0000000000000467,-0.0000000000000139,-0.0380314304930166,-0.1069319040856635,5.3761617620026954,2.9953761554,1199.613,2832.201,400.0378,6.9883
1.0216576260457777,-0.0000000000000000,-0.0000000000000239,-0.0000000000000084,-0.0380601431153536,-0.1071370811387451,5.3817709172534318,2.9953321192,1201.783,2833.121,400.9927,7.0392
1.0216472706106809,-0.0000000000000000,-0.0000000000000102,-0.0000000000000043,-0.0380886028430865,-0.1073440599558770,5.3873800725041683,2.9952876568,1203.971,2834.050,401.9586,7.0905
1.0216367979201579,-0.0000000000000000,-0.0000000000000030,0.0000000000000020,-0.0381168110954950,-0.1075528687774391,5.3929892277549039,2.9952427603,1206.176,2834.987,402.9355,7.1421
1.0216262061446668,-0.0000000000000000,-0.0000000000000055,-0.0000000000000058,-0.0381447693340411,-0.1077635364181315,5.3985983830056403,2.9951974217,1208.399,2835.934,403.9235,7.1941
1.0216154934277768,-0.0000000000000000,-0.0000000000000042,-0.0000000000000049,-0.0381724790639597,-0.1079760922834074,5.4042075382563777,2.9951516327,1210.640,2836.889,404.9225,7.2465
1.0216046578854803,-0.0000000000000000,-0.0000000000000019,-0.0000000000000012,-0.0381999418360851,-0.1081905663863476,5.4098166935071132,2.9951053849,1212.899,2837.854,405.9327,7.2993
1.0215936976054698,-0.0000000000000000,-0.0000000000000036,-0.0000000000000060,-0.0382271592486829,-0.1084069893651744,5.4154258487578497,2.9950586696,1215.176,2838.828,406.9541,7.3525
1.0215826106463783,-0.0000000000000000,-0.0000000000000049,-0.0000000000000077,-0.0382541329493103,-0.1086253925014011,5.4210350040085871,2.9950114779,1217.472,2839.812,407.9868,7.4061
1.0215713950370346,-0.0000000000000000,0.0000000000000017,-0.0000000000000024,-0.0382808646368937,-0.1088458077385222,5.4266441592593226,2.9949638008,1219.788,2840.805,409.0306,7.4601
1.0215600487756238,-0.0000000000000000,-0.0000000000000016,-0.0000000000000017,-0.0383073560636494,-0.1090682677015324,5.4322533145100591,2.9949156290,1222.123,2841.809,410.0859,7.5145
1.0215485698289466,0.0000000000000000,-0.0000000000000080,-0.0000000000000036,-0.0383336090374781,-0.1092928057168403,5.4378624697607956,2.9948669530,1224.478,2842.822,411.1524,7.5693
1.0215369561314527,-0.0000000000000011,-0.0000000000004228,0.0000000000000129,-0.0383596254235886,0.1095194558331547,5.4434716250115320,2.9948177629,1226.854,2843.846,412.2304,7.6245
1.0215252055845976,-0.0000000000000000,-0.0000000000000967,-0.0000000000001759,-0.0383854071488959,0.1097482528436912,5.4490807802622685,2.9947680488,1229.250,2844.881,413.3198,7.6801
1.0215133160556904,-0.0000000000000000,0.0000000000002850,-0.0000000000002918,-0.0384109562011260,0.1099792323067488,5.4546899355130050,2.9947178005,1231.667,2845.926,414.4208,7.7361
1.0215012853770624,-0.0000000000000011,0.0000000000001127,-0.0000000000000124,-0.0384362746335739,0.1102124305711502,5.4602990907637405,2.9946670074,1234.105,2846.982,415.5333,7.7926
1.0214891113450999,-0.0000000000000011,-0.0000000000002744,0.0000000000000383,-0.0384613645678115,0.1104478847986543,5.4659082460144779,2.9946156587,1236.566,2848.050,416.6574,7.8494
1.0214767917192895,-0.0000000000000011,0.0000000000002936,-0.0000000000003558,-0.0384862281966024,0.1106856329894258,5.4715174012652144,2.9945637433,1239.048,2849.128,417.7931,7.9067
1.0214643242212578,-0.0000000000000003,0.0000000000003323,-0.0000000000003640,-0.0385108677847484,0.1109257140077129,5.4771265565159499,2.9945112500,1241.553,2850.219,418.9405,7.9644
1.0214517065335853,-0.0000000000000011,-0.0000000000002100,-0.0000000000001012,-0.0385352856744569,0.1111681676087745,5.4827357117666873,2.9944581670,1244.081,2851.321,420.0997,8.0225
1.0214389362986436,-0.0000000000000011,0.0000000000002342,-0.0000000000002024,-0.0385594842884361,0.1114130344665516,5.4883448670174229,2.9944044824,1246.632,2852.435,421.2707,8.0811
1.0214260111177638,-0.0000000000000000,0.0000000000002402,-0.0000000000002639,-0.0385834661310551,0.1116603562027100,5.4939540222681593,2.9943501840,1249.208,2853.561,422.4535,8.1401
1.0214129285497398,-0.0000000000000000,0.0000000000003795,-0.0000000000005897,-0.0386072337941785,0.1119101754166818,5.4995631775188958,2.9942952591,1251.807,2854.700,423.6483,8.1995
1.0213996861098296,-0.0000000000000007,0.0000000000001486,-0.0000000000008975,-0.0386307899591968,0.1121625357160990,5.5051723327696322,2.9942396948,1254.432,2855.852,424.8549,8.2594
1.0213862812685328,-0.0000000000000011,0.0000000000006031,-0.0000000000018902,-0.0386541374025199,0.1124174817492340,5.5107814880203687,2.9941834778,1257.081,2857.017,426.0736,8.3197
1.0213727114504403,-0.0000000000000000,0.0000000000003160,-0.0000000000002761,-0.0386772789979700,0.1126750592411695,5.5163906432711052,2.9941265945,1259.757,2858.195,427.3044,8.3805
1.0213589740317381,-0.0000000000000011,-0.0000000000001442,0.0000000000000027,-0.0387002177203660,0.1129353150242088,5.5219997985218416,2.9940690308,1262.458,2859.387,428.5473,8.4417
1.0213450663404902,-0.0000000000000011,-0.0000000000000229,0.0000000000000772,-0.0387229566528801,0.1131982970781841,5.5276089537725781,2.9940107723,1265.187,2860.593,429.8024,8.5034
1.0213309856545087,-0.0000000000000000,-0.0000000000002071,0.0000000000001693,-0.0387454989884003,0.1134640545645849,5.5332181090233146,2.9939518043,1267.942,2861.812,431.0696,8.5655
1.0213167291995442,-0.0000000000000011,0.0000000000001593,-0.0000000000000123,-0.0387678480364781,0.1137326378695394,5.5388272642740510,2.9938921114,1270.726,2863.047,432.3492,8.6281
1.0213022941479335,-0.0000000000000000,-0.0000000000003129,0.0000000000001227,-0.0387900072261186,0.1140040986436450,5.5444364195247875,2.9938316780,1273.538,2864.296,433.6411,8.6912
1.0212876776173170,-0.0000000000000000,-0.0000000000002089,0.0000000000001167,-0.0388119801140752,0.1142784898420023,5.5500455747755240,2.9937704880,1276.378,2865.560,434.9455,8.7548
1.0212728766685537,-0.0000000000000011,-0.0000000000002271,0.0000000000001440,-0.0388337703871695,0.1145558657716027,5.5556547300262604,2.9937085248,1279.248,2866.839,436.2623,8.8188
1.0212578883043499,-0.0000000000000011,-0.0000000000007933,0.0000000000007419,-0.0388553818701022,0.1148362821363896,5.5612638852769969,2.9936457714,1282.148,2868.135,437.5916,8.8833
1.0212427094671028,-0.0000000000000011,-0.0000000000005075,0.0000000000006079,-0.0388768185313967,0.1151197960848395,5.5668730405277334,2.9935822102,1285.079,2869.446,438.9335,8.9482
1.0212273370371521,-0.0000000000000011,-0.0000000000002352,0.0000000000001929,-0.0388980844877876,0.1154064662613388,5.5724821957784698,2.9935178231,1288.041,2870.774,440.2880,9.0137
1.0212117678314492,-0.0000000000000011,-0.0000000000009710,0.0000000000010726,-0.0389191840130877,0.1156963528566921,5.5780913510292063,2.9934525915,1291.035,2872.118,441.6553,9.0796
1.0211959986005663,-0.0000000000000000,-0.0000000000001475,0.0000000000002399,-0.0389401215458504,0.1159895176652696,5.5837005062799427,2.9933864962,1294.062,2873.480,443.0353,9.1461
1.0211800260271062,-0.0000000000000011,-0.0000000000002618,0.0000000000003279,-0.0389609016920413,0.1162860241397586,5.5893096615306792,2.9933195175,1297.122,2874.859,444.4282,9.2130
1.0211638467239124,-0.0000000000000011,-0.0000000000000218,-0.0000000000001021,-0.0389815292386691,0.1165859374497654,5.5949188167814157,2.9932516351,1300.216,2876.257,445.8339,9.2804
1.0211474572312640,-0.0000000000000011,-0.0000000000010610,0.0000000000011507,-0.0390020091571864,0.1168893245463467,5.6005279720321521,2.9931828279,1303.344,2877.672,447.2527,9.3484
1.0211308540145323,-0.0000000000000011,-0.0000000000011436,0.0000000000011352,-0.0390223466162837,0.1171962542265108,5.6061371272828886,2.9931130742,1306.508,2879.107,448.6844,9.4168
1.0211140334622766,-0.0000000000000011,-0.0000000000006057,0.0000000000006945,-0.0390425469872657,0.1175067971987925,5.6117462825336251,2.9930423519,1309.708,2880.560,450.1292,9.4858
1.0210969918832355,-0.0000000000000000,-0.0000000000004619,0.0000000000005168,-0.0390626158537646,0.1178210261539991,5.6173554377843615,2.9929706379,1312.945,2882.033,451.5873,9.5553
1.0210797255038024,-0.0000000000000000,-0.0000000000008003,0.0000000000005916,-0.0390825590237093,0.1181390158425985,5.6229645930350980,2.9928979084,1316.219,2883.526,453.0585,9.6253
1.0210622304655539,-0.0000000000000000,-0.0000000000004528,0.0000000000003598,-0.0391023825394622,0.1184608431478027,5.6285737482858345,2.9928241389,1319.532,2885.040,454.5430,9.6958
1.0210445028219273,-0.0000000000000011,-0.0000000000005343,0.0000000000008305,-0.0391220926865707,0.1187865871700053,5.6341829035365709,2.9927493041,1322.885,2886.575,456.0409,9.7669
1.0210265385357291,-0.0000000000000000,-0.0000000000007866,0.0000000000007689,-0.0391416960075840,0.1191163293069690,5.6397920587873074,2.9926733780,1326.277,2888.131,457.5523,9.8385
1.0210083334756686,-0.0000000000000001,-0.0000000000007397,0.0000000000008361,-0.0391611993141769,0.1194501533488425,5.6454012140380438,2.9925963335,1329.711,2889.710,459.0771,9.9106
1.0209898834134230,-0.0000000000000009,-0.0000000000004118,0.0000000000002114,-0.0391806096985406,0.1197881455633911,5.6510103692887803,2.9925181427,1333.187,2891.311,460.6155,9.9833
1.0209711840200404,-0.0000000000000000,-0.0000000000000117,-0.0000000000000099,-0.0391999345486235,-0.1201303948012689,5.6566195245395168,2.9924387768,1336.706,2892.935,462.1676,10.0565
1.0209522308624550,-0.0000000000000000,-0.0000000000000053,-0.0000000000000008,-0.0392191815608301,-0.1204769925914323,5.6622286797902524,2.9923582061,1340.269,2894.583,463.7334,10.1303
1.0209330193999728,-0.0000000000000000,-0.0000000000000070,-0.0000000000000077,-0.0392383587571957,-0.1208280332518580,5.6678378350409897,2.9922763996,1343.876,2896.255,465.3130,10.2046
1.0209135449803044,-0.0000000000000000,0.0000000000000012,0.0000000000000050,-0.0392574745000493,-0.1211836140006680,5.6734469902917262,2.9921933256,1347.530,2897.953,466.9065,10.2795
1.0208938028355929,-0.0000000000000000,-0.0000000000000045,-0.0000000000000044,-0.0392765375093191,-0.1215438350741545,5.6790561455424617,2.9921089510,1351.231,2899.675,468.5139,10.3550
1.0208737880782401,0.0000000000000000,-0.0000000000000006,0.0000000000000001,-0.0392955568804828,-0.1219087998505574,5.6846653007931982,2.9920232417,1354.980,2901.424,470.1354,10.4311
1.0208534956965123,-0.0000000000000000,-0.0000000000000023,-0.0000000000000034,-0.0393145421035026,-0.1222786149801518,5.6902744560439356,2.9919361623,1358.779,2903.200,471.7709,10.5077
1.0208329205499891,-0.0000000000000000,-0.0000000000000019,-0.0000000000000028,-0.0393335030829397,-0.1226533905219301,5.6958836112946711,2.9918476762,1362.628,2905.004,473.4207,10.5849
1.0208120573647741,0.0000000000000000,-0.0000000000000120,-0.0000000000000038,-0.0393524501592748,-0.1230332400875122,5.7014927665454076,2.9917577455,1366.528,2906.835,475.0847,10.6627
1.0207909007283751,-0.0000000000000000,0.0000000000000038,0.0000000000000040,-0.0393713941310535,-0.1234182809918966,5.7071019217961449,2.9916663309,1370.482,2908.696,476.7630,10.7411
1.0207694450846938,-0.0000000000000000,-0.0000000000000012,-0.0000000000000018,-0.0393903462795629,-0.1238086344137207,5.7127110770468805,2.9915733915,1374.490,2910.587,478.4557,10.8201
1.0207476847282693,-0.0000000000000000,-0.0000000000000003,-0.0000000000000011,-0.0394093183933657,-0.1242044255619621,5.7183202322976170,2.9914788850,1378.553,2912.508,480.1630,10.8997
1.0207256137986493,-0.0000000000000000,0.0000000000000014,0.0000000000000021,-0.0394283227956064,-0.1246057838531475,5.7239293875483535,2.9913827676,1382.674,2914.460,481.8848,10.9799
1.0207032262743028,0.0000000000000000,0.0000000000000004,0.0000000000000005,-0.0394473723724718,-0.1250128430975600,5.7295385427990899,2.9912849937,1386.853,2916.445,483.6213,11.0608
1.0206805159662589,-0.0000000000000000,-0.0000000000000037,-0.0000000000000018,-0.0394664806034670,-0.1254257416957905,5.7351476980498264,2.9911855160,1391.092,2918.463,485.3726,11.1422
1.0206574765114955,-0.0000000000000000,-0.0000000000000011,-0.0000000000000027,-0.0394856615937906,-0.1258446228460434,5.7407568533005628,2.9910842853,1395.392,2920.516,487.1387,11.2243
1.0206341013658531,-0.0000000000000000,-0.0000000000000024,-0.0000000000000047,-0.0395049301084280,-0.1262696347632529,5.7463660085512984,2.9909812506,1399.756,2922.603,488.9197,11.3071
1.0206103837967528,-0.0000000000000000,-0.0000000000000015,0.0000000000000035,-0.0395243016088069,-0.1267009309103629,5.7519751638020358,2.9908763587,1404.184,2924.727,490.7157,11.3904
1.0205863168754492,-0.0000000000000000,0.0000000000000033,0.0000000000000078,-0.0395437922916241,-0.1271386702429398,5.7575843190527713,2.9907695545,1408.679,2926.887,492.5268,11.4744
1.0205618934688476,-0.0000000000000000,-0.0000000000000230,-0.0000000000000287,-0.0395634191301432,-0.1275830174679262,5.7631934743035078,2.9906607805,1413.242,2929.086,494.3530,11.5591
1.0205371062310002,-0.0000000000000000,0.0000000000000057,0.0000000000000062,-0.0395831999185040,-0.1280341433174265,5.7688026295542452,2.9905499769,1417.875,2931.324,496.1946,11.6444
1.0205119475940374,-0.0000000000000000,0.0000000000000102,0.0000000000000148,-0.0396031533186233,-0.1284922248386905,5.7744117848049807,2.9904370814,1422.580,2933.603,498.0515,11.7304
1.0204864097586941,-0.0000000000000000,0.0000000000000008,-0.0000000000000016,-0.0396232989105876,-0.1289574457014073,5.7800209400557172,2.9903220292,1427.358,2935.923,499.9238,11.8171
1.0204604846842931,-0.0000000000000000,0.0000000000000024,0.0000000000000060,-0.0396436572463811,-0.1294299965234427,5.7856300953064537,2.9902047525,1432.213,2938.286,501.8117,11.9044
1.0204341640781596,-0.0000000000000000,0.0000000000000020,0.0000000000000019,-0.0396642499071745,-0.1299100752166139,5.7912392505571901,2.9900851809,1437.146,2940.694,503.7152,11.9925
1.0204074393844731,-0.0000000000000000,0.0000000000000050,0.0000000000000064,-0.0396850995648194,-0.1303978873536622,5.7968484058079266,2.9899632408,1442.159,2943.147,505.6344,12.0812
1.0203803017724835,-0.0000000000000000,0.0000000000000026,0.0000000000000012,-0.0397062300475473,-0.1308936465581844,5.8024575610586631,2.9898388554,1447.255,2945.648,507.5695,12.1706
1.0203527421240610,-0.0000000000000000,0.0000000000000006,-0.0000000000000003,-0.0397276664103862,-0.1313975749192031,5.8080667163093995,2.9897119446,1452.436,2948.197,509.5204,12.2608
1.0203247510205316,-0.0000000000000000,0.0000000000000038,0.0000000000000042,-0.0397494350106783,-0.1319099034321855,5.8136758715601360,2.9895824244,1457.705,2950.796,511.4874,12.3516
1.0202963187286853,-0.0000000000000000,-0.0000000000000249,0.0000000000000529,-0.0397715635889154,-0.1324308724684652,5.8192850268108725,2.9894502074,1463.063,2953.446,513.4704,12.4432
1.0202674351862280,-0.0000000000000000,-0.0000000000000035,0.0000000000000232,-0.0397940813562224,-0.1329607322763740,5.8248941820616089,2.9893152019,1468.515,2956.151,515.4697,12.5355
1.0202380899857959,-0.0000000000000000,-0.0000000000000022,0.0000000000000033,-0.0398170190869142,-0.1334997435131736,5.8305033373123454,2.9891773121,1474.062,2958.910,517.4852,12.6285
1.0202082723586665,-0.0000000000000000,-0.0000000000000038,-0.0000000000000055,-0.0398404092197322,-0.1340481778155748,5.8361124925630818,2.9890364375,1479.707,2961.727,519.5171,12.7223
1.0201779711570627,-0.0000000000000000,0.0000000000000071,0.0000000000000083,-0.0398642859657476,-0.1346063184072096,5.8417216478138183,2.9888924729,1485.455,2964.602,521.5656,12.8168
1.0201471748354753,-0.0000000000000000,-0.0000000000000009,-0.0000000000000035,-0.0398886854248897,-0.1351744607483801,5.8473308030645548,2.9887453083,1491.307,2967.539,523.6306,12.9121
1.0201158714308043,-0.0000000000000000,0.0000000000000058,0.0000000000000049,-0.0399136457115784,-0.1357529132310836,5.8529399583152912,2.9885948278,1497.267,2970.539,525.7123,13.0082
1.0200840485412610,-0.0000000000000000,0.0000000000000054,0.0000000000000067,-0.0399392070903736,-0.1363419979230661,5.8585491135660277,2.9884409101,1503.339,2973.604,527.8107,13.1051
1.0200516933038402,-0.0000000000000000,-0.0000000000003840,0.0000000000005117,-0.0399654121221014,0.1369420513651842,5.8641582688167642,2.9882834277,1509.527,2976.737,529.9261,13.2027
1.0200187923705146,-0.0000000000000006,-0.0000000000002126,0.0000000000002204,-0.0399923058233883,0.1375534254266095,5.8697674240675006,2.9881222468,1515.833,2979.940,532.0585,13.3011
1.0199853318826040,-0.0000000000000011,-0.0000000000002460,0.0000000000003205,-0.0400199358362784,0.1381764882223024,5.8753765793182371,2.9879572263,1522.263,2983.216,534.2079,13.4003
1.0199512974434275,-0.0000000000000000,-0.0000000000001755,0.0000000000002986,-0.0400483526151860,0.1388116251002514,5.8809857345689736,2.9877882182,1528.820,2986.567,536.3745,13.5004
1.0199166740895396,-0.0000000000000000,-0.0000000000000015,-0.0000000000000019,-0.0400776096280326,-0.1394592397011038,5.8865948898197100,2.9876150662,1535.509,2989.997,538.5585,13.6013
1.0198814462592685,-0.0000000000000000,-0.0000000000000022,-0.0000000000000033,-0.0401077635745286,-0.1401197551020852,5.8922040450704465,2.9874376059,1542.334,2993.508,540.7598,13.7030
1.0198455977597620,-0.0000000000000000,-0.0000000000000019,-0.0000000000000044,-0.0401388746243853,-0.1407936150461154,5.8978132003211829,2.9872556638,1549.301,2997.103,542.9786,13.8055
1.0198091117311734,-0.0000000000000003,-0.0000000000003769,0.0000000000004675,-0.0401710066752488,0.1414812852707459,5.9034223555719194,2.9870690568,1556.413,3000.786,545.2151,13.9089
1.0197719706085961,-0.0000000000000000,-0.0000000000000025,-0.0000000000000034,-0.0402042276354783,-0.1421832549427735,5.9090315108226559,2.9868775914,1563.677,3004.560,547.4692,14.0131
1.0197341560808666,-0.0000000000000000,-0.0000000000002082,0.0000000000001841,-0.0402386097292049,0.1429000382084230,5.9146406660733923,2.9866810634,1571.099,3008.429,549.7412,14.1182
1.0196956490470119,-0.0000000000000000,-0.0000000000000911,0.0000000000000262,-0.0402742298344149,0.1436321758712619,5.9202498213241288,2.9864792564,1578.683,3012.396,552.0310,14.2242
1.0196564295683217,-0.0000000000000000,0.0000000000000053,0.0000000000000074,-0.0403111698477193,-0.1443802372145949,5.9258589765748653,2.9862719413,1586.436,3016.467,554.3389,14.3311
1.0196164768176728,-0.0000000000000000,0.0000000000000004,0.0000000000000068,-0.0403495170864848,-0.1451448219728370,5.9314681318256017,2.9860588756,1594.366,3020.645,556.6649,14.4389
1.0195757690247382,-0.0000000000000000,0.0000000000000109,0.0000000000000158,-0.0403893647294443,-0.1459265624775846,5.9370772870763382,2.9858398017,1602.478,3024.934,559.0091,14.5476
1.0195342834165098,-0.0000000000000011,-0.0000000000003868,0.0000000000004829,-0.0404308122991560,0.1467261259906715,5.9426864423270747,2.9856144463,1610.780,3029.340,561.3716,14.6572
1.0194919961534585,-0.0000000000000000,0.0000000000000008,0.0000000000000005,-0.0404739661944296,-0.1475442172461159,5.9482955975778102,2.9853825188,1619.279,3033.868,563.7526,14.7678
1.0194488822600034,-0.0000000000000000,-0.0000000000004199,0.0000000000006694,-0.0405189402729165,0.1483815812235441,5.9539047528285476,2.9851437103,1627.985,3038.524,566.1520,14.8793
1.0194049155498826,0.0000000000000000,-0.0000000000000011,-0.0000000000000017,-0.0405658564990839,-0.1492390061758339,5.9595139080792841,2.9848976916,1636.905,3043.312,568.5701,14.9918
1.0193600685444226,-0.0000000000000000,-0.0000000000003530,0.0000000000004126,-0.0406148456530539,0.1501173269440476,5.9651230633300196,2.9846441117,1646.048,3048.240,571.0068,15.1052
1.0193143123846189,-0.0000000000000000,-0.0000000000000019,-0.0000000000000018,-0.0406660481218119,-0.1510174285869874,5.9707322185807561,2.9843825962,1655.425,3053.314,573.4623,15.2196
1.0192676167345860,-0.0000000000000000,-0.0000000000002202,0.0000000000002773,-0.0407196147689780,0.1519402503666785,5.9763413738314934,2.9841127450,1665.045,3058.540,575.9367,15.3350
1.0192199496774070,-0.0000000000000000,0.0000000000000274,0.0000000000000664,-0.0407757079066120,-0.1528867901266449,5.9819505290822290,2.9838341298,1674.920,3063.927,578.4301,15.4514
1.0191712776005277,-0.0000000000000001,-0.0000000000002592,0.0000000000002550,-0.0408345023706464,0.1538581091169011,5.9875596843329655,2.9835462922,1685.061,3069.482,580.9425,15.5689
1.0191215650715200,-0.0000000000000000,-0.0000000000005298,0.0000000000006902,-0.0408961867227776,0.1548553373074505,5.9931688395837028,2.9832487405,1695.480,3075.214,583.4740,15.6874
1.0190707747010126,-0.0000000000000000,-0.0000000000001891,0.0000000000003397,-0.0409609645903979,0.1558796792734926,5.9987779948344384,2.9829409466,1706.191,3081.133,586.0247,15.8069
1.0190188669937923,0.0000000000000000,-0.0000000000000100,-0.0000000000000201,-0.0410290561645507,-0.1569324206936970,6.0043871500851749,2.9826223425,1717.207,3087.247,588.5947,15.9275
1.0189658001838304,-0.0000000000000000,-0.0000000000001542,0.0000000000001950,-0.0411006998812697,0.1580149355749876,6.0099963053359113,2.9822923169,1728.545,3093.568,591.1839,16.0491
