x0_n,y0_n,z0_n,xd0_n,yd0_n,zd0_n,Tp,JC,L2ExcessVelocity_mps,landingVelocity_mps,stabilityIndex1,stabilityIndex2...,error_tol=1e-12,n_Nodes=8,stepsize=1.0
1.0414924154861784,-0.0000000000000000,-0.0000000000001638,0.0000000000000008,-0.0000008106894045,0.0006664037354019,3.2379203992312089,3.0142617283,2.925,1349.602,2467.7632,1.9444
1.0414922379268650,-0.0000000000000000,-0.0000000000017519,0.0000000000000135,-0.0000011758547431,0.0008025752736057,3.2379268027096355,3.0142615282,3.523,1349.604,2467.7000,1.9444
1.0414920603715594,-0.0000000000000000,-0.0000000000001975,0.0000000000000018,-0.0000015410165506,0.0009187796136551,3.2379332061880621,3.0142613282,4.033,1349.605,2467.6369,1.9444
1.0414918828202766,-0.0000000000000000,0.0000000000002934,-0.0000000000000029,-0.0000019061748028,0.0010218515765766,3.2379396096664887,3.0142611282,4.486,1349.606,2467.5737,1.9444
1.0414917052729971,-0.0000000000000000,0.0000000000011603,-0.0000000000000149,-0.0000022713294902,0.0011154376200920,3.2379460131449154,3.0142609282,4.897,1349.608,2467.5106,1.9444
1.0414915277297301,-0.0000000000000000,0.0000000000000437,0.0000000000000001,-0.0000026364806337,-0.0012017559216237,3.2379524166233420,3.0142607281,5.276,1349.609,2467.4475,1.9444
1.0414913501904666,0.0000000000000000,-0.0000000000004797,-0.0000000000000066,-0.0000030016282260,-0.0012822750419265,3.2379588201017686,3.0142605281,5.629,1349.611,2467.3844,1.9444
1.0414911726550915,-0.0000000000000000,0.0000000000321784,-0.0000000000007672,-0.0000033667722141,0.0013580268990508,3.2379652235801948,3.0142603281,5.962,1349.612,2467.3212,1.9444
1.0414909951239910,-0.0000000000000000,-0.0000000000007025,-0.0000000000000110,-0.0000037319127254,-0.0014297694024079,3.2379716270586214,3.0142601281,6.277,1349.614,2467.2581,1.9444
1.0414908175967592,-0.0000000000000000,-0.0000000000124113,-0.0000000000001547,-0.0000040970496259,-0.0014980787146832,3.2379780305370480,3.0142599281,6.576,1349.615,2467.1950,1.9443
1.0414906400735686,-0.0000000000000000,0.0000000000055534,-0.0000000000000105,-0.0000044621830612,0.0015634049052036,3.2379844340154746,3.0142597281,6.863,1349.616,2467.1319,1.9443
1.0414904625543489,-0.0000000000000000,-0.0000000000050246,-0.0000000000000423,-0.0000048273128777,-0.0016261075405662,3.2379908374939013,3.0142595281,7.138,1349.618,2467.0688,1.9443
1.0414902850391135,-0.0000000000000000,-0.0000000000118094,-0.0000000000002584,-0.0000051924391171,-0.0016864792743054,3.2379972409723279,3.0142593282,7.403,1349.619,2467.0057,1.9443
1.0414901075278897,-0.0000000000000000,0.0000000000205978,-0.0000000000005416,-0.0000055575617734,0.0017447620784905,3.2380036444507545,3.0142591282,7.659,1349.621,2466.9426,1.9443
1.0414899300207354,-0.0000000000000000,0.0000000000139677,-0.0000000000003785,-0.0000059226809753,0.0018011587537447,3.2380100479291811,3.0142589282,7.907,1349.622,2466.8794,1.9443
1.0414897525175606,-0.0000000000000000,-0.0000000000146994,-0.0000000000004164,-0.0000062877965862,-0.0018558412578790,3.2380164514076077,3.0142587282,8.147,1349.624,2466.8163,1.9443
1.0414895750188078,-0.0000000000000000,-0.0000000000704527,0.0000000000027603,-0.0000066529096994,0.0019089569470634,3.2380228548860344,3.0142585283,8.380,1349.625,2466.7532,1.9443
1.0414893975233150,-0.0000000000000000,0.0000000000005280,-0.0000000000000107,-0.0000070180172735,0.0019606330420325,3.2380292583644610,3.0142583283,8.607,1349.626,2466.6901,1.9443
1.0414892200321435,-0.0000000000000000,-0.0000000000001551,0.0000000000000079,-0.0000073831222874,0.0020109806543793,3.2380356618428876,3.0142581284,8.828,1349.628,2466.6271,1.9443
1.0414890425450365,-0.0000000000000000,0.0000000000009903,0.0000000000000229,-0.0000077482236410,-0.0020600971251175,3.2380420653213138,3.0142579284,9.044,1349.629,2466.5640,1.9443
1.0414888650618832,-0.0000000000000000,0.0000000000116135,-0.0000000000005343,-0.0000081133215744,0.0021080685336711,3.2380484687997404,3.0142577285,9.254,1349.631,2466.5009,1.9443
1.0414886875828000,-0.0000000000000000,-0.0000000000009173,-0.0000000000000210,-0.0000084784158288,-0.0021549713437920,3.2380548722781670,3.0142575285,9.460,1349.632,2466.4378,1.9442
1.0414885101076952,-0.0000000000000000,-0.0000000000009552,-0.0000000000000210,-0.0000088435066011,-0.0022008738754136,3.2380612757565936,3.0142573286,9.662,1349.634,2466.3747,1.9442
1.0414883326365476,-0.0000000000000000,0.0000000000000838,-0.0000000000000019,-0.0000092085939170,0.0022458374785253,3.2380676792350203,3.0142571286,9.859,1349.635,2466.3116,1.9442
1.0414881551694850,0.0000000000000000,0.0000000000005556,-0.0000000000000117,-0.0000095736775205,0.0022899174238388,3.2380740827134469,3.0142569287,10.052,1349.636,2466.2485,1.9442
1.0414879777064223,-0.0000000000000000,0.0000000000003592,-0.0000000000000079,-0.0000099387575902,0.0023331638226394,3.2380804861918735,3.0142567288,10.242,1349.638,2466.1855,1.9442
1.0414878002473491,-0.0000000000000000,-0.0000000000004142,0.0000000000000097,-0.0000103038341491,0.0023756221997321,3.2380868896703001,3.0142565289,10.429,1349.639,2466.1224,1.9442
1.0414876227922838,-0.0000000000000000,0.0000000000001183,-0.0000000000000041,-0.0000106689071662,0.0024173340735326,3.2380932931487267,3.0142563290,10.612,1349.641,2466.0593,1.9442
1.0414874453412226,-0.0000000000000000,-0.0000000000004579,0.0000000000000120,-0.0000110339766198,0.0024583374431564,3.2380996966271534,3.0142561291,10.792,1349.642,2465.9963,1.9442
1.0414872678941722,-0.0000000000000000,-0.0000000000001265,0.0000000000000039,-0.0000113990425364,0.0024986671885251,3.2381061001055800,3.0142559291,10.969,1349.644,2465.9332,1.9442
1.0414870904511275,-0.0000000000000000,0.0000000000002841,-0.0000000000000093,-0.0000117641049075,0.0025383554180977,3.2381125035840066,3.0142557292,11.143,1349.645,2465.8701,1.9442
1.0414869130120903,-0.0000000000000000,0.0000000000016383,-0.0000000000000442,-0.0000121291637153,0.0025774317664745,3.2381189070624328,3.0142555293,11.315,1349.646,2465.8071,1.9442
1.0414867355770594,-0.0000000000000000,-0.0000000000008130,0.0000000000000196,-0.0000124942189768,0.0026159236548092,3.2381253105408594,3.0142553295,11.484,1349.648,2465.7440,1.9442
1.0414865581458606,-0.0000000000000000,-0.0000000000008435,0.0000000000000306,-0.0000128592710444,0.0026538565587202,3.2381317140192860,3.0142551296,11.650,1349.649,2465.6809,1.9441
1.0414863807189554,-0.0000000000000000,-0.0000000000006074,0.0000000000000185,-0.0000132243189839,0.0026912539994640,3.2381381174977126,3.0142549297,11.814,1349.651,2465.6179,1.9441
1.0414862032959862,-0.0000000000000000,-0.0000000000002749,0.0000000000000066,-0.0000135893635140,0.0027281380855406,3.2381445209761393,3.0142547298,11.976,1349.652,2465.5549,1.9441
1.0414860258769965,-0.0000000000000000,-0.0000000000001335,0.0000000000000053,-0.0000139544045506,0.0027645293539434,3.2381509244545659,3.0142545299,12.136,1349.654,2465.4918,1.9441
1.0414858484620024,-0.0000000000000000,-0.0000000000005320,0.0000000000000162,-0.0000143194420655,0.0028004470131883,3.2381573279329925,3.0142543301,12.294,1349.655,2465.4288,1.9441
1.0414856710510139,-0.0000000000000000,-0.0000000000000741,0.0000000000000028,-0.0000146844760280,0.0028359090561278,3.2381637314114191,3.0142541302,12.449,1349.656,2465.3657,1.9441
1.0414854936440261,0.0000000000000000,0.0000000000001845,-0.0000000000000047,-0.0000150495064380,0.0028709323667148,3.2381701348898457,3.0142539303,12.603,1349.658,2465.3027,1.9441
1.0414853162410453,0.0000000000000000,-0.0000000000006417,0.0000000000000186,-0.0000154145333034,0.0029055328098686,3.2381765383682724,3.0142537305,12.755,1349.659,2465.2396,1.9441
1.0414851388420714,-0.0000000000000000,0.0000000000012617,-0.0000000000000381,-0.0000157795566320,0.0029397253172759,3.2381829418466990,3.0142535306,12.905,1349.661,2465.1766,1.9441
1.0414849614471058,-0.0000000000000000,0.0000000000006509,-0.0000000000000205,-0.0000161445764165,0.0029735239610120,3.2381893453251256,3.0142533308,13.053,1349.662,2465.1136,1.9441
1.0414847840561403,-0.0000000000000000,-0.0000000000003187,0.0000000000000095,-0.0000165095926301,0.0030069420228583,3.2381957488035518,3.0142531309,13.200,1349.664,2465.0506,1.9441
1.0414846066690993,-0.0000000000000000,0.0000000000006684,-0.0000000000000193,-0.0000168746054663,0.0030399920729878,3.2382021522819784,3.0142529311,13.345,1349.665,2464.9875,1.9441
1.0414844292862149,-0.0000000000000000,-0.0000000000005564,0.0000000000000183,-0.0000172396144631,0.0030726859327951,3.2382085557604050,3.0142527313,13.489,1349.666,2464.9245,1.9440
1.0414842519072793,0.0000000000000000,-0.0000000000004452,0.0000000000000164,-0.0000176046200098,0.0031050349005688,3.2382149592388316,3.0142525314,13.631,1349.668,2464.8615,1.9440
1.0414840745323377,0.0000000000000000,0.0000000000000523,-0.0000000000000017,-0.0000179696220510,0.0031370496361891,3.2382213627172582,3.0142523316,13.771,1349.669,2464.7985,1.9440
1.0414838971614000,-0.0000000000000000,-0.0000000000004912,0.0000000000000155,-0.0000183346205350,0.0031687402675273,3.2382277661956849,3.0142521318,13.910,1349.671,2464.7355,1.9440
1.0414837197944633,0.0000000000000000,0.0000000000011613,-0.0000000000000384,-0.0000186996154526,0.0032001164233205,3.2382341696741115,3.0142519320,14.048,1349.672,2464.6724,1.9440
