x0_n,y0_n,z0_n,xd0_n,yd0_n,zd0_n,Tp,JC,L2ExcessVelocity_mps,landingVelocity_mps,stabilityIndex1,stabilityIndex2...,error_tol=1e-12
1.0467124450817633,0.0000000000000000,-0.0000100035737720,0.0000000000000003,-0.0373960305634891,0.0000000000000054,3.1675396043512030,3.0130784325,151.037,1358.024,1585.1907,2.0000
1.0466319319677051,-0.0000000000000000,-0.0053203760483229,-0.0000000000000060,-0.0383205050857996,-0.0000000000000010,3.1653817423356063,3.0129204317,160.801,1359.145,1521.5615,1.9848
1.0465468882279141,-0.0000000000000000,-0.0075054500017487,-0.0000000000274757,-0.0391899265913510,0.0000000000052514,3.1632238803200101,3.0127660347,169.801,1360.239,1461.2872,1.9679
1.0464580603190055,-0.0000000000000000,-0.0091686123335233,-0.0000000000096300,-0.0400096506755414,0.0000000000021889,3.1610660183044139,3.0126151343,178.158,1361.307,1404.1567,1.9495
1.0463660739334786,-0.0000000000000000,-0.0105589562580838,-0.0000000000141227,-0.0407842591095786,0.0000000000037042,3.1589081562888177,3.0124676266,185.965,1362.351,1349.9738,1.9296
1.0462714577941206,-0.0000000000000000,-0.0117732161981784,0.0000000000000009,-0.0415177090296265,-0.0000000000000006,3.1567502942732211,3.0123234112,193.293,1363.371,1298.5561,1.9084
1.0461746616552661,-0.0000000000000012,-0.0128611480190036,-0.0000000000041548,-0.0422134466157904,0.0000000000012743,3.1545924322576244,3.0121823905,200.200,1364.367,1249.7342,1.8858
1.0460760703754073,-0.0000000000000000,-0.0138524077988411,0.0000000000000003,-0.0428744953479951,-0.0000000000000013,3.1524345702420282,3.0120444704,206.731,1365.341,1203.3502,1.8621
1.0459760149000372,-0.0000000000000000,-0.0147663914826938,0.0000000000227495,-0.0435035253360094,-0.0000000000078082,3.1502767082264320,3.0119095596,212.927,1366.292,1159.2573,1.8371
1.0458747810038382,-0.0000000000000000,-0.0156166286681493,0.0000000000000003,-0.0441029085286895,0.0000000000000006,3.1481188462108358,3.0117775699,218.818,1367.223,1117.3187,1.8111
1.0457726164375685,0.0000000000000000,-0.0164130160457586,0.0000000000000006,-0.0446747633187418,-0.0000000000000025,3.1459609841952396,3.0116484158,224.433,1368.133,1077.4070,1.7841
1.0456697365696781,-0.0000000000000013,-0.0171630624130634,-0.0000000000005007,-0.0452209906626523,0.0000000000001977,3.1438031221796434,3.0115220148,229.796,1369.023,1039.4033,1.7561
1.0455663291454358,-0.0000000000000000,-0.0178726326663148,0.0000000000017623,-0.0457433039055605,-0.0000000000007441,3.1416452601640463,3.0113982869,234.927,1369.893,1003.1967,1.7272
1.0454625581664896,-0.0000000000000000,-0.0185464172259020,-0.0000000000000004,-0.0462432534411386,0.0000000000000010,3.1394873981484501,3.0112771549,239.844,1370.745,968.6838,1.6975
1.0453585671480743,-0.0000000000000000,-0.0191882415026705,0.0000000000000007,-0.0467222473356436,-0.0000000000000006,3.1373295361328539,3.0111585441,244.562,1371.579,935.7680,1.6670
1.0452544818354212,-0.0000000000000001,-0.0198012774156011,-0.0000000000001387,-0.0471815686695611,0.0000000000000790,3.1351716741172577,3.0110423823,249.097,1372.394,904.3589,1.6357
1.0451504125100006,-0.0000000000000000,-0.0203881924166105,-0.0000000000007818,-0.0476223902405079,0.0000000000003423,3.1330138121016615,3.0109285995,253.460,1373.193,874.3722,1.6038
1.0450464559457286,-0.0000000000000000,-0.0209512572353758,-0.0000000000000838,-0.0480457870978145,0.0000000000000471,3.1308559500860649,3.0108171283,257.663,1373.975,845.7288,1.5713
1.0449426970763607,-0.0000000000000000,-0.0214924255352786,0.0000000000000010,-0.0484527472864505,-0.0000000000000029,3.1286980880704687,3.0107079034,261.716,1374.741,818.3550,1.5382
1.0448392104319226,-0.0000000000000000,-0.0220133939612127,0.0000000000000049,-0.0488441811165394,0.0000000000000095,3.1265402260548720,3.0106008617,265.627,1375.491,792.1816,1.5046
1.0447360613731400,-0.0000000000000000,-0.0225156481866031,0.0000000000000007,-0.0492209291905739,0.0000000000000030,3.1243823640392758,3.0104959422,269.407,1376.226,767.1436,1.4705
1.0446333071612872,-0.0000000000000000,-0.0230004987662917,-0.0000000000000006,-0.0495837693945076,0.0000000000000001,3.1222245020236796,3.0103930859,273.060,1376.946,743.1804,1.4359
1.0445309978942452,-0.0000000000000000,-0.0234691094332989,0.0000000000132343,-0.0499334230161454,-0.0000000000066217,3.1200666400080830,3.0102922357,276.596,1377.651,720.2350,1.4010
1.0444291772968941,-0.0000000000000000,-0.0239225197041197,0.0000000000240287,-0.0502705600930111,-0.0000000000120784,3.1179087779924868,3.0101933365,280.020,1378.343,698.2540,1.3657
1.0443278834400134,-0.0000000000000014,-0.0243616631390274,0.0000000000069300,-0.0505958041494673,-0.0000000000035151,3.1157509159768901,3.0100963351,283.339,1379.021,677.1871,1.3300
1.0442271493965953,-0.0000000000000000,-0.0247873822553839,-0.0000000000000006,-0.0509097364213965,-0.0000000000000026,3.1135930539612939,3.0100011799,286.556,1379.685,656.9871,1.2941
1.0441270037408295,-0.0000000000000000,-0.0252004407855861,-0.0000000000000001,-0.0512128995175215,0.0000000000000048,3.1114351919456977,3.0099078210,289.679,1380.337,637.6099,1.2579
1.0440274710486042,0.0000000000000000,-0.0256015338729616,0.0000000000000005,-0.0515058007473667,0.0000000000000024,3.1092773299301011,3.0098162103,292.710,1380.977,619.0137,1.2215
1.0439285723302496,-0.0000000000000000,-0.0259912966006866,-0.0000000000000016,-0.0517889150821745,0.0000000000000007,3.1071194679145049,3.0097263011,295.655,1381.604,601.1593,1.1850
1.0438303254062036,0.0000000000000000,-0.0263703111793038,-0.0000000000000003,-0.0520626877991167,-0.0000000000000123,3.1049616058989082,3.0096380484,298.517,1382.219,584.0099,1.1482
1.0437327452439706,-0.0000000000000005,-0.0267391130460507,0.0000000000007397,-0.0523275368606082,-0.0000000000001796,3.1028037438833120,3.0095514085,301.301,1382.823,567.5306,1.1113
1.0436358442561728,-0.0000000000000001,-0.0270981960712660,0.0000000000004961,-0.0525838550545235,-0.0000000000001424,3.1006458818677158,3.0094663393,304.009,1383.416,551.6889,1.0743
1.0435396325702624,-0.0000000000000002,-0.0274480170295289,0.0000000000003814,-0.0528320119321809,-0.0000000000000875,3.0984880198521196,3.0093827998,306.646,1383.997,536.4539,1.0373
1.0434441182671348,-0.0000000000000001,-0.0277889994584717,0.0000000000043091,-0.0530723555579026,-0.0000000000022813,3.0963301578365230,3.0093007508,309.213,1384.569,521.7964,1.0001
1.0433493075849352,-0.0000000000000000,-0.0281215370040351,-0.0000000000006959,-0.0533052140874150,0.0000000000000592,3.0941722958209263,3.0092201538,311.714,1385.129,507.6890,0.9630
1.0432552051354895,-0.0000000000000000,-0.0284459963440896,0.0000000000072193,-0.0535308972356067,-0.0000000000046742,3.0920144338053301,3.0091409720,314.153,1385.680,494.1058,0.9258
1.0431618140339627,0.0000000000000000,-0.0287627197336134,-0.0000000000000015,-0.0537496975504085,-0.0000000000000022,3.0898565717897339,3.0090631695,316.530,1386.221,481.0223,0.8886
1.0430691361031601,-0.0000000000000000,-0.0290720272596453,-0.0000000000000004,-0.0539618916607186,0.0000000000000022,3.0876987097741377,3.0089867116,318.849,1386.752,468.4154,0.8514
1.0429771719714309,0.0000000000000000,-0.0293742188150073,0.0000000000000008,-0.0541677413322504,-0.0000000000000012,3.0855408477585411,3.0089115649,321.112,1387.274,456.2633,0.8143
1.0428859212160273,-0.0000000000000000,-0.0296695758568305,0.0000000000000004,-0.0543674944906992,0.0000000000000009,3.0833829857429449,3.0088376967,323.321,1387.787,444.5453,0.7773
1.0427953824717455,-0.0000000000000000,-0.0299583629652630,-0.0000000000000005,-0.0545613861382492,0.0000000000000011,3.0812251237273487,3.0087650757,325.478,1388.291,433.2418,0.7403
1.0427055535321221,-0.0000000000000000,-0.0302408292344247,-0.0000000000000000,-0.0547496391996440,0.0000000000000021,3.0790672617117520,3.0086936713,327.585,1388.787,422.3344,0.7034
1.0426164314407662,-0.0000000000000000,-0.0305172095164537,-0.0000000000000015,-0.0549324653003748,-0.0000000000000042,3.0769093996961558,3.0086234540,329.644,1389.274,411.8054,0.6667
1.0425280125763365,-0.0000000000000027,-0.0307877255380744,0.0000000000046960,-0.0551100654862393,-0.0000000000032749,3.0747515376805596,3.0085543951,331.656,1389.753,401.6383,0.6300
1.0424402927179477,-0.0000000000000000,-0.0310525869028874,0.0000000000061912,-0.0552826308761464,-0.0000000000041700,3.0725936756649630,3.0084864670,333.624,1390.224,391.8173,0.5935
1.0423532671237639,-0.0000000000000000,-0.0313119919994310,0.0000000000052107,-0.0554503432846227,-0.0000000000035820,3.0704358136493668,3.0084196428,335.548,1390.687,382.3275,0.5571
1.0422669305925041,-0.0000000000000013,-0.0315661288205165,0.0000000000125381,-0.0556133757879072,-0.0000000000080436,3.0682779516337702,3.0083538964,337.431,1391.142,373.1548,0.5209
1.0421812774965113,-0.0000000000000002,-0.0318151757001112,0.0000000000058663,-0.0557718932252532,-0.0000000000040167,3.0661200896181739,3.0082892026,339.273,1391.590,364.2857,0.4849
1.0420963018704410,-0.0000000000000001,-0.0320593019986280,0.0000000000056409,-0.0559260527253635,-0.0000000000039405,3.0639622276025777,3.0082255368,341.077,1392.031,355.7074,0.4491
1.0420119974207098,-0.0000000000000000,-0.0322986687073081,0.0000000000051062,-0.0560760041198757,-0.0000000000036333,3.0618043655869815,3.0081628754,342.842,1392.465,347.4079,0.4134
1.0419283575815446,-0.0000000000000000,-0.0325334290132727,-0.0000000000000004,-0.0562218903790785,-0.0000000000000004,3.0596465035713849,3.0081011952,344.572,1392.892,339.3755,0.3780
1.0418453755583190,0.0000000000000000,-0.0327637288131305,0.0000000000000003,-0.0563638480072322,-0.0000000000000034,3.0574886415557887,3.0080404740,346.265,1393.312,331.5994,0.3427
1.0417630443457040,-0.0000000000000000,-0.0329897071796551,-0.0000000000000004,-0.0565020073917646,0.0000000000000019,3.0553307795401921,3.0079806900,347.925,1393.725,324.0691,0.3077
1.0416813567687113,-0.0000000000000000,-0.0332114967950113,0.0000000000000068,-0.0566364931522452,0.0000000000000414,3.0531729175245959,3.0079218222,349.552,1394.132,316.7747,0.2729
1.0416003055077303,-0.0000000000000000,-0.0334292243456567,-0.0000000000000006,-0.0567674244531028,0.0000000000000008,3.0510150555089997,3.0078638501,351.146,1394.532,309.7069,0.2383
1.0415198831229577,-0.0000000000000000,-0.0336430108891358,-0.0000000000000002,-0.0568949153009088,-0.0000000000000032,3.0488571934934030,3.0078067540,352.709,1394.927,302.8565,0.2040
1.0414400820774625,0.0000000000000000,-0.0338529721888978,-0.0000000000000005,-0.0570190748185802,-0.0000000000000010,3.0466993314778068,3.0077505146,354.242,1395.315,296.2151,0.1699
1.0413608947573509,-0.0000000000000000,-0.0340592190262687,-0.0000000000000005,-0.0571400075047455,-0.0000000000000001,3.0445414694622102,3.0076951132,355.746,1395.698,289.7746,0.1361
1.0412823134902727,-0.0000000000000000,-0.0342618574880598,-0.0000000000000008,-0.0572578134755940,0.0000000000000010,3.0423836074466140,3.0076405316,357.221,1396.075,283.5271,0.1025
1.0412043305623888,-0.0000000000000016,-0.0344609892333258,0.0000000000004668,-0.0573725886919745,-0.0000000000007366,3.0402257454310178,3.0075867523,358.669,1396.446,277.4652,0.0692
1.0411269382317745,-0.0000000000000000,-0.0346567117403713,-0.0000000000004504,-0.0574844251704262,-0.0000000000000403,3.0380678834154216,3.0075337580,360.090,1396.811,271.5819,0.0362
1.0410501287455483,-0.0000000000000005,-0.0348491185374210,-0.0000000000009323,-0.0575934111865182,0.0000000000002148,3.0359100213998249,3.0074815322,361.485,1397.172,265.8705,0.0034
1.0409738943483064,-0.0000000000000021,-0.0350382994157380,-0.0000000000019747,-0.0576996314586872,0.0000000000009815,3.0337521593842287,3.0074300585,362.854,1397.527,260.3244,-0.0291
1.0408982272974501,-0.0000000000000001,-0.0352243406294680,0.0000000000000297,-0.0578031673285023,-0.0000000000004196,3.0315942973686321,3.0073793215,364.199,1397.876,254.9376,-0.0613
1.0408231198655165,-0.0000000000000014,-0.0354073250802315,-0.0000000000001387,-0.0579040969201387,-0.0000000000002991,3.0294364353530359,3.0073293056,365.520,1398.221,249.7042,-0.0933
1.0407485643583458,-0.0000000000000001,-0.0355873324919056,-0.0000000000000661,-0.0580024953044008,-0.0000000000003636,3.0272785733374397,3.0072799961,366.818,1398.561,244.6186,-0.1249
1.0406745531167529,-0.0000000000000002,-0.0357644395719186,-0.0000000000007615,-0.0580984346405012,0.0000000000001167,3.0251207113218430,3.0072313786,368.092,1398.896,239.6754,-0.1563
1.0406010785274504,-0.0000000000000000,-0.0359387201631947,-0.0000000000002136,-0.0581919843181625,-0.0000000000002747,3.0229628493062468,3.0071834389,369.345,1399.226,234.8694,-0.1873
1.0405281330257923,-0.0000000000000016,-0.0361102453857759,0.0000000000003816,-0.0582832110851710,-0.0000000000005983,3.0208049872906506,3.0071361633,370.576,1399.551,230.1959,-0.2181
1.0404557091033917,-0.0000000000000000,-0.0362790837701582,-0.0000000000000008,-0.0583721791723970,-0.0000000000000018,3.0186471252750540,3.0070895386,371.787,1399.872,225.6500,-0.2486
1.0403837993144172,-0.0000000000000000,-0.0364453013825715,-0.0000000000000030,-0.0584589504117891,-0.0000000000000050,3.0164892632594578,3.0070435519,372.977,1400.189,221.2274,-0.2787
1.0403123962776506,-0.0000000000000000,-0.0366089619417273,-0.0000000000000000,-0.0585435843443032,0.0000000000000031,3.0143314012438616,3.0069981905,374.147,1400.501,216.9236,-0.3086
1.0402414926816521,-0.0000000000000000,-0.0367701269295247,0.0000000000000024,-0.0586261383252532,0.0000000000000198,3.0121735392282649,3.0069534421,375.297,1400.809,212.7346,-0.3382
1.0401710812879679,-0.0000000000000000,-0.0369288556946586,-0.0000000000000002,-0.0587066676224161,0.0000000000000003,3.0100156772126687,3.0069092948,376.429,1401.113,208.6564,-0.3675
1.0401011549340786,-0.0000000000000000,-0.0370852055505213,-0.0000000000000008,-0.0587852255095441,0.0000000000000000,3.0078578151970721,3.0068657370,377.543,1401.412,204.6853,-0.3964
1.0400317065360425,-0.0000000000000000,-0.0372392318671787,-0.0000000000000012,-0.0588618633544903,0.0000000000000019,3.0056999531814759,3.0068227574,378.638,1401.708,200.8175,-0.4251
1.0399627290906657,-0.0000000000000000,-0.0373909881583595,-0.0000000000000007,-0.0589366307029000,0.0000000000000022,3.0035420911658797,3.0067803448,379.716,1401.999,197.0497,-0.4535
1.0398942156774056,-0.0000000000000000,-0.0375405261634384,-0.0000000000000003,-0.0590095753575412,-0.0000000000000012,3.0013842291502835,3.0067384887,380.776,1402.287,193.3786,-0.4815
1.0398261594599501,-0.0000000000000000,-0.0376878959249296,-0.0000000000000004,-0.0590807434534763,-0.0000000000000018,2.9992263671346868,3.0066971785,381.820,1402.571,189.8008,-0.5093
1.0397585536875085,-0.0000000000000000,-0.0378331458617350,-0.0000000000000010,-0.0591501795294348,-0.0000000000000038,2.9970685051190902,3.0066564040,382.848,1402.851,186.3133,-0.5367
1.0396913916954806,-0.0000000000000000,-0.0379763228383503,-0.0000000000007149,-0.0592179265950660,0.0000000000001095,2.9949106431034940,3.0066161552,383.859,1403.127,182.9132,-0.5639
1.0396246669073448,-0.0000000000000001,-0.0381174722307742,-0.0000000000014931,-0.0592840261966896,0.0000000000007766,2.9927527810878978,3.0065764226,384.856,1403.400,179.5977,-0.5907
1.0395583728350342,-0.0000000000000004,-0.0382566379882297,-0.0000000000012715,-0.0593485184775183,0.0000000000005842,2.9905949190723016,3.0065371966,385.836,1403.669,176.3640,-0.6172
1.0394925030772877,-0.0000000000000000,-0.0383938626922753,-0.0000000000014151,-0.0594114422342892,0.0000000000007153,2.9884370570567049,3.0064984680,386.802,1403.935,173.2094,-0.6434
1.0394270513228088,-0.0000000000000018,-0.0385291876126926,-0.0000000000013206,-0.0594728349751819,0.0000000000006647,2.9862791950411087,3.0064602278,387.754,1404.197,170.1316,-0.6693
1.0393620113479773,-0.0000000000000001,-0.0386626527602598,-0.0000000000022128,-0.0595327329699020,0.0000000000013059,2.9841213330255121,3.0064224674,388.691,1404.457,167.1281,-0.6950
1.0392973770200458,-0.0000000000000007,-0.0387942969378303,-0.0000000000015928,-0.0595911713031997,0.0000000000008843,2.9819634710099159,3.0063851780,389.614,1404.712,164.1965,-0.7203
1.0392331422922041,-0.0000000000000005,-0.0389241577869759,-0.0000000000015654,-0.0596481839173692,0.0000000000008802,2.9798056089943197,3.0063483515,390.524,1404.965,161.3346,-0.7452
1.0391693012072927,-0.0000000000000001,-0.0390522718344751,-0.0000000000018155,-0.0597038036617973,0.0000000000010456,2.9776477469787235,3.0063119796,391.420,1405.214,158.5403,-0.7699
1.0391058478964421,-0.0000000000000000,-0.0391786745352474,-0.0000000000014611,-0.0597580623354669,0.0000000000008099,2.9754898849631268,3.0062760545,392.304,1405.461,155.8115,-0.7943
1.0390427765768047,-0.0000000000000017,-0.0393034003133451,-0.0000000000018474,-0.0598109907258064,0.0000000000010203,2.9733320229475306,3.0062405684,393.174,1405.704,153.1462,-0.8184
1.0389800815549810,0.0000000000000000,-0.0394264826017290,-0.0000000000000014,-0.0598626186525989,-0.0000000000000029,2.9711741609319340,3.0062055137,394.033,1405.944,150.5425,-0.8422
1.0389177572196246,-0.0000000000000000,-0.0395479538785202,0.0000000000000018,-0.0599129749981595,0.0000000000000061,2.9690162989163378,3.0061708830,394.879,1406.181,147.9985,-0.8657
1.0388557980484114,0.0000000000000000,-0.0396678457038682,0.0000000000000002,-0.0599620877510664,-0.0000000000000005,2.9668584369007416,3.0061366692,395.713,1406.416,145.5125,-0.8889
1.0387941986026450,-0.0000000000000000,-0.0397861887532327,-0.0000000000000004,-0.0600099840357502,0.0000000000000004,2.9647005748851449,3.0061028652,396.535,1406.647,143.0827,-0.9118
1.0387329535276020,-0.0000000000000000,-0.0399030128498506,0.0000000000000001,-0.0600566901460325,0.0000000000000098,2.9625427128695487,3.0060694641,397.346,1406.876,140.7074,-0.9344
1.0386720575516328,-0.0000000000000000,-0.0400183469957170,0.0000000000000097,-0.0601022315763652,0.0000000000000455,2.9603848508539521,3.0060364592,398.145,1407.102,138.3852,-0.9566
1.0386115054852225,-0.0000000000000000,-0.0401322194012411,-0.0000000000000003,-0.0601466330516007,0.0000000000000011,2.9582269888383559,3.0060038439,398.934,1407.326,136.1145,-0.9786
1.0385512922201967,-0.0000000000000000,-0.0402446575131120,-0.0000000000000003,-0.0601899185554466,-0.0000000000000021,2.9560691268227597,3.0059716119,399.711,1407.546,133.8937,-1.0004
1.0384914127286000,-0.0000000000000000,-0.0403556880416631,0.0000000000000001,-0.0602321113576839,0.0000000000000010,2.9539112648071635,3.0059397569,400.479,1407.764,131.7214,-1.0218
1.0384318620617832,-0.0000000000000000,-0.0404653369864799,-0.0000000000000002,-0.0602732340401790,0.0000000000000003,2.9517534027915668,3.0059082727,401.235,1407.980,129.5963,-1.0429
1.0383726353493865,-0.0000000000000000,-0.0405736296610720,0.0000000000000001,-0.0603133085218344,0.0000000000000028,2.9495955407759706,3.0058771535,401.982,1408.193,127.5170,-1.0637
1.0383137277968555,-0.0000000000000017,-0.0406805907162424,-0.0000000000024248,-0.0603523560809665,0.0000000000014985,2.9474376787603740,3.0058463932,402.719,1408.403,125.4822,-1.0843
1.0382551346901270,-0.0000000000000017,-0.0407862441638009,-0.0000000000024964,-0.0603903973838370,0.0000000000015671,2.9452798167447778,3.0058159863,403.446,1408.611,123.4908,-1.1046
1.0381968513859434,-0.0000000000000004,-0.0408906133965219,-0.0000000000027467,-0.0604274524979784,0.0000000000017826,2.9431219547291816,3.0057859270,404.163,1408.817,121.5414,-1.1245
1.0381388733169064,-0.0000000000000000,-0.0409937212100844,-0.0000000000027584,-0.0604635409191624,0.0000000000018199,2.9409640927135849,3.0057562101,404.871,1409.020,119.6330,-1.1442
1.0380811959876839,-0.0000000000000027,-0.0410955898224248,-0.0000000000036672,-0.0604986815886785,0.0000000000024196,2.9388062306979887,3.0057268300,405.569,1409.221,117.7644,-1.1637
1.0380238149770344,-0.0000000000000007,-0.0411962408936201,-0.0000000000028966,-0.0605328929162008,0.0000000000018520,2.9366483686823921,3.0056977817,406.259,1409.420,115.9345,-1.1828
1.0379667259316547,-0.0000000000000005,-0.0412956955426985,-0.0000000000029040,-0.0605661927922755,0.0000000000018503,2.9344905066667959,3.0056690599,406.940,1409.616,114.1423,-1.2017
1.0379099245699559,-0.0000000000000004,-0.0413939743666038,-0.0000000000028273,-0.0605985986116957,0.0000000000018499,2.9323326446511997,3.0056406596,407.611,1409.810,112.3867,-1.2203
1.0378534066784146,-0.0000000000000000,-0.0414910974562834,-0.0000000000029007,-0.0606301272874662,0.0000000000018692,2.9301747826356035,3.0056125761,408.275,1410.002,110.6669,-1.2386
1.0377971681112892,-0.0000000000000000,-0.0415870844132106,-0.0000000000029702,-0.0606607952680552,0.0000000000019770,2.9280169206200068,3.0055848044,408.930,1410.192,108.9818,-1.2566
1.0377412047893471,-0.0000000000000017,-0.0416819543646850,-0.0000000000030497,-0.0606906185528019,0.0000000000020686,2.9258590586044106,3.0055573398,409.576,1410.379,107.3305,-1.2744
1.0376855127007514,0.0000000000000000,-0.0417757259792116,-0.0000000000000006,-0.0607196127088743,0.0000000000000028,2.9237011965888140,3.0055301779,410.215,1410.565,105.7121,-1.2919
1.0376300878923297,-0.0000000000000000,-0.0418684174794991,-0.0000000000000002,-0.0607477928780571,0.0000000000000008,2.9215433345732178,3.0055033141,410.845,1410.748,104.1259,-1.3091
1.0375749264799545,0.0000000000000000,-0.0419600466582458,-0.0000000000000007,-0.0607751738020513,-0.0000000000000007,2.9193854725576216,3.0054767439,411.468,1410.930,102.5709,-1.3261
1.0375200246399408,-0.0000000000000000,-0.0420506308900806,0.0000000000000005,-0.0608017698281949,0.0000000000000017,2.9172276105420254,3.0054504632,412.083,1411.109,101.0463,-1.3428
1.0374653786098798,0.0000000000000000,-0.0421401871446487,-0.0000000000000000,-0.0608275949241709,0.0000000000000059,2.9150697485264288,3.0054244676,412.690,1411.287,99.5514,-1.3592
1.0374109846876198,-0.0000000000000000,-0.0422287319988929,0.0000000000000046,-0.0608526626903013,0.0000000000000175,2.9129118865108325,3.0053987530,413.290,1411.462,98.0854,-1.3754
1.0373568392302492,-0.0000000000000000,-0.0423162816488694,0.0000000000000136,-0.0608769863713775,0.0000000000000650,2.9107540244952359,3.0053733154,413.883,1411.636,96.6476,-1.3914
1.0373029386529820,-0.0000000000000000,-0.0424028519213907,0.0000000000000006,-0.0609005788681088,0.0000000000000004,2.9085961624796397,3.0053481508,414.468,1411.808,95.2373,-1.4070
1.0372492794284747,-0.0000000000000000,-0.0424884582842705,0.0000000000000007,-0.0609234527479264,-0.0000000000000020,2.9064383004640435,3.0053232554,415.047,1411.978,93.8538,-1.4225
1.0371958580854839,-0.0000000000000000,-0.0425731158577257,0.0000000000000004,-0.0609456202556825,0.0000000000000012,2.9042804384484469,3.0052986253,415.618,1412.146,92.4964,-1.4376
1.0371426712080907,-0.0000000000000000,-0.0426568394240998,0.0000000000000014,-0.0609670933237138,0.0000000000000011,2.9021225764328507,3.0052742568,416.183,1412.312,91.1645,-1.4526
1.0370897154347090,-0.0000000000000000,-0.0427396434377693,0.0000000000000001,-0.0609878835816497,0.0000000000000007,2.8999647144172540,3.0052501462,416.741,1412.477,89.8574,-1.4672
1.0370369874571295,-0.0000000000000000,-0.0428215420346131,-0.0000000000000036,-0.0610080023657475,0.0000000000000140,2.8978068524016578,3.0052262900,417.292,1412.639,88.5746,-1.4817
1.0369844840173692,-0.0000000000000017,-0.0429025490407207,-0.0000000000035522,-0.0610274607258562,0.0000000000026090,2.8956489903860616,3.0052026846,417.837,1412.800,87.3154,-1.4958
1.0369322019155964,-0.0000000000000000,-0.0429826779827902,-0.0000000000037070,-0.0610462694428193,0.0000000000027154,2.8934911283704654,3.0051793266,418.375,1412.960,86.0793,-1.5098
1.0368801379961894,-0.0000000000000025,-0.0430619420943222,-0.0000000000036958,-0.0610644390239545,0.0000000000027227,2.8913332663548688,3.0051562126,418.907,1413.117,84.8657,-1.5235
1.0368282891551264,-0.0000000000000017,-0.0431403543252494,-0.0000000000038132,-0.0610819797194868,0.0000000000027554,2.8891754043392726,3.0051333394,419.433,1413.273,83.6742,-1.5370
1.0367766523366375,-0.0000000000000028,-0.0432179273492674,-0.0000000000054514,-0.0610989015276203,0.0000000000039895,2.8870175423236759,3.0051107036,419.952,1413.428,82.5041,-1.5502
1.0367252245361716,-0.0000000000000015,-0.0432946735728953,-0.0000000000044238,-0.0611152142067437,0.0000000000032179,2.8848596803080797,3.0050883022,420.466,1413.580,81.3550,-1.5632
1.0366740027919705,-0.0000000000000001,-0.0433706051402308,-0.0000000000040711,-0.0611309272737158,0.0000000000029971,2.8827018182924835,3.0050661318,420.974,1413.731,80.2264,-1.5759
1.0366229841907331,-0.0000000000000003,-0.0434457339422635,-0.0000000000040762,-0.0611460500185004,0.0000000000029652,2.8805439562768869,3.0050441896,421.476,1413.881,79.1177,-1.5885
1.0365721658649276,-0.0000000000000005,-0.0435200716231845,-0.0000000000036190,-0.0611605915088121,0.0000000000026821,2.8783860942612907,3.0050224725,421.972,1414.029,78.0286,-1.6008
1.0365215449906187,-0.0000000000000007,-0.0435936295866265,-0.0000000000036923,-0.0611745605950387,0.0000000000027817,2.8762282322456940,3.0050009775,422.462,1414.175,76.9586,-1.6128
1.0364711187887448,-0.0000000000000000,-0.0436664190026416,-0.0000000000037184,-0.0611879659188744,0.0000000000028134,2.8740703702300978,3.0049797018,422.947,1414.320,75.9072,-1.6247
1.0364208845229039,-0.0000000000000017,-0.0437384508136290,-0.0000000000038155,-0.0612008159178178,0.0000000000028429,2.8719125082145016,3.0049586425,423.427,1414.464,74.8741,-1.6363
1.0363708395016435,0.0000000000000000,-0.0438097357409200,0.0000000000000124,-0.0612131188342386,-0.0000000000000017,2.8697546461989054,3.0049377968,423.901,1414.606,73.8587,-1.6477
1.0363209810676757,-0.0000000000000000,-0.0438802842886492,-0.0000000000000006,-0.0612248827107861,0.0000000000000016,2.8675967841833088,3.0049171621,424.370,1414.746,72.8608,-1.6589
1.0362713066118403,-0.0000000000000000,-0.0439501067524043,-0.0000000000000004,-0.0612361154109172,0.0000000000000012,2.8654389221677126,3.0048967355,424.833,1414.885,71.8798,-1.6699
1.0362218135627199,-0.0000000000000000,-0.0440192132225497,-0.0000000000000006,-0.0612468246142156,0.0000000000000023,2.8632810601521159,3.0048765146,425.292,1415.023,70.9155,-1.6806
1.0361724993882804,-0.0000000000000000,-0.0440876135901464,0.0000000000000004,-0.0612570178240432,0.0000000000000019,2.8611231981365197,3.0048564966,425.745,1415.159,69.9675,-1.6912
1.0361233615951879,-0.0000000000000000,-0.0441553175520262,0.0000000000000001,-0.0612667023724441,0.0000000000000083,2.8589653361209235,3.0048366791,426.193,1415.294,69.0354,-1.7015
1.0360743977281188,0.0000000000000000,-0.0442223346157308,0.0000000000000053,-0.0612758854249564,0.0000000000000178,2.8568074741053273,3.0048170595,426.637,1415.428,68.1188,-1.7116
1.0360256053690828,-0.0000000000000000,-0.0442886741043176,0.0000000000000167,-0.0612845739851955,0.0000000000000527,2.8546496120897307,3.0047976355,427.075,1415.560,67.2174,-1.7215
1.0359769821366509,-0.0000000000000000,-0.0443543451612316,-0.0000000000000002,-0.0612927748994053,0.0000000000000005,2.8524917500741340,3.0047784046,427.509,1415.691,66.3310,-1.7312
1.0359285256856183,-0.0000000000000000,-0.0444193567541481,0.0000000000000002,-0.0613004948606249,-0.0000000000000006,2.8503338880585378,3.0047593644,427.938,1415.821,65.4591,-1.7407
1.0358802337059818,-0.0000000000000000,-0.0444837176801333,0.0000000000000002,-0.0613077404130442,0.0000000000000020,2.8481760260429416,3.0047405127,428.362,1415.949,64.6014,-1.7500
1.0358321039225309,-0.0000000000000000,-0.0445474365694156,-0.0000000000000002,-0.0613145179559631,-0.0000000000000056,2.8460181640273454,3.0047218471,428.782,1416.076,63.7577,-1.7591
1.0357841340941611,-0.0000000000000000,-0.0446105218896349,0.0000000000000002,-0.0613208337476917,-0.0000000000000001,2.8438603020117488,3.0047033655,429.197,1416.202,62.9276,-1.7680
1.0357363220133180,0.0000000000000000,-0.0446729819497094,0.0000000000000085,-0.0613266939094214,0.0000000000000026,2.8417024399961526,3.0046850655,429.607,1416.326,62.1109,-1.7767
1.0356886655053101,-0.0000000000000000,-0.0447348249039093,-0.0000000000000009,-0.0613321044287809,0.0000000000000036,2.8395445779805559,3.0046669451,430.014,1416.449,61.3073,-1.7852
1.0356411624278508,-0.0000000000000000,-0.0447960587552932,0.0000000000000012,-0.0613370711635048,-0.0000000000000023,2.8373867159649597,3.0046490022,430.416,1416.572,60.5164,-1.7935
1.0355938106703768,-0.0000000000000000,-0.0448566913596135,-0.0000000000000003,-0.0613415998447870,0.0000000000000011,2.8352288539493635,3.0046312345,430.813,1416.692,59.7382,-1.8016
1.0355466081535374,-0.0000000000000000,-0.0449167304287088,-0.0000000000000004,-0.0613456960806517,0.0000000000000039,2.8330709919337669,3.0046136402,431.206,1416.812,58.9721,-1.8096
1.0354995528258126,-0.0000000000000011,-0.0449761835335112,-0.0000000000042476,-0.0613493653563464,0.0000000000034023,2.8309131299181707,3.0045962172,431.596,1416.931,58.2181,-1.8173
1.0354526426741757,-0.0000000000000002,-0.0450350581091125,-0.0000000000043566,-0.0613526130486990,0.0000000000034911,2.8287552679025745,3.0045789634,431.981,1417.048,57.4759,-1.8249
1.0354058757069509,-0.0000000000000018,-0.0450933614553766,-0.0000000000043688,-0.0613554444124870,0.0000000000034880,2.8265974058869778,3.0045618770,432.362,1417.164,56.7452,-1.8322
1.0353592499640238,-0.0000000000000017,-0.0451511007418308,-0.0000000000044847,-0.0613578645941136,0.0000000000035985,2.8244395438713816,3.0045449561,432.739,1417.279,56.0258,-1.8394
1.0353127635140509,-0.0000000000000008,-0.0452082830102066,-0.0000000000046490,-0.0613598786322649,0.0000000000037216,2.8222816818557854,3.0045281987,433.112,1417.393,55.3175,-1.8464
1.0352664144539185,-0.0000000000000017,-0.0452649151774803,-0.0000000000045192,-0.0613614914604979,0.0000000000036070,2.8201238198401888,3.0045116030,433.481,1417.506,54.6200,-1.8533
1.0352202009075082,-0.0000000000000000,-0.0453210040386479,-0.0000000000045509,-0.0613627079092470,0.0000000000036059,2.8179659578245926,3.0044951671,433.846,1417.618,53.9332,-1.8599
1.0351741210262582,-0.0000000000000000,-0.0453765562696580,-0.0000000000044640,-0.0613635327093938,0.0000000000035245,2.8158080958089959,3.0044788894,434.207,1417.728,53.2567,-1.8664
1.0351281729879198,-0.0000000000000003,-0.0454315784299018,-0.0000000000044705,-0.0613639704941540,0.0000000000035549,2.8136502337933997,3.0044627680,434.565,1417.838,52.5905,-1.8727
1.0350823549967290,-0.0000000000000000,-0.0454860769650954,-0.0000000000042194,-0.0613640258019660,0.0000000000033923,2.8114923717778035,3.0044468012,434.919,1417.946,51.9343,-1.8788
1.0350366652815439,-0.0000000000000000,-0.0455400582094064,-0.0000000000050760,-0.0613637030774967,0.0000000000039837,2.8093345097622073,3.0044309873,435.269,1418.054,51.2879,-1.8847
1.0349911020987779,-0.0000000000000000,-0.0455935283889795,-0.0000000000045473,-0.0613630066777072,0.0000000000036184,2.8071766477466107,3.0044153246,435.615,1418.160,50.6511,-1.8905
1.0349456637271099,-0.0000000000000015,-0.0456464936228168,-0.0000000000043953,-0.0613619408684146,0.0000000000035144,2.8050187857310145,3.0043998114,435.958,1418.266,50.0238,-1.8961
1.0349003484708290,-0.0000000000000002,-0.0456989599263377,-0.0000000000042865,-0.0613605098309577,0.0000000000034583,2.8028609237154178,3.0043844462,436.298,1418.370,49.4057,-1.9016
1.0348551546578846,-0.0000000000000004,-0.0457509332132281,-0.0000000000043491,-0.0613587176624652,0.0000000000035048,2.8007030616998216,3.0043692274,436.634,1418.473,48.7966,-1.9069
1.0348100806400033,-0.0000000000000000,-0.0458024192977406,-0.0000000000043310,-0.0613565683784595,0.0000000000035037,2.7985451996842254,3.0043541534,436.966,1418.576,48.1965,-1.9120
1.0347651247918113,-0.0000000000000000,-0.0458534238967785,-0.0000000000043705,-0.0613540659144089,0.0000000000035062,2.7963873376686292,3.0043392225,437.296,1418.677,47.6051,-1.9169
1.0347202855111650,-0.0000000000000000,-0.0459039526322408,-0.0000000000037686,-0.0613512141282753,0.0000000000030309,2.7942294756530326,3.0043244334,437.621,1418.778,47.0222,-1.9217
1.0346755612195555,-0.0000000000000000,-0.0459540110330056,0.0000000000000006,-0.0613480168032996,-0.0000000000000011,2.7920716136374359,3.0043097846,437.944,1418.877,46.4478,-1.9264
1.0346309503540343,0.0000000000000000,-0.0460036045358343,0.0000000000000010,-0.0613444776420074,-0.0000000000000029,2.7899137516218397,3.0042952744,438.263,1418.976,45.8815,-1.9309
1.0345864513804393,-0.0000000000000000,-0.0460527384894745,0.0000000000000013,-0.0613406002816651,-0.0000000000000002,2.7877558896062435,3.0042809016,438.579,1419.073,45.3234,-1.9352
1.0345420627832886,-0.0000000000000000,-0.0461014181549730,0.0000000000000009,-0.0613363882862057,0.0000000000000010,2.7855980275906473,3.0042666646,438.891,1419.170,44.7732,-1.9394
1.0344977830679525,-0.0000000000000000,-0.0461496487079406,0.0000000000000011,-0.0613318451504170,0.0000000000000007,2.7834401655750507,3.0042525621,439.201,1419.266,44.2308,-1.9434
1.0344536107603042,0.0000000000000000,-0.0461974352403360,0.0000000000000042,-0.0613269743015864,0.0000000000000126,2.7812823035594545,3.0042385927,439.507,1419.360,43.6960,-1.9473
1.0344095444063677,-0.0000000000000000,-0.0462447827622196,0.0000000000000132,-0.0613217791010494,0.0000000000000346,2.7791244415438578,3.0042247549,439.811,1419.454,43.1688,-1.9510
1.0343655825719880,-0.0000000000000000,-0.0462916962034500,0.0000000000000380,-0.0613162628457146,0.0000000000000991,2.7769665795282616,3.0042110476,440.111,1419.547,42.6489,-1.9545
1.0343217238423368,-0.0000000000000000,-0.0463381804156413,0.0000000000000003,-0.0613104287695930,-0.0000000000000015,2.7748087175126654,3.0041974693,440.408,1419.640,42.1362,-1.9580
1.0342779668220348,-0.0000000000000000,-0.0463842401729176,-0.0000000000000003,-0.0613042800451435,-0.0000000000000014,2.7726508554970688,3.0041840188,440.702,1419.731,41.6306,-1.9612
1.0342343101342908,-0.0000000000000000,-0.0464298801745307,-0.0000000000000001,-0.0612978197847722,0.0000000000000003,2.7704929934814726,3.0041706947,440.993,1419.821,41.1320,-1.9644
1.0341907524208915,-0.0000000000000000,-0.0464751050458085,0.0000000000000001,-0.0612910510421579,0.0000000000000004,2.7683351314658764,3.0041574959,441.282,1419.911,40.6403,-1.9674
1.0341472923418216,-0.0000000000000000,-0.0465199193397979,0.0000000000000010,-0.0612839768135679,-0.0000000000000017,2.7661772694502798,3.0041444210,441.567,1420.000,40.1552,-1.9702
1.0341039285713474,-0.0000000000000000,-0.0465643275382103,-0.0000000000052185,-0.0612766000355074,0.0000000000043673,2.7640194074346836,3.0041314688,441.850,1420.087,39.6768,-1.9729
1.0340606598121240,-0.0000000000000028,-0.0466083340548400,-0.0000000000052709,-0.0612689236005804,0.0000000000044203,2.7618615454190873,3.0041186382,442.129,1420.175,39.2048,-1.9755
1.0340174847733890,-0.0000000000000011,-0.0466519432339839,-0.0000000000052916,-0.0612609503368837,0.0000000000044384,2.7597036834034907,3.0041059280,442.406,1420.261,38.7392,-1.9780
1.0339744021848754,-0.0000000000000000,-0.0466951593537904,-0.0000000000053449,-0.0612526830235827,0.0000000000044885,2.7575458213878945,3.0040933369,442.680,1420.346,38.2799,-1.9803
1.0339314107931603,-0.0000000000000000,-0.0467379866270288,-0.0000000000053939,-0.0612441243887023,0.0000000000045184,2.7553879593722979,3.0040808639,442.952,1420.431,37.8267,-1.9824
1.0338885093613288,-0.0000000000000000,-0.0467804292024768,-0.0000000000052851,-0.0612352771101449,0.0000000000044388,2.7532300973567017,3.0040685077,443.220,1420.515,37.3796,-1.9845
1.0338456966677931,-0.0000000000000003,-0.0468224911659309,-0.0000000000062093,-0.0612261438157713,0.0000000000050781,2.7510722353411055,3.0040562673,443.487,1420.598,36.9384,-1.9864
1.0338029715093566,-0.0000000000000002,-0.0468641765421982,-0.0000000000054230,-0.0612167270883210,0.0000000000045402,2.7489143733255088,3.0040441416,443.750,1420.680,36.5030,-1.9882
1.0337603326954139,-0.0000000000000024,-0.0469054892949564,-0.0000000000051361,-0.0612070294600137,0.0000000000043702,2.7467565113099126,3.0040321295,444.011,1420.761,36.0734,-1.9898
1.0337177790521490,-0.0000000000000004,-0.0469464333290637,-0.0000000000052809,-0.0611970534187373,0.0000000000044460,2.7445986492943164,3.0040202299,444.269,1420.842,35.6494,-1.9913
1.0336753094212998,-0.0000000000000001,-0.0469870124914254,-0.0000000000051759,-0.0611868014078763,0.0000000000044042,2.7424407872787198,3.0040084417,444.524,1420.922,35.2309,-1.9927
1.0336329226588077,-0.0000000000000001,-0.0470272305718253,-0.0000000000052354,-0.0611762758260296,0.0000000000044404,2.7402829252631236,3.0039967640,444.777,1421.001,34.8179,-1.9940
1.0335906176357286,-0.0000000000000000,-0.0470670913042923,-0.0000000000051838,-0.0611654790292412,0.0000000000044253,2.7381250632475274,3.0039851956,445.028,1421.080,34.4102,-1.9952
1.0335483932373193,-0.0000000000000000,-0.0471065983680290,-0.0000000000050739,-0.0611544133311759,0.0000000000043099,2.7359672012319307,3.0039737356,445.276,1421.157,34.0078,-1.9962
1.0335062483665032,0.0000000000000000,-0.0471457553889683,0.0000000000000014,-0.0611430810077574,0.0000000000000027,2.7338093392163345,3.0039623830,445.522,1421.234,33.6105,-1.9971
1.0334641819296662,0.0000000000000000,-0.0471845659388968,0.0000000000000003,-0.0611314842838146,0.0000000000000003,2.7316514772007379,3.0039511368,445.765,1421.311,33.2184,-1.9979
1.0334221928575433,-0.0000000000000000,-0.0472230335392667,0.0000000000000008,-0.0611196253554587,-0.0000000000000057,2.7294936151851417,3.0039399960,446.006,1421.386,32.8312,-1.9986
1.0333802800908207,0.0000000000000000,-0.0472611616602748,0.0000000000000019,-0.0611075063764303,-0.0000000000000051,2.7273357531695455,3.0039289597,446.244,1421.461,32.4490,-1.9991
1.0333384425834791,0.0000000000000000,-0.0472989537222822,0.0000000000000032,-0.0610951294625258,0.0000000000000010,2.7251778911539493,3.0039180269,446.480,1421.535,32.0715,-1.9995
1.0332966793025817,-0.0000000000000000,-0.0473364130967293,0.0000000000000081,-0.0610824966924029,0.0000000000000134,2.7230200291383526,3.0039071968,446.714,1421.608,31.6989,-1.9999
1.0332549892280747,-0.0000000000000000,-0.0473735431070321,0.0000000000000226,-0.0610696101083160,0.0000000000000651,2.7208621671227564,3.0038964683,446.945,1421.681,31.3309,-2.0001
1.0332133713525793,0.0000000000000000,-0.0474103470294544,0.0000000000000662,-0.0610564717168738,0.0000000000001873,2.7187043051071598,3.0038858405,447.174,1421.753,30.9676,-2.0002
1.0331718246809876,-0.0000000000000000,-0.0474468280943768,0.0000000000000011,-0.0610430834897362,-0.0000000000000059,2.7165464430915636,3.0038753127,447.401,1421.824,30.6087,-2.0002
1.0331303482308611,-0.0000000000000000,-0.0474829894859555,-0.0000000000000010,-0.0610294473643764,0.0000000000000055,2.7143885810759674,3.0038648839,447.625,1421.895,30.2543,-2.0001
1.0330889410315214,-0.0000000000000000,-0.0475188343443582,-0.0000000000000007,-0.0610155652447088,0.0000000000000022,2.7122307190603707,3.0038545532,447.848,1421.965,29.9043,-1.9998
1.0330476021242592,-0.0000000000000000,-0.0475543657657796,0.0000000000000012,-0.0610014390017865,-0.0000000000000026,2.7100728570447745,3.0038443199,448.068,1422.034,29.5586,-1.9995
1.0330063305620565,-0.0000000000000000,-0.0475895868033997,0.0000000000000012,-0.0609870704744560,-0.0000000000000034,2.7079149950291783,3.0038341829,448.286,1422.103,29.2172,-1.9991
1.0329651254094074,-0.0000000000000000,-0.0476245004681513,0.0000000000000000,-0.0609724614699864,0.0000000000000021,2.7057571330135817,3.0038241416,448.502,1422.171,28.8799,-1.9985
1.0329239857421337,-0.0000000000000000,-0.0476591097294713,-0.0000000000000000,-0.0609576137647026,0.0000000000000015,2.7035992709979855,3.0038141951,448.715,1422.239,28.5467,-1.9979
1.0328829106472095,-0.0000000000000000,-0.0476934175160382,-0.0000000000000004,-0.0609425291045853,0.0000000000000013,2.7014414089823893,3.0038043426,448.927,1422.305,28.2176,-1.9971
1.0328418992191288,-0.0000000000000006,-0.0477274267160803,-0.0000000000048048,-0.0609272092022608,0.0000000000040809,2.6992835469667926,3.0037945832,449.136,1422.371,27.8925,-1.9963
1.0328009505734839,-0.0000000000000003,-0.0477611401796982,-0.0000000000048999,-0.0609116557519204,0.0000000000041694,2.6971256849511964,3.0037849163,449.343,1422.437,27.5713,-1.9953
1.0327600638263481,-0.0000000000000017,-0.0477945607171670,-0.0000000000049021,-0.0608958704085647,0.0000000000041590,2.6949678229355998,3.0037753409,449.549,1422.502,27.2539,-1.9943
1.0327192381075050,-0.0000000000000017,-0.0478276911011474,-0.0000000000049130,-0.0608798548025312,0.0000000000041994,2.6928099609200036,3.0037658565,449.752,1422.566,26.9403,-1.9931
1.0326784725571603,-0.0000000000000000,-0.0478605340670140,-0.0000000000048859,-0.0608636105367094,0.0000000000041757,2.6906520989044074,3.0037564621,449.953,1422.630,26.6305,-1.9919
1.0326377663255175,-0.0000000000000017,-0.0478930923134244,-0.0000000000049750,-0.0608471391868739,0.0000000000042376,2.6884942368888107,3.0037471570,450.152,1422.693,26.3244,-1.9905
1.0325971185730045,-0.0000000000000005,-0.0479253685030279,-0.0000000000050276,-0.0608304423025909,0.0000000000042793,2.6863363748732145,3.0037379406,450.350,1422.755,26.0219,-1.9891
1.0325565284697928,-0.0000000000000017,-0.0479573652630738,-0.0000000000050004,-0.0608135214073068,0.0000000000042971,2.6841785128576179,3.0037288121,450.545,1422.817,25.7229,-1.9876
1.0325159951949083,-0.0000000000000016,-0.0479890851857738,-0.0000000000061473,-0.0607963779980767,0.0000000000049731,2.6820206508420217,3.0037197707,450.738,1422.878,25.4275,-1.9859
1.0324755179396938,-0.0000000000000005,-0.0480205308297556,-0.0000000000053791,-0.0607790135500302,0.0000000000045363,2.6798627888264255,3.0037108158,450.930,1422.939,25.1355,-1.9842
1.0324350959012956,-0.0000000000000008,-0.0480517047191784,-0.0000000000052100,-0.0607614295097429,0.0000000000044404,2.6777049268108293,3.0037019466,451.119,1422.999,24.8469,-1.9824
1.0323947282880512,-0.0000000000000008,-0.0480826093455628,-0.0000000000051433,-0.0607436273019095,0.0000000000043822,2.6755470647952326,3.0036931625,451.307,1423.058,24.5617,-1.9805
1.0323544143171501,-0.0000000000000005,-0.0481132471678474,-0.0000000000050475,-0.0607256083272338,0.0000000000043261,2.6733892027796364,3.0036844628,451.492,1423.117,24.2798,-1.9786
1.0323141532145601,-0.0000000000000000,-0.0481436206129402,-0.0000000000050689,-0.0607073739630644,0.0000000000043470,2.6712313407640398,3.0036758468,451.676,1423.176,24.0012,-1.9765
1.0322739442154449,-0.0000000000000000,-0.0481737320763632,-0.0000000000048728,-0.0606889255643243,0.0000000000042051,2.6690734787484436,3.0036673138,451.858,1423.233,23.7258,-1.9743
1.0322337865631233,-0.0000000000000000,-0.0482035839226456,-0.0000000000048166,-0.0606702644629577,0.0000000000042016,2.6669156167328474,3.0036588633,452.038,1423.291,23.4535,-1.9721
1.0321936795134006,0.0000000000000000,-0.0482331784863189,0.0000000000000005,-0.0606513919731613,-0.0000000000000027,2.6647577547172512,3.0036504944,452.217,1423.347,23.1844,-1.9698
1.0321536223198147,0.0000000000000000,-0.0482625180708401,0.0000000000000006,-0.0606323093762009,0.0000000000000018,2.6625998927016545,3.0036422067,452.393,1423.403,22.9183,-1.9674
1.0321136142548182,-0.0000000000000000,-0.0482916049513862,0.0000000000000004,-0.0606130179433727,0.0000000000000019,2.6604420306860579,3.0036339994,452.568,1423.459,22.6552,-1.9649
1.0320736545955007,-0.0000000000000000,-0.0483204413738029,0.0000000000000018,-0.0605935189214307,0.0000000000000009,2.6582841686704617,3.0036258720,452.741,1423.514,22.3951,-1.9623
1.0320337426270147,-0.0000000000000000,-0.0483490295554552,0.0000000000000037,-0.0605738135366855,0.0000000000000082,2.6561263066548655,3.0036178239,452.912,1423.568,22.1380,-1.9597
1.0319938776424544,0.0000000000000000,-0.0483773716856811,0.0000000000000135,-0.0605539029953832,0.0000000000000464,2.6539684446392693,3.0036098543,453.082,1423.622,21.8838,-1.9569
1.0319540589427330,-0.0000000000000000,-0.0484054699262428,0.0000000000000427,-0.0605337884840425,0.0000000000001503,2.6518105826236726,3.0036019628,453.250,1423.676,21.6324,-1.9541
1.0319142858363597,-0.0000000000000000,-0.0484333264120174,0.0000000000000003,-0.0605134711697614,-0.0000000000000011,2.6496527206080764,3.0035941487,453.416,1423.729,21.3838,-1.9513
1.0318745576396537,-0.0000000000000000,-0.0484609432507183,0.0000000000000002,-0.0604929522006954,-0.0000000000000009,2.6474948585924802,3.0035864114,453.580,1423.781,21.1380,-1.9483
1.0318348736762328,0.0000000000000000,-0.0484883225241595,-0.0000000000000007,-0.0604722327062120,0.0000000000000020,2.6453369965768836,3.0035787504,453.743,1423.833,20.8949,-1.9453
1.0317952332771272,-0.0000000000000000,-0.0485154662882100,0.0000000000000012,-0.0604513137973163,-0.0000000000000008,2.6431791345612874,3.0035711651,453.904,1423.884,20.6545,-1.9422
1.0317556357806152,-0.0000000000000000,-0.0485423765733023,0.0000000000000001,-0.0604301965669418,-0.0000000000000022,2.6410212725456912,3.0035636549,454.063,1423.935,20.4168,-1.9390
1.0317160805321226,-0.0000000000000000,-0.0485690553848329,0.0000000000000004,-0.0604088820902590,-0.0000000000000004,2.6388634105300945,3.0035562193,454.221,1423.985,20.1817,-1.9357
1.0316765668841146,-0.0000000000000000,-0.0485955047035532,0.0000000000000006,-0.0603873714249747,0.0000000000000004,2.6367055485144983,3.0035488577,454.377,1424.035,19.9492,-1.9324
1.0316370941959923,-0.0000000000000000,-0.0486217264859557,0.0000000000000015,-0.0603656656116356,-0.0000000000000013,2.6345476864989017,3.0035415696,454.532,1424.084,19.7192,-1.9290
1.0315976618339842,-0.0000000000000000,-0.0486477226646547,0.0000000000000016,-0.0603437656739061,-0.0000000000000033,2.6323898244833055,3.0035343545,454.685,1424.133,19.4917,-1.9255
1.0315582691710570,-0.0000000000000000,-0.0486734951487496,0.0000000000000007,-0.0603216726188592,-0.0000000000000008,2.6302319624677093,3.0035272117,454.836,1424.182,19.2667,-1.9220
1.0315189155868048,-0.0000000000000000,-0.0486990458241961,0.0000000000000011,-0.0602993874372503,-0.0000000000000032,2.6280741004521126,3.0035201409,454.986,1424.229,19.0441,-1.9184
1.0314796004637754,-0.0000000000000000,-0.0487243765538140,-0.0000000000047733,-0.0602769110999469,0.0000000000041562,2.6259162384365164,3.0035131414,455.134,1424.277,18.8240,-1.9147
1.0314403232017137,-0.0000000000000013,-0.0487494891790126,-0.0000000000047711,-0.0602542445735546,0.0000000000041599,2.6237583764209198,3.0035062127,455.281,1424.324,18.6062,-1.9110
1.0314010831958527,-0.0000000000000000,-0.0487743855180505,-0.0000000000049006,-0.0602313887975128,0.0000000000042311,2.6216005144053236,3.0034993544,455.426,1424.370,18.3908,-1.9072
1.0313618798515440,-0.0000000000000031,-0.0487990673678228,-0.0000000000049095,-0.0602083447001635,0.0000000000042548,2.6194426523897274,3.0034925660,455.569,1424.416,18.1777,-1.9033
1.0313227125800311,-0.0000000000000000,-0.0488235365037345,-0.0000000000049214,-0.0601851131944909,0.0000000000042299,2.6172847903741312,3.0034858469,455.712,1424.461,17.9668,-1.8994
1.0312835807986791,-0.0000000000000017,-0.0488477946801355,-0.0000000000049552,-0.0601616951787989,0.0000000000042634,2.6151269283585346,3.0034791967,455.852,1424.506,17.7582,-1.8954
1.0312444839309705,-0.0000000000000000,-0.0488718436305256,-0.0000000000049088,-0.0601380915369781,0.0000000000042503,2.6129690663429384,3.0034726148,455.991,1424.551,17.5518,-1.8914
1.0312054214060506,-0.0000000000000014,-0.0488956850679610,-0.0000000000049559,-0.0601143031383225,0.0000000000042733,2.6108112043273417,3.0034661009,456.129,1424.595,17.3476,-1.8872
1.0311663926591024,-0.0000000000000028,-0.0489193206853137,-0.0000000000049802,-0.0600903308383448,0.0000000000042929,2.6086533423117455,3.0034596544,456.265,1424.639,17.1456,-1.8831
1.0311273971309260,-0.0000000000000005,-0.0489427521555768,-0.0000000000049787,-0.0600661754785288,0.0000000000043106,2.6064954802961493,3.0034532749,456.400,1424.682,16.9457,-1.8788
1.0310884342679190,-0.0000000000000027,-0.0489659811321830,-0.0000000000050485,-0.0600418378866898,0.0000000000043417,2.6043376182805531,3.0034469618,456.533,1424.724,16.7479,-1.8745
1.0310495035217135,-0.0000000000000019,-0.0489890092491881,-0.0000000000057792,-0.0600173188768601,0.0000000000047374,2.6021797562649565,3.0034407149,456.665,1424.767,16.5521,-1.8702
1.0310106043510228,-0.0000000000000001,-0.0490118381219466,-0.0000000000053370,-0.0599926192515616,0.0000000000044892,2.6000218942493598,3.0034345335,456.795,1424.808,16.3584,-1.8658
1.0309717362177586,-0.0000000000000001,-0.0490344693466731,-0.0000000000052154,-0.0599677397979356,0.0000000000044303,2.5978640322337636,3.0034284174,456.924,1424.850,16.1668,-1.8613
1.0309328985903234,-0.0000000000000004,-0.0490569045013619,-0.0000000000051455,-0.0599426812915683,0.0000000000044028,2.5957061702181674,3.0034223659,457.052,1424.891,15.9771,-1.8568
1.0308940909421263,-0.0000000000000000,-0.0490791451457354,-0.0000000000052279,-0.0599174444951448,0.0000000000044452,2.5935483082025712,3.0034163787,457.178,1424.931,15.7894,-1.8522
1.0308553127520836,-0.0000000000000000,-0.0491011928217273,-0.0000000000050541,-0.0598920301592931,0.0000000000043312,2.5913904461869746,3.0034104554,457.303,1424.971,15.6036,-1.8476
1.0308165635036204,-0.0000000000000000,-0.0491230490534040,-0.0000000000050907,-0.0598664390217848,0.0000000000043904,2.5892325841713784,3.0034045955,457.426,1425.011,15.4198,-1.8429
1.0307778426857144,-0.0000000000000000,-0.0491447153476820,-0.0000000000050256,-0.0598406718088625,0.0000000000043442,2.5870747221557817,3.0033987987,457.548,1425.050,15.2378,-1.8382
1.0307391497958225,-0.0000000000000000,-0.0491661931944059,0.0000000000000011,-0.0598147292387450,-0.0000000000000050,2.5849168601401855,3.0033930644,457.669,1425.089,15.0577,-1.8334
1.0307004843248964,-0.0000000000000000,-0.0491874840656371,0.0000000000000001,-0.0597886120056065,0.0000000000000014,2.5827589981245893,3.0033873924,457.789,1425.127,14.8795,-1.8286
1.0306618457801922,0.0000000000000000,-0.0492085894177544,0.0000000000000022,-0.0597623208045336,-0.0000000000000006,2.5806011361089927,3.0033817821,457.907,1425.165,14.7030,-1.8237
1.0306232336698622,-0.0000000000000000,-0.0492295106903556,0.0000000000000009,-0.0597358563151034,-0.0000000000000017,2.5784432740933965,3.0033762332,458.023,1425.203,14.5284,-1.8188
1.0305846475067408,-0.0000000000000000,-0.0492502493068386,0.0000000000000012,-0.0597092192056880,0.0000000000000163,2.5762854120778003,3.0033707453,458.139,1425.240,14.3555,-1.8138
1.0305460868082683,-0.0000000000000000,-0.0492708066746202,0.0000000000000110,-0.0596824101336381,0.0000000000000500,2.5741275500622036,3.0033653180,458.253,1425.276,14.1844,-1.8088
1.0305075510964430,-0.0000000000000000,-0.0492911841853448,0.0000000000000388,-0.0596554297454417,0.0000000000001797,2.5719696880466074,3.0033599510,458.366,1425.313,14.0150,-1.8037
1.0304690398976308,-0.0000000000000000,-0.0493113832153548,0.0000000000000000,-0.0596282786768036,0.0000000000000019,2.5698118260310112,3.0033546437,458.477,1425.349,13.8474,-1.7986
1.0304305527428175,-0.0000000000000000,-0.0493314051252497,0.0000000000000015,-0.0596009575529876,-0.0000000000000043,2.5676539640154146,3.0033493959,458.588,1425.384,13.6814,-1.7934
1.0303920891671872,0.0000000000000000,-0.0493512512608532,-0.0000000000000018,-0.0595734669887567,0.0000000000000015,2.5654961019998184,3.0033442072,458.697,1425.419,13.5171,-1.7882
1.0303536487102545,-0.0000000000000000,-0.0493709229530152,-0.0000000000000002,-0.0595458075886246,0.0000000000000036,2.5633382399842222,3.0033390772,458.804,1425.454,13.3544,-1.7830
1.0303152309157635,-0.0000000000000000,-0.0493904215178947,0.0000000000000013,-0.0595179799469936,-0.0000000000000034,2.5611803779686255,3.0033340055,458.911,1425.488,13.1933,-1.7777
1.0302768353316278,-0.0000000000000000,-0.0494097482571748,0.0000000000000006,-0.0594899846482695,0.0000000000000045,2.5590225159530293,3.0033289918,459.016,1425.522,13.0339,-1.7724
1.0302384615098676,-0.0000000000000000,-0.0494289044582496,0.0000000000000013,-0.0594618222670300,-0.0000000000000040,2.5568646539374331,3.0033240358,459.120,1425.556,12.8760,-1.7670
1.0302001090065580,-0.0000000000000000,-0.0494478913944280,0.0000000000000020,-0.0594334933681353,-0.0000000000000059,2.5547067919218365,3.0033191370,459.223,1425.589,12.7198,-1.7616
1.0301617773817660,-0.0000000000000000,-0.0494667103251202,0.0000000000000005,-0.0594049985068710,0.0000000000000006,2.5525489299062403,3.0033142951,459.324,1425.621,12.5650,-1.7561
1.0301234661994960,-0.0000000000000000,-0.0494853624960285,-0.0000000000000008,-0.0593763382290787,0.0000000000000024,2.5503910678906436,3.0033095098,459.425,1425.654,12.4118,-1.7506
1.0300851750276367,-0.0000000000000000,-0.0495038491393336,0.0000000000000011,-0.0593475130712712,-0.0000000000000015,2.5482332058750474,3.0033047807,459.524,1425.686,12.2601,-1.7451
1.0300469034338262,-0.0000000000000017,-0.0495221714735344,-0.0000000000052009,-0.0593185235562902,0.0000000000044633,2.5460753438594512,3.0033001075,459.622,1425.717,12.1099,-1.7395
1.0300086510016939,-0.0000000000000000,-0.0495403307050133,-0.0000000000052006,-0.0592893702113653,0.0000000000044238,2.5439174818438546,3.0032954899,459.719,1425.748,11.9611,-1.7339
1.0299704173064612,-0.0000000000000017,-0.0495583280260565,-0.0000000000051032,-0.0592600535414043,0.0000000000043589,2.5417596198282584,3.0032909274,459.814,1425.779,11.8139,-1.7283
1.0299322019308572,-0.0000000000000015,-0.0495761646165775,-0.0000000000050659,-0.0592305740467071,0.0000000000043377,2.5396017578126622,3.0032864199,459.909,1425.810,11.6680,-1.7226
1.0298940044613036,-0.0000000000000006,-0.0495938416438160,-0.0000000000051930,-0.0592009322189453,0.0000000000043961,2.5374438957970655,3.0032819670,460.002,1425.840,11.5236,-1.7169
1.0298558244881464,-0.0000000000000008,-0.0496113602625362,-0.0000000000050970,-0.0591711285416115,0.0000000000043120,2.5352860337814693,3.0032775683,460.094,1425.870,11.3806,-1.7112
1.0298176616048171,-0.0000000000000007,-0.0496287216152113,-0.0000000000049327,-0.0591411634891779,0.0000000000041650,2.5331281717658731,3.0032732235,460.185,1425.899,11.2390,-1.7054
1.0297795154081562,-0.0000000000000000,-0.0496459268320751,-0.0000000000049706,-0.0591110375276965,0.0000000000041819,2.5309703097502765,3.0032689324,460.275,1425.928,11.0987,-1.6996
1.0297413854987547,-0.0000000000000000,-0.0496629770315213,-0.0000000000049813,-0.0590807511153022,0.0000000000041776,2.5288124477346803,3.0032646945,460.364,1425.957,10.9598,-1.6938
1.0297032714799037,-0.0000000000000000,-0.0496798733198679,-0.0000000000057826,-0.0590503047012822,0.0000000000045631,2.5266545857190836,3.0032605097,460.451,1425.985,10.8223,-1.6879
1.0296651729602755,-0.0000000000000002,-0.0496966167922297,-0.0000000000050658,-0.0590196987289153,0.0000000000041633,2.5244967237034874,3.0032563776,460.538,1426.013,10.6860,-1.6820
1.0296270895489004,-0.0000000000000001,-0.0497132085316924,-0.0000000000047880,-0.0589889336305144,0.0000000000040568,2.5223388616878912,3.0032522978,460.623,1426.040,10.5511,-1.6761
1.0295890208595664,-0.0000000000000001,-0.0497296496101131,-0.0000000000047846,-0.0589580098321513,0.0000000000040437,2.5201809996722946,3.0032482702,460.707,1426.068,10.4175,-1.6701
1.0295509665091895,-0.0000000000000000,-0.0497459410881952,-0.0000000000048691,-0.0589269277520065,0.0000000000040973,2.5180231376566984,3.0032442943,460.791,1426.094,10.2852,-1.6641
1.0295129261178269,-0.0000000000000001,-0.0497620840155591,-0.0000000000048604,-0.0588956878006151,0.0000000000040992,2.5158652756411022,3.0032403700,460.873,1426.121,10.1541,-1.6581
1.0294748993084379,-0.0000000000000000,-0.0497780794307933,-0.0000000000048968,-0.0588642903806923,0.0000000000041058,2.5137074136255055,3.0032364969,460.954,1426.147,10.0243,-1.6521
1.0294368857071305,-0.0000000000000000,-0.0497939283617993,-0.0000000000048866,-0.0588327358875780,0.0000000000040747,2.5115495516099093,3.0032326748,461.034,1426.173,9.8957,-1.6460
1.0293988849429396,-0.0000000000000000,-0.0498096318257268,-0.0000000000048757,-0.0588010247090702,0.0000000000040956,2.5093916895943131,3.0032289033,461.112,1426.198,9.7683,-1.6400
1.0293608966517918,0.0000000000000000,-0.0498251908294996,-0.0000000000000005,-0.0587691572300629,0.0000000000000039,2.5072338275787165,3.0032251822,461.190,1426.224,9.6422,-1.6339
1.0293229204609211,0.0000000000000000,-0.0498406063687387,-0.0000000000000001,-0.0587371338153031,0.0000000000000016,2.5050759655631203,3.0032215112,461.267,1426.248,9.5172,-1.6277
1.0292849560120234,-0.0000000000000000,-0.0498558794297267,-0.0000000000000002,-0.0587049548352089,0.0000000000000021,2.5029181035475236,3.0032178900,461.342,1426.273,9.3935,-1.6216
1.0292470029457708,-0.0000000000000000,-0.0498710109882933,0.0000000000000008,-0.0586726206488554,0.0000000000000054,2.5007602415319274,3.0032143184,461.417,1426.297,9.2709,-1.6154
1.0292090609056304,-0.0000000000000000,-0.0498860020102550,0.0000000000000023,-0.0586401316083171,0.0000000000000114,2.4986023795163312,3.0032107960,461.491,1426.321,9.1494,-1.6092
1.0291711295378303,-0.0000000000000000,-0.0499008534515384,0.0000000000000070,-0.0586074880587537,0.0000000000000436,2.4964445175007350,3.0032073227,461.563,1426.344,9.0292,-1.6030
1.0291332084913223,-0.0000000000000000,-0.0499155662582881,0.0000000000000207,-0.0585746903384933,0.0000000000001616,2.4942866554851384,3.0032038982,461.635,1426.367,8.9100,-1.5968
1.0290952974177419,-0.0000000000000000,-0.0499301413669887,0.0000000000000639,-0.0585417387790989,0.0000000000004749,2.4921287934695422,3.0032005222,461.705,1426.390,8.7920,-1.5905
1.0290573959711955,-0.0000000000000000,-0.0499445797049802,-0.0000000000000005,-0.0585086337053166,0.0000000000000085,2.4899709314539455,3.0031971944,461.774,1426.413,8.6750,-1.5842
1.0290195038086583,-0.0000000000000000,-0.0499588821895739,-0.0000000000001224,-0.0584753754354511,0.0000000000003880,2.4878130694383493,3.0031939146,461.843,1426.435,8.5592,-1.5780
1.0289816205897253,-0.0000000000000000,-0.0499730497287798,0.0000000000000019,-0.0584419642814084,-0.0000000000000078,2.4856552074227531,3.0031906826,461.910,1426.457,8.4445,-1.5717
1.0289437459761097,-0.0000000000000000,-0.0499870832221730,0.0000000000000004,-0.0584084005481510,-0.0000000000000016,2.4834973454071565,3.0031874981,461.977,1426.478,8.3308,-1.5653
1.0289058796323365,-0.0000000000000000,-0.0500009835596620,-0.0000000000000018,-0.0583746845345781,0.0000000000000079,2.4813394833915603,3.0031843608,462.042,1426.499,8.2182,-1.5590
1.0288680212253078,-0.0000000000000000,-0.0500147516223469,0.0000000000000008,-0.0583408165331702,0.0000000000000008,2.4791816213759637,3.0031812705,462.107,1426.520,8.1067,-1.5527
1.0288301704243441,-0.0000000000000000,-0.0500283882824861,0.0000000000000005,-0.0583067968301201,-0.0000000000000046,2.4770237593603674,3.0031782270,462.170,1426.541,7.9961,-1.5463
1.0287923269011536,-0.0000000000000000,-0.0500418944035897,0.0000000000000012,-0.0582726257054223,-0.0000000000000046,2.4748658973447712,3.0031752300,462.233,1426.561,7.8867,-1.5399
1.0287544903297934,-0.0000000000000000,-0.0500552708405388,0.0000000000000009,-0.0582383034329239,-0.0000000000000010,2.4727080353291750,3.0031722793,462.294,1426.581,7.7782,-1.5336
1.0287166603866365,-0.0000000000000000,-0.0500685184396814,0.0000000000000007,-0.0582038302803817,0.0000000000000010,2.4705501733135784,3.0031693747,462.355,1426.601,7.6707,-1.5272
1.0286788367503437,-0.0000000000000000,-0.0500816380389328,-0.0000000000000008,-0.0581692065095368,0.0000000000000052,2.4683923112979822,3.0031665158,462.414,1426.620,7.5643,-1.5208
1.0286410191018205,0.0000000000000000,-0.0500946304678825,0.0000000000000001,-0.0581344323761630,0.0000000000000012,2.4662344492823856,3.0031637026,462.473,1426.639,7.4588,-1.5144
1.0286032071241928,-0.0000000000000000,-0.0501074965478879,0.0000000000000011,-0.0580995081301289,-0.0000000000000053,2.4640765872667894,3.0031609348,462.530,1426.658,7.3543,-1.5079
1.0285654004991318,-0.0000000000000016,-0.0501202370919212,-0.0000000000044947,-0.0580644340113734,0.0000000000036433,2.4619187252511932,3.0031582121,462.587,1426.676,7.2508,-1.5015
1.0285275989213605,-0.0000000000000000,-0.0501328529056689,-0.0000000000045120,-0.0580292102662758,0.0000000000036559,2.4597608632355965,3.0031555343,462.643,1426.694,7.1483,-1.4951
1.0284898020769531,-0.0000000000000016,-0.0501453447861277,-0.0000000000043987,-0.0579938371233969,0.0000000000035700,2.4576030012200003,3.0031529012,462.698,1426.712,7.0467,-1.4886
1.0284520096573524,-0.0000000000000000,-0.0501577135227236,-0.0000000000044055,-0.0579583148092798,0.0000000000035657,2.4554451392044041,3.0031503126,462.752,1426.729,6.9460,-1.4822
1.0284142213563778,-0.0000000000000016,-0.0501699598970217,-0.0000000000044783,-0.0579226435452213,0.0000000000036116,2.4532872771888075,3.0031477683,462.805,1426.746,6.8462,-1.4758
1.0283764368698292,-0.0000000000000016,-0.0501820846830651,-0.0000000000045238,-0.0578868235468527,0.0000000000036287,2.4511294151732113,3.0031452681,462.857,1426.763,6.7474,-1.4693
1.0283386558954697,-0.0000000000000016,-0.0501940886472411,-0.0000000000045464,-0.0578508550242658,0.0000000000036270,2.4489715531576151,3.0031428117,462.908,1426.780,6.6495,-1.4629
1.0283008781330913,-0.0000000000000000,-0.0502059725483765,-0.0000000000045032,-0.0578147381821420,0.0000000000035851,2.4468136911420184,3.0031403989,462.958,1426.796,6.5525,-1.4564
1.0282631032842440,-0.0000000000000000,-0.0502177371380736,-0.0000000000044742,-0.0577784732195162,0.0000000000035517,2.4446558291264222,3.0031380295,463.007,1426.812,6.4564,-1.4500
1.0282253310525296,-0.0000000000000015,-0.0502293831604527,-0.0000000000044771,-0.0577420603302034,0.0000000000035559,2.4424979671108256,3.0031357034,463.056,1426.828,6.3612,-1.4435
1.0281875611433724,-0.0000000000000000,-0.0502409113524434,-0.0000000000045418,-0.0577054997026272,0.0000000000036062,2.4403401050952294,3.0031334203,463.103,1426.843,6.2669,-1.4371
1.0281497932642454,-0.0000000000000000,-0.0502523224439270,-0.0000000000044367,-0.0576687915201384,0.0000000000035213,2.4381822430796332,3.0031311801,463.150,1426.859,6.1734,-1.4307
1.0281120271233264,-0.0000000000000000,-0.0502636171572875,-0.0000000000055982,-0.0576319359597821,0.0000000000038964,2.4360243810640365,3.0031289824,463.196,1426.873,6.0808,-1.4242
1.0280742624335895,-0.0000000000000000,-0.0502747962088844,-0.0000000000050047,-0.0575949331961137,0.0000000000036909,2.4338665190484403,3.0031268272,463.240,1426.888,5.9891,-1.4178
1.0280364989063453,-0.0000000000000030,-0.0502858603071403,-0.0000000000046873,-0.0575577833954568,0.0000000000036135,2.4317086570328441,3.0031247142,463.284,1426.902,5.8982,-1.4114
1.0279987362562160,-0.0000000000000016,-0.0502968101540240,-0.0000000000044447,-0.0575204867204735,0.0000000000034974,2.4295507950172475,3.0031226433,463.327,1426.916,5.8081,-1.4050
1.0279609741993074,-0.0000000000000011,-0.0503076464447935,-0.0000000000043211,-0.0574830433284546,0.0000000000034263,2.4273929330016513,3.0031206142,463.370,1426.930,5.7189,-1.3986
1.0279232124535003,-0.0000000000000001,-0.0503183698680301,-0.0000000000042670,-0.0574454533717731,0.0000000000034050,2.4252350709860551,3.0031186267,463.411,1426.943,5.6305,-1.3922
1.0278854507383481,-0.0000000000000003,-0.0503289811056492,-0.0000000000042482,-0.0574077169978481,0.0000000000033921,2.4230772089704584,3.0031166808,463.451,1426.956,5.5429,-1.3858
1.0278476887750054,-0.0000000000000002,-0.0503394808330790,-0.0000000000042433,-0.0573698343490712,0.0000000000033770,2.4209193469548622,3.0031147761,463.491,1426.969,5.4561,-1.3794
1.0278099262861977,-0.0000000000000000,-0.0503498697192420,-0.0000000000043253,-0.0573318055629074,0.0000000000034141,2.4187614849392656,3.0031129125,463.530,1426.982,5.3701,-1.3731
1.0277721629963761,-0.0000000000000000,-0.0503601484267103,-0.0000000000043569,-0.0572936307720765,0.0000000000034313,2.4166036229236694,3.0031110899,463.568,1426.994,5.2850,-1.3667
1.0277343986350602,0.0000000000000000,-0.0503703176119515,-0.0000000000000006,-0.0572553101084614,0.0000000000000032,2.4144457609080732,3.0031093080,463.605,1427.006,5.2006,-1.3604
1.0276966329187813,-0.0000000000000016,-0.0503803779243254,-0.0000000000043636,-0.0572168436825680,0.0000000000034434,2.4122878988924765,3.0031075666,463.641,1427.018,5.1170,-1.3541
1.0276588655910579,-0.0000000000000000,-0.0503903300084412,-0.0000000000000010,-0.0571782316292161,-0.0000000000000068,2.4101300368768803,3.0031058657,463.676,1427.029,5.0342,-1.3478
1.0276210963714181,-0.0000000000000000,-0.0504001745013918,-0.0000000000000003,-0.0571394740493770,0.0000000000000056,2.4079721748612841,3.0031042050,463.711,1427.041,4.9521,-1.3415
1.0275833249917357,-0.0000000000000000,-0.0504099120348271,-0.0000000000043946,-0.0571005710517506,0.0000000000034331,2.4058143128456875,3.0031025843,463.744,1427.052,4.8708,-1.3353
1.0275455511925851,-0.0000000000000016,-0.0504195432348015,-0.0000000000045740,-0.0570615227486853,0.0000000000035349,2.4036564508300913,3.0031010034,463.777,1427.062,4.7903,-1.3291
1.0275077747091215,-0.0000000000000000,-0.0504290687211646,-0.0000000000000003,-0.0570223292400252,0.0000000000000028,2.4014985888144951,3.0030994623,463.809,1427.073,4.7105,-1.3229
1.0274699952697806,0.0000000000000000,-0.0504384891072914,0.0000000000000026,-0.0569829906117825,-0.0000000000000104,2.3993407267988984,3.0030979608,463.841,1427.083,4.6315,-1.3167
1.0274322126123785,-0.0000000000000016,-0.0504478050013305,-0.0000000000041969,-0.0569435069545153,0.0000000000032438,2.3971828647833022,3.0030964985,463.871,1427.093,4.5532,-1.3106
1.0273944264827517,-0.0000000000000016,-0.0504570170060360,-0.0000000000043243,-0.0569038783618944,0.0000000000033067,2.3950250027677060,3.0030950755,463.900,1427.102,4.4756,-1.3044
1.0273566366213487,-0.0000000000000000,-0.0504661257182296,-0.0000000000000000,-0.0568641049153330,-0.0000000000000016,2.3928671407521094,3.0030936916,463.929,1427.112,4.3988,-1.2984
1.0273188427588065,-0.0000000000000000,-0.0504751317282828,-0.0000000000042906,-0.0568241866790984,0.0000000000033078,2.3907092787365132,3.0030923465,463.957,1427.121,4.3227,-1.2923
1.0272810446523191,-0.0000000000000000,-0.0504840356226252,0.0000000000000002,-0.0567841237419070,-0.0000000000000034,2.3885514167209170,3.0030910401,463.984,1427.130,4.2473,-1.2863
1.0272432420351212,0.0000000000000000,-0.0504928379807105,0.0000000000000015,-0.0567439161591351,-0.0000000000000043,2.3863935547053203,3.0030897723,464.011,1427.138,4.1727,-1.2803
1.0272054346525894,-0.0000000000000016,-0.0505015393771517,-0.0000000000042039,-0.0567035639942565,0.0000000000031834,2.3842356926897241,3.0030885429,464.036,1427.146,4.0987,-1.2744
1.0271676222617745,0.0000000000000000,-0.0505101403819071,0.0000000000000000,-0.0566630673183384,-0.0000000000000002,2.3820778306741275,3.0030873518,464.061,1427.154,4.0255,-1.2685
1.0271298045998274,0.0000000000000000,-0.0505186415582268,0.0000000000000014,-0.0566224261739218,-0.0000000000000044,2.3799199686585313,3.0030861988,464.085,1427.162,3.9530,-1.2626
1.0270919814154882,-0.0000000000000000,-0.0505270434647623,-0.0000000000043693,-0.0565816406111492,0.0000000000032571,2.3777621066429351,3.0030850837,464.108,1427.170,3.8811,-1.2568
1.0270541524697059,-0.0000000000000000,-0.0505353466558010,0.0000000000000005,-0.0565407106884866,0.0000000000000009,2.3756042446273384,3.0030840064,464.130,1427.177,3.8100,-1.2510
1.0270163175027114,-0.0000000000000000,-0.0505435516788550,0.0000000000000017,-0.0564996364351237,-0.0000000000000065,2.3734463826117422,3.0030829667,464.152,1427.184,3.7395,-1.2453
1.0269784762668064,-0.0000000000000000,-0.0505516590771750,-0.0000000000042819,-0.0564584178885002,0.0000000000031867,2.3712885205961460,3.0030819646,464.173,1427.191,3.6697,-1.2397
1.0269406285261571,-0.0000000000000000,-0.0505596693896680,0.0000000000000002,-0.0564170550941974,-0.0000000000000033,2.3691306585805494,3.0030809998,464.193,1427.197,3.6006,-1.2340
1.0269027740243852,-0.0000000000000000,-0.0505675831487778,0.0000000000000021,-0.0563755480687513,-0.0000000000000086,2.3669727965649532,3.0030800722,464.212,1427.204,3.5322,-1.2285
1.0268649125171316,-0.0000000000000000,-0.0505754008828267,-0.0000000000040183,-0.0563338968370557,0.0000000000030673,2.3648149345493570,3.0030791817,464.230,1427.210,3.4645,-1.2230
1.0268270437677018,-0.0000000000000000,-0.0505831231154400,-0.0000000000041247,-0.0562921014275500,0.0000000000031030,2.3626570725337603,3.0030783281,464.248,1427.215,3.3974,-1.2175
1.0267891675338687,-0.0000000000000000,-0.0505907503651944,0.0000000000000013,-0.0562501618569022,-0.0000000000000029,2.3604992105181641,3.0030775113,464.265,1427.221,3.3310,-1.2122
1.0267512835634298,-0.0000000000000000,-0.0505982831451911,-0.0000000000042091,-0.0562080781249855,0.0000000000031403,2.3583413485025675,3.0030767311,464.281,1427.226,3.2653,-1.2069
1.0267133916266535,-0.0000000000000000,-0.0506057219649576,-0.0000000000041020,-0.0561658502523730,0.0000000000030563,2.3561834864869713,3.0030759875,464.297,1427.231,3.2002,-1.2016
1.0266754914837477,-0.0000000000000000,-0.0506130673287144,0.0000000000000011,-0.0561234782428538,-0.0000000000000009,2.3540256244713751,3.0030752802,464.311,1427.236,3.1358,-1.1964
1.0266375828891465,-0.0000000000000000,-0.0506203197356967,0.0000000000000011,-0.0560809620883034,-0.0000000000000015,2.3518677624557784,3.0030746092,464.325,1427.240,3.0720,-1.1914
1.0265996656051164,-0.0000000000000016,-0.0506274796808853,-0.0000000000041239,-0.0560383017845503,0.0000000000030350,2.3497099004401822,3.0030739743,464.339,1427.245,3.0089,-1.1863
1.0265617394054141,-0.0000000000000000,-0.0506345476553597,-0.0000000000000036,-0.0559954973356282,-0.0000000000000652,2.3475520384245860,3.0030733753,464.351,1427.249,2.9465,-1.1814
1.0265238040436608,-0.0000000000000000,-0.0506415241441880,0.0000000000000020,-0.0559525487172422,-0.0000000000000099,2.3453941764089894,3.0030728122,464.363,1427.253,2.8847,-1.1766
1.0264858592845896,-0.0000000000000000,-0.0506484096290873,-0.0000000000041478,-0.0559094559128396,0.0000000000030384,2.3432363143933932,3.0030722848,464.374,1427.256,2.8236,-1.1718
1.0264479049012905,-0.0000000000000000,-0.0506552045873789,-0.0000000000039877,-0.0558662189106539,0.0000000000029613,2.3410784523777970,3.0030717929,464.384,1427.259,2.7631,-1.1672
1.0264099406600091,-0.0000000000000000,-0.0506619094916145,-0.0000000000000002,-0.0558228376860484,-0.0000000000000492,2.3389205903622003,3.0030713366,464.393,1427.263,2.7032,-1.1626
1.0263719663214277,-0.0000000000000000,-0.0506685248096805,-0.0000000000000004,-0.0557793122029457,0.0000000000000016,2.3367627283466041,3.0030709155,464.402,1427.265,2.6440,-1.1581
1.0263339816571215,-0.0000000000000000,-0.0506750510058505,0.0000000000000023,-0.0557356424330478,-0.0000000000000094,2.3346048663310079,3.0030705297,464.410,1427.268,2.5855,-1.1538
1.0262959864323995,-0.0000000000000001,-0.0506814885395938,-0.0000000000042804,-0.0556918283359472,0.0000000000030824,2.3324470043154113,3.0030701790,464.417,1427.270,2.5276,-1.1495
1.0262579804243632,-0.0000000000000016,-0.0506878378668313,-0.0000000000042892,-0.0556478698801006,0.0000000000030542,2.3302891422998151,3.0030698632,464.424,1427.273,2.4703,-1.1454
1.0262199634035056,0.0000000000000000,-0.0506940994389002,-0.0000000000000046,-0.0556037670215321,-0.0000000000000061,2.3281312802842185,3.0030695822,464.430,1427.274,2.4137,-1.1414
1.0261819351336352,-0.0000000000000000,-0.0507002737025161,0.0000000000000005,-0.0555595197037129,-0.0000000000000003,2.3259734182686223,3.0030693360,464.435,1427.276,2.3577,-1.1375
1.0261438953902970,-0.0000000000000000,-0.0507063611010631,0.0000000000000008,-0.0555151278790266,-0.0000000000000013,2.3238155562530260,3.0030691244,464.439,1427.278,2.3024,-1.1338
1.0261058439426467,-0.0000000000000009,-0.0507123620733342,-0.0000000000039857,-0.0554705914877596,0.0000000000028069,2.3216576942374294,3.0030689472,464.443,1427.279,2.2477,-1.1302
1.0260677805708036,-0.0000000000000000,-0.0507182770547363,-0.0000000000040247,-0.0554259104782796,0.0000000000028497,2.3194998322218332,3.0030688045,464.446,1427.280,2.1937,-1.1267
1.0260297050454266,-0.0000000000000000,-0.0507241064761983,-0.0000000000037758,-0.0553810847832722,0.0000000000026555,2.3173419702062370,3.0030686959,464.448,1427.280,2.1403,-1.1234
1.0259916171439289,-0.0000000000000000,-0.0507298507649128,0.0000000000000013,-0.0553361143387412,0.0000000000000238,2.3151841081906404,3.0030686215,464.450,1427.281,2.0876,-1.1202
1.0259535166351279,-0.0000000000000000,-0.0507355103437053,0.0000000000000006,-0.0552909990660848,-0.0000000000000026,2.3130262461750442,3.0030685812,464.450,1427.281,2.0356,-1.1172
1.0259154032980613,-0.0000000000000000,-0.0507410856320568,0.0000000000000004,-0.0552457388940374,-0.0000000000000012,2.3108683841594480,3.0030685747,464.451,1427.281,1.9841,-1.1144
1.0258772769090685,-0.0000000000000000,-0.0507465770454606,-0.0000000000000006,-0.0552003337436663,0.0000000000000112,2.3087105221438513,3.0030686021,464.450,1427.281,1.9334,-1.1117
1.0258391372417655,-0.0000000000000011,-0.0507519849954391,-0.0000000000037677,-0.0551547835283632,0.0000000000026310,2.3065526601282551,3.0030686632,464.449,1427.281,1.8833,-1.1092
1.0258009840801321,-0.0000000000000001,-0.0507573098901633,-0.0000000000039090,-0.0551090881691733,0.0000000000026871,2.3043947981126589,3.0030687578,464.447,1427.280,1.8339,-1.1069
1.0257628171991982,-0.0000000000000001,-0.0507625521338085,-0.0000000000037334,-0.0550632475721681,0.0000000000026146,2.3022369360970623,3.0030688859,464.444,1427.279,1.7851,-1.1049
1.0257246363770232,-0.0000000000000000,-0.0507677121266646,-0.0000000000039362,-0.0550172616426589,0.0000000000026721,2.3000790740814661,3.0030690474,464.441,1427.278,1.7371,-1.1030
1.0256864413964759,0.0000000000000000,-0.0507727902659092,0.0000000000000011,-0.0549711302870382,-0.0000000000000037,2.2979212120658694,3.0030692421,464.437,1427.277,1.6897,-1.1013
1.0256482320301084,-0.0000000000000000,-0.0507777869442666,0.0000000000000013,-0.0549248533953659,-0.0000000000000058,2.2957633500502732,3.0030694701,464.432,1427.275,1.6430,-1.0999
1.0256100080613564,-0.0000000000000000,-0.0507827025515434,-0.0000000000000004,-0.0548784308660294,0.0000000000000042,2.2936054880346770,3.0030697310,464.427,1427.273,1.5969,-1.0986
1.0255717692706980,0.0000000000000000,-0.0507875374737688,0.0000000000000003,-0.0548318625896379,0.0000000000000006,2.2914476260190804,3.0030700250,464.420,1427.271,1.5516,-1.0977
1.0255335154390526,-0.0000000000000000,-0.0507922920934427,0.0000000000000008,-0.0547851484530130,-0.0000000000000017,2.2892897640034842,3.0030703518,464.414,1427.269,1.5070,-1.0970
1.0254952463444058,-0.0000000000000000,-0.0507969667893767,-0.0000000000038138,-0.0547382883352323,0.0000000000026009,2.2871319019878880,3.0030707113,464.406,1427.267,1.4630,-1.0965
1.0254569617752542,-0.0000000000000001,-0.0508015619374752,-0.0000000000038174,-0.0546912821234698,0.0000000000025801,2.2849740399722913,3.0030711035,464.398,1427.264,1.4198,-1.0963
1.0254186615104202,-0.0000000000000003,-0.0508060779096309,-0.0000000000038075,-0.0546441296892779,0.0000000000025745,2.2828161779566951,3.0030715283,464.389,1427.261,1.3773,-1.0964
1.0253803453323902,-0.0000000000000000,-0.0508105150745298,-0.0000000000038457,-0.0545968309042865,0.0000000000025830,2.2806583159410989,3.0030719855,464.380,1427.258,1.3355,-1.0968
1.0253420130242588,-0.0000000000000015,-0.0508148737974524,-0.0000000000037438,-0.0545493856366501,0.0000000000025443,2.2785004539255023,3.0030724751,464.370,1427.255,1.2945,-1.0975
1.0253036643724187,-0.0000000000000000,-0.0508191544405653,0.0000000000000003,-0.0545017937542164,0.0000000000000004,2.2763425919099061,3.0030729970,464.359,1427.251,1.2542,-1.0985
1.0252652991539331,-0.0000000000000000,-0.0508233573621060,-0.0000000000000000,-0.0544540551096776,0.0000000000000049,2.2741847298943094,3.0030735510,464.347,1427.248,1.2147,-1.0999
1.0252269171560700,-0.0000000000000000,-0.0508274829175973,-0.0000000000000007,-0.0544061695635897,0.0000000000000068,2.2720268678787132,3.0030741371,464.335,1427.244,1.1759,-1.1016
1.0251885181630780,0.0000000000000000,-0.0508315314591132,-0.0000000000000009,-0.0543581369688338,0.0000000000000115,2.2698690058631170,3.0030747552,464.322,1427.239,1.1379,-1.1036
1.0251501019595088,-0.0000000000000000,-0.0508355033354906,0.0000000000000008,-0.0543099571745333,-0.0000000000000014,2.2677111438475204,3.0030754053,464.309,1427.235,1.1006,-1.1060
1.0251116683266999,-0.0000000000000016,-0.0508393988921781,-0.0000000000039256,-0.0542616300219116,0.0000000000025312,2.2655532818319242,3.0030760871,464.295,1427.231,1.0642,-1.1088
1.0250732170568437,-0.0000000000000003,-0.0508432184719644,-0.0000000000038292,-0.0542131553609532,0.0000000000024712,2.2633954198163280,3.0030768006,464.280,1427.226,1.0285,-1.1120
1.0250347479318049,-0.0000000000000001,-0.0508469624139725,-0.0000000000036120,-0.0541645330253511,0.0000000000023544,2.2612375578007313,3.0030775458,464.264,1427.221,0.9936,-1.1155
1.0249962607368075,-0.0000000000000000,-0.0508506310543530,-0.0000000000037009,-0.0541157628487565,0.0000000000023744,2.2590796957851351,3.0030783225,464.248,1427.215,0.9596,-1.1195
1.0249577552580036,-0.0000000000000015,-0.0508542247262269,-0.0000000000036676,-0.0540668446618273,0.0000000000023536,2.2569218337695389,3.0030791307,464.232,1427.210,0.9263,-1.1239
1.0249192312845834,0.0000000000000000,-0.0508577437597292,-0.0000000000000002,-0.0540177782948648,0.0000000000000012,2.2547639717539423,3.0030799703,464.214,1427.204,0.8939,-1.1288
1.0248806885962738,-0.0000000000000000,-0.0508611884813860,-0.0000000000000009,-0.0539685635629746,0.0000000000000075,2.2526061097383461,3.0030808411,464.196,1427.198,0.8623,-1.1341
1.0248421269827304,-0.0000000000000000,-0.0508645592153184,-0.0000000000000003,-0.0539192002889763,0.0000000000000022,2.2504482477227499,3.0030817431,464.177,1427.192,0.8316,-1.1398
1.0248035462305218,-0.0000000000000000,-0.0508678562824313,0.0000000000000014,-0.0538696882880903,-0.0000000000000003,2.2482903857071532,3.0030826763,464.158,1427.186,0.8017,-1.1461
1.0247649461263679,0.0000000000000000,-0.0508710800006594,0.0000000000000010,-0.0538200273717488,-0.0000000000000036,2.2461325236915570,3.0030836405,464.138,1427.180,0.7727,-1.1528
1.0247263264541027,-0.0000000000000014,-0.0508742306848051,-0.0000000000033772,-0.0537702173440306,0.0000000000021064,2.2439746616759604,3.0030846357,464.117,1427.173,0.7445,-1.1599
1.0246876870067854,-0.0000000000000001,-0.0508773086472754,-0.0000000000033476,-0.0537202580159788,0.0000000000020763,2.2418167996603642,3.0030856617,464.096,1427.166,0.7172,-1.1676
1.0246490275684987,-0.0000000000000001,-0.0508803141970230,-0.0000000000032839,-0.0536701491841142,0.0000000000020537,2.2396589376447680,3.0030867185,464.074,1427.159,0.6907,-1.1758
1.0246103479262691,-0.0000000000000000,-0.0508832476402968,-0.0000000000033856,-0.0536198906445378,0.0000000000020864,2.2375010756291713,3.0030878061,464.051,1427.151,0.6652,-1.1845
1.0245716478675679,-0.0000000000000000,-0.0508861092805166,-0.0000000000034099,-0.0535694821899533,0.0000000000020816,2.2353432136135751,3.0030889242,464.028,1427.144,0.6405,-1.1937
1.0245329271796817,-0.0000000000000000,-0.0508888994182653,-0.0000000000034351,-0.0535189236089741,0.0000000000021058,2.2331853515979789,3.0030900730,464.004,1427.136,0.6166,-1.2034
1.0244941856531287,0.0000000000000000,-0.0508916183514462,-0.0000000000000007,-0.0534682146901720,0.0000000000000067,2.2310274895823823,3.0030912522,463.980,1427.128,0.5937,-1.2136
1.0244554230691361,-0.0000000000000000,-0.0508942663746756,0.0000000000000018,-0.0534173552072282,-0.0000000000000089,2.2288696275667861,3.0030924618,463.955,1427.120,0.5716,-1.2244
1.0244166392182681,0.0000000000000000,-0.0508968437803119,-0.0000000000000025,-0.0533663449410465,0.0000000000000131,2.2267117655511899,3.0030937018,463.929,1427.112,0.5504,-1.2356
1.0243778338880076,-0.0000000000000000,-0.0508993508577922,0.0000000000000014,-0.0533151836650271,-0.0000000000000084,2.2245539035355932,3.0030949720,463.903,1427.103,0.5300,-1.2474
1.0243390068658427,-0.0000000000000000,-0.0509017878938233,0.0000000000000011,-0.0532638711487363,-0.0000000000000047,2.2223960415199970,3.0030962725,463.876,1427.094,0.5105,-1.2597
1.0243001579359454,-0.0000000000000030,-0.0509041551722021,-0.0000000000036524,-0.0532124071539921,0.0000000000021467,2.2202381795044008,3.0030976030,463.848,1427.085,0.4919,-1.2725
1.0242612868924583,-0.0000000000000016,-0.0509064529746453,-0.0000000000035158,-0.0531607914505879,0.0000000000020860,2.2180803174888042,3.0030989636,463.820,1427.076,0.4740,-1.2857
1.0242223935192187,-0.0000000000000003,-0.0509086815795847,-0.0000000000035844,-0.0531090237923338,0.0000000000020749,2.2159224554732080,3.0031003541,463.791,1427.067,0.4571,-1.2995
1.0241834776038452,-0.0000000000000001,-0.0509108412630736,-0.0000000000034885,-0.0530571039336544,0.0000000000020390,2.2137645934576113,3.0031017746,463.761,1427.057,0.4409,-1.3138
1.0241445389334136,-0.0000000000000000,-0.0509129322983747,-0.0000000000035288,-0.0530050316245972,0.0000000000020577,2.2116067314420151,3.0031032248,463.731,1427.047,0.4255,-1.3285
1.0241055772952752,-0.0000000000000015,-0.0509149549563258,-0.0000000000035023,-0.0529528066117192,0.0000000000020062,2.2094488694264189,3.0031047049,463.700,1427.037,0.4109,-1.3437
1.0240665924796184,-0.0000000000000000,-0.0509169095052827,-0.0000000000000017,-0.0529004286411445,0.0000000000000128,2.2072910074108223,3.0031062146,463.669,1427.027,0.3971,-1.3594
1.0240275842671112,-0.0000000000000000,-0.0509187962104309,0.0000000000000003,-0.0528478974439495,-0.0000000000000018,2.2051331453952261,3.0031077540,463.637,1427.017,0.3841,-1.3754
1.0239885524477992,-0.0000000000000000,-0.0509206153350218,0.0000000000000015,-0.0527952127585566,-0.0000000000000069,2.2029752833796299,3.0031093229,463.604,1427.006,0.3718,-1.3919
1.0239494968084168,-0.0000000000000000,-0.0509223671395664,0.0000000000000020,-0.0527423743156912,-0.0000000000000055,2.2008174213640332,3.0031109214,463.571,1426.995,0.3602,-1.4088
1.0239104171355484,-0.0000000000000000,-0.0509240518820588,0.0000000000000009,-0.0526893818421445,-0.0000000000000017,2.1986595593484370,3.0031125492,463.537,1426.984,0.3493,-1.4261
1.0238713132156128,-0.0000000000000000,-0.0509256698179947,0.0000000000000015,-0.0526362350607541,-0.0000000000000054,2.1965016973328408,3.0031142065,463.503,1426.973,0.3391,-1.4438
1.0238321848348568,-0.0000000000000000,-0.0509272212003887,0.0000000000000010,-0.0525829336903940,0.0000000000000034,2.1943438353172442,3.0031158930,463.468,1426.962,0.3295,-1.4618
1.0237930317762813,-0.0000000000000021,-0.0509287062796328,-0.0000000000033000,-0.0525294774423223,0.0000000000018135,2.1921859733016480,3.0031176088,463.432,1426.950,0.3206,-1.4801
1.0237538538318161,-0.0000000000000024,-0.0509301253041451,-0.0000000000033179,-0.0524758660347302,0.0000000000018466,2.1900281112860513,3.0031193537,463.396,1426.938,0.3124,-1.4988
1.0237146507840893,-0.0000000000000013,-0.0509314785194676,-0.0000000000032813,-0.0524220991709265,0.0000000000018128,2.1878702492704551,3.0031211278,463.359,1426.926,0.3047,-1.5178
1.0236754224185474,-0.0000000000000010,-0.0509327661688114,-0.0000000000031947,-0.0523681765539086,0.0000000000017310,2.1857123872548589,3.0031229310,463.322,1426.914,0.2976,-1.5370
1.0236361685201136,-0.0000000000000001,-0.0509339884930607,-0.0000000000032739,-0.0523140978822679,0.0000000000017535,2.1835545252392623,3.0031247631,463.283,1426.902,0.2911,-1.5565
1.0235968888740234,-0.0000000000000000,-0.0509351457307508,-0.0000000000030923,-0.0522598628511914,0.0000000000016532,2.1813966632236661,3.0031266242,463.245,1426.889,0.2851,-1.5763
1.0235575832645372,-0.0000000000000015,-0.0509362381178879,-0.0000000000031661,-0.0522054711511222,0.0000000000017096,2.1792388012080699,3.0031285141,463.205,1426.877,0.2796,-1.5962
1.0235182514791432,0.0000000000000000,-0.0509372658885098,-0.0000000000000008,-0.0521509224724933,-0.0000000000000110,2.1770809391924733,3.0031304329,463.165,1426.864,0.2747,-1.6164
1.0234788932959973,-0.0000000000000000,-0.0509382292736039,0.0000000000000011,-0.0520962164909219,-0.0000000000000032,2.1749230771768771,3.0031323804,463.125,1426.850,0.2702,-1.6368
1.0234395085017165,-0.0000000000000000,-0.0509391285025255,-0.0000000000000001,-0.0520413528883887,0.0000000000000023,2.1727652151612808,3.0031343567,463.084,1426.837,0.2662,-1.6574
1.0234000968797143,-0.0000000000000000,-0.0509399638020513,0.0000000000000006,-0.0519863313393382,0.0000000000000009,2.1706073531456842,3.0031363616,463.042,1426.824,0.2626,-1.6781
1.0233606582130494,-0.0000000000000000,-0.0509407353966942,0.0000000000000002,-0.0519311515140549,0.0000000000000007,2.1684494911300880,3.0031383951,463.000,1426.810,0.2595,-1.6990
1.0233211922844232,-0.0000000000000000,-0.0509414435086876,-0.0000000000000002,-0.0518758130786827,0.0000000000000036,2.1662916291144918,3.0031404572,462.957,1426.796,0.2568,-1.7200
1.0232816988761708,-0.0000000000000000,-0.0509420883580031,0.0000000000000002,-0.0518203156952021,0.0000000000000055,2.1641337670988952,3.0031425477,462.913,1426.782,0.2544,-1.7411
1.0232421777702485,-0.0000000000000000,-0.0509426701623612,-0.0000000000000000,-0.0517646590214071,0.0000000000000068,2.1619759050832990,3.0031446667,462.869,1426.767,0.2525,-1.7623
1.0232026287453075,-0.0000000000000015,-0.0509431891370640,-0.0000000000031208,-0.0517088427074184,0.0000000000015766,2.1598180430677023,3.0031468140,462.825,1426.753,0.2509,-1.7836
1.0231630515882306,-0.0000000000000003,-0.0509436454957222,-0.0000000000032266,-0.0516528664094934,0.0000000000016106,2.1576601810521061,3.0031489897,462.779,1426.738,0.2496,-1.8049
1.0231234460769005,-0.0000000000000001,-0.0509440394492428,-0.0000000000033378,-0.0515967297693498,0.0000000000016346,2.1555023190365099,3.0031511937,462.733,1426.723,0.2487,-1.8264
1.0230838119917833,-0.0000000000000003,-0.0509443712065268,-0.0000000000032421,-0.0515404324280735,0.0000000000015951,2.1533444570209133,3.0031534259,462.687,1426.708,0.2481,-1.8478
1.0230441491124236,-0.0000000000000002,-0.0509446409741658,-0.0000000000033078,-0.0514839740219811,0.0000000000016075,2.1511865950053171,3.0031556863,462.640,1426.693,0.2478,-1.8694
1.0230044572185024,-0.0000000000000001,-0.0509448489568044,-0.0000000000031151,-0.0514273541837036,0.0000000000015114,2.1490287329897209,3.0031579748,462.592,1426.678,0.2478,-1.8909
1.0229647360885890,-0.0000000000000000,-0.0509449953566227,-0.0000000000031352,-0.0513705725409321,0.0000000000014999,2.1468708709741242,3.0031602914,462.544,1426.662,0.2480,-1.9124
1.0229249855013012,-0.0000000000000000,-0.0509450803739347,-0.0000000000030525,-0.0513136287175616,0.0000000000014547,2.1447130089585280,3.0031626361,462.495,1426.646,0.2485,-1.9340
1.0228852052372548,-0.0000000000000000,-0.0509451042069721,0.0000000000000011,-0.0512565223362076,-0.0000000000000048,2.1425551469429318,3.0031650087,462.446,1426.630,0.2493,-1.9555
1.0228453950652565,-0.0000000000000015,-0.0509450670511035,-0.0000000000030734,-0.0511992530015108,0.0000000000014124,2.1403972849273352,3.0031674093,462.396,1426.614,0.2503,-1.9771
1.0228055547737509,-0.0000000000000000,-0.0509449691008882,-0.0000000000000021,-0.0511418203380181,0.0000000000000125,2.1382394229117390,3.0031698377,462.345,1426.597,0.2516,-1.9986
1.0227656841273132,-0.0000000000000000,-0.0509448105473252,-0.0000000000031611,-0.0510842239377542,0.0000000000014438,2.1360815608961428,3.0031722940,462.294,1426.581,0.2531,-2.0201
1.0227257829106269,-0.0000000000000000,-0.0509445915807131,-0.0000000000029945,-0.0510264634131497,0.0000000000013769,2.1339236988805461,3.0031747782,462.242,1426.564,0.2548,-2.0415
1.0226858508956458,-0.0000000000000000,-0.0509443123883316,-0.0000000000030044,-0.0509685383576639,0.0000000000013731,2.1317658368649499,3.0031772900,462.190,1426.547,0.2566,-2.0629
1.0226458878570532,-0.0000000000000000,-0.0509439731557382,-0.0000000000029677,-0.0509104483641547,0.0000000000013619,2.1296079748493533,3.0031798296,462.137,1426.530,0.2587,-2.0843
1.0226058935715696,0.0000000000000000,-0.0509435740665456,0.0000000000000013,-0.0508521930242162,-0.0000000000000033,2.1274501128337571,3.0031823969,462.083,1426.513,0.2610,-2.1055
1.0225658678069245,-0.0000000000000000,-0.0509431153017642,-0.0000000000000001,-0.0507937719148087,0.0000000000000043,2.1252922508181609,3.0031849918,462.029,1426.495,0.2634,-2.1267
1.0225258103386197,-0.0000000000000000,-0.0509425970409518,0.0000000000000009,-0.0507351846184700,-0.0000000000000026,2.1231343888025642,3.0031876143,461.974,1426.477,0.2660,-2.1479
1.0224857209358584,-0.0000000000000000,-0.0509420194612453,-0.0000000000029882,-0.0506764307063260,0.0000000000012915,2.1209765267869680,3.0031902643,461.919,1426.459,0.2688,-2.1689
1.0224455993758028,-0.0000000000000014,-0.0509413827383391,-0.0000000000028943,-0.0506175097553267,0.0000000000012976,2.1188186647713718,3.0031929418,461.863,1426.441,0.2717,-2.1899
1.0224054454261182,-0.0000000000000014,-0.0509406870453867,-0.0000000000028634,-0.0505584213271245,0.0000000000011789,2.1166608027557752,3.0031956468,461.807,1426.423,0.2748,-2.2108
1.0223652588568732,-0.0000000000000014,-0.0509399325536946,-0.0000000000028356,-0.0504991649824337,0.0000000000012392,2.1145029407401790,3.0031983792,461.750,1426.405,0.2780,-2.2316
1.0223250394401358,-0.0000000000000000,-0.0509391194326694,-0.0000000000000009,-0.0504397402806567,0.0000000000000078,2.1123450787245828,3.0032011391,461.692,1426.386,0.2814,-2.2523
1.0222847869389968,-0.0000000000000000,-0.0509382478493711,0.0000000000000000,-0.0503801467663820,0.0000000000000043,2.1101872167089861,3.0032039262,461.634,1426.367,0.2849,-2.2729
1.0222445011240247,-0.0000000000000000,-0.0509373179693196,0.0000000000000015,-0.0503203839894611,-0.0000000000000054,2.1080293546933899,3.0032067407,461.575,1426.348,0.2885,-2.2934
1.0222041817594880,-0.0000000000000014,-0.0509363299557153,-0.0000000000029356,-0.0502604514882542,0.0000000000011801,2.1058714926777937,3.0032095824,461.516,1426.329,0.2922,-2.3138
1.0221638286172798,-0.0000000000000000,-0.0509352839703489,-0.0000000000030147,-0.0502003488064758,0.0000000000012542,2.1037136306621971,3.0032124514,461.456,1426.310,0.2960,-2.3340
1.0221234414602840,-0.0000000000000014,-0.0509341801726432,-0.0000000000029029,-0.0501400754730266,0.0000000000011712,2.1015557686466009,3.0032153476,461.396,1426.290,0.3000,-2.3542
1.0220830200558164,0.0000000000000000,-0.0509330187202387,0.0000000000000005,-0.0500796310183796,0.0000000000000011,2.0993979066310042,3.0032182709,461.334,1426.270,0.3040,-2.3742
1.0220425641623010,-0.0000000000000000,-0.0509317997683735,-0.0000000000000029,-0.0500190149582785,0.0000000000000206,2.0972400446154080,3.0032212214,461.273,1426.250,0.3082,-2.3941
1.0220020735456081,-0.0000000000000000,-0.0509305234709463,0.0000000000000005,-0.0499582268135857,-0.0000000000000006,2.0950821825998118,3.0032241990,461.211,1426.230,0.3124,-2.4139
1.0219615479679800,-0.0000000000000000,-0.0509291899797307,0.0000000000000016,-0.0498972660968494,-0.0000000000000062,2.0929243205842152,3.0032272036,461.148,1426.210,0.3168,-2.4336
1.0219209871881125,-0.0000000000000010,-0.0509277994444058,-0.0000000000027462,-0.0498361323123684,0.0000000000010763,2.0907664585686190,3.0032302353,461.085,1426.189,0.3212,-2.4531
