x0_n,y0_n,z0_n,xd0_n,yd0_n,zd0_n,Tp,JC,L2ExcessVelocity_mps,landingVelocity_mps,stabilityIndex1,stabilityIndex2...,error_tol=1e-12,n_Nodes=8,stepsize=1.0
1.0414927780154766,-0.0000000000000000,0.0000000001692972,-0.0000000000005602,-0.0000000651323212,0.0001888910408837,3.2379073254627548,3.0142621367,0.829,1349.599,2467.8921,1.9444
1.0414928096868585,-0.0000000000000000,-0.0000000000000122,0.0000000000000018,-0.0000000000000034,0.0000000000000115,3.2379553520177291,3.0142621723,0.000,1349.599,2468.1961,1.9444
1.0414928096868554,0.0000000000000012,0.0000000000000000,-0.0000000000000007,0.0000000000000080,-0.0000000000000000,3.2380033785727034,3.0142621723,0.000,1349.599,2468.4821,1.9443
1.0414928096869849,0.0000000000000000,0.0000000000014925,0.0000000000003374,-0.0000000000001606,0.0000000000007855,3.2380514051276772,3.0142621723,0.000,1349.599,2468.7681,1.9443
1.0414928096868852,-0.0000000000000000,0.0000000000002980,0.0000000000000746,-0.0000000000000205,0.0000000000003384,3.2380994316826515,3.0142621723,0.000,1349.599,2469.0541,1.9443
1.0414928096868805,-0.0000000000000000,0.0000000000001059,0.0000000000000614,-0.0000000000000312,-0.0000000000000129,3.2381474582376257,3.0142621723,0.000,1349.599,2469.3402,1.9442
1.0414928096868610,-0.0000000000000000,0.0000000000000272,0.0000000000000064,-0.0000000000000026,0.0000000000000645,3.2381954847926000,3.0142621723,0.000,1349.599,2469.6263,1.9442
1.0414928096868656,-0.0000000000000000,0.0000000000000190,0.0000000000000190,-0.0000000000000182,-0.0000000000000003,3.2382435113475738,3.0142621723,0.000,1349.599,2469.9125,1.9441
1.0414928096868583,-0.0000000000000033,-0.0000000000000008,-0.0000000000000016,0.0000000000000010,0.0000000000000185,3.2382915379025481,3.0142621723,0.000,1349.599,2470.1986,1.9441
1.0414928096868581,-0.0000000000000028,-0.0000000000000004,-0.0000000000000012,-0.0000000000000011,0.0000000000000100,3.2383395644575224,3.0142621723,0.000,1349.599,2470.4849,1.9440
1.0414928096868579,-0.0000000000000000,0.0000000000000026,-0.0000000000000016,-0.0000000000000038,0.0000000000000026,3.2383875910124966,3.0142621723,0.000,1349.599,2470.7711,1.9440
1.0414928096868579,-0.0000000000000022,-0.0000000000000001,-0.0000000000000002,0.0000000000000009,0.0000000000000034,3.2384356175674709,3.0142621723,0.000,1349.599,2471.0574,1.9439
1.0414928096868601,-0.0000000000000000,0.0000000000000005,0.0000000000000012,-0.0000000000000130,0.0000000000000019,3.2384836441224447,3.0142621723,0.000,1349.599,2471.3437,1.9439
1.0414928096868687,-0.0000000000000000,0.0000000000000003,0.0000000000000301,-0.0000000000000189,-0.0000000000000013,3.2385316706774190,3.0142621723,0.000,1349.599,2471.6300,1.9438
1.0414928096868592,-0.0000000000000000,0.0000000000000004,0.0000000000000025,-0.0000000000000060,0.0000000000000004,3.2385796972323933,3.0142621723,0.000,1349.599,2471.9164,1.9438
1.0414928096868588,0.0000000000000000,0.0000000000000003,0.0000000000000002,-0.0000000000000088,-0.0000000000000002,3.2386277237873675,3.0142621723,0.000,1349.599,2472.2028,1.9438
1.0414928096868621,-0.0000000000000000,0.0000000000000002,0.0000000000000079,-0.0000000000000152,-0.0000000000000002,3.2386757503423413,3.0142621723,0.000,1349.599,2472.4893,1.9437
1.0414928096868579,-0.0000000000000032,-0.0000000000000000,-0.0000000000000002,0.0000000000000004,0.0000000000000003,3.2387237768973156,3.0142621723,0.000,1349.599,2472.7757,1.9437
1.0414928096868592,-0.0000000000000000,0.0000000000000001,0.0000000000000036,-0.0000000000000042,0.0000000000000002,3.2387718034522899,3.0142621723,0.000,1349.599,2473.0623,1.9436
1.0414928096868612,-0.0000000000000000,0.0000000000000001,0.0000000000000100,-0.0000000000000059,-0.0000000000000000,3.2388198300072641,3.0142621723,0.000,1349.599,2473.3488,1.9436
1.0414928096868574,-0.0000000000000043,-0.0000000000000000,-0.0000000000000008,0.0000000000000002,0.0000000000000001,3.2388678565622384,3.0142621723,0.000,1349.599,2473.6354,1.9435
1.0414928096868596,-0.0000000000000000,0.0000000000000000,0.0000000000000045,-0.0000000000000048,0.0000000000000001,3.2389158831172122,3.0142621723,0.000,1349.599,2473.9220,1.9435
1.0414928096868603,-0.0000000000000000,0.0000000000000000,0.0000000000000090,-0.0000000000000036,-0.0000000000000000,3.2389639096721865,3.0142621723,0.000,1349.599,2474.2086,1.9434
1.0414928096868667,0.0000000000000000,0.0000000000000000,0.0000000000000242,-0.0000000000000166,-0.0000000000000000,3.2390119362271608,3.0142621723,0.000,1349.599,2474.4953,1.9434
1.0414928096868583,-0.0000000000000034,0.0000000000000000,0.0000000000000005,-0.0000000000000020,0.0000000000000000,3.2390599627821350,3.0142621723,0.000,1349.599,2474.7820,1.9433
1.0414595537733575,-0.0000000000000000,0.0000000000001110,-0.0000000000000053,-0.0000684736521013,0.0061212799143339,3.2391079893371089,3.0142247070,26.870,1349.866,2456.0986,1.9429
1.0414582277242401,-0.0000000000000000,0.0000000000001318,-0.0000000000000074,-0.0000712074043766,0.0062421441535439,3.2391560158920831,3.0142232131,27.401,1349.877,2455.6288,1.9428
1.0414569018992277,-0.0000000000000000,0.0000000000001834,-0.0000000000000112,-0.0000739409580167,0.0063606936102902,3.2392040424470574,3.0142217195,27.921,1349.888,2455.1591,1.9428
1.0414555762982751,-0.0000000000000000,-0.0000000000004255,0.0000000000000292,-0.0000766743129831,0.0064770553910298,3.2392520690020317,3.0142202261,28.432,1349.898,2454.6896,1.9427
1.0414542509213343,-0.0000000000000000,-0.0000000000002437,0.0000000000000152,-0.0000794074693444,0.0065913453628585,3.2393000955570055,3.0142187329,28.933,1349.909,2454.2202,1.9426
1.0414529257683478,-0.0000000000000000,-0.0000000000000588,0.0000000000000047,-0.0000821404271209,0.0067036694973210,3.2393481221119798,3.0142172400,29.426,1349.920,2453.7510,1.9426
1.0414516008392607,-0.0000000000000000,-0.0000000000001732,0.0000000000000116,-0.0000848731863871,0.0068141250144973,3.2393961486669540,3.0142157473,29.911,1349.930,2453.2819,1.9425
1.0414502761340090,-0.0000000000000000,-0.0000000000000417,0.0000000000000046,-0.0000876057471443,0.0069228013626967,3.2394441752219283,3.0142142549,30.388,1349.941,2452.8130,1.9425
1.0414489516525389,-0.0000000000000000,0.0000000000000028,0.0000000000000013,-0.0000903381094737,0.0070297810618281,3.2394922017769026,3.0142127628,30.857,1349.952,2452.3442,1.9424
1.0414476273947910,-0.0000000000000000,0.0000000000000272,-0.0000000000000022,-0.0000930702734046,0.0071351404321635,3.2395402283318764,3.0142112709,31.320,1349.962,2451.8756,1.9423
1.0414463033607040,-0.0000000000000000,-0.0000000000004181,0.0000000000000317,-0.0000958022389666,0.0072389502277815,3.2395882548868506,3.0142097792,31.775,1349.973,2451.4071,1.9423
1.0414449795501335,-0.0000000000000000,-0.0000000000001466,0.0000000000000121,-0.0000985340064239,0.0073412761974002,3.2396362814418249,3.0142082878,32.225,1349.984,2450.9388,1.9422
1.0414436559632676,-0.0000000000000000,0.0000000000004074,-0.0000000000000308,-0.0001012655752798,0.0074421795282665,3.2396843079967992,3.0142067967,32.667,1349.994,2450.4706,1.9421
1.0414423325998461,-0.0000000000000000,-0.0000000000000620,0.0000000000000059,-0.0001039969460231,0.0075417173452551,3.2397323345517730,3.0142053058,33.104,1350.005,2450.0025,1.9421
1.0414410094598394,0.0000000000000000,0.0000000000000181,-0.0000000000000006,-0.0001067281186000,0.0076399430220894,3.2397803611067473,3.0142038151,33.535,1350.016,2449.5346,1.9420
1.0414396865432036,-0.0000000000000000,0.0000000000003016,-0.0000000000000250,-0.0001094590930657,0.0077369065379276,3.2398283876617215,3.0142023247,33.961,1350.026,2449.0669,1.9420
1.0414383638498808,-0.0000000000000000,-0.0000000000001450,0.0000000000000140,-0.0001121898694374,0.0078326547710820,3.2398764142166958,3.0142008346,34.381,1350.037,2448.5993,1.9419
1.0414370413798162,-0.0000000000000000,0.0000000000001411,-0.0000000000000112,-0.0001149204477642,0.0079272317616064,3.2399244407716701,3.0141993447,34.796,1350.047,2448.1318,1.9418
1.0414357191329486,0.0000000000000000,-0.0000000000001629,0.0000000000000125,-0.0001176508280922,0.0080206789464141,3.2399724673266439,3.0141978550,35.206,1350.058,2447.6645,1.9418
1.0414343971092259,0.0000000000000000,0.0000000000000189,0.0000000000000002,-0.0001203810104758,0.0081130353691878,3.2400204938816182,3.0141963657,35.611,1350.069,2447.1974,1.9417
1.0414330753084431,0.0000000000000000,0.0000000000001451,-0.0000000000000080,-0.0001231109952193,0.0082043378822328,3.2400685204365924,3.0141948765,36.012,1350.079,2446.7303,1.9417
1.0414317537309539,-0.0000000000000000,-0.0000000000001203,0.0000000000000105,-0.0001258407815595,0.0082946212573524,3.2401165469915667,3.0141933876,36.408,1350.090,2446.2635,1.9416
1.0414304323763155,0.0000000000000000,-0.0000000000002628,0.0000000000000228,-0.0001285703702863,0.0083839184546293,3.2401645735465405,3.0141918990,36.800,1350.101,2445.7968,1.9415
1.0414291112445762,-0.0000000000000000,-0.0000000000002483,0.0000000000000219,-0.0001312997612692,0.0084722606523304,3.2402126001015148,3.0141904106,37.188,1350.111,2445.3302,1.9415
1.0414277903357871,-0.0000000000000000,0.0000000000060611,0.0000000000008678,-0.0001340289546142,-0.0085596774223357,3.2402606266564891,3.0141889224,37.571,1350.122,2444.8638,1.9414
