x0_n,y0_n,z0_n,xd0_n,yd0_n,zd0_n,Tp,JC,L2ExcessVelocity_mps,landingVelocity_mps,stabilityIndex1,stabilityIndex2...,error_tol=1e-12,n_Nodes=8,stepsize=1.0
1.0414927780154750,-0.0000000000000000,-0.0000000001572202,-0.0000000000005393,-0.0000000651323144,-0.0001888910404513,3.2379073254627548,3.0142621367,0.829,1349.599,2467.8921,1.9444
1.0414928096868581,-0.0000000000000025,0.0000000000000001,-0.0000000000000006,-0.0000000000000043,-0.0000000000000013,3.2385460786439113,3.0142621723,0.000,1349.599,2471.7159,1.9438
1.0414928096868576,-0.0000000000000000,-0.0000000000000000,-0.0000000000000002,-0.0000000000000013,-0.0000000000000000,3.2391848318250678,3.0142621723,0.000,1349.599,2475.5276,1.9432
1.0414928096868588,-0.0000000000000000,0.0000000000000000,0.0000000000000013,-0.0000000000000049,0.0000000000000000,3.2398235850062242,3.0142621723,0.000,1349.599,2479.3452,1.9426
1.0414928096868585,-0.0000000000000000,0.0000000000000000,0.0000000000000035,-0.0000000000000014,0.0000000000000000,3.2404623381873807,3.0142621723,0.000,1349.599,2483.1686,1.9420
1.0414047104434485,-0.0000000000000000,0.0000000000000057,0.0000000000000010,-0.0001817578741691,0.0099642093702091,3.2411010913685367,3.0141629202,43.735,1350.307,2436.7249,1.9403
1.0413872151680110,-0.0000000000000000,0.0000000000000440,-0.0000000000000044,-0.0002179915061992,0.0109092069664516,3.2417398445496932,3.0141432093,47.881,1350.448,2430.5691,1.9395
1.0413697589893389,-0.0000000000000000,-0.0000000000000698,0.0000000000000088,-0.0002541904068307,0.0117768812224369,3.2423785977308497,3.0141235422,51.687,1350.588,2424.4389,1.9387
1.0413523417733355,-0.0000000000000000,-0.0000000000000693,0.0000000000000089,-0.0002903546779764,0.0125832436430425,3.2430173509120062,3.0141039187,55.224,1350.728,2418.3341,1.9379
1.0413349633865370,0.0000000000000000,0.0000000000001137,-0.0000000000000163,-0.0003264844211819,0.0133394232192036,3.2436561040931626,3.0140843387,58.541,1350.868,2412.2545,1.9371
1.0413176236961741,-0.0000000000000000,-0.0000000000000493,0.0000000000000079,-0.0003625797373739,0.0140535280856684,3.2442948572743191,3.0140648018,61.673,1351.007,2406.2001,1.9363
1.0413003225701241,0.0000000000000000,0.0000000000000489,-0.0000000000000092,-0.0003986407270104,0.0147316830655022,3.2449336104554756,3.0140453080,64.647,1351.146,2400.1706,1.9354
1.0412830598767984,-0.0000000000000000,0.0000000000000389,-0.0000000000000012,-0.0004346674902961,0.0153786494841221,3.2455723636366320,3.0140258572,67.484,1351.285,2394.1660,1.9346
1.0412658354857296,-0.0000000000000000,0.0000000000000121,-0.0000000000000028,-0.0004706601259719,0.0159982160747682,3.2462111168177885,3.0140064491,70.200,1351.423,2388.1861,1.9338
1.0412486492664434,-0.0000000000000000,0.0000000000000110,-0.0000000000000021,-0.0005066187336362,0.0165934566265512,3.2468498699989450,3.0139870835,72.810,1351.562,2382.2308,1.9330
1.0412315010895399,-0.0000000000000000,-0.0000000000000499,0.0000000000000086,-0.0005425434114796,0.0171669059055406,3.2474886231801010,3.0139677604,75.324,1351.699,2376.2999,1.9322
1.0412143908261904,-0.0000000000000000,0.0000000000000155,-0.0000000000000022,-0.0005784342573665,0.0177206835725838,3.2481273763612575,3.0139484795,77.751,1351.837,2370.3932,1.9314
1.0411973183481431,0.0000000000000000,-0.0000000000000143,0.0000000000000016,-0.0006142913687401,0.0182565836871606,3.2487661295424139,3.0139292407,80.100,1351.974,2364.5107,1.9306
1.0411802835278166,0.0000000000000000,-0.0000000000000307,0.0000000000000084,-0.0006501148425678,0.0187761408155904,3.2494048827235704,3.0139100438,82.377,1352.111,2358.6523,1.9298
1.0411632862385827,-0.0000000000000000,0.0000000000044937,0.0000000000016271,-0.0006859047754822,-0.0192806798135588,3.2500436359047269,3.0138908887,84.588,1352.247,2352.8177,1.9290
