x0_n,y0_n,z0_n,xd0_n,yd0_n,zd0_n,Tp,JC,L2ExcessVelocity_mps,landingVelocity_mps,stabilityIndex1,stabilityIndex2...,error_tol=1e-13
1.0467124450376404,-0.0000000000000011,-0.0000044577786539,-0.0000000000092146,-0.0373960256963371,-0.0000000000006762,3.1675396043512030,3.0130784331,151.037,1358.024,1585.1909,2.0000
1.0467123438645338,-0.0000000000000000,0.0000000000114840,0.0000000000000040,-0.0373951798549934,-0.0000000000000002,3.1675372392598864,3.0130784884,151.033,1358.024,1585.2030,2.0000
1.0467122426938207,0.0000000000000000,0.0000000000003664,0.0000000000000022,-0.0373943351879740,0.0000000000000000,3.1675348741685694,3.0130785436,151.030,1358.023,1585.2151,2.0000
1.0467121415191425,-0.0000000000000000,0.0000000000000000,-0.0000000000000001,-0.0373934904939314,0.0000000000000000,3.1675325090772528,3.0130785987,151.026,1358.023,1585.2272,2.0000
1.0467120403405079,-0.0000000000000000,-0.0000000000000035,0.0000000000000004,-0.0373926457729610,0.0000000000000000,3.1675301439859358,3.0130786539,151.023,1358.023,1585.2392,2.0000
1.0467119391579200,0.0000000000000000,0.0000000000000058,-0.0000000000000030,-0.0373918010250947,0.0000000000000000,3.1675277788946192,3.0130787090,151.019,1358.022,1585.2513,2.0000
1.0467118379713756,-0.0000000000000000,-0.0000000000000063,-0.0000000000000005,-0.0373909562503129,0.0000000000000000,3.1675254138033022,3.0130787642,151.016,1358.022,1585.2633,2.0000
1.0467117367808785,0.0000000000000000,0.0000000000000005,0.0000000000000002,-0.0373901114486159,0.0000000000000000,3.1675230487119856,3.0130788193,151.012,1358.021,1585.2754,2.0000
1.0467116355864217,-0.0000000000000000,-0.0000000000000000,-0.0000000000000008,-0.0373892666199978,-0.0000000000000000,3.1675206836206686,3.0130788745,151.009,1358.021,1585.2874,2.0000
1.0467115343784454,-0.0000000000000011,0.0000000000000001,-0.0000000000238458,-0.0373884217543170,-0.0000000000000000,3.1675183185293521,3.0130789296,151.005,1358.021,1585.2995,2.0000
1.0467115902483060,-0.0000000000000000,-0.0005584036676530,-0.0000000000225831,-0.0374064832530073,0.0000000000003303,3.1675159534380350,3.0130766808,151.149,1358.037,1584.4743,1.9998
1.0467115047345408,-0.0000000000000000,-0.0005856486434981,-0.0000000000115764,-0.0374075281212441,0.0000000000001787,3.1675135883467185,3.0130765057,151.160,1358.038,1584.4027,1.9998
1.0467114192052587,-0.0000000000000011,-0.0006116810343228,-0.0000000000231203,-0.0374085729061372,0.0000000000003710,3.1675112232554015,3.0130763306,151.171,1358.039,1584.3311,1.9998
1.0467113336728142,-0.0000000000000000,-0.0006366496081045,-0.0000000000263621,-0.0374096176211062,0.0000000000004380,3.1675088581640849,3.0130761554,151.182,1358.040,1584.2595,1.9998
1.0467112481358147,-0.0000000000000000,-0.0006606749922654,-0.0000000000247411,-0.0374106622647638,0.0000000000004265,3.1675064930727679,3.0130759803,151.193,1358.042,1584.1879,1.9998
1.0467111625867269,-0.0000000000000000,-0.0006838565975917,-0.0000000000372437,-0.0374117068290214,0.0000000000006660,3.1675041279814513,3.0130758052,151.204,1358.043,1584.1163,1.9998
1.0467110770496175,-0.0000000000000000,-0.0007062775213745,-0.0000000000034612,-0.0374127513396352,0.0000000000000667,3.1675017628901343,3.0130756300,151.215,1358.044,1584.0447,1.9997
1.0467109914844894,-0.0000000000000011,-0.0007280080305290,-0.0000000000235488,-0.0374137957531686,0.0000000000004491,3.1674993977988177,3.0130754549,151.227,1358.045,1583.9731,1.9997
1.0467109059155644,-0.0000000000000011,-0.0007491082281916,-0.0000000000369710,-0.0374148400965800,0.0000000000007282,3.1674970327075007,3.0130752798,151.238,1358.046,1583.9015,1.9997
1.0467108203603244,0.0000000000000000,-0.0007696299536217,0.0000000000000044,-0.0374158843878684,-0.0000000000000008,3.1674946676161841,3.0130751047,151.249,1358.048,1583.8300,1.9997
