x0_n,y0_n,z0_n,xd0_n,yd0_n,zd0_n,Tp,JC,L2ExcessVelocity_mps,landingVelocity_mps,stabilityIndex1,stabilityIndex2...,error_tol=1e-12,n_Nodes=8,stepsize=1.0
1.0414927780154766,-0.0000000000000000,0.0000000001692972,-0.0000000000005602,-0.0000000651323212,0.0001888910408837,3.2379073254627548,3.0142621367,0.829,1349.599,2467.8921,1.9444
1.0414928096868623,-0.0000000000000024,-0.0000000000000124,-0.0000000000000020,0.0000000000000052,0.0000000000002342,3.2381426555821284,3.0142621723,0.000,1349.599,2469.3116,1.9442
1.0414928096868581,-0.0000000000000025,0.0000000000000001,-0.0000000000000006,-0.0000000000000043,-0.0000000000000013,3.2383779857015016,3.0142621723,0.000,1349.599,2470.7138,1.9440
1.0414928096868581,-0.0000000000000025,0.0000000000000001,-0.0000000000000006,-0.0000000000000043,-0.0000000000000013,3.2386133158208752,3.0142621723,0.000,1349.599,2472.1169,1.9438
1.0414928096868581,-0.0000000000000025,0.0000000000000001,-0.0000000000000006,-0.0000000000000043,-0.0000000000000013,3.2388486459402483,3.0142621723,0.000,1349.599,2473.5207,1.9435
1.0414928096868579,-0.0000000000000000,0.0000000000000000,-0.0000000000000003,-0.0000000000000013,0.0000000000000000,3.2390839760596219,3.0142621723,0.000,1349.599,2474.9254,1.9433
1.0414928096868579,-0.0000000000000000,0.0000000000000000,-0.0000000000000003,-0.0000000000000013,0.0000000000000000,3.2393193061789951,3.0142621723,0.000,1349.599,2476.3308,1.9431
1.0414928096868579,-0.0000000000000000,0.0000000000000000,-0.0000000000000003,-0.0000000000000013,0.0000000000000000,3.2395546362983687,3.0142621723,0.000,1349.599,2477.7371,1.9429
1.0414928096868579,-0.0000000000000000,0.0000000000000000,-0.0000000000000003,-0.0000000000000013,0.0000000000000000,3.2397899664177423,3.0142621723,0.000,1349.599,2479.1441,1.9426
1.0414928096868579,-0.0000000000000000,0.0000000000000000,-0.0000000000000003,-0.0000000000000013,0.0000000000000000,3.2400252965371155,3.0142621723,0.000,1349.599,2480.5519,1.9424
1.0414277903355815,-0.0000000000000000,0.0000000000000251,0.0000000000000027,-0.0001340289547462,0.0085596774306913,3.2402606266564891,3.0141889224,37.571,1350.122,2444.8637,1.9414
1.0414213211015346,-0.0000000000000000,0.0000000000001043,-0.0000000000000095,-0.0001473991446266,0.0089755323850579,3.2404959567758622,3.0141816341,39.396,1350.174,2442.5804,1.9411
1.0414148572098640,-0.0000000000000000,-0.0000000000000812,0.0000000000000089,-0.0001607645933091,0.0093726546275028,3.2407312868952358,3.0141743518,41.139,1350.226,2440.3005,1.9408
1.0414083986538922,-0.0000000000000000,-0.0000000000002077,0.0000000000000214,-0.0001741253057591,0.0097533329990152,3.2409666170146094,3.0141670754,42.809,1350.278,2438.0241,1.9405
1.0414019454268462,-0.0000000000000000,-0.0000000000001968,0.0000000000000230,-0.0001874812870868,0.0101194238247172,3.2412019471339826,3.0141598050,44.416,1350.330,2435.7512,1.9402
1.0413954975219661,-0.0000000000000000,-0.0000000000000254,0.0000000000000029,-0.0002008325424404,0.0104724574051400,3.2414372772533562,3.0141525406,45.965,1350.381,2433.4818,1.9399
1.0413890549325004,-0.0000000000000000,0.0000000000001519,-0.0000000000000180,-0.0002141790769968,0.0108137129946556,3.2416726073727293,3.0141452821,47.462,1350.433,2431.2159,1.9396
1.0413826176517214,-0.0000000000000000,-0.0000000000001642,0.0000000000000200,-0.0002275208958454,0.0111442729624969,3.2419079374921029,3.0141380295,48.912,1350.485,2428.9534,1.9393
1.0413761856728938,-0.0000000000000000,0.0000000000000580,-0.0000000000000059,-0.0002408580040920,0.0114650627967806,3.2421432676114761,3.0141307829,50.319,1350.537,2426.6944,1.9390
1.0413697589895279,-0.0000000000000000,0.0000000000060144,0.0000000000012326,-0.0002541904070950,-0.0117768812224083,3.2423785977308497,3.0141235422,51.687,1350.588,2424.4389,1.9387
