x0_n,y0_n,z0_n,xd0_n,yd0_n,zd0_n,Tp,JC,L2ExcessVelocity_mps,landingVelocity_mps,stabilityIndex1,stabilityIndex2...,error_tol=1e-12,n_Nodes=6,stepsize=1.0
1.0044624773117496,-0.0000000000000000,-0.0000087255298934,-0.0000000000029903,-0.0035381474127732,0.0000000000000073,3.0898566171358546,3.0001314593,41.257,191.536,1714.7336,2.0000
1.0044618097067060,-0.0000000000000000,-0.0001668689341323,-0.0000000000000017,-0.0035489732558504,-0.0000000000000454,3.0896987397590250,3.0001312908,41.581,191.606,1706.8117,1.9984
1.0044611359854021,0.0000000000000000,-0.0002357180408297,-0.0000000000000070,-0.0035597120985546,-0.0000000000000075,3.0895408623821958,3.0001311229,41.902,191.676,1698.9451,1.9969
1.0044604563018613,-0.0000000000000000,-0.0002884950257665,0.0000000000145934,-0.0035703651877849,-0.0000000000011916,3.0893829850053662,3.0001309555,42.219,191.746,1691.1332,1.9953
1.0044597707827232,0.0000000000000000,-0.0003329329717945,-0.0000000000000008,-0.0035809337082205,0.0000000000000002,3.0892251076285366,3.0001307887,42.533,191.815,1683.3755,1.9936
1.0044590795848960,-0.0000000000000000,-0.0003720321552942,-0.0000000000000008,-0.0035914188565109,0.0000000000000002,3.0890672302517075,3.0001306225,42.844,191.884,1675.6715,1.9920
1.0044583828392037,-0.0000000000000000,-0.0004073328444701,0.0000000000000016,-0.0036018217806830,-0.0000000000000006,3.0889093528748779,3.0001304568,43.151,191.953,1668.0208,1.9903
1.0044576806787502,-0.0000000000000000,-0.0004397507443672,-0.0000000000000013,-0.0036121436101641,-0.0000000000000022,3.0887514754980483,3.0001302917,43.455,192.022,1660.4228,1.9887
1.0044576052688554,-0.0000000000000000,-0.0000000000017610,0.0000000000641293,-0.0034958104560848,-0.0000000000000303,3.0885935981212191,3.0001317206,40.748,191.427,1721.3186,1.9988
1.0044562606296363,-0.0000000000000000,-0.0004981442436802,-0.0000000000000016,-0.0036325483852394,0.0000000000000032,3.0884357207443895,3.0001299631,44.054,192.158,1645.3832,1.9853
1.0044555429911930,0.0000000000000000,-0.0005248371061795,-0.0000000000000000,-0.0036426334738187,0.0000000000000002,3.0882778433675599,3.0001297997,44.349,192.226,1637.9405,1.9835
1.0044548204385895,-0.0000000000000000,-0.0005501898223618,-0.0000000000000009,-0.0036526417551601,0.0000000000000003,3.0881199659907308,3.0001296367,44.641,192.293,1630.5487,1.9818
1.0044540930833903,-0.0000000000000001,-0.0005743798888606,-0.0000000000156238,-0.0036625742403957,0.0000000000023438,3.0879620886139012,3.0001294744,44.930,192.361,1623.2073,1.9800
1.0044533610588127,-0.0000000000000000,-0.0005975485361665,-0.0000000000000011,-0.0036724319456731,0.0000000000000013,3.0878042112370720,3.0001293126,45.216,192.428,1615.9158,1.9782
1.0044526244586434,0.0000000000000000,-0.0006198103332924,-0.0000000000000004,-0.0036822158291818,0.0000000000000079,3.0876463338602425,3.0001291513,45.500,192.495,1608.6738,1.9764
1.0044518833984919,0.0000000000000000,-0.0006412597501440,-0.0000000000000014,-0.0036919268539528,0.0000000000000007,3.0874884564834129,3.0001289905,45.780,192.561,1601.4807,1.9746
1.0044511379852752,-0.0000000000000000,-0.0006619757821431,-0.0000000000000002,-0.0037015659597209,-0.0000000000000001,3.0873305791065837,3.0001288303,46.059,192.627,1594.3363,1.9727
1.0044503883234064,-0.0000000000000000,-0.0006820252829240,-0.0000000000000006,-0.0037111340665449,0.0000000000000114,3.0871727017297541,3.0001286706,46.334,192.694,1587.2400,1.9709
1.0044496345150318,-0.0000000000000001,-0.0007014654322697,0.0000000000003807,-0.0037206320771769,-0.0000000000000678,3.0870148243529245,3.0001285115,46.607,192.759,1580.1914,1.9690
1.0044488766594617,-0.0000000000000001,-0.0007203455922565,0.0000000000003389,-0.0037300608763348,-0.0000000000000770,3.0868569469760954,3.0001283528,46.878,192.825,1573.1901,1.9671
1.0044481148546920,-0.0000000000000001,-0.0007387087298670,0.0000000000015717,-0.0037394213335985,-0.0000000000002261,3.0866990695992658,3.0001281947,47.146,192.890,1566.2356,1.9652
1.0044473491944437,-0.0000000000000000,-0.0007565925182534,0.0000000000004116,-0.0037487142973514,-0.0000000000000771,3.0865411922224362,3.0001280371,47.412,192.956,1559.3277,1.9633
1.0044465797737050,-0.0000000000000000,-0.0007740302158517,0.0000000000021523,-0.0037579406063632,-0.0000000000004829,3.0863833148456070,3.0001278800,47.675,193.020,1552.4657,1.9613
1.0044458066808364,-0.0000000000000001,-0.0007910513571212,0.0000000000005179,-0.0037671010800922,-0.0000000000001074,3.0862254374687774,3.0001277234,47.937,193.085,1545.6493,1.9593
1.0044450300065799,-0.0000000000000000,-0.0008076823081648,0.0000000000004093,-0.0037761965228005,-0.0000000000000944,3.0860675600919478,3.0001275674,48.196,193.150,1538.8782,1.9574
1.0044442498373916,-0.0000000000000001,-0.0008239467308250,0.0000000000008650,-0.0037852277248674,-0.0000000000001653,3.0859096827151187,3.0001274118,48.452,193.214,1532.1519,1.9554
1.0044434662577115,-0.0000000000000000,-0.0008398659540733,0.0000000000009210,-0.0037941954612024,-0.0000000000002124,3.0857518053382891,3.0001272568,48.707,193.278,1525.4700,1.9533
1.0044426793504488,-0.0000000000000001,-0.0008554592853992,0.0000000000003534,-0.0038031004937880,-0.0000000000000740,3.0855939279614595,3.0001271022,48.959,193.342,1518.8321,1.9513
1.0044418891972515,-0.0000000000000000,-0.0008707442687410,0.0000000000004292,-0.0038119435700568,-0.0000000000000834,3.0854360505846303,3.0001269482,49.209,193.405,1512.2379,1.9493
1.0044410958783891,-0.0000000000000000,-0.0008857369031477,0.0000000000033582,-0.0038207254240009,-0.0000000000008750,3.0852781732078007,3.0001267946,49.458,193.468,1505.6869,1.9472
1.0044402994679056,-0.0000000000000001,-0.0009004518331262,0.0000000000003516,-0.0038294467771461,-0.0000000000000711,3.0851202958309711,3.0001266416,49.704,193.531,1499.1788,1.9451
1.0044395000457531,-0.0000000000000000,-0.0009149024921251,0.0000000000013203,-0.0038381083375913,-0.0000000000003245,3.0849624184541420,3.0001264890,49.948,193.594,1492.7133,1.9430
1.0044386976837951,-0.0000000000000001,-0.0009291012520666,0.0000000000003070,-0.0038467108012813,-0.0000000000000761,3.0848045410773124,3.0001263369,50.190,193.657,1486.2898,1.9409
1.0044378924559849,-0.0000000000000001,-0.0009430595288416,0.0000000000004649,-0.0038552548520721,-0.0000000000001180,3.0846466637004828,3.0001261853,50.430,193.719,1479.9082,1.9388
1.0044370844350081,-0.0000000000000001,-0.0009567878853776,0.0000000000056682,-0.0038637411615652,-0.0000000000015768,3.0844887863236536,3.0001260342,50.669,193.782,1473.5679,1.9367
1.0044362736843175,-0.0000000000000001,-0.0009702961267940,0.0000000000008784,-0.0038721703904756,-0.0000000000002404,3.0843309089468240,3.0001258836,50.905,193.844,1467.2687,1.9345
1.0044354602778649,-0.0000000000000001,-0.0009835933570106,0.0000000000004432,-0.0038805431876842,-0.0000000000001222,3.0841730315699944,3.0001257334,51.140,193.905,1461.0102,1.9323
1.0044346442806837,-0.0000000000000001,-0.0009966880635830,0.0000000000003890,-0.0038888601909473,-0.0000000000001208,3.0840151541931653,3.0001255837,51.373,193.967,1454.7921,1.9301
1.0044338257578977,-0.0000000000000001,-0.0010095881682268,0.0000000000004346,-0.0038971220276498,-0.0000000000001290,3.0838572768163357,3.0001254345,51.604,194.028,1448.6139,1.9279
1.0044330047732641,-0.0000000000000000,-0.0010223010790816,0.0000000000003044,-0.0039053293142894,-0.0000000000000850,3.0836993994395065,3.0001252858,51.833,194.089,1442.4754,1.9257
1.0044321813894699,-0.0000000000000000,-0.0010348337368166,0.0000000000004338,-0.0039134826573554,-0.0000000000001223,3.0835415220626770,3.0001251375,52.061,194.150,1436.3763,1.9235
1.0044313556689830,-0.0000000000000000,-0.0010471926536522,0.0000000000038255,-0.0039215826529499,-0.0000000000011399,3.0833836446858474,3.0001249897,52.287,194.211,1430.3160,1.9213
1.0044305276675927,-0.0000000000000001,-0.0010593839559167,0.0000000000004264,-0.0039296298876955,-0.0000000000001400,3.0832257673090182,3.0001248424,52.511,194.271,1424.2945,1.9190
1.0044296974481575,-0.0000000000000001,-0.0010714134038357,0.0000000000003405,-0.0039376249382169,-0.0000000000000880,3.0830678899321886,3.0001246955,52.734,194.332,1418.3113,1.9167
1.0044288650668456,-0.0000000000000000,-0.0010832864329661,0.0000000000003795,-0.0039455683721393,-0.0000000000001103,3.0829100125553590,3.0001245491,52.955,194.392,1412.3661,1.9144
1.0044280305799378,-0.0000000000000001,-0.0010950081737980,0.0000000000004888,-0.0039534607477115,-0.0000000000001522,3.0827521351785299,3.0001244031,53.174,194.452,1406.4585,1.9121
1.0044271940268881,-0.0000000000000001,-0.0011065834754446,-0.0000000000378896,-0.0039613025979835,0.0000000000105751,3.0825942578017003,3.0001242576,53.392,194.511,1400.5883,1.9098
1.0044263555083737,0.0000000000000000,-0.0011180169321757,-0.0000000000000002,-0.0039690945112504,-0.0000000000000088,3.0824363804248707,3.0001241125,53.608,194.571,1394.7552,1.9075
1.0044255150158590,-0.0000000000000001,-0.0011293128911273,-0.0000000000368848,-0.0039768369570095,0.0000000000104718,3.0822785030480415,3.0001239679,53.823,194.630,1388.9587,1.9052
1.0044246726466048,-0.0000000000000001,-0.0011404754833834,-0.0000000000369499,-0.0039845305045933,0.0000000000104691,3.0821206256712119,3.0001238238,54.036,194.689,1383.1987,1.9028
