x0_n,y0_n,z0_n,xd0_n,yd0_n,zd0_n,Tp,JC,L2ExcessVelocity_mps,landingVelocity_mps,stabilityIndex1,stabilityIndex2...,error_tol=1e-12,n_Nodes=20,stepsize=1.0
1.0044624773882089,-0.0000000000000001,-0.0000087257095209,0.0000000001948052,-0.0035381474957703,-0.0000000000004612,3.0898566171358546,3.0001314593,41.257,191.536,1714.7336,2.0000
1.0044624375998727,0.0000000000000000,-0.0000416737128932,-0.0000000000000690,-0.0035387966920493,-0.0000000000000491,3.0898471844378332,3.0001314492,41.276,191.540,1714.2588,1.9999
1.0044623582085024,-0.0000000000000000,-0.0000711145599845,0.0000000002624753,-0.0035400944164339,-0.0000000000050894,3.0898283190417910,3.0001314291,41.315,191.549,1713.3096,1.9997
1.0044623183271422,0.0000000000000000,-0.0000819590287294,0.0000000000000010,-0.0035407426367352,0.0000000000000002,3.0898188863437697,3.0001314190,41.334,191.553,1712.8353,1.9996
1.0044622786292199,-0.0000000000000001,-0.0000915266165809,0.0000000002694080,-0.0035413907734756,-0.0000000000068149,3.0898094536457488,3.0001314089,41.354,191.557,1712.3612,1.9995
1.0044622387007158,-0.0000000000000000,-0.0001001836178090,0.0000000000000005,-0.0035420383634271,0.0000000000000048,3.0898000209477274,3.0001313989,41.373,191.561,1711.8874,1.9994
1.0044621988542244,-0.0000000000000000,-0.0001081490630044,-0.0000000000000027,-0.0035426857565542,-0.0000000000000004,3.0897905882497061,3.0001313888,41.393,191.565,1711.4137,1.9993
1.0044621589853362,-0.0000000000000000,-0.0001155659947328,-0.0000000000007309,-0.0035433328363337,0.0000000000000238,3.0897811555516852,3.0001313787,41.412,191.570,1710.9402,1.9993
1.0044621191199319,-0.0000000000000000,-0.0001225340690530,0.0000000000647789,-0.0035439796318384,-0.0000000000021558,3.0897717228536639,3.0001313686,41.432,191.574,1710.4669,1.9992
