x0_n,y0_n,z0_n,xd0_n,yd0_n,zd0_n,Tp,JC,L2ExcessVelocity_mps,landingVelocity_mps,stabilityIndex1,stabilityIndex2...,error_tol=1e-12,n_Nodes=6,stepsize=1.0
1.0039913598424499,0.0000000000000000,0.0000000000000667,0.0000000000000018,-0.0000001716048477,-0.0000991689490834,3.1510149581189384,3.0001421221,1.252,187.044,2626.2128,1.9491
1.0039903346476775,-0.0000000000000000,-0.0000000000314187,-0.0000000000021077,-0.0000022284680670,-0.0003572998506400,3.1514622237911616,3.0001420043,4.512,187.094,2622.0088,1.9486
1.0039893094595802,-0.0000000000000000,0.0000000000002237,-0.0000000000000110,-0.0000042870550563,0.0004954818250602,3.1519100791328669,3.0001418865,6.257,187.145,2617.8099,1.9481
1.0039882842776608,-0.0000000000000000,-0.0000000000018278,-0.0000000000001112,-0.0000063473667967,-0.0006027865581329,3.1523585272137673,3.0001417686,7.612,187.195,2613.6162,1.9476
1.0039872591027210,-0.0000000000000000,0.0000000000000158,-0.0000000000000005,-0.0000084094058971,0.0006936939951159,3.1528075615046753,3.0001416508,8.760,187.245,2609.4276,1.9471
1.0039862339352121,-0.0000000000000000,0.0000000000001455,-0.0000000000000110,-0.0000104731744871,0.0007740034877322,3.1532571833052017,3.0001415330,9.774,187.295,2605.2441,1.9466
1.0039852087755894,-0.0000000000000000,-0.0000000000010545,-0.0000000000001052,-0.0000125386747962,-0.0008467359356859,3.1537073937735505,3.0001414152,10.692,187.345,2601.0658,1.9461
1.0039841836243630,-0.0000000000000000,-0.0000000000000661,0.0000000000000071,-0.0000146059090019,0.0009137025674299,3.1541581967957470,3.0001412973,11.537,187.395,2596.8926,1.9456
1.0039831584819250,-0.0000000000000000,-0.0000000000024362,-0.0000000000003810,-0.0000166748791886,-0.0009760908247165,3.1546095842388513,3.0001411795,12.325,187.446,2592.7245,1.9451
1.0039821333489145,0.0000000000000000,0.0000000000000443,-0.0000000000000047,-0.0000187455877765,0.0010347291827222,3.1550615663458035,3.0001410617,13.065,187.496,2588.5615,1.9446
1.0039811082256278,-0.0000000000000000,0.0000000000007849,-0.0000000000001351,-0.0000208180367355,0.0010902228763180,3.1555141439147225,3.0001409439,13.765,187.546,2584.4037,1.9441
1.0039800831126529,0.0000000000000000,0.0000000000000218,0.0000000000000031,-0.0000228922283870,-0.0011430300085360,3.1559673097050531,3.0001408261,14.431,187.596,2580.2509,1.9436
1.0039790580104115,0.0000000000000000,0.0000000000000314,0.0000000000000038,-0.0000249681648581,-0.0011935072308448,3.1564210726467943,3.0001407082,15.068,187.646,2576.1033,1.9431
1.0039780329194015,0.0000000000000000,0.0000000000001536,0.0000000000000211,-0.0000270458483513,-0.0012419386604120,3.1568754337040308,3.0001405904,15.680,187.696,2571.9607,1.9426
1.0039770078406642,-0.0000000000000000,-0.0000000000142928,0.0000000000034925,-0.0000291252818340,0.0012885549916559,3.1573303868238343,3.0001404726,16.268,187.746,2567.8233,1.9421
1.0039759827730015,-0.0000000000000000,-0.0000000000000362,-0.0000000000000048,-0.0000312064652803,-0.0013335465823230,3.1577859421101167,3.0001403548,16.835,187.796,2563.6910,1.9416
1.0039749577189878,-0.0000000000000000,-0.0000000000095567,0.0000000000025156,-0.0000332894036376,0.0013770726871980,3.1582420918103478,3.0001402369,17.385,187.846,2559.5637,1.9411
1.0039739326776798,-0.0000000000000000,-0.0000000000080165,0.0000000000021869,-0.0000353740972531,0.0014192681386126,3.1586988434679757,3.0001401191,17.917,187.896,2555.4415,1.9406
1.0039729076500468,-0.0000000000000000,-0.0000000000063885,0.0000000000017998,-0.0000374605490182,0.0014602482888088,3.1591561980335872,3.0001400013,18.434,187.946,2551.3245,1.9401
1.0039718826363679,-0.0000000000000000,-0.0000000000023339,0.0000000000007636,-0.0000395487606455,0.0015001127350995,3.1596141503806439,3.0001398835,18.937,187.996,2547.2125,1.9396
1.0039708576374187,-0.0000000000000000,0.0000000000000931,0.0000000000000151,-0.0000416387350132,-0.0015389481785239,3.1600727075155937,3.0001397656,19.426,188.046,2543.1055,1.9391
1.0039698326537028,-0.0000000000000000,0.0000000000000400,0.0000000000000074,-0.0000437304741910,-0.0015768306460932,3.1605318704113285,3.0001396478,19.904,188.096,2539.0037,1.9386
1.0039688076856021,-0.0000000000000000,-0.0000000000000986,-0.0000000000000156,-0.0000458239802925,-0.0016138272445047,3.1609916364107682,3.0001395300,20.371,188.146,2534.9070,1.9380
1.0039677827336897,-0.0000000000000000,-0.0000000000014408,0.0000000000005785,-0.0000479192555483,0.0016499975598390,3.1614520067542777,3.0001394122,20.827,188.196,2530.8153,1.9375
1.0039667577983697,-0.0000000000000000,-0.0000000000026722,0.0000000000008967,-0.0000500163022535,0.0016853947881134,3.1619129858229238,3.0001392944,21.273,188.246,2526.7286,1.9370
1.0039657328799894,-0.0000000000000000,-0.0000000000004066,0.0000000000002423,-0.0000521151222178,0.0017200666532227,3.1623745746834970,3.0001391765,21.710,188.296,2522.6471,1.9365
1.0039647079793161,-0.0000000000000000,-0.0000000000006407,0.0000000000002878,-0.0000542157181606,0.0017540561665975,3.1628367709270462,3.0001390587,22.139,188.346,2518.5706,1.9360
1.0039636830967125,-0.0000000000000000,-0.0000000000000289,-0.0000000000000070,-0.0000563180920923,-0.0017874022514037,3.1632995757334634,3.0001389409,22.559,188.396,2514.4991,1.9355
1.0039626582327452,-0.0000000000000000,-0.0000000000001124,-0.0000000000000205,-0.0000584222462942,-0.0018201402684434,3.1637629934873575,3.0001388231,22.972,188.445,2510.4328,1.9350
1.0039616333878829,-0.0000000000000000,-0.0000000000000608,-0.0000000000000129,-0.0000605281829767,-0.0018523024555751,3.1642270233443801,3.0001387052,23.377,188.495,2506.3714,1.9345
1.0039606085627768,-0.0000000000000000,-0.0000000000023113,0.0000000000008492,-0.0000626359045544,0.0018839183006750,3.1646916680763564,3.0001385874,23.776,188.545,2502.3151,1.9340
1.0039595837576520,-0.0000000000000000,-0.0000000000023733,0.0000000000008844,-0.0000647454128917,0.0019150148598024,3.1651569258176520,3.0001384696,24.168,188.595,2498.2639,1.9335
1.0039585589731237,-0.0000000000000000,-0.0000000000016500,0.0000000000006232,-0.0000668567103765,0.0019456170283996,3.1656227973431021,3.0001383518,24.554,188.645,2494.2177,1.9330
1.0039575342096714,-0.0000000000000000,-0.0000000000000109,-0.0000000000000022,-0.0000689697992001,-0.0019757477756635,3.1660892869156343,3.0001382340,24.933,188.695,2490.1765,1.9325
1.0039565094679672,-0.0000000000000000,-0.0000000000000163,-0.0000000000000041,-0.0000710846818120,-0.0020054283468980,3.1665563941064727,3.0001381161,25.307,188.744,2486.1404,1.9320
1.0039554847484458,-0.0000000000000000,-0.0000000000001233,0.0000000000000693,-0.0000732013603570,0.0020346784391036,3.1670241212207015,3.0001379983,25.676,188.794,2482.1093,1.9315
1.0039544600515404,-0.0000000000000000,0.0000000000003760,-0.0000000000001430,-0.0000753198369783,0.0020635163550558,3.1674924665952999,3.0001378805,26.039,188.844,2478.0833,1.9310
1.0039534353779607,-0.0000000000000000,-0.0000000000012377,0.0000000000004159,-0.0000774401141763,0.0020919591364442,3.1679614328092089,3.0001377627,26.398,188.894,2474.0622,1.9305
1.0039524107279454,-0.0000000000000000,0.0000000000000160,0.0000000000000043,-0.0000795621937550,-0.0021200226840473,3.1684310194902658,3.0001376448,26.751,188.943,2470.0462,1.9299
1.0039513861022149,-0.0000000000000000,0.0000000000000044,0.0000000000000005,-0.0000816860783754,-0.0021477218603562,3.1689012303876831,3.0001375270,27.100,188.993,2466.0352,1.9294
1.0039503615012391,0.0000000000000000,-0.0000000000000553,-0.0000000000000115,-0.0000838117700991,-0.0021750705822203,3.1693720653805979,3.0001374092,27.445,189.043,2462.0292,1.9289
1.0039493369255532,-0.0000000000000000,-0.0000000000000270,-0.0000000000000063,-0.0000859392712324,-0.0022020819035464,3.1698435253191470,3.0001372914,27.785,189.092,2458.0283,1.9284
1.0039483123755684,-0.0000000000000000,0.0000000000026934,-0.0000000000010434,-0.0000880685840352,0.0022287680891846,3.1703156126518399,3.0001371735,28.121,189.142,2454.0323,1.9279
1.0039472878520412,-0.0000000000000000,0.0000000000003797,-0.0000000000001593,-0.0000901997107247,0.0022551406769436,3.1707883258403800,3.0001370557,28.453,189.192,2450.0414,1.9274
1.0039462633553191,-0.0000000000000000,0.0000000000004473,-0.0000000000001805,-0.0000923326536053,0.0022812105404771,3.1712616674269150,3.0001369379,28.781,189.241,2446.0554,1.9269
1.0039452388859995,-0.0000000000000000,0.0000000000000727,0.0000000000000202,-0.0000944674149418,-0.0023069879391128,3.1717356371261545,3.0001368201,29.106,189.291,2442.0745,1.9264
1.0039442144445645,-0.0000000000000000,-0.0000000000000613,-0.0000000000000168,-0.0000966039969660,-0.0023324825660317,3.1722102385927049,3.0001367023,29.427,189.341,2438.0985,1.9259
1.0039431900315716,-0.0000000000000000,0.0000000000000063,0.0000000000000013,-0.0000987424019322,-0.0023577035909296,3.1726854714390140,3.0001365844,29.745,189.390,2434.1276,1.9254
1.0039421656475525,-0.0000000000000000,-0.0000000000000706,-0.0000000000000178,-0.0001008826321556,-0.0023826596991347,3.1731613370344274,3.0001364666,30.059,189.440,2430.1616,1.9249
1.0039411412930179,-0.0000000000000000,0.0000000000002698,-0.0000000000001254,-0.0001030246898418,0.0024073591261191,3.1736378375209315,3.0001363488,30.370,189.489,2426.2007,1.9243
1.0039401169685449,-0.0000000000000000,0.0000000000004376,-0.0000000000001996,-0.0001051685773156,0.0024318096897083,3.1741149716735904,3.0001362310,30.678,189.539,2422.2447,1.9238
1.0039390926747045,-0.0000000000000000,0.0000000000001473,-0.0000000000000448,-0.0001073142968639,0.0024560188191037,3.1745927417522513,3.0001361131,30.982,189.589,2418.2937,1.9233
1.0039380684119521,-0.0000000000000000,0.0000000000000419,-0.0000000000000119,-0.0001094618507291,0.0024799935819936,3.1750711488437315,3.0001359953,31.284,189.638,2414.3476,1.9228
1.0039370441808684,-0.0000000000000000,-0.0000000000000165,-0.0000000000000050,-0.0001116112411450,-0.0025037407072833,3.1755501928971066,3.0001358775,31.583,189.688,2410.4066,1.9223
1.0039360199819922,-0.0000000000000000,-0.0000000000000178,-0.0000000000000039,-0.0001137624704785,-0.0025272666089926,3.1760298772985096,3.0001357597,31.879,189.737,2406.4705,1.9218
1.0039349958158834,-0.0000000000000000,0.0000000000000214,0.0000000000000051,-0.0001159155409330,-0.0025505774049534,3.1765102020647422,3.0001356419,32.172,189.787,2402.5394,1.9213
1.0039339716830700,-0.0000000000000000,-0.0000000000000206,-0.0000000000000076,-0.0001180704548372,-0.0025736789373021,3.1769911682632723,3.0001355240,32.463,189.836,2398.6132,1.9208
1.0039329475841035,-0.0000000000000000,-0.0000000000000606,-0.0000000000000160,-0.0001202272144504,-0.0025965767881691,3.1774727769534166,3.0001354062,32.751,189.886,2394.6920,1.9203
1.0039319235195561,-0.0000000000000000,-0.0000000000001059,0.0000000000000726,-0.0001223858221222,0.0026192762960641,3.1779550304160864,3.0001352884,33.037,189.935,2390.7758,1.9197
1.0039308994900349,-0.0000000000000000,-0.0000000000012834,0.0000000000006059,-0.0001245462802013,0.0026417825705251,3.1784379276058843,3.0001351706,33.320,189.985,2386.8645,1.9192
