x0_n,y0_n,z0_n,xd0_n,yd0_n,zd0_n,Tp,JC,L2ExcessVelocity_mps,landingVelocity_mps,stabilityIndex1,stabilityIndex2...,error_tol=1e-12,n_Nodes=6,stepsize=1.0
1.0039913598424499,0.0000000000000000,0.0000000000000667,0.0000000000000018,-0.0000001716048477,-0.0000991689490834,3.1510149581189384,3.0001421221,1.252,187.044,2626.2128,1.9491
1.0039611209729196,-0.0000000000000000,-0.0000000000024291,0.0000000000008687,-0.0000615818206130,0.0018681769261100,3.1644592697583840,3.0001386463,23.577,188.520,2504.3427,1.9343
1.0039308994900349,-0.0000000000000000,-0.0000000000012834,0.0000000000006059,-0.0001245462802013,0.0026417825705251,3.1784379276058843,3.0001351706,33.320,189.985,2386.8645,1.9192
1.0039007090103425,0.0000000000000000,-0.0000000000000048,-0.0000000000000018,-0.0001891230610637,-0.0032366995711640,3.1929787987436864,3.0001316948,40.799,191.438,2273.6961,1.9040
1.0038705644120967,-0.0000000000000000,-0.0000000000000324,-0.0000000000000145,-0.0002553715779136,-0.0037391494474086,3.2081113627902909,3.0001282190,47.105,192.880,2164.7556,1.8887
1.0038404819340820,0.0000000000000000,0.0000000000000196,0.0000000000000077,-0.0003233523627408,-0.0041825237789176,3.2238667614187482,3.0001247433,52.661,194.312,2059.9610,1.8732
1.0038104792799405,-0.0000000000000000,-0.0000000000003013,0.0000000000003126,-0.0003931267842840,0.0045839265256441,3.2402778666101555,3.0001212675,57.685,195.733,1959.2309,1.8575
1.0037805757262765,-0.0000000000000000,-0.0000000000007462,0.0000000000007327,-0.0004647566926167,0.0049534969977511,3.2573793347341691,3.0001177917,62.305,197.144,1862.4840,1.8418
1.0037507922339133,-0.0000000000000000,-0.0000000000015041,0.0000000000016223,-0.0005383039768231,0.0052978215112125,3.2752076570700193,3.0001143160,66.605,198.545,1769.6391,1.8261
1.0037211515609472,-0.0000000000000000,-0.0000000000000041,-0.0000000000000020,-0.0006138300213061,-0.0056214559201543,3.2938011897543236,3.0001108402,70.644,199.936,1680.6155,1.8103
1.0036916783776979,-0.0000000000000000,0.0000000000000156,0.0000000000000122,-0.0006913950455246,-0.0059276989722699,3.3132001704617964,3.0001073644,74.464,201.318,1595.3326,1.7946
1.0036623993760341,-0.0000000000000000,-0.0000000000010376,0.0000000000013251,-0.0007710573053521,0.0062190230621742,3.3334467058341244,3.0001038886,78.097,202.690,1513.7102,1.7790
1.0036333433752369,-0.0000000000000000,-0.0000000000000014,-0.0000000000000016,-0.0008528721406412,-0.0064973314080444,3.3545847298521303,3.0001004129,81.569,204.053,1435.6684,1.7636
1.0036045414203032,-0.0000000000000000,-0.0000000000010045,0.0000000000014280,-0.0009368908482992,0.0067641201936541,3.3766599276966236,3.0000969371,84.899,205.406,1361.1275,1.7484
1.0035760268603704,0.0000000000000000,0.0000000000000021,0.0000000000000001,-0.0010231593524790,-0.0070205854185245,3.3997195998184466,3.0000934613,88.103,206.751,1290.0084,1.7335
1.0035478354133782,0.0000000000000000,0.0000000000000063,0.0000000000000066,-0.0011117166629701,-0.0072676959538341,3.4238124787855049,3.0000899856,91.195,208.088,1222.2322,1.7191
1.0035200051961737,-0.0000000000000000,0.0000000000000006,-0.0000000000000008,-0.0012025930867094,-0.0075062451236770,3.4489884623916534,3.0000865098,94.185,209.415,1157.7205,1.7053
1.0034925767215972,-0.0000000000000000,-0.0000000000010204,0.0000000000016983,-0.0012958081872351,0.0077368881763816,3.4752982661216820,3.0000830340,97.083,210.735,1096.3953,1.6921
1.0034655928443639,-0.0000000000000000,0.0000000000000020,0.0000000000000010,-0.0013913684713623,-0.0079601702529993,3.5027929674138707,3.0000795583,99.897,212.046,1038.1790,1.6799
1.0034390986515029,-0.0000000000000000,-0.0000000000002793,0.0000000000005923,-0.0014892648073177,0.0081765478197622,3.5315234346832933,3.0000760825,102.634,213.349,982.9946,1.6686
1.0034131412725422,-0.0000000000000000,-0.0000000000000019,-0.0000000000000011,-0.0015894695688467,-0.0083864055460511,3.5615396072062033,3.0000726067,105.300,214.644,930.7654,1.6587
1.0033877696057851,-0.0000000000000000,-0.0000000000002229,0.0000000000003467,-0.0016919335413489,0.0085900699801284,3.5928896281191043,3.0000691310,107.900,215.932,881.4154,1.6502
1.0033630339367419,0.0000000000000000,0.0000000000000004,-0.0000000000000001,-0.0017965826262178,-0.0087878209664383,3.6256187906236259,3.0000656552,110.439,217.211,834.8688,1.6435
1.0033389854372203,-0.0000000000000000,-0.0000000000000037,-0.0000000000000052,-0.0019033144166384,-0.0089799014783162,3.6597683055782082,3.0000621794,112.921,218.484,791.0505,1.6389
1.0033156755280774,-0.0000000000000000,-0.0000000000002533,0.0000000000005486,-0.0020119947488559,0.0091665263366744,3.6953738622942325,3.0000587037,115.349,219.749,749.8858,1.6367
1.0032931550947393,-0.0000000000000000,0.0000000000000045,0.0000000000000063,-0.0021224543687757,-0.0093478901454275,3.7324639945558156,3.0000552279,117.728,221.006,711.3004,1.6372
1.0032714735501125,-0.0000000000000000,0.0000000000001624,-0.0000000000002894,-0.0022344859009663,0.0095241746556270,3.7710582630697269,3.0000517521,120.059,222.257,675.2205,1.6410
1.0032506777430161,-0.0000000000000000,0.0000000000001018,0.0000000000000410,-0.0023478413409205,0.0096955556636524,3.8111652722623499,3.0000482764,122.346,223.500,641.5723,1.6485
1.0032308107257963,-0.0000000000000000,-0.0000000000000016,-0.0000000000000022,-0.0024622303398172,-0.0098622094689267,3.8527805850148678,3.0000448006,124.590,224.737,610.2824,1.6602
1.0032119104067494,-0.0000000000000000,0.0000000000007062,-0.0000000000010249,-0.0025773195781943,0.0100243188227160,3.8958845981296117,3.0000413248,126.796,225.967,581.2773,1.6767
1.0031940081280826,-0.0000000000000000,0.0000000000003631,-0.0000000000004456,-0.0026927335309102,0.0101820782231993,3.9404404789357668,3.0000378490,128.963,227.190,554.4835,1.6985
1.0031771272281471,-0.0000000000000000,-0.0000000000000028,-0.0000000000000046,-0.0028080569228643,-0.0103356983640007,3.9863922983451503,3.0000343733,131.095,228.407,529.8270,1.7263
1.0031612816680195,-0.0000000000000000,0.0000000000002636,-0.0000000000004916,-0.0029228391103321,0.0104854094732311,4.0336635031539814,3.0000308975,133.192,229.617,507.2332,1.7607
1.0031464748139440,-0.0000000000000001,0.0000000000001440,-0.0000000000000545,-0.0030366005427408,0.0106314632912927,4.0821558940213194,3.0000274217,135.257,230.821,486.6268,1.8025
1.0031326984766193,-0.0000000000000000,-0.0000000000000015,-0.0000000000000053,-0.0031488413194385,-0.0107741334497230,4.1317492848331687,3.0000239460,137.291,232.019,467.9312,1.8523
1.0031199323119107,-0.0000000000000000,-0.0000000000000034,-0.0000000000000052,-0.0032590516727677,-0.0109137140796111,4.1823019867602644,3.0000204702,139.295,233.210,451.0688,1.9108
1.0031081436719518,-0.0000000000000001,-0.0000000000000153,0.0000000000000298,-0.0033667240210885,0.0110505165968889,4.2336522313233136,3.0000169944,141.271,234.396,435.9601,1.9785
1.0030972879721287,-0.0000000000000001,-0.0000000000001026,0.0000000000001977,-0.0034713660286397,0.0111848647627384,4.2856205844459634,3.0000135187,143.219,235.575,422.5240,2.0561
1.0030873096010904,-0.0000000000000000,-0.0000000000000062,-0.0000000000000089,-0.0035725139411411,-0.0113170882839526,4.3380133207776925,3.0000100429,145.142,236.749,410.6779,2.1441
1.0030781433533216,-0.0000000000000000,0.0000000000000004,0.0000000000000012,-0.0036697453566934,-0.0114475153811673,4.3906266343758613,3.0000065671,147.039,237.917,400.3372,2.2428
1.0030697163136468,-0.0000000000000001,0.0000000000001479,-0.0000000000003085,-0.0037626905792169,0.0115764648791722,4.4432514749559928,3.0000030914,148.912,239.079,391.4160,2.3525
1.0030619500779367,-0.0000000000000000,0.0000000000003081,-0.0000000000005603,-0.0038510417807712,0.0117042384409903,4.4956787288863822,2.9999996156,150.762,240.235,383.8271,2.4734
1.0030547631596802,-0.0000000000000000,-0.0000000000000014,-0.0000000000000022,-0.0039345593829931,-0.0118311135547377,4.5477044194761929,2.9999961398,152.589,241.386,377.4828,2.6054
1.0030480734165945,-0.0000000000000000,-0.0000000000000123,-0.0000000000000154,-0.0040130753206701,-0.0119573377933015,4.5991345947023143,2.9999926641,154.395,242.532,372.2951,2.7483
1.0030418003404928,-0.0000000000000000,-0.0000000000000031,0.0000000000000052,-0.0040864931424368,-0.0120831247076777,4.6497896071794500,2.9999891883,156.180,243.672,368.1766,2.9019
1.0030358670700252,-0.0000000000000000,0.0000000000002560,-0.0000000000004679,-0.0041547851735624,0.0122086515431941,4.6995075631720047,2.9999857125,157.944,244.807,365.0412,3.0657
1.0030302020314208,-0.0000000000000001,0.0000000000003020,-0.0000000000006182,-0.0042179871998116,0.0123340587569111,4.7481467973685128,2.9999822368,159.689,245.936,362.8046,3.2392
1.0030247401512047,-0.0000000000000000,-0.0000000000000042,-0.0000000000000059,-0.0042761912772158,-0.0124594511673441,4.7955873352918470,2.9999787610,161.416,247.061,361.3853,3.4216
1.0030194236303775,-0.0000000000000000,-0.0000000000000050,0.0000000000000106,-0.0043295373307451,-0.0125849004297120,4.8417313830949666,2.9999752852,163.124,248.180,360.7050,3.6122
1.0030142023091417,-0.0000000000000000,-0.0000000000000040,-0.0000000000000013,-0.0043782041996004,-0.0127104484876914,4.8865029573708938,2.9999718094,164.814,249.294,360.6890,3.8102
1.0030090336740360,-0.0000000000000000,0.0000000000000028,0.0000000000000238,-0.0044224006986626,-0.0128361116178215,4.9298468150212473,2.9999683337,166.487,250.404,361.2670,4.0148
1.0030038825764693,-0.0000000000000001,-0.0000000000000151,0.0000000000001934,-0.0044623571423611,0.0129618847345340,4.9717268572175630,2.9999648579,168.144,251.508,362.3730,4.2250
1.0029987207406479,-0.0000000000000000,0.0000000000001228,-0.0000000000000452,-0.0044983176680813,0.0130877456599161,5.0121241838492283,2.9999613821,169.784,252.608,363.9455,4.4401
1.0029935261281626,-0.0000000000000000,0.0000000000001943,-0.0000000000000925,-0.0045305335358344,0.0132136591541613,5.0510349624822872,2.9999579064,171.409,253.703,365.9280,4.6591
1.0029882822273013,-0.0000000000000000,-0.0000000000000434,-0.0000000000003454,-0.0045592575089766,0.0133395805489151,5.0884682406745991,2.9999544306,173.018,254.793,368.2684,4.8813
1.0029829773155619,-0.0000000000000000,0.0000000000000141,0.0000000000000073,-0.0045847393006722,-0.0134654589151444,5.1244438104154018,2.9999509548,174.613,255.878,370.9190,5.1059
1.0029776037339129,-0.0000000000000000,-0.0000000000000069,-0.0000000000000104,-0.0046072220206739,-0.0135912397233870,5.1589901997956220,2.9999474791,176.193,256.959,373.8368,5.3322
1.0029721572054668,0.0000000000000000,-0.0000000000000009,0.0000000000000001,-0.0046269395384508,-0.0137168670162580,5.1921428369793423,2.9999440033,177.759,258.035,376.9828,5.5596
1.0029666362099037,-0.0000000000000000,0.0000000000000082,0.0000000000000222,-0.0046441146202119,-0.0138422851198403,5.2239424180484804,2.9999405275,179.312,259.107,380.3217,5.7873
1.0029610414273111,-0.0000000000000000,-0.0000000000000000,0.0000000000000242,-0.0046589577265066,-0.0139674399468144,5.2544334841620097,2.9999370518,180.851,260.175,383.8221,6.0149
