x0_n,y0_n,z0_n,xd0_n,yd0_n,zd0_n,Tp,JC,L2ExcessVelocity_mps,landingVelocity_mps,stabilityIndex1,stabilityIndex2...,error_tol=1e-12,n_Nodes=6,stepsize=1.0
1.0039913598424499,0.0000000000000000,0.0000000000000667,0.0000000000000018,-0.0000001716048477,-0.0000991689490834,3.1510149581189384,3.0001421221,1.252,187.044,2626.2128,1.9491
1.0035548509402017,-0.0000000000000000,-0.0000000000013116,0.0000000000018707,-0.0010893609356387,0.0072067493283870,3.4176896845375722,3.0000908545,90.432,207.754,1238.8671,1.7227
1.0032028328496507,-0.0000000000000000,0.0000000000001804,-0.0000000000002393,-0.0026350110299332,0.0101037295233289,3.9179840830414756,3.0000395869,127.884,226.579,567.6086,1.6869
1.0030402880631797,-0.0000000000000000,0.0000000000001228,0.0000000000000023,-0.0041040463300090,0.0121145246873154,4.6623128397559412,2.9999883193,156.623,243.956,367.3040,2.9420
1.0029610414273111,-0.0000000000000000,-0.0000000000000000,0.0000000000000242,-0.0046589577265066,-0.0139674399468144,5.2544334841620097,2.9999370518,180.851,260.175,383.8221,6.0149
1.0028729656344963,-0.0000000000000000,-0.0000000000002231,0.0000000000000858,-0.0047077856609127,0.0157574453331350,5.5830383933518934,2.9998857842,202.196,275.440,441.4743,9.1418
1.0027849392667947,-0.0000000000000001,-0.0000000000000193,-0.0000000000002454,-0.0046261017383343,0.0174074154445318,5.7687608763776135,2.9998345166,221.494,289.903,492.5585,11.6034
1.0027044309936730,-0.0000000000000000,-0.0000000000002302,0.0000000000003206,-0.0045212139247514,0.0189204938088268,5.8835776955808292,2.9997832490,239.241,303.677,532.3027,13.4667
1.0026326182459944,-0.0000000000000000,-0.0000000000004469,0.0000000000005214,-0.0044205096354880,0.0203184504054205,5.9601823134635152,2.9997319814,255.759,316.854,562.8626,14.8913
1.0025687487837578,-0.0000000000000000,-0.0000000000000052,-0.0000000000000073,-0.0043304876381495,-0.0216215139769600,6.0143451762311324,2.9996807138,271.273,329.504,586.6712,16.0023
1.0025116994355114,-0.0000000000000000,-0.0000000000005310,0.0000000000005059,-0.0042518227876567,0.0228456880165053,6.0543759603915008,2.9996294463,285.946,341.686,605.5604,16.8865
1.0024604122410856,-0.0000000000000000,-0.0000000000000073,-0.0000000000000073,-0.0041835714643084,-0.0240033217791856,6.0850033642053658,2.9995781787,299.902,353.448,620.8186,17.6033
1.0024139909715852,-0.0000000000000000,-0.0000000000000053,-0.0000000000000047,-0.0041244440391697,-0.0251040079179090,6.1090927404204702,2.9995269111,313.238,364.831,633.3475,18.1938
1.0023717006807682,0.0000000000000000,0.0000000000000004,0.0000000000000041,-0.0040731965354574,-0.0261553092989423,6.1284713973074965,2.9994756435,326.028,375.870,643.7859,18.6875
1.0023329434036752,-0.0000000000000000,-0.0000000000017815,0.0000000000019287,-0.0040287379393107,0.0271632864415758,6.1443546834535736,2.9994243759,338.335,386.593,652.5947,19.1052
1.0022972317054983,-0.0000000000000000,-0.0000000000016188,0.0000000000016279,-0.0039901434824657,0.0281328721685977,6.1575797516479529,2.9993731083,350.210,397.028,660.1126,19.4626
1.0022641658709326,-0.0000000000000000,-0.0000000000013626,0.0000000000014701,-0.0039566385305347,0.0290681389078844,6.1687405625774527,2.9993218408,361.695,407.194,666.5928,19.7714
1.0022334156177468,-0.0000000000000001,-0.0000000000012495,0.0000000000013605,-0.0039275756317189,0.0299724919035940,6.1782693229658037,2.9992705732,372.827,417.113,672.2281,20.0404
1.0022047058164871,-0.0000000000000000,0.0000000000000103,0.0000000000000122,-0.0039024123723890,-0.0308488111035456,6.1864874815832023,2.9992193056,383.635,426.802,677.1673,20.2766
1.0021778054284638,-0.0000000000000000,-0.0000000000000061,-0.0000000000000053,-0.0038806922895261,-0.0316995570362509,6.1936387109474822,2.9991680380,394.148,436.276,681.5270,20.4854
1.0021525189302001,-0.0000000000000000,0.0000000000000015,0.0000000000000026,-0.0038620291378010,-0.0325268510545134,6.1999108464327604,2.9991167704,404.387,445.548,685.3996,20.6712
1.0021286796357549,-0.0000000000000000,-0.0000000000000095,-0.0000000000000078,-0.0038460941637071,-0.0333325370372069,6.2054508479431068,2.9990655028,414.373,454.631,688.8593,20.8374
1.0021061444622372,-0.0000000000000000,0.0000000000000067,0.0000000000000246,-0.0038326058860931,-0.0341182294726688,6.2103752285649083,2.9990142353,424.124,463.536,691.9663,20.9868
1.0020847897958254,-0.0000000000000000,-0.0000000000000144,-0.0000000000000179,-0.0038213218969369,-0.0348853513947086,6.2147774677528442,2.9989629677,433.656,472.273,694.7697,21.1218
1.0020645082013877,-0.0000000000000000,-0.0000000000000064,-0.0000000000000157,-0.0038120322684592,-0.0356351646528022,6.2187333744104913,2.9989117001,442.983,480.851,697.3102,21.2442
1.0020452057831641,-0.0000000000000000,-0.0000000000000106,-0.0000000000000201,-0.0038045542303916,-0.0363687943174918,6.2223050287800294,2.9988604325,452.118,489.280,699.6215,21.3558
1.0020268000514634,-0.0000000000000000,-0.0000000000000241,-0.0000000000000380,-0.0037987278515500,-0.0370872485461798,6.2255437217556349,2.9988091649,461.071,497.565,701.7322,21.4577
1.0020092181857232,-0.0000000000000000,-0.0000000000000037,-0.0000000000000134,-0.0037944125167698,-0.0377914348960048,6.2284921754398317,2.9987578973,469.854,505.715,703.6661,21.5512
1.0019923956103749,-0.0000000000000000,-0.0000000000000108,-0.0000000000000258,-0.0037914840367955,-0.0384821738285200,6.2311862409264958,2.9987066298,478.476,513.735,705.4436,21.6372
1.0019762748193672,-0.0000000000000000,0.0000000000000061,-0.0000000000000082,-0.0037898322636852,-0.0391602099732745,6.2336562108252878,2.9986553622,486.946,521.632,707.0821,21.7166
1.0019608043998036,-0.0000000000000000,-0.0000000000000118,-0.0000000000000339,-0.0037893591125163,-0.0398262215879454,6.2359278441368104,2.9986040946,495.270,529.411,708.5966,21.7900
1.0019459382161024,-0.0000000000000000,-0.0000000000000311,-0.0000000000000572,-0.0037899769111067,-0.0404808285548696,6.2380231741574068,2.9985528270,503.457,537.078,710.0000,21.8581
1.0019316347243932,-0.0000000000000000,-0.0000000000000165,0.0000000000000252,-0.0037916070161349,-0.0411245991811400,6.2399611508092407,2.9985015594,511.512,544.637,711.3035,21.9214
1.0019178563933344,-0.0000000000000000,-0.0000000000000093,0.0000000000000316,-0.0037941786468692,-0.0417580560140490,6.2417581555873589,2.9984502918,519.443,552.092,712.5169,21.9804
1.0019045692122863,-0.0000000000000000,0.0000000000000057,0.0000000000000097,-0.0037976278973711,-0.0423816808397138,6.2434284173564354,2.9983990243,527.255,559.448,713.6488,22.0355
1.0018917422716860,-0.0000000000000000,-0.0000000000000463,-0.0000000000000558,-0.0038018968961366,-0.0429959190015168,6.2449843505547973,2.9983477567,534.952,566.708,714.7067,22.0870
1.0018793474034027,-0.0000000000000000,0.0000000000000210,0.0000000000000302,-0.0038069330878426,-0.0436011831477122,6.2464368320624910,2.9982964891,542.541,573.877,715.6974,22.1353
1.0018673588711524,-0.0000000000000000,-0.0000000000000018,0.0000000000000011,-0.0038126886170014,-0.0441978564976824,6.2477954292656142,2.9982452215,550.024,580.957,716.6266,22.1807
1.0018557531029317,-0.0000000000000000,0.0000000000000021,0.0000000000000052,-0.0038191197967876,-0.0447862957004129,6.2490685890119160,2.9981939539,557.408,587.952,717.4996,22.2234
1.0018445084588357,-0.0000000000000000,0.0000000000004094,0.0000000000005400,-0.0038261866495958,-0.0453668333455967,6.2502637950219624,2.9981426863,564.694,594.864,718.3212,22.2635
1.0018336050289838,-0.0000000000000000,-0.0000000000000094,-0.0000000000000050,-0.0038338525082335,-0.0459397801775455,6.2513876996994258,2.9980914187,571.888,601.697,719.0954,22.3014
1.0018230244566162,-0.0000000000000000,0.0000000000000060,0.0000000000000137,-0.0038420836682006,-0.0465054270541662,6.2524462350414822,2.9980401512,578.992,608.454,719.8260,22.3373
1.0018127497833831,-0.0000000000000000,0.0000000000000018,0.0000000000000077,-0.0038508490840301,-0.0470640466852344,6.2534447063976097,2.9979888836,586.011,615.136,720.5164,22.3711
1.0018027653129566,-0.0000000000000000,-0.0000000000000027,0.0000000000000041,-0.0038601201027682,-0.0476158951803815,6.2543878720721757,2.9979376160,592.946,621.747,721.1696,22.4032
1.0017930564908102,-0.0000000000000000,0.0000000000000043,0.0000000000000110,-0.0038698702295906,-0.0481612134311227,6.2552800111926805,2.9978863484,599.801,628.288,721.7883,22.4337
1.0017836097978170,-0.0000000000000000,-0.0000000000000121,-0.0000000000000091,-0.0038800749209693,-0.0487002283484781,6.2561249817995002,2.9978350808,606.579,634.761,722.3751,22.4626
1.0017744126558372,-0.0000000000000000,-0.0000000000000030,0.0000000000000019,-0.0038907114017299,-0.0492331539740110,6.2569262707545965,2.9977838132,613.281,641.169,722.9323,22.4900
1.0017654533437239,-0.0000000000000000,-0.0000000000000300,-0.0000000000000303,-0.0039017585026937,-0.0497601924798441,6.2576870367729827,2.9977325457,619.912,647.514,723.4617,22.5162
1.0017567209223963,-0.0000000000000000,-0.0000000000000018,0.0000000000000051,-0.0039131965162956,-0.0502815350708760,6.2584101476538478,2.9976812781,626.472,653.797,723.9654,22.5411
1.0017482051678614,-0.0000000000000000,-0.0000000000000123,-0.0000000000000041,-0.0039250070678437,-0.0507973628007210,6.2590982125960029,2.9976300105,632.964,660.020,724.4450,22.5649
1.0017398965111608,-0.0000000000000000,-0.0000000000000151,-0.0000000000000096,-0.0039371730004483,-0.0513078473111643,6.2597536103351787,2.9975787429,639.390,666.186,724.9022,22.5875
1.0017317859844623,-0.0000000000000000,-0.0000000000000074,-0.0000000000000021,-0.0039496782719001,-0.0518131515037649,6.2603785137165122,2.9975274753,645.752,672.294,725.3383,22.6092
1.0017238651725004,-0.0000000000000000,-0.0000000000000463,-0.0000000000000486,-0.0039625078621592,-0.0523134301510034,6.2609749112146336,2.9974762077,652.052,678.348,725.7546,22.6299
1.0017161261688077,-0.0000000000000000,-0.0000000000000001,0.0000000000000076,-0.0039756476900615,-0.0528088304535677,6.2615446258326539,2.9974249402,658.292,684.348,726.1524,22.6497
1.0017085615361179,-0.0000000000000001,-0.0000000000001495,-0.0000000000005608,-0.0039890845382651,-0.0532994925500178,6.2620893318095128,2.9973736726,664.473,690.296,726.5327,22.6687
1.0017011642705589,-0.0000000000000001,-0.0000000000000841,-0.0000000000007896,-0.0040028059852879,-0.0537855499804180,6.2626105690445790,2.9973224050,670.598,696.193,726.8967,22.6869
1.0016939277690844,-0.0000000000000001,-0.0000000000008708,-0.0000000000015318,-0.0040168003444257,-0.0542671301168406,6.2631097564797678,2.9972711374,676.667,702.041,727.2453,22.7043
1.0016868458000832,-0.0000000000000000,0.0000000000003138,0.0000000000001406,-0.0040310566077385,-0.0547443545535167,6.2635882033903760,2.9972198698,682.681,707.840,727.5793,22.7211
1.0016799124761746,-0.0000000000000000,-0.0000000000004043,-0.0000000000012536,-0.0040455643959331,-0.0552173394668532,6.2640471196754470,2.9971686022,688.644,713.593,727.8995,22.7371
1.0016731222300055,-0.0000000000000000,-0.0000000000004542,-0.0000000000009343,-0.0040603139118634,-0.0556861959501283,6.2644876249935146,2.9971173347,694.555,719.299,728.2068,22.7526
1.0016664697916693,-0.0000000000000001,0.0000000000007231,0.0000000000005807,-0.0040752958989115,-0.0561510303168452,6.2649107569172209,2.9970660671,700.416,724.960,728.5018,22.7675
1.0016599501681878,-0.0000000000000000,0.0000000000003424,0.0000000000001140,-0.0040905016029779,-0.0566119443864070,6.2653174781999699,2.9970147995,706.229,730.577,728.7852,22.7818
1.0016535586248188,-0.0000000000000001,-0.0000000000004363,-0.0000000000009106,-0.0041059227369260,-0.0570690357453944,6.2657086833434210,2.9969635319,711.994,736.152,729.0576,22.7956
1.0016472906678915,-0.0000000000000001,-0.0000000000005919,-0.0000000000010351,-0.0041215514489130,-0.0575223979877046,6.2660852044457949,2.9969122643,717.713,741.685,729.3196,22.8088
1.0016411420287943,-0.0000000000000001,0.0000000000004439,0.0000000000000419,-0.0041373802930041,-0.0579721209437766,6.2664478164609427,2.9968609967,723.387,747.176,729.5716,22.8217
1.0016351086494477,-0.0000000000000000,-0.0000000000007397,-0.0000000000015732,-0.0041534022023973,-0.0584182908865075,6.2667972419886055,2.9968097292,729.016,752.628,729.8142,22.8340
1.0016291866690776,-0.0000000000000000,0.0000000000009414,0.0000000000011005,-0.0041696104639258,-0.0588609907270197,6.2671341555421778,2.9967584616,734.603,758.040,730.0479,22.8459
1.0016233724115868,-0.0000000000000000,-0.0000000000005332,-0.0000000000008135,-0.0041859986964443,-0.0593003001930202,6.2674591874404646,2.9967071940,740.147,763.414,730.2731,22.8574
1.0016176623744193,-0.0000000000000000,0.0000000000007704,0.0000000000007568,-0.0042025608284515,-0.0597362960011058,6.2677729272992337,2.9966559264,745.650,768.751,730.4902,22.8686
1.0016120532176391,-0.0000000000000000,0.0000000000009946,0.0000000000008720,-0.0042192910797851,-0.0601690520105921,6.2680759272518616,2.9966046588,751.113,774.051,730.6996,22.8793
1.0016065417544358,-0.0000000000000001,0.0000000000001579,0.0000000000000928,-0.0042361839431008,-0.0605986393720254,6.2683687048257148,2.9965533912,756.536,779.314,730.9016,22.8897
1.0016011249420476,-0.0000000000000001,0.0000000000006103,0.0000000000004122,-0.0042532341673514,-0.0610251266637013,6.2686517455599073,2.9965021237,761.921,784.542,731.0965,22.8998
1.0015957998730962,-0.0000000000000001,-0.0000000000002447,-0.0000000000004909,-0.0042704367426802,-0.0614485800214091,6.2689255054359654,2.9964508561,767.267,789.736,731.2848,22.9095
1.0015905637681224,-0.0000000000000001,0.0000000000005798,0.0000000000001590,-0.0042877868857500,-0.0618690632565170,6.2691904130479603,2.9963995885,772.577,794.896,731.4667,22.9190
1.0015854139680140,-0.0000000000000001,0.0000000000006702,0.0000000000004740,-0.0043052800270208,-0.0622866379705562,6.2694468715856511,2.9963483209,777.851,800.022,731.6425,22.9281
1.0015803479275165,-0.0000000000000001,0.0000000000001900,-0.0000000000003077,-0.0043229117981685,-0.0627013636598995,6.2696952606981746,2.9962970533,783.089,805.116,731.8124,22.9370
1.0015753632087006,-0.0000000000000000,-0.0000000000011393,-0.0000000000017725,-0.0043406780206114,-0.0631132978160791,6.2699359381240169,2.9962457857,788.292,810.178,731.9767,22.9455
1.0015704574753650,-0.0000000000000000,-0.0000000000005837,-0.0000000000007471,-0.0043585746949788,-0.0635224960188099,6.2701692412630807,2.9961945181,793.461,815.209,732.1356,22.9539
1.0015656284872096,-0.0000000000000001,-0.0000000000006591,-0.0000000000014131,-0.0043765979913348,-0.0639290120242487,6.2703954885667157,2.9961432506,798.597,820.208,732.2894,22.9620
1.0015608740950996,-0.0000000000000001,0.0000000000004051,0.0000000000003926,-0.0043947442397277,-0.0643328978465664,6.2706149808171423,2.9960919830,803.700,825.177,732.4383,22.9698
1.0015561922359464,-0.0000000000000000,0.0000000000004989,0.0000000000001903,-0.0044130099217435,-0.0647342038372775,6.2708280023524772,2.9960407154,808.771,830.117,732.5824,22.9774
1.0015515809284621,-0.0000000000000000,0.0000000000006281,0.0000000000004396,-0.0044313916621900,-0.0651329787579292,6.2710348221274170,2.9959894478,813.810,835.027,732.7220,22.9848
1.0015470382688958,-0.0000000000000000,0.0000000000007283,0.0000000000005524,-0.0044498862218921,-0.0655292698508594,6.2712356947379737,2.9959381802,818.818,839.909,732.8573,22.9920
1.0015425624270604,-0.0000000000000000,0.0000000000012338,0.0000000000012620,-0.0044684904903297,-0.0659231229033550,6.2714308613698435,2.9958869126,823.796,844.762,732.9884,22.9990
1.0015381516426776,-0.0000000000000000,0.0000000000005920,0.0000000000005851,-0.0044872014792893,-0.0663145823097659,6.2716205506286249,2.9958356451,828.743,849.588,733.1154,23.0058
1.0015338042219342,-0.0000000000000000,0.0000000000002301,-0.0000000000000154,-0.0045060163164044,-0.0667036911316637,6.2718049793566761,2.9957843775,833.662,854.386,733.2386,23.0124
1.0015295185342703,-0.0000000000000001,0.0000000000007481,0.0000000000004099,-0.0045249322395027,-0.0670904911502671,6.2719843533651023,2.9957331099,838.551,859.158,733.3581,23.0189
1.0015252930091640,-0.0000000000000001,0.0000000000003857,0.0000000000002725,-0.0045439465913206,-0.0674750229235899,6.2721588681167679,2.9956818423,843.413,863.903,733.4740,23.0251
1.0015211261335242,-0.0000000000000001,0.0000000000014498,0.0000000000014781,-0.0045630568139585,-0.0678573258307505,6.2723287093633093,2.9956305747,848.246,868.622,733.5864,23.0312
1.0015170164485976,-0.0000000000000001,0.0000000000005770,0.0000000000003812,-0.0045822604444617,-0.0682374381239913,6.2724940537235661,2.9955793071,853.052,873.316,733.6955,23.0372
1.0015129625478874,-0.0000000000000000,0.0000000000010154,0.0000000000011140,-0.0046015551100167,-0.0686153969716849,6.2726550692391356,2.9955280396,857.831,877.985,733.8015,23.0429
1.0015089630743317,-0.0000000000000000,0.0000000000000018,-0.0000000000000019,-0.0046209385238061,0.0689912384980687,6.2728119158181359,2.9954767720,862.583,882.629,733.9043,23.0486
1.0015050167183477,-0.0000000000000000,0.0000000000017993,0.0000000000018748,-0.0046404084808897,-0.0693649978310821,6.2729647459905769,2.9954255044,867.310,887.249,734.0042,23.0541
1.0015011222153500,0.0000000000000000,-0.0000000000000127,0.0000000000000225,-0.0046599628546919,0.0697367091305159,6.2731137047439134,2.9953742368,872.011,891.845,734.1012,23.0594
1.0014972783441802,0.0000000000000000,0.0000000000000534,-0.0000000000000796,-0.0046795995929221,0.0701064056350814,6.2732589306909823,2.9953229692,876.686,896.417,734.1954,23.0647
1.0014934839247580,0.0000000000000000,-0.0000000000000403,0.0000000000000525,-0.0046993167146475,0.0704741196895273,6.2734005558596193,2.9952717016,881.337,900.966,734.2870,23.0698
1.0014897378165444,0.0000000000000000,-0.0000000000000265,0.0000000000000323,-0.0047191123069217,0.0708398827811511,6.2735387063248798,2.9952204341,885.964,905.492,734.3759,23.0747
1.0014860389167124,-0.0000000000000000,-0.0000000000000053,0.0000000000000078,-0.0047389845217509,0.0712037255707478,6.2736735024742920,2.9951691665,890.566,909.996,734.4624,23.0796
1.0014823861585676,-0.0000000000000000,0.0000000000000022,-0.0000000000000034,-0.0047589315732760,0.0715656779226904,6.2738050593374002,2.9951178989,895.145,914.477,734.5465,23.0843
1.0014787785100219,-0.0000000000000000,0.0000000000014137,0.0000000000012833,-0.0047789517350338,-0.0719257689345282,6.2739334869078975,2.9950666313,899.700,918.937,734.6282,23.0889
1.0014752149720432,-0.0000000000000000,0.0000000000000185,-0.0000000000000167,-0.0047990433375375,0.0722840269595543,6.2740588901923839,2.9950153637,904.233,923.375,734.7077,23.0934
1.0014716945774922,-0.0000000000000001,0.0000000000011231,0.0000000000012424,-0.0048192047655655,-0.0726404796431785,6.2741813699810409,2.9949640961,908.743,927.792,734.7850,23.0979
1.0014682163895117,0.0000000000000000,0.0000000000001450,-0.0000000000001886,-0.0048394344562316,0.0729951539354763,6.2743010223733222,2.9949128286,913.231,932.188,734.8602,23.1022
1.0014647795005927,-0.0000000000000001,0.0000000000010403,0.0000000000010555,-0.0048597308964826,-0.0733480761259656,6.2744179397728823,2.9948615610,917.696,936.563,734.9333,23.1064
1.0014613830311032,0.0000000000000000,0.0000000000000123,-0.0000000000000102,-0.0048800926212441,0.0736992718565694,6.2745322103285055,2.9948102934,922.140,940.918,735.0045,23.1105
1.0014580261284449,-0.0000000000000001,0.0000000000008928,0.0000000000008692,-0.0049005182113310,-0.0740487661536958,6.2746439188999412,2.9947590258,926.563,945.253,735.0737,23.1145
1.0014547079657392,-0.0000000000000000,0.0000000000003681,0.0000000000001343,-0.0049210062917035,-0.0743965834384691,6.2747531465170425,2.9947077582,930.965,949.568,735.1411,23.1184
1.0014514277409348,-0.0000000000000000,0.0000000000000240,-0.0000000000000307,-0.0049415555295371,0.0747427475564168,6.2748599710432806,2.9946564906,935.346,953.864,735.2067,23.1223
1.0014481846758734,-0.0000000000000000,-0.0000000000001730,-0.0000000000006312,-0.0049621646327223,-0.0750872817903456,6.2749644673541738,2.9946052231,939.706,958.140,735.2705,23.1261
1.0014449780153287,-0.0000000000000001,0.0000000000005193,0.0000000000004009,-0.0049828323480461,-0.0754302088791976,6.2750667070221811,2.9945539555,944.047,962.397,735.3327,23.1297
1.0014418070260358,-0.0000000000000000,0.0000000000000034,-0.0000000000000042,-0.0050035574599241,0.0757715510376864,6.2751667589385658,2.9945026879,948.367,966.636,735.3932,23.1333
1.0014386709960079,-0.0000000000000000,-0.0000000000000005,-0.0000000000000003,-0.0050243387887262,0.0761113299744167,6.2752646893627375,2.9944514203,952.669,970.856,735.4520,23.1369
1.0014355692336372,-0.0000000000000000,-0.0000000000009132,-0.0000000000016413,-0.0050451751895758,-0.0764495669038219,6.2753605619010600,2.9944001527,956.950,975.058,735.5094,23.1403
1.0014325010670457,-0.0000000000000000,0.0000000000001247,-0.0000000000001417,-0.0050660655506541,-0.0767862825631175,6.2754544375900680,2.9943488851,961.213,979.242,735.5652,23.1437
1.0014294658431575,0.0000000000000000,-0.0000000000000019,0.0000000000000031,-0.0050870087925997,0.0771214972294023,6.2755463752322278,2.9942976176,965.457,983.407,735.6196,23.1470
1.0014264629272314,-0.0000000000000000,0.0000000000000074,-0.0000000000000047,-0.0051080038667264,0.0774552307319757,6.2756364314942426,2.9942463500,969.682,987.556,735.6726,23.1503
1.0014234917020723,-0.0000000000000000,-0.0000000000000003,0.0000000000000007,-0.0051290497541088,0.0777875024659674,6.2757246607659294,2.9941950824,973.889,991.687,735.7241,23.1534
1.0014205515674137,-0.0000000000000001,0.0000000000010248,0.0000000000006643,-0.0051501454644367,-0.0781183314070077,6.2758111155051681,2.9941438148,978.077,995.801,735.7744,23.1565
1.0014176419393686,-0.0000000000000000,0.0000000000005459,0.0000000000008128,-0.0051712900351469,-0.0784477361194347,6.2758958460976615,2.9940925472,982.248,999.898,735.8233,23.1596
1.0014147622496730,0.0000000000000000,-0.0000000000002104,0.0000000000002794,-0.0051924825300416,0.0787757347770769,6.2759789011691440,2.9940412796,986.402,1003.978,735.8710,23.1626
1.0014119119455067,-0.0000000000000000,-0.0000000000000141,0.0000000000000170,-0.0052137220388023,0.0791023451661632,6.2760603276618276,2.9939900120,990.537,1008.042,735.9174,23.1655
1.0014090904885196,-0.0000000000000000,-0.0000000000000187,0.0000000000000252,-0.0052350076757045,0.0794275847012637,6.2761401707038376,2.9939387445,994.656,1012.089,735.9627,23.1684
1.0014062973546092,-0.0000000000000001,-0.0000000000000286,-0.0000000000004299,-0.0052563385789884,-0.0797514704357375,6.2762184738940459,2.9938874769,998.758,1016.121,736.0067,23.1712
1.0014035320333812,-0.0000000000000001,-0.0000000000000977,-0.0000000000004202,-0.0052777139098168,-0.0800740190690400,6.2762952791457840,2.9938362093,1002.843,1020.136,736.0497,23.1740
1.0014007940276697,-0.0000000000000002,0.0000000000011564,0.0000000000013068,-0.0052991328516746,-0.0803952469620314,6.2763706270438924,2.9937849417,1006.911,1024.136,736.0915,23.1767
1.0013980828529447,0.0000000000000000,0.0000000000000220,-0.0000000000000369,-0.0053205946096105,0.0807151701428762,6.2764445566575731,2.9937336741,1010.963,1028.120,736.1323,23.1793
1.0013953980372188,0.0000000000000000,-0.0000000000000027,0.0000000000000046,-0.0053420984091664,0.0810338043177732,6.2765171058389031,2.9936824065,1014.999,1032.088,736.1720,23.1819
1.0013927391203563,-0.0000000000000000,-0.0000000000000182,0.0000000000000226,-0.0053636434961523,0.0813511648790007,6.2765883110196610,2.9936311390,1019.019,1036.042,736.2107,23.1845
1.0013901056537615,-0.0000000000000000,0.0000000000000301,-0.0000000000000373,-0.0053852291356441,0.0816672669145447,6.2766582074178716,2.9935798714,1023.023,1039.980,736.2483,23.1870
1.0013874972000250,-0.0000000000000002,0.0000000000004226,-0.0000000000001507,-0.0054068546114358,-0.0819821252164341,6.2767268291166163,2.9935286038,1027.011,1043.904,736.2851,23.1894
1.0013849133325565,-0.0000000000000000,0.0000000000005162,0.0000000000004283,-0.0054285192255033,-0.0822957542878927,6.2767942089216309,2.9934773362,1030.984,1047.813,736.3208,23.1919
1.0013823536351993,-0.0000000000000002,0.0000000000013409,0.0000000000014504,-0.0054502222971778,-0.0826081683522558,6.2768603786768464,2.9934260686,1034.942,1051.707,736.3557,23.1942
1.0013798177019162,-0.0000000000000000,-0.0000000000010001,-0.0000000000017794,-0.0054719631630430,-0.0829193813590120,6.2769253691312636,2.9933748010,1038.884,1055.587,736.3897,23.1966
1.0013773051365631,-0.0000000000000000,0.0000000000000548,-0.0000000000000729,-0.0054937411755116,0.0832294069940437,6.2769892099851559,2.9933235335,1042.812,1059.453,736.4227,23.1989
1.0013748155523909,0.0000000000000000,-0.0000000000000255,0.0000000000000330,-0.0055155557035076,0.0835382586839501,6.2770519301006669,2.9932722659,1046.725,1063.305,736.4550,23.2011
1.0013723485719068,-0.0000000000000000,0.0000000000000705,-0.0000000000000891,-0.0055374061309379,0.0838459496029961,6.2771135572814938,2.9932209983,1050.624,1067.143,736.4863,23.2033
1.0013699038265322,-0.0000000000000000,-0.0000000000000133,0.0000000000000160,-0.0055592918567011,0.0841524926806569,6.2771741184782073,2.9931697307,1054.508,1070.967,736.5169,23.2055
1.0013674809563196,-0.0000000000000000,-0.0000000000000010,0.0000000000000018,-0.0055812122940670,0.0844579006076241,6.2772336397854955,2.9931184631,1058.377,1074.777,736.5467,23.2076
1.0013650796097038,-0.0000000000000002,-0.0000000000000433,-0.0000000000007409,-0.0056031668703316,-0.0847621858425582,6.2772921465225346,2.9930671955,1062.233,1078.574,736.5757,23.2097
1.0013626994432772,-0.0000000000000002,-0.0000000000001056,-0.0000000000007437,-0.0056251550262380,-0.0850653606152723,6.2773496630772891,2.9930159280,1066.075,1082.358,736.6040,23.2118
1.0013603401214959,-0.0000000000000000,0.0000000000016062,0.0000000000019643,-0.0056471762156226,-0.0853674369369881,6.2774062132192094,2.9929646604,1069.903,1086.129,736.6315,23.2138
1.0013580013164241,-0.0000000000000002,0.0000000000024298,0.0000000000030996,-0.0056692299052405,-0.0856684266020115,6.2774618199278418,2.9929133928,1073.717,1089.886,736.6583,23.2158
1.0013556827075190,-0.0000000000000000,-0.0000000000000223,0.0000000000000284,-0.0056913155741416,0.0859683411950424,6.2775165054404276,2.9928621252,1077.518,1093.631,736.6844,23.2177
1.0013533839816124,-0.0000000000000000,-0.0000000000000201,0.0000000000000259,-0.0057134327130485,0.0862671920967515,6.2775702914412523,2.9928108576,1081.305,1097.363,736.7097,23.2196
1.0013511048323698,-0.0000000000000000,-0.0000000000000101,0.0000000000000130,-0.0057355808245825,0.0865649904866732,6.2776231988389375,2.9927595900,1085.079,1101.082,736.7345,23.2215
1.0013488449602879,-0.0000000000000000,-0.0000000000000465,0.0000000000000592,-0.0057577594225417,0.0868617473498881,6.2776752479507456,2.9927083225,1088.840,1104.788,736.7585,23.2234
1.0013466040724512,-0.0000000000000000,0.0000000000000235,-0.0000000000000306,-0.0057799680316539,0.0871574734812702,6.2777264584896857,2.9926570549,1092.589,1108.483,736.7820,23.2252
1.0013443818823626,-0.0000000000000000,0.0000000000000060,-0.0000000000000077,-0.0058022061872883,0.0874521794900379,6.2777768495786050,2.9926057873,1096.324,1112.165,736.8048,23.2270
1.0013421781097449,-0.0000000000000000,0.0000000000017287,0.0000000000017136,-0.0058244734350253,-0.0877458758051220,6.2778264398247146,2.9925545197,1100.047,1115.834,736.8269,23.2288
1.0013399924802993,-0.0000000000000002,0.0000000000002770,-0.0000000000000068,-0.0058467693307015,-0.0880385726756589,6.2778752471696020,2.9925032521,1103.757,1119.492,736.8485,23.2305
1.0013378247257525,-0.0000000000000000,0.0000000000012027,0.0000000000013397,-0.0058690934395205,-0.0883302801818030,6.2779232891545078,2.9924519845,1107.454,1123.138,736.8695,23.2322
1.0013356745834083,-0.0000000000000000,0.0000000000011112,0.0000000000014262,-0.0058914453364373,-0.0886210082319886,6.2779705827688668,2.9924007170,1111.140,1126.772,736.8899,23.2339
1.0013335417961511,-0.0000000000000000,0.0000000000010240,0.0000000000011402,-0.0059138246054511,-0.0889107665728254,6.2780171445210851,2.9923494494,1114.813,1130.395,736.9098,23.2355
1.0013314261122979,-0.0000000000000000,0.0000000000008220,0.0000000000004423,-0.0059362308394690,-0.0891995647872540,6.2780629904490883,2.9922981818,1118.474,1134.005,736.9291,23.2372
1.0013293272854094,-0.0000000000000000,-0.0000000000000017,-0.0000000000000033,-0.0059586636401550,0.0894874123021775,6.2781081360912463,2.9922469142,1122.123,1137.605,736.9478,23.2388
1.0013272450741402,-0.0000000000000000,-0.0000000000000477,0.0000000000000701,-0.0059811226174794,0.0897743183918799,6.2781525966817231,2.9921956466,1125.761,1141.193,736.9661,23.2403
1.0013251792421538,-0.0000000000000000,-0.0000000000000620,0.0000000000000784,-0.0060036073897762,0.0900602921788898,6.2781963868940078,2.9921443790,1129.386,1144.770,736.9838,23.2419
1.0013231295579064,0.0000000000000000,-0.0000000000000251,0.0000000000000325,-0.0060261175832523,0.0903453426396067,6.2782395210499100,2.9920931114,1133.000,1148.335,737.0010,23.2434
1.0013210957945908,-0.0000000000000000,-0.0000000000000114,0.0000000000000153,-0.0060486528319018,0.0906294786069079,6.2782820130637012,2.9920418439,1136.603,1151.890,737.0177,23.2449
1.0013190777299859,0.0000000000000000,-0.0000000000000261,0.0000000000000318,-0.0060712127772827,0.0909127087733968,6.2783238764769278,2.9919905763,1140.194,1155.433,737.0340,23.2464
1.0013170751463212,-0.0000000000000000,-0.0000000000000195,0.0000000000000272,-0.0060937970682928,0.0911950416945086,6.2783651244592029,2.9919393087,1143.774,1158.966,737.0497,23.2479
1.0013150878302157,-0.0000000000000000,0.0000000000011815,0.0000000000015250,-0.0061164053609895,-0.0914764857923342,6.2784057698644418,2.9918880411,1147.343,1162.488,737.0650,23.2493
1.0013131155724579,-0.0000000000000000,0.0000000000025253,0.0000000000029721,-0.0061390373182854,-0.0917570493546860,6.2784458250801256,2.9918367735,1150.900,1166.000,737.0799,23.2507
1.0013111581679341,-0.0000000000000000,0.0000000000002318,-0.0000000000000468,-0.0061616926103500,-0.0920367405458460,6.2784853022828404,2.9917855059,1154.447,1169.501,737.0943,23.2521
1.0013092154157335,-0.0000000000000002,0.0000000000024520,0.0000000000028647,-0.0061843709130018,-0.0923155673992851,6.2785242132863699,2.9917342384,1157.983,1172.991,737.1083,23.2535
1.0013072871186326,-0.0000000000000000,-0.0000000000009651,-0.0000000000016579,-0.0062070719098030,-0.0925935378295897,6.2785625695926139,2.9916829708,1161.508,1176.471,737.1218,23.2548
1.0013053730834676,-0.0000000000000000,0.0000000000018446,0.0000000000022395,-0.0062297952891291,-0.0928706596294468,6.2786003824080412,2.9916317032,1165.022,1179.941,737.1349,23.2561
1.0013034731205406,-0.0000000000000002,0.0000000000027702,0.0000000000035339,-0.0062525407466294,-0.0931469404734217,6.2786376626279985,2.9915804356,1168.526,1183.401,737.1476,23.2575
1.0013015870438851,-0.0000000000000000,0.0000000000029858,0.0000000000032827,-0.0062753079833923,-0.0934223879222420,6.2786744208962926,2.9915291680,1172.019,1186.850,737.1599,23.2587
1.0012997146711244,-0.0000000000000000,0.0000000000000014,-0.0000000000000009,-0.0062980967065254,0.0936970094204703,6.2787106675130442,2.9914779004,1175.502,1190.290,737.1718,23.2600
1.0012978558233434,-0.0000000000000000,-0.0000000000000158,0.0000000000000216,-0.0063209066283715,0.0939708123068297,6.2787464126457238,2.9914266329,1178.975,1193.720,737.1833,23.2613
1.0012960103249173,-0.0000000000000000,0.0000000000001149,-0.0000000000001608,-0.0063437374671921,0.0942438038084606,6.2787816660850924,2.9913753653,1182.438,1197.139,737.1945,23.2625
1.0012941780035072,-0.0000000000000000,0.0000000000000104,-0.0000000000000127,-0.0063665889464824,0.0945159910474536,6.2788164374158253,2.9913240977,1185.890,1200.549,737.2052,23.2637
1.0012923586900226,0.0000000000000000,-0.0000000000000443,0.0000000000000558,-0.0063894607949875,0.0947873810419747,6.2788507359736707,2.9912728301,1189.332,1203.950,737.2156,23.2649
1.0012905522184707,-0.0000000000000000,-0.0000000000000103,0.0000000000000103,-0.0064123527465824,0.0950579807084906,6.2788845708680281,2.9912215625,1192.765,1207.341,737.2257,23.2661
1.0012887584259089,-0.0000000000000000,-0.0000000000000053,-0.0000000000000000,-0.0064352645400952,0.0953277968637802,6.2789179509786708,2.9911702949,1196.187,1210.722,737.2354,23.2673
1.0012869771523834,-0.0000000000000000,-0.0000000000000145,0.0000000000000157,-0.0064581959192513,0.0955968362269246,6.2789508849622893,2.9911190274,1199.600,1214.094,737.2447,23.2684
1.0012852082408283,-0.0000000000000000,-0.0000000000000179,0.0000000000000218,-0.0064811466324960,0.0958651054212801,6.2789833812731191,2.9910677598,1203.003,1217.457,737.2537,23.2696
1.0012834515370432,-0.0000000000000002,0.0000000000014686,0.0000000000018247,-0.0065041164328765,-0.0961326109772965,6.2790154481849960,2.9910164922,1206.397,1220.810,737.2624,23.2707
1.0012817068895641,-0.0000000000000002,0.0000000000006730,0.0000000000008912,-0.0065271050781513,-0.0963993593302269,6.2790470936640759,2.9909652246,1209.781,1224.154,737.2707,23.2718
1.0012799741496456,-0.0000000000000002,0.0000000000010818,0.0000000000009429,-0.0065501123301801,-0.0966653568292139,6.2790783255897669,2.9909139570,1213.155,1227.489,737.2788,23.2729
1.0012782531712372,-0.0000000000000002,0.0000000000020791,0.0000000000021825,-0.0065731379553894,-0.0969306097326529,6.2791091516260664,2.9908626894,1216.521,1230.815,737.2865,23.2739
1.0012765438107958,-0.0000000000000002,0.0000000000022322,0.0000000000023633,-0.0065961817244240,-0.0971951242129766,6.2791395792435303,2.9908114219,1219.876,1234.132,737.2939,23.2750
1.0012748459272274,-0.0000000000000000,0.0000000000005767,0.0000000000006217,-0.0066192434117986,-0.0974589063567770,6.2791696157414263,2.9907601543,1223.223,1237.440,737.3010,23.2760
1.0012731593821438,-0.0000000000000000,0.0000000000015861,0.0000000000018887,-0.0066423227961573,-0.0977219621689990,6.2791992682395765,2.9907088867,1226.561,1240.740,737.3078,23.2770
1.0012714840393688,-0.0000000000000000,0.0000000000018578,0.0000000000020971,-0.0066654196602320,-0.0979842975709968,6.2792285436924642,2.9906576191,1229.889,1244.030,737.3143,23.2781
1.0012698197651257,-0.0000000000000000,0.0000000000017996,0.0000000000020007,-0.0066885337903683,-0.0982459184039696,6.2792574488994353,2.9906063515,1233.209,1247.312,737.3205,23.2791
1.0012681664279341,-0.0000000000000000,-0.0000000000000443,0.0000000000000562,-0.0067116649768313,0.0985068304309479,6.2792859904566258,2.9905550839,1236.519,1250.586,737.3264,23.2800
1.0012665238986111,-0.0000000000000000,-0.0000000000000045,0.0000000000000047,-0.0067348130133186,0.0987670393389483,6.2793141749175430,2.9905038164,1239.821,1253.850,737.3321,23.2810
1.0012648920501204,0.0000000000000000,0.0000000000000175,-0.0000000000000231,-0.0067579776972862,0.0990265507371600,6.2793420085799418,2.9904525488,1243.114,1257.107,737.3375,23.2820
1.0012632707575897,-0.0000000000000000,-0.0000000000000094,0.0000000000000132,-0.0067811588296411,0.0992853701611245,6.2793694976298688,2.9904012812,1246.399,1260.355,737.3426,23.2829
1.0012616598982556,-0.0000000000000000,0.0000000000000224,-0.0000000000000306,-0.0068043562147050,0.0995435030733323,6.2793966481119918,2.9903500136,1249.674,1263.594,737.3475,23.2839
1.0012600593514007,-0.0000000000000000,0.0000000000000139,-0.0000000000000164,-0.0068275696601227,0.0998009548646180,6.2794234659382635,2.9902987460,1252.941,1266.825,737.3521,23.2848
1.0012584689983324,-0.0000000000000000,0.0000000000000066,-0.0000000000000047,-0.0068507989768220,0.1000577308554070,6.2794499568843829,2.9902474784,1256.200,1270.048,737.3564,23.2857
1.0012568887223214,-0.0000000000000000,0.0000000000000406,-0.0000000000000569,-0.0068740439789212,0.1003138362970499,6.2794761265965651,2.9901962108,1259.450,1273.263,737.3605,23.2866
1.0012553184085566,-0.0000000000000000,-0.0000000000000134,0.0000000000000168,-0.0068973044836623,0.1005692763730506,6.2795019805950183,2.9901449433,1262.692,1276.470,737.3644,23.2875
1.0012537579441199,-0.0000000000000000,-0.0000000000000192,0.0000000000000244,-0.0069205803113277,0.1008240562002856,6.2795275242743580,2.9900936757,1265.926,1279.669,737.3680,23.2883
1.0012522072178958,0.0000000000000000,-0.0000000000003185,0.0000000000004267,-0.0069438712851490,0.1010781808302427,6.2795527629196055,2.9900424081,1269.151,1282.859,737.3713,23.2892
1.0012506661207292,-0.0000000000000000,-0.0000000000000112,0.0000000000000143,-0.0069671772315423,0.1013316552499678,6.2795777016866996,2.9899911405,1272.368,1286.042,737.3745,23.2900
1.0012491345449761,-0.0000000000000002,0.0000000000001377,-0.0000000000000087,-0.0069904979793425,-0.1015844843841240,6.2796023456677954,2.9899398729,1275.577,1289.217,737.3774,23.2909
1.0012476123849872,-0.0000000000000000,0.0000000000037962,0.0000000000046607,-0.0070138333603198,-0.1018366730939350,6.2796266997236776,2.9898886053,1278.778,1292.384,737.3801,23.2917
1.0012460995365473,-0.0000000000000002,0.0000000000015868,0.0000000000016181,-0.0070371832096523,-0.1020882261804291,6.2796507687297725,2.9898373378,1281.971,1295.544,737.3825,23.2925
1.0012445958972747,-0.0000000000000002,0.0000000000009660,0.0000000000007334,-0.0070605473641482,-0.1023391483862306,6.2796745574088151,2.9897860702,1285.156,1298.695,737.3848,23.2933
1.0012431013664447,-0.0000000000000000,0.0000000000017808,0.0000000000022262,-0.0070839256637798,-0.1025894443921292,6.2796980703939571,2.9897348026,1288.333,1301.840,737.3868,23.2941
1.0012416158447324,-0.0000000000000000,0.0000000000017943,0.0000000000018952,-0.0071073179511125,-0.1028391188239121,6.2797213122107927,2.9896835350,1291.502,1304.976,737.3886,23.2949
1.0012401392345973,-0.0000000000000000,0.0000000000038172,0.0000000000047039,-0.0071307240710629,-0.1030881762486985,6.2797442872917193,2.9896322674,1294.664,1308.105,737.3902,23.2957
1.0012386714397681,-0.0000000000000002,0.0000000000017642,0.0000000000018711,-0.0071541438713664,-0.1033366211782972,6.2797669999753714,2.9895809998,1297.818,1311.227,737.3916,23.2965
1.0012372123657303,-0.0000000000000000,0.0000000000033656,0.0000000000038399,-0.0071775772015565,-0.1035844580711306,6.2797894545121054,2.9895297323,1300.964,1314.341,737.3928,23.2972
1.0012357619192154,-0.0000000000000000,0.0000000000015048,0.0000000000015055,-0.0072010239142452,-0.1038316913294741,6.2798116550567391,2.9894784647,1304.103,1317.448,737.3939,23.2980
1.0012343200085716,-0.0000000000000000,0.0000000000018906,0.0000000000021054,-0.0072244838636987,-0.1040783253036213,6.2798336056844608,2.9894271971,1307.234,1320.547,737.3947,23.2987
1.0012328865433899,-0.0000000000000000,0.0000000000000268,-0.0000000000000329,-0.0072479569069463,0.1043243642908017,6.2798553103486885,2.9893759295,1310.357,1323.639,737.3953,23.2994
1.0012314614347617,-0.0000000000000000,-0.0000000000000419,0.0000000000000667,-0.0072714429028813,0.1045698125393394,6.2798767730212486,2.9893246619,1313.474,1326.724,737.3957,23.3002
1.0012300445950921,0.0000000000000000,-0.0000000000001270,0.0000000000001692,-0.0072949417128806,0.1048146742446897,6.2798979974971774,2.9892733943,1316.582,1329.802,737.3960,23.3009
1.0012286359380640,0.0000000000000000,-0.0000000000000298,0.0000000000000383,-0.0073184532002168,0.1050589535536079,6.2799189875197508,2.9892221268,1319.684,1332.873,737.3960,23.3016
1.0012272353786993,0.0000000000000000,-0.0000000000000150,0.0000000000000275,-0.0073419772304040,0.1053026545640184,6.2799397467637768,2.9891708592,1322.778,1335.936,737.3959,23.3023
1.0012258428332945,-0.0000000000000000,-0.0000000000000525,0.0000000000000710,-0.0073655136709435,0.1055457813258711,6.2799602788221200,2.9891195916,1325.865,1338.993,737.3956,23.3030
1.0012244582193819,-0.0000000000000000,0.0000000000000181,-0.0000000000000229,-0.0073890623913642,0.1057883378419518,6.2799805872217762,2.9890683240,1328.945,1342.043,737.3952,23.3036
1.0012230814557064,-0.0000000000000000,0.0000000000011761,0.0000000000010808,-0.0074126232630754,-0.1060303280692817,6.2800006754475790,2.9890170564,1332.018,1345.086,737.3945,23.3043
1.0012217124622418,-0.0000000000000000,0.0000000000012175,0.0000000000014586,-0.0074361961596337,-0.1062717559170177,6.2800205468230379,2.9889657888,1335.083,1348.121,737.3937,23.3050
1.0012203511601052,-0.0000000000000002,0.0000000000014134,0.0000000000014646,-0.0074597809562968,-0.1065126252523925,6.2800402046910335,2.9889145213,1338.142,1351.151,737.3927,23.3056
1.0012189974715755,-0.0000000000000000,-0.0000000000000077,0.0000000000000191,-0.0074833775302611,0.1067529398949451,6.2800596523089389,2.9888632537,1341.194,1354.173,737.3916,23.3063
1.0012176513200948,-0.0000000000000002,0.0000000000014594,0.0000000000013638,-0.0075069857603659,-0.1069927036258676,6.2800788928653448,2.9888119861,1344.238,1357.188,737.3903,23.3069
1.0012163126301390,-0.0000000000000002,0.0000000000008606,0.0000000000006597,-0.0075306055275368,-0.1072319201775937,6.2800979294827224,2.9887607185,1347.276,1360.197,737.3888,23.3075
1.0012149813274220,-0.0000000000000000,-0.0000000000002123,0.0000000000002857,-0.0075542367143624,0.1074705932433413,6.2801167651917984,2.9887094509,1350.307,1363.200,737.3872,23.3082
1.0012136573385577,-0.0000000000000000,0.0000000000000044,-0.0000000000000041,-0.0075778792049207,0.1077087264762949,6.2801354030647927,2.9886581833,1353.331,1366.195,737.3855,23.3088
1.0012123405912754,-0.0000000000000000,-0.0000000000001307,0.0000000000001762,-0.0076015328851868,0.1079463234864073,6.2801538460155939,2.9886069158,1356.349,1369.184,737.3835,23.3094
1.0012110310143831,-0.0000000000000002,0.0000000000021108,0.0000000000024151,-0.0076251976426467,-0.1081833878448245,6.2801720969698742,2.9885556482,1359.360,1372.167,737.3815,23.3100
1.0012097285376038,-0.0000000000000000,0.0000000000019541,0.0000000000020060,-0.0076488733667338,-0.1084199230812514,6.2801901586900311,2.9885043806,1362.364,1375.143,737.3792,23.3106
1.0012084330917261,-0.0000000000000000,0.0000000000023350,0.0000000000025517,-0.0076725599480782,-0.1086559326884128,6.2802080339968454,2.9884531130,1365.361,1378.113,737.3769,23.3112
1.0012071446084456,-0.0000000000000000,0.0000000000008694,0.0000000000006083,-0.0076962572791502,-0.1088914201197495,6.2802257256134153,2.9884018454,1368.352,1381.076,737.3744,23.3117
1.0012058630205398,-0.0000000000000000,0.0000000000019035,0.0000000000021274,-0.0077199652536771,-0.1091263887920386,6.2802432362168528,2.9883505778,1371.337,1384.033,737.3717,23.3123
1.0012045882615217,-0.0000000000000002,0.0000000000000325,-0.0000000000004582,-0.0077436837671900,-0.1093608420823597,6.2802605684326913,2.9882993102,1374.314,1386.984,737.3689,23.3129
1.0012033202661024,-0.0000000000000002,0.0000000000005651,0.0000000000007233,-0.0077674127164900,-0.1095947833342603,6.2802777248398991,2.9882480427,1377.286,1389.928,737.3660,23.3134
1.0012020589696407,-0.0000000000000002,0.0000000000017191,0.0000000000016645,-0.0077911519998407,-0.1098282158532116,6.2802947079649263,2.9881967751,1380.251,1392.866,737.3629,23.3140
1.0012008043084466,-0.0000000000000000,-0.0000000000000410,0.0000000000000553,-0.0078149015171643,0.1100611429088600,6.2803115202538446,2.9881455075,1383.210,1395.798,737.3598,23.3145
1.0011995562198137,-0.0000000000000000,0.0000000000023898,0.0000000000027430,-0.0078386611692672,-0.1102935677387525,6.2803281642433886,2.9880942399,1386.162,1398.724,737.3564,23.3151
1.0011983146417229,-0.0000000000000000,-0.0000000000000279,0.0000000000000371,-0.0078624308591240,0.1105254935415146,6.2803446421933584,2.9880429723,1389.108,1401.644,737.3530,23.3156
1.0011970795131766,-0.0000000000000000,-0.0000000000000212,-0.0000000000000039,-0.0078862104902158,0.1107569234858204,6.2803609565505747,2.9879917047,1392.048,1404.558,737.3494,23.3161
1.0011958507738845,-0.0000000000000000,0.0000000000020970,0.0000000000025042,-0.0079099999677324,-0.1109878607054081,6.2803771096103382,2.9879404372,1394.982,1407.465,737.3457,23.3166
1.0011946283643447,-0.0000000000000002,0.0000000000021985,0.0000000000024380,-0.0079337991982824,-0.1112183082992510,6.2803931035779046,2.9878891696,1397.910,1410.367,737.3418,23.3172
1.0011934122259354,-0.0000000000000000,-0.0000000000000446,0.0000000000000596,-0.0079576080897529,0.1114482693361795,6.2804089406742367,2.9878379020,1400.831,1413.263,737.3379,23.3177
1.0011922023008160,-0.0000000000000000,0.0000000000015364,0.0000000000015840,-0.0079814265507810,-0.1116777468538669,6.2804246231688179,2.9877866344,1403.746,1416.152,737.3338,23.3182
1.0011909985318859,-0.0000000000000000,0.0000000000000014,-0.0000000000000016,-0.0080052544919737,0.1119067438536560,6.2804401530824476,2.9877353668,1406.656,1419.036,737.3296,23.3187
1.0011898008627829,-0.0000000000000000,0.0000000000019053,0.0000000000018864,-0.0080290918243983,-0.1121352633123667,6.2804555326444707,2.9876840992,1409.559,1421.914,737.3253,23.3192
1.0011886092379119,-0.0000000000000000,0.0000000000005019,0.0000000000004457,-0.0080529384611319,-0.1123633081706348,6.2804707638239359,2.9876328317,1412.456,1424.787,737.3209,23.3196
1.0011874236023661,-0.0000000000000000,-0.0000000000000494,0.0000000000000762,-0.0080767943155978,0.1125908813416125,6.2804858486484036,2.9875815641,1415.348,1427.653,737.3163,23.3201
1.0011862439020613,-0.0000000000000000,0.0000000000001163,-0.0000000000001649,-0.0081006593028753,0.1128179857087615,6.2805007892071556,2.9875302965,1418.233,1430.514,737.3117,23.3206
1.0011850700835476,-0.0000000000000000,0.0000000000027989,0.0000000000032477,-0.0081245333389577,-0.1130446241260149,6.2805155873654561,2.9874790289,1421.113,1433.369,737.3069,23.3211
1.0011839020939537,-0.0000000000000000,-0.0000000000000265,0.0000000000000598,-0.0081484163412998,0.1132707994157205,6.2805302450459459,2.9874277613,1423.987,1436.218,737.3020,23.3215
1.0011827398813609,-0.0000000000000000,0.0000000000001024,-0.0000000000002719,-0.0081723082279278,-0.1134965143768162,6.2805447642321397,2.9873764937,1426.855,1439.062,737.2970,23.3220
1.0011815833943321,-0.0000000000000000,-0.0000000000031898,-0.0000000000041495,-0.0081962089185343,-0.1137217717752531,6.2805591466887822,2.9873252262,1429.717,1441.900,737.2919,23.3225
1.0011804325820752,-0.0000000000000000,0.0000000000000048,-0.0000000000000055,-0.0082201183325434,0.1139465743515743,6.2805733942389619,2.9872739586,1432.574,1444.732,737.2867,23.3229
1.0011792873945353,-0.0000000000000000,0.0000000000000004,0.0000000000000024,-0.0082440363923883,0.1141709248196698,6.2805875087375247,2.9872226910,1435.425,1447.559,737.2814,23.3233
1.0011781477822759,-0.0000000000000000,0.0000000000020839,0.0000000000024115,-0.0082679630200472,-0.1143948258653042,6.2806014919496258,2.9871714234,1438.270,1450.381,737.2760,23.3238
1.0011770136964122,-0.0000000000000002,0.0000000000013006,0.0000000000013448,-0.0082918981392724,-0.1146182801474379,6.2806153455473739,2.9871201558,1441.109,1453.197,737.2705,23.3242
1.0011758850887784,-0.0000000000000000,-0.0000000000000211,0.0000000000000335,-0.0083158416743265,0.1148412902988093,6.2806290712287991,2.9870688882,1443.943,1456.007,737.2649,23.3246
1.0011747619117708,0.0000000000000000,0.0000000000001956,-0.0000000000002615,-0.0083397935504958,0.1150638589278321,6.2806426707332674,2.9870176207,1446.772,1458.812,737.2592,23.3251
1.0011736441183496,0.0000000000000000,-0.0000000000002659,0.0000000000003724,-0.0083637536942340,0.1152859886159312,6.2806561456728582,2.9869663531,1449.595,1461.612,737.2534,23.3255
1.0011725316621616,-0.0000000000000002,0.0000000000018008,0.0000000000021179,-0.0083877220326775,-0.1155076819204377,6.2806694976990469,2.9869150855,1452.412,1464.406,737.2475,23.3259
1.0011714244972549,-0.0000000000000000,-0.0000000000001002,0.0000000000001368,-0.0084116984942846,0.1157289413712987,6.2806827283400590,2.9868638179,1455.224,1467.195,737.2415,23.3263
1.0011703225784661,-0.0000000000000002,0.0000000000008889,0.0000000000006441,-0.0084356830079158,-0.1159497694783486,6.2806958391913490,2.9868125503,1458.031,1469.979,737.2354,23.3267
1.0011692258609870,0.0000000000000000,-0.0000000000000076,0.0000000000000099,-0.0084596755036826,0.1161701687229407,6.2807088317569351,2.9867612827,1460.832,1472.758,737.2292,23.3271
1.0011681343007095,0.0000000000000000,0.0000000000000733,-0.0000000000001124,-0.0084836759123754,0.1163901415658265,6.2807217076144504,2.9867100152,1463.628,1475.531,737.2230,23.3275
1.0011670478539705,-0.0000000000000000,-0.0000000000001608,0.0000000000002230,-0.0085076841657706,0.1166096904425904,6.2807344682182125,2.9866587476,1466.419,1478.299,737.2166,23.3279
1.0011659664776891,-0.0000000000000000,0.0000000000012895,0.0000000000016885,-0.0085317001962741,-0.1168288177666032,6.2807471150634484,2.9866074800,1469.204,1481.062,737.2101,23.3283
1.0011648901293224,-0.0000000000000002,0.0000000000012030,0.0000000000011258,-0.0085557239376130,-0.1170475259269715,6.2807596495267672,2.9865562124,1471.984,1483.819,737.2036,23.3287
1.0011638187667193,-0.0000000000000000,0.0000000000011287,0.0000000000010489,-0.0085797553236528,-0.1172658172907137,6.2807720730546484,2.9865049448,1474.759,1486.572,737.1970,23.3291
1.0011627523484163,-0.0000000000000000,-0.0000000000002292,0.0000000000003314,-0.0086037942897009,0.1174836942029338,6.2807843870107254,2.9864536772,1477.528,1489.320,737.1903,23.3294
1.0011616908333296,-0.0000000000000000,0.0000000000005009,-0.0000000000005076,-0.0086278407713625,0.1177011589880298,6.2807965928205514,2.9864024097,1480.292,1492.062,737.1835,23.3298
1.0011606341809829,0.0000000000000000,0.0000000000000094,-0.0000000000000115,-0.0086518947054546,0.1179182139465277,6.2808086918083985,2.9863511421,1483.052,1494.800,737.1766,23.3302
1.0011595823511816,-0.0000000000000000,-0.0000000000000647,0.0000000000000933,-0.0086759560291483,0.1181348613585929,6.2808206852958310,2.9862998745,1485.806,1497.532,737.1696,23.3305
1.0011585353043946,-0.0000000000000002,0.0000000000017850,0.0000000000021117,-0.0087000246805611,-0.1183511034837771,6.2808325746174747,2.9862486069,1488.555,1500.259,737.1626,23.3309
1.0011574930013467,-0.0000000000000000,-0.0000000000014423,-0.0000000000024405,-0.0087241005988011,-0.1185669425582255,6.2808443609964684,2.9861973393,1491.298,1502.982,737.1555,23.3313
1.0011564554037302,-0.0000000000000002,0.0000000000017389,0.0000000000019791,-0.0087481837231783,-0.1187823808009295,6.2808560457280436,2.9861460717,1494.037,1505.700,737.1483,23.3316
1.0011554224729737,-0.0000000000000000,-0.0000000000000077,0.0000000000000150,-0.0087722739943146,0.1189974204075269,6.2808676300243018,2.9860948041,1496.771,1508.412,737.1410,23.3320
1.0011543941714405,-0.0000000000000000,-0.0000000000000118,0.0000000000000178,-0.0087963713529749,0.1192120635566616,6.2808791151710546,2.9860435366,1499.500,1511.120,737.1336,23.3323
1.0011533704618059,-0.0000000000000000,0.0000000000000903,-0.0000000000000914,-0.0088204757410107,0.1194263124048141,6.2808905023376527,2.9859922690,1502.224,1513.823,737.1262,23.3327
1.0011523513071559,-0.0000000000000000,-0.0000000000000757,0.0000000000001063,-0.0088445871007893,0.1196401690896404,6.2809017927185753,2.9859410014,1504.943,1516.521,737.1187,23.3330
1.0011513366710696,-0.0000000000000000,0.0000000000000090,-0.0000000000000131,-0.0088687053754938,0.1198536357294232,6.2809129874664329,2.9858897338,1507.657,1519.215,737.1111,23.3333
1.0011503265174679,-0.0000000000000003,0.0000000000021727,0.0000000000025930,-0.0088928305086831,-0.1200667144243015,6.2809240877709680,2.9858384662,1510.366,1521.903,737.1034,23.3337
1.0011493208107021,-0.0000000000000003,0.0000000000004583,0.0000000000002425,-0.0089169624451581,-0.1202794072526561,6.2809350947019311,2.9857871986,1513.070,1524.587,737.0957,23.3340
1.0011483195156121,0.0000000000000000,-0.0000000000000369,0.0000000000000600,-0.0089411011296995,0.1204917162774247,6.2809460093988969,2.9857359311,1515.770,1527.266,737.0879,23.3343
1.0011473225973708,-0.0000000000000003,0.0000000000024914,0.0000000000025039,-0.0089652465079516,-0.1207036435436460,6.2809568329588616,2.9856846635,1518.464,1529.941,737.0800,23.3346
1.0011463300215133,-0.0000000000000003,0.0000000000020876,0.0000000000022572,-0.0089893985264927,-0.1209151910736614,6.2809675664618014,2.9856333959,1521.154,1532.610,737.0721,23.3349
1.0011453417539944,-0.0000000000000000,-0.0000000000000446,0.0000000000000687,-0.0090135571322556,0.1211263608764521,6.2809782109435641,2.9855821283,1523.840,1535.276,737.0640,23.3353
1.0011443577612391,-0.0000000000000000,-0.0000000000000083,0.0000000000000126,-0.0090377222726124,0.1213371549422369,6.2809887675040361,2.9855308607,1526.520,1537.936,737.0559,23.3356
1.0011433780099770,-0.0000000000000000,-0.0000000000001645,0.0000000000001327,-0.0090618938958855,0.1215475752427647,6.2809992371502013,2.9854795931,1529.196,1540.592,737.0478,23.3359
1.0011424024671991,-0.0000000000000000,0.0000000000000097,-0.0000000000000137,-0.0090860719506080,0.1217576237332124,6.2810096208908366,2.9854283256,1531.867,1543.243,737.0396,23.3362
1.0011414311004485,-0.0000000000000000,-0.0000000000009756,0.0000000000013226,-0.0091102563863285,0.1219673023514549,6.2810199197325041,2.9853770580,1534.533,1545.890,737.0313,23.3365
1.0011404638776942,-0.0000000000000000,0.0000000000022347,0.0000000000027359,-0.0091344471527911,-0.1221766130192381,6.2810301346824424,2.9853257904,1537.195,1548.532,737.0229,23.3368
1.0011395007669137,-0.0000000000000000,0.0000000000015612,0.0000000000016806,-0.0091586442006581,-0.1223855576393217,6.2810402666556042,2.9852745228,1539.852,1551.170,737.0145,23.3371
1.0011385417367886,-0.0000000000000000,0.0000000000018262,0.0000000000018640,-0.0091828474809346,-0.1225941381018399,6.2810503166351257,2.9852232552,1542.505,1553.804,737.0060,23.3374
1.0011375867561070,-0.0000000000000000,0.0000000000013764,0.0000000000014312,-0.0092070569450559,-0.1228023562773184,6.2810602855642461,2.9851719876,1545.153,1556.432,736.9975,23.3376
1.0011366357940641,-0.0000000000000003,-0.0000000000022294,-0.0000000000034139,-0.0092312725453142,-0.1230102140222679,6.2810701743718793,2.9851207201,1547.797,1559.057,736.9889,23.3379
1.0011356888206346,0.0000000000000000,-0.0000000000000282,0.0000000000000387,-0.0092554942342260,0.1232177131748115,6.2810799839602396,2.9850694525,1550.436,1561.677,736.9802,23.3382
1.0011347458052577,0.0000000000000000,-0.0000000000000586,0.0000000000000745,-0.0092797219649701,0.1234248555619347,6.2810897152137803,2.9850181849,1553.070,1564.293,736.9715,23.3385
1.0011338067183131,0.0000000000000000,0.0000000000000116,0.0000000000000027,-0.0093039556912475,0.1236316429913309,6.2810993690707617,2.9849669173,1555.700,1566.904,736.9627,23.3388
1.0011328715303911,-0.0000000000000000,-0.0000000000000049,0.0000000000000071,-0.0093281953673425,0.1238380772564738,6.2811089463736893,2.9849156497,1558.326,1569.511,736.9538,23.3390
1.0011319402123371,-0.0000000000000000,-0.0000000000000066,-0.0000000000000029,-0.0093524409478947,0.1240441601358464,6.2811184479892415,2.9848643821,1560.947,1572.113,736.9449,23.3393
1.0011310127355324,-0.0000000000000000,0.0000000000021334,-0.0000000000027937,-0.0093766923884072,0.1242498933926906,6.2811278747641905,2.9848131146,1563.564,1574.712,736.9360,23.3396
1.0011300890708765,0.0000000000000000,-0.0000000000000005,0.0000000000000041,-0.0094009496436682,0.1244552787765243,6.2811372275320592,2.9847618470,1566.177,1577.306,736.9269,23.3398
1.0011291691907935,-0.0000000000000000,0.0000000000011426,-0.0000000000014542,-0.0094252126707394,0.1246603180207012,6.2811465071187937,2.9847105794,1568.785,1579.895,736.9178,23.3401
1.0011282530671555,-0.0000000000000000,0.0000000000019779,0.0000000000020247,-0.0094494814259874,-0.1248650128462319,6.2811557143624430,2.9846593118,1571.388,1582.481,736.9087,23.3403
1.0011273406723646,-0.0000000000000003,0.0000000000016482,0.0000000000016649,-0.0094737558665756,-0.1250693649563349,6.2811648500129555,2.9846080442,1573.988,1585.062,736.8995,23.3406
1.0011264319790341,-0.0000000000000003,-0.0000000000000104,-0.0000000000001703,-0.0094980359500400,-0.1252733760444097,6.2811739148816619,2.9845567766,1576.583,1587.639,736.8902,23.3409
1.0011255269603982,-0.0000000000000003,0.0000000000018848,0.0000000000020402,-0.0095223216343778,-0.1254770477867517,6.2811829097471596,2.9845055091,1579.174,1590.212,736.8809,23.3411
1.0011246255894619,-0.0000000000000003,0.0000000000012101,0.0000000000009698,-0.0095466128781698,-0.1256803818477785,6.2811918353788574,2.9844542415,1581.761,1592.781,736.8716,23.3414
1.0011237278398653,-0.0000000000000000,0.0000000000000021,-0.0000000000000049,-0.0095709096402900,0.1258833798769116,6.2812006925313888,2.9844029739,1584.343,1595.346,736.8622,23.3416
1.0011228336854159,0.0000000000000000,-0.0000000000000701,0.0000000000000823,-0.0095952118800024,0.1260860435120840,6.2812094819467923,2.9843517063,1586.921,1597.906,736.8527,23.3418
1.0011219431001970,0.0000000000000000,-0.0000000000000856,0.0000000000001289,-0.0096195195571290,0.1262883743760652,6.2812182043377653,2.9843004387,1589.496,1600.462,736.8432,23.3421
1.0011210560586161,-0.0000000000000000,-0.0000000000002233,0.0000000000002927,-0.0096438326319919,0.1264903740790613,6.2812268604807180,2.9842491711,1592.065,1603.015,736.8336,23.3423
1.0011201725352681,-0.0000000000000000,-0.0000000000000440,0.0000000000000437,-0.0096681510651025,0.1266920442183825,6.2812354510638420,2.9841979035,1594.631,1605.563,736.8240,23.3426
1.0011192925050352,-0.0000000000000000,-0.0000000000000700,0.0000000000000688,-0.0096924748175344,0.1268933863784615,6.2812439767903987,2.9841466360,1597.193,1608.107,736.8143,23.3428
1.0011184159430833,0.0000000000000000,-0.0000000000000482,0.0000000000000702,-0.0097168038507825,0.1270944021309896,6.2812524383557298,2.9840953684,1599.750,1610.648,736.8046,23.3430
1.0011175428248189,-0.0000000000000000,-0.0000000000000390,0.0000000000000450,-0.0097411381266590,0.1272950930351268,6.2812608364405360,2.9840441008,1602.304,1613.184,736.7948,23.3432
1.0011166731258843,-0.0000000000000000,-0.0000000000000569,0.0000000000000763,-0.0097654776074186,0.1274954606376249,6.2812691717263034,2.9839928332,1604.853,1615.716,736.7850,23.3435
1.0011158068221899,-0.0000000000000000,-0.0000000000000105,0.0000000000000194,-0.0097898222556985,0.1276955064729269,6.2812774448769790,2.9839415656,1607.399,1618.244,736.7751,23.3437
1.0011149438898972,-0.0000000000000000,-0.0000000000000636,0.0000000000000837,-0.0098141720345549,0.1278952320633310,6.2812856565494286,2.9838902980,1609.940,1620.769,736.7652,23.3439
1.0011140843053576,-0.0000000000000003,0.0000000000013384,0.0000000000012636,-0.0098385269072506,-0.1280946389200890,6.2812938074174207,2.9838390305,1612.477,1623.289,736.7552,23.3441
1.0011132280452875,-0.0000000000000000,0.0000000000020853,0.0000000000020496,-0.0098628868377524,-0.1282937285393549,6.2813018980678130,2.9837877629,1615.011,1625.806,736.7452,23.3443
1.0011123750864361,-0.0000000000000003,0.0000000000019078,0.0000000000023044,-0.0098872517901406,-0.1284925024094203,6.2813099291571275,2.9837364953,1617.540,1628.318,736.7352,23.3446
1.0011115254059790,-0.0000000000000000,0.0000000000020150,0.0000000000019829,-0.0099116217290207,-0.1286909620059621,6.2813179013071583,2.9836852277,1620.066,1630.827,736.7251,23.3448
1.0011106789811979,-0.0000000000000003,0.0000000000014169,0.0000000000014175,-0.0099359966190913,-0.1288891087902280,6.2813258151312468,2.9836339601,1622.587,1633.332,736.7149,23.3450
1.0011098357896779,-0.0000000000000000,0.0000000000011198,0.0000000000012925,-0.0099603764257226,-0.1290869442164880,6.2813336712366725,2.9835826925,1625.105,1635.833,736.7047,23.3452
1.0011089958092152,-0.0000000000000003,0.0000000000024514,0.0000000000026530,-0.0099847611143111,-0.1292844697245729,6.2813414702172441,2.9835314250,1627.618,1638.330,736.6945,23.3454
1.0011081590177497,-0.0000000000000000,0.0000000000019381,0.0000000000021596,-0.0100091506510369,-0.1294816867444669,6.2813492126677435,2.9834801574,1630.128,1640.824,736.6842,23.3456
1.0011073253934857,-0.0000000000000000,-0.0000000000000219,0.0000000000000263,-0.0100335450021332,0.1296785966953835,6.2813568991360897,2.9834288898,1632.634,1643.313,736.6738,23.3458
1.0011064949149142,-0.0000000000000000,-0.0000000000000513,0.0000000000000705,-0.0100579441340300,0.1298752009853842,6.2813645302519729,2.9833776222,1635.136,1645.799,736.6635,23.3460
1.0011056675606325,-0.0000000000000000,-0.0000000000000126,0.0000000000000169,-0.0100823480137241,0.1300715010113511,6.2813721065559962,2.9833263546,1637.635,1648.281,736.6531,23.3462
1.0011048433095051,-0.0000000000000000,-0.0000000000000281,0.0000000000000391,-0.0101067566085445,0.1302674981597696,6.2813796286058210,2.9832750870,1640.129,1650.760,736.6426,23.3464
1.0011040221405745,-0.0000000000000000,-0.0000000000001972,0.0000000000002638,-0.0101311698860435,0.1304631938066372,6.2813870969535719,2.9832238195,1642.620,1653.234,736.6321,23.3466
1.0011032040331114,0.0000000000000000,0.0000000000001166,-0.0000000000001475,-0.0101555878141220,0.1306585893174692,6.2813945121401398,2.9831725519,1645.107,1655.705,736.6216,23.3468
1.0011023889666948,0.0000000000000000,0.0000000000011019,-0.0000000000016318,-0.0101800103611432,0.1308536860473546,6.2814018747044207,2.9831212843,1647.590,1658.173,736.6110,23.3470
1.0011015769206089,0.0000000000000000,-0.0000000000002167,0.0000000000003215,-0.0102044374953969,0.1310484853417509,6.2814091851736036,2.9830700167,1650.069,1660.636,736.6004,23.3471
1.0011007678751345,-0.0000000000000000,-0.0000000000000514,0.0000000000000653,-0.0102288691860110,0.1312429885350559,6.2814164440753215,2.9830187491,1652.545,1663.096,736.5897,23.3473
1.0010999618101182,0.0000000000000000,-0.0000000000000085,0.0000000000000168,-0.0102533054019569,0.1314371969524441,6.2814236519230988,2.9829674815,1655.017,1665.553,736.5790,23.3475
1.0010991587058362,-0.0000000000000000,-0.0000000000000372,0.0000000000000444,-0.0102777461127415,0.1316311119089001,6.2814308092238216,2.9829162140,1657.485,1668.005,736.5683,23.3477
1.0010983585426863,-0.0000000000000000,0.0000000000006413,0.0000000000003507,-0.0103021912880346,-0.1318247347101781,6.2814379165104315,2.9828649464,1659.950,1670.454,736.5575,23.3479
1.0010975613014181,-0.0000000000000003,0.0000000000041810,0.0000000000049246,-0.0103266408978882,-0.1320180666514108,6.2814449742256588,2.9828136788,1662.411,1672.900,736.5467,23.3480
1.0010967669626178,-0.0000000000000003,0.0000000000022329,0.0000000000025388,-0.0103510949129513,-0.1322111090178291,6.2814519828849127,2.9827624112,1664.868,1675.342,736.5358,23.3482
1.0010959755073825,-0.0000000000000000,0.0000000000009377,0.0000000000008902,-0.0103755533035471,-0.1324038630864658,6.2814589429695014,2.9827111436,1667.322,1677.780,736.5249,23.3484
1.0010951869169347,-0.0000000000000000,0.0000000000018588,0.0000000000021688,-0.0104000160405155,-0.1325963301245573,6.2814658549615991,2.9826598760,1669.772,1680.215,736.5140,23.3486
1.0010944011725060,-0.0000000000000000,0.0000000000015796,0.0000000000017855,-0.0104244830951578,-0.1327885113896737,6.2814727193301767,2.9826086085,1672.219,1682.647,736.5030,23.3487
1.0010936182556933,-0.0000000000000003,0.0000000000016747,0.0000000000019509,-0.0104489544389448,-0.1329804081307475,6.2814795365404370,2.9825573409,1674.662,1685.075,736.4920,23.3489
1.0010928381480977,-0.0000000000000000,0.0000000000009633,0.0000000000008551,-0.0104734300435794,-0.1331720215876848,6.2814863070540206,2.9825060733,1677.101,1687.499,736.4810,23.3491
1.0010920608316805,-0.0000000000000003,0.0000000000028916,0.0000000000034482,-0.0104979098808300,-0.1333633529898193,6.2814930313238682,2.9824548057,1679.537,1689.920,736.4699,23.3492
1.0010912862884558,-0.0000000000000003,0.0000000000045173,0.0000000000054744,-0.0105223939233106,-0.1335544035602038,6.2814997097950878,2.9824035381,1681.969,1692.337,736.4588,23.3494
1.0010905145004019,-0.0000000000000000,-0.0000000000002645,0.0000000000003989,-0.0105468821434803,0.1337451745084926,6.2815063428861979,2.9823522705,1684.398,1694.751,736.4476,23.3496
1.0010897454503127,-0.0000000000000000,-0.0000000000002421,0.0000000000001845,-0.0105713745141506,0.1339356670422227,6.2815129310886499,2.9823010029,1686.824,1697.162,736.4364,23.3497
1.0010889791202506,-0.0000000000000000,-0.0000000000000454,0.0000000000000619,-0.0105958710078155,0.1341258823557155,6.2815194748035745,2.9822497354,1689.246,1699.569,736.4252,23.3499
1.0010882154931948,-0.0000000000000000,-0.0000000000000281,0.0000000000000337,-0.0106203715983261,0.1343158216353500,6.2815259744598144,2.9821984678,1691.664,1701.973,736.4139,23.3500
1.0010874545519086,-0.0000000000000000,-0.0000000000000436,0.0000000000000330,-0.0106448762590412,0.1345054860595629,6.2815324304788618,2.9821472002,1694.079,1704.373,736.4027,23.3502
1.0010866962793645,0.0000000000000000,0.0000000000000396,-0.0000000000000402,-0.0106693849637264,0.1346948767982871,6.2815388432733688,2.9820959326,1696.490,1706.770,736.3913,23.3503
1.0010859406587724,-0.0000000000000000,0.0000000000001162,-0.0000000000001605,-0.0106938976864582,0.1348839950130728,6.2815452132558800,2.9820446650,1698.898,1709.163,736.3800,23.3505
1.0010851876733395,0.0000000000000000,0.0000000000002962,-0.0000000000003382,-0.0107184144013110,0.1350728418574232,6.2815515408317379,2.9819933974,1701.303,1711.554,736.3686,23.3506
1.0010844373066885,-0.0000000000000000,0.0000000000000091,-0.0000000000000075,-0.0107429350831439,0.1352614184763560,6.2815578263988980,2.9819421299,1703.704,1713.941,736.3572,23.3508
1.0010836895423008,0.0000000000000000,-0.0000000000000203,0.0000000000000230,-0.0107674597063669,0.1354497260072082,6.2815640703578559,2.9818908623,1706.102,1716.324,736.3457,23.3509
1.0010829443639657,0.0000000000000000,-0.0000000000000267,0.0000000000000368,-0.0107919882460440,0.1356377655791197,6.2815702730965892,2.9818395947,1708.497,1718.705,736.3342,23.3511
1.0010822017555920,-0.0000000000000000,-0.0000000000000432,0.0000000000000691,-0.0108165206773573,0.1358255383133527,6.2815764349992138,2.9817883271,1710.888,1721.082,736.3227,23.3512
1.0010814617012480,-0.0000000000000000,-0.0000000000000454,0.0000000000000573,-0.0108410569757597,0.1360130453233176,6.2815825564513545,2.9817370595,1713.276,1723.455,736.3112,23.3514
1.0010807241851036,-0.0000000000000003,0.0000000000010294,0.0000000000011493,-0.0108655971168238,-0.1362002877156192,6.2815886378523285,2.9816857919,1715.660,1725.826,736.2996,23.3515
1.0010799891915014,-0.0000000000000000,0.0000000000011353,0.0000000000012240,-0.0108901410764773,-0.1363872665863685,6.2815946795221311,2.9816345244,1718.042,1728.193,736.2880,23.3516
1.0010792567048934,-0.0000000000000000,0.0000000000011043,0.0000000000012047,-0.0109146888307711,-0.1365739830271303,6.2816006818558092,2.9815832568,1720.419,1730.557,736.2763,23.3518
1.0010785267098643,-0.0000000000000003,0.0000000000004788,0.0000000000000596,-0.0109392403559607,-0.1367604381203064,6.2816066452188117,2.9815319892,1722.794,1732.918,736.2647,23.3519
1.0010777991913111,-0.0000000000000000,0.0000000000008306,0.0000000000006934,-0.0109637956287315,-0.1369466329421774,6.2816125699655725,2.9814807216,1725.165,1735.275,736.2530,23.3520
1.0010770741339432,-0.0000000000000000,0.0000000000012646,0.0000000000010975,-0.0109883546255118,-0.1371325685598095,6.2816184564552939,2.9814294540,1727.534,1737.629,736.2412,23.3522
1.0010763515228482,-0.0000000000000003,0.0000000000018041,0.0000000000019749,-0.0110129173234209,-0.1373182460346447,6.2816243050361669,2.9813781864,1729.898,1739.981,736.2295,23.3523
1.0010756313431342,-0.0000000000000003,0.0000000000004132,0.0000000000002894,-0.0110374836996283,-0.1375036664192745,6.2816301160544592,2.9813269189,1732.260,1742.329,736.2177,23.3524
1.0010749135801507,-0.0000000000000003,0.0000000000010463,0.0000000000011046,-0.0110620537312630,-0.1376888307603741,6.2816358898521658,2.9812756513,1734.618,1744.673,736.2059,23.3526
1.0010741982192592,-0.0000000000000003,0.0000000000012025,0.0000000000011834,-0.0110866273960805,-0.1378737400979830,6.2816416267674482,2.9812243837,1736.974,1747.015,736.1940,23.3527
1.0010734852459373,-0.0000000000000000,0.0000000000008488,0.0000000000005000,-0.0111112046716522,-0.1380583954631111,6.2816473271366409,2.9811731161,1739.326,1749.354,736.1822,23.3528
1.0010727746459280,-0.0000000000000000,0.0000000000005269,0.0000000000001168,-0.0111357855360182,-0.1382427978813268,6.2816529912869088,2.9811218485,1741.675,1751.689,736.1703,23.3529
1.0010720664049912,-0.0000000000000003,0.0000000000003615,0.0000000000000732,-0.0111603699672675,-0.1384269483710334,6.2816586195452633,2.9810705809,1744.020,1754.021,736.1583,23.3531
1.0010713605090569,-0.0000000000000003,0.0000000000017535,0.0000000000019605,-0.0111849579436203,-0.1386108479435536,6.2816642122368691,2.9810193134,1746.363,1756.350,736.1464,23.3532
1.0010706569441159,-0.0000000000000000,0.0000000000002692,-0.0000000000004226,-0.0112095494438395,0.1387944976021419,6.2816697696541146,2.9809680458,1748.702,1758.677,736.1344,23.3533
1.0010699556962392,-0.0000000000000000,0.0000000000000127,-0.0000000000000099,-0.0112341444462845,0.1389778983472244,6.2816752921613919,2.9809167782,1751.038,1761.000,736.1224,23.3534
1.0010692567518100,-0.0000000000000000,0.0000000000000764,-0.0000000000000965,-0.0112587429299987,0.1391610511688280,6.2816807800453622,2.9808655106,1753.372,1763.320,736.1103,23.3535
1.0010685600971945,-0.0000000000000000,-0.0000000000000640,0.0000000000000716,-0.0112833448741111,0.1393439570516343,6.2816862336160044,2.9808142430,1755.702,1765.637,736.0983,23.3536
1.0010678657188470,0.0000000000000000,-0.0000000000000818,0.0000000000001169,-0.0113079502577377,0.1395266169738552,6.2816916531735103,2.9807629754,1758.029,1767.950,736.0862,23.3538
1.0010671736034169,-0.0000000000000000,-0.0000000000000622,0.0000000000000921,-0.0113325590603689,0.1397090319071163,6.2816970390245324,2.9807117079,1760.353,1770.261,736.0740,23.3539
1.0010664837376853,-0.0000000000000000,0.0000000000006010,-0.0000000000008705,-0.0113571712616348,0.1398912028166125,6.2817023914624874,2.9806604403,1762.673,1772.569,736.0619,23.3540
1.0010657961083018,-0.0000000000000000,-0.0000000000000241,0.0000000000000342,-0.0113817868411624,0.1400731306615167,6.2817077107802710,2.9806091727,1764.991,1774.874,736.0497,23.3541
1.0010651107024988,-0.0000000000000000,0.0000000000007403,-0.0000000000009964,-0.0114064057792316,0.1402548163940806,6.2817129972732983,2.9805579051,1767.306,1777.176,736.0375,23.3542
1.0010644275069851,0.0000000000000000,0.0000000000000987,-0.0000000000001209,-0.0114310280553234,0.1404362609611518,6.2817182512263354,2.9805066375,1769.618,1779.475,736.0253,23.3543
1.0010637465092300,-0.0000000000000000,-0.0000000000000795,0.0000000000001084,-0.0114556536503511,0.1406174653025548,6.2817234729214855,2.9804553699,1771.926,1781.771,736.0131,23.3544
1.0010630676963856,-0.0000000000000000,0.0000000000003965,-0.0000000000004821,-0.0114802825444518,0.1407984303525448,6.2817286626420294,2.9804041023,1774.232,1784.064,736.0008,23.3545
1.0010623910558920,0.0000000000000000,-0.0000000000000009,0.0000000000000058,-0.0115049147184667,0.1409791570390783,6.2817338206673217,2.9803528348,1776.535,1786.354,735.9885,23.3546
1.0010617165751872,0.0000000000000000,-0.0000000000000323,0.0000000000000405,-0.0115295501529829,0.1411596462842393,6.2817389472680958,2.9803015672,1778.834,1788.641,735.9762,23.3547
1.0010610442418744,0.0000000000000000,-0.0000000000000519,0.0000000000000659,-0.0115541888289954,0.1413398990040721,6.2817440427203817,2.9802502996,1781.131,1790.925,735.9638,23.3548
1.0010603740436459,-0.0000000000000000,-0.0000000000000432,0.0000000000000680,-0.0115788307276180,0.1415199161087428,6.2817491072879728,2.9801990320,1783.425,1793.206,735.9515,23.3549
1.0010597059683153,-0.0000000000000000,0.0000000000005850,0.0000000000004597,-0.0116034758301231,-0.1416996985031921,6.2817541412642823,2.9801477644,1785.716,1795.485,735.9391,23.3550
1.0010590400037929,-0.0000000000000000,0.0000000000011936,0.0000000000013192,-0.0116281241179247,-0.1418792470848565,6.2817591448628978,2.9800964968,1788.004,1797.760,735.9267,23.3551
1.0010583761380223,-0.0000000000000003,0.0000000000007878,0.0000000000004531,-0.0116527755726028,-0.1420585627463879,6.2817641183644781,2.9800452293,1790.289,1800.033,735.9142,23.3552
1.0010577143591033,-0.0000000000000003,0.0000000000004841,0.0000000000002737,-0.0116774301758703,-0.1422376463760946,6.2817690620282143,2.9799939617,1792.571,1802.302,735.9018,23.3553
1.0010570546553130,-0.0000000000000000,0.0000000000011791,0.0000000000012373,-0.0117020879095887,-0.1424164988543521,6.2817739761101441,2.9799426941,1794.850,1804.569,735.8893,23.3554
1.0010563970148452,-0.0000000000000003,0.0000000000006203,0.0000000000006471,-0.0117267487558938,-0.1425951210576163,6.2817788608570178,2.9798914265,1797.126,1806.833,735.8768,23.3555
1.0010557414261223,-0.0000000000000003,-0.0000000000000076,-0.0000000000005343,-0.0117514126968589,-0.1427735138556376,6.2817837165216677,2.9798401589,1799.400,1809.095,735.8642,23.3556
1.0010550878776441,-0.0000000000000003,0.0000000000004140,-0.0000000000000922,-0.0117760797148059,-0.1429516781140241,6.2817885433475160,2.9797888913,1801.670,1811.353,735.8517,23.3557
1.0010544363579965,-0.0000000000000003,0.0000000000010137,0.0000000000009675,-0.0118007497922467,-0.1431296146913464,6.2817933415753178,2.9797376238,1803.938,1813.609,735.8391,23.3558
1.0010537868557650,-0.0000000000000000,0.0000000000015206,0.0000000000020822,-0.0118254229117014,-0.1433073244417489,6.2817981114496106,2.9796863562,1806.203,1815.861,735.8265,23.3559
1.0010531393596911,-0.0000000000000000,0.0000000000001955,-0.0000000000002473,-0.0118500990561044,-0.1434848082144384,6.2818028532060852,2.9796350886,1808.465,1818.111,735.8139,23.3560
1.0010524938587781,-0.0000000000000003,0.0000000000008375,0.0000000000010000,-0.0118747782082361,-0.1436620668522706,6.2818075670797295,2.9795838210,1810.724,1820.358,735.8013,23.3561
1.0010518503418209,-0.0000000000000003,0.0000000000007705,0.0000000000007611,-0.0118994603511148,-0.1438391011931561,6.2818122533053247,2.9795325534,1812.980,1822.603,735.7886,23.3561
1.0010512087979178,-0.0000000000000003,0.0000000000001533,-0.0000000000003325,-0.0119241454680431,-0.1440159120698006,6.2818169121076846,2.9794812858,1815.234,1824.845,735.7759,23.3562
1.0010505692161795,-0.0000000000000003,0.0000000000017946,0.0000000000016802,-0.0119488335420490,-0.1441925003101856,6.2818215437193201,2.9794300183,1817.485,1827.083,735.7632,23.3563
1.0010499315857129,-0.0000000000000003,0.0000000000005974,0.0000000000001975,-0.0119735245569659,-0.1443688667373816,6.2818261483630975,2.9793787507,1819.733,1829.320,735.7505,23.3564
1.0010492958957891,-0.0000000000000003,0.0000000000000367,-0.0000000000006506,-0.0119982184959706,-0.1445450121682335,6.2818307262392414,2.9793274831,1821.978,1831.553,735.7378,23.3565
1.0010486621360559,-0.0000000000000000,-0.0000000000000301,0.0000000000000462,-0.0120229153431641,0.1447209374144637,6.2818352776162296,2.9792762155,1824.220,1833.784,735.7250,23.3566
1.0010480302956768,-0.0000000000000000,0.0000000000006604,0.0000000000003778,-0.0120476150820797,-0.1448966432858100,6.2818398026856297,2.9792249479,1826.460,1836.012,735.7122,23.3566
1.0010474003642753,-0.0000000000000000,-0.0000000000000469,0.0000000000000598,-0.0120723176968314,0.1450721305821879,6.2818443016679533,2.9791736803,1828.697,1838.237,735.6994,23.3567
1.0010467723314738,-0.0000000000000000,0.0000000000000620,-0.0000000000000826,-0.0120970231714406,0.1452474001030149,6.2818487747704044,2.9791224128,1830.931,1840.460,735.6866,23.3568
1.0010461461869731,-0.0000000000000000,-0.0000000000000313,0.0000000000000456,-0.0121217314901875,0.1454224526404360,6.2818532222100343,2.9790711452,1833.162,1842.680,735.6737,23.3569
1.0010455219205607,0.0000000000000000,-0.0000000000000489,0.0000000000000676,-0.0121464426374059,0.1455972889823759,6.2818576441891096,2.9790198776,1835.391,1844.897,735.6609,23.3570
1.0010448995221584,-0.0000000000000000,0.0000000000040400,0.0000000000052878,-0.0121711565973683,-0.1457719099130829,6.2818620409207231,2.9789686100,1837.617,1847.112,735.6480,23.3570
1.0010442789814948,0.0000000000000000,-0.0000000000000231,0.0000000000000480,-0.0121958733552224,0.1459463162077068,6.2818664126069761,2.9789173424,1839.841,1849.324,735.6351,23.3571
1.0010436602888102,0.0000000000000000,-0.0000000000000815,0.0000000000001216,-0.0122205928951596,0.1461205086432075,6.2818707594481662,2.9788660748,1842.061,1851.533,735.6222,23.3572
1.0010430434341213,-0.0000000000000000,-0.0000000000000687,0.0000000000000917,-0.0122453152021511,0.1462944879875624,6.2818750816489963,2.9788148073,1844.279,1853.740,735.6092,23.3572
1.0010424284076218,-0.0000000000000000,-0.0000000000000094,-0.0000000000000028,-0.0122700402612351,0.1464682550051731,6.2818793794030743,2.9787635397,1846.495,1855.944,735.5963,23.3573
1.0010418151995193,0.0000000000000000,-0.0000000000000610,0.0000000000000783,-0.0122947680573941,0.1466418104559491,6.2818836529110698,2.9787122721,1848.707,1858.145,735.5833,23.3574
1.0010412038001428,0.0000000000000000,-0.0000000000002137,0.0000000000003005,-0.0123194985758273,0.1468151550951841,6.2818879023625547,2.9786610045,1850.917,1860.344,735.5703,23.3575
1.0010405941999352,-0.0000000000000000,-0.0000000000000578,0.0000000000000797,-0.0123442318019019,0.1469882896736232,6.2818921279541104,2.9786097369,1853.125,1862.540,735.5573,23.3575
1.0010399863893269,-0.0000000000000000,-0.0000000000000354,0.0000000000000563,-0.0123689677209756,0.1471612149376544,6.2818963298729438,2.9785584693,1855.330,1864.734,735.5442,23.3576
1.0010393803588622,-0.0000000000000000,-0.0000000000000110,0.0000000000000277,-0.0123937063185892,0.1473339316291853,6.2819005083042674,2.9785072018,1857.532,1866.925,735.5312,23.3577
1.0010387760991781,-0.0000000000000000,-0.0000000000000503,0.0000000000000837,-0.0124184475804277,0.1475064404856926,6.2819046634418525,2.9784559342,1859.731,1869.113,735.5181,23.3577
1.0010381736009397,0.0000000000000000,0.0000000000001706,-0.0000000000002086,-0.0124431914921635,0.1476787422403643,6.2819087954638064,2.9784046666,1861.928,1871.299,735.5050,23.3578
1.0010375728549392,-0.0000000000000000,-0.0000000000000669,0.0000000000000920,-0.0124679380397949,0.1478508376219869,6.2819129045544768,2.9783533990,1864.123,1873.483,735.4919,23.3579
1.0010369738519656,0.0000000000000000,-0.0000000000000923,0.0000000000001258,-0.0124926872091619,0.1480227273551557,6.2819169908968382,2.9783021314,1866.315,1875.664,735.4788,23.3579
1.0010363765829686,-0.0000000000000000,0.0000000000018395,0.0000000000019260,-0.0125174389863245,-0.1481944121609326,6.2819210546868129,2.9782508638,1868.504,1877.842,735.4657,23.3580
1.0010357810389088,-0.0000000000000004,0.0000000000034349,0.0000000000043984,-0.0125421933575751,-0.1483658927539381,6.2819250960622419,2.9781995962,1870.690,1880.018,735.4525,23.3580
1.0010351872107077,-0.0000000000000000,0.0000000000041304,0.0000000000050734,-0.0125669503091052,-0.1485371698468952,6.2819291152174985,2.9781483287,1872.875,1882.191,735.4393,23.3581
1.0010345950894854,-0.0000000000000004,0.0000000000005249,0.0000000000003979,-0.0125917098276039,-0.1487082441463843,6.2819331123220321,2.9780970611,1875.056,1884.362,735.4261,23.3582
1.0010340046665900,-0.0000000000000004,0.0000000000037336,0.0000000000048730,-0.0126164718989711,-0.1488791163583649,6.2819370875556242,2.9780457935,1877.235,1886.530,735.4129,23.3582
1.0010334159330134,-0.0000000000000004,0.0000000000006020,0.0000000000002951,-0.0126412365105367,-0.1490497871805516,6.2819410410841376,2.9779945259,1879.412,1888.696,735.3997,23.3583
1.0010328288802515,-0.0000000000000004,0.0000000000002184,-0.0000000000001043,-0.0126660036484779,-0.1492202573088885,6.2819449730732915,2.9779432583,1881.586,1890.859,735.3865,23.3583
1.0010322434996228,-0.0000000000000000,0.0000000000008902,0.0000000000007828,-0.0126907732997282,-0.1493905274354170,6.2819488836918405,2.9778919907,1883.757,1893.020,735.3732,23.3584
1.0010316597825351,-0.0000000000000004,0.0000000000027206,0.0000000000032626,-0.0127155454510896,-0.1495605982470083,6.2819527731066218,2.9778407232,1885.926,1895.178,735.3599,23.3585
1.0010310777204041,-0.0000000000000004,0.0000000000010150,0.0000000000009289,-0.0127403200898952,-0.1497304704271364,6.2819566414765440,2.9777894556,1888.093,1897.334,735.3466,23.3585
1.0010304973048696,-0.0000000000000000,0.0000000000007166,0.0000000000004263,-0.0127650972029360,-0.1499001446560777,6.2819604889672780,2.9777381880,1890.257,1899.488,735.3333,23.3586
1.0010299185275382,-0.0000000000000004,0.0000000000009892,0.0000000000005429,-0.0127898767774846,-0.1500696216095925,6.2819643157345677,2.9776869204,1892.418,1901.639,735.3200,23.3586
1.0010293413800613,-0.0000000000000004,0.0000000000006902,0.0000000000004375,-0.0128146588008115,-0.1502389019586803,6.2819681219408938,2.9776356528,1894.577,1903.787,735.3067,23.3587
1.0010287658542161,-0.0000000000000004,0.0000000000006087,0.0000000000004411,-0.0128394432603791,-0.1504079863723861,6.2819719077407692,2.9775843852,1896.734,1905.934,735.2933,23.3587
1.0010281919418007,-0.0000000000000000,0.0000000000015764,0.0000000000021472,-0.0128642301435218,-0.1505768755144387,6.2819756732895238,2.9775331177,1898.888,1908.077,735.2800,23.3588
1.0010276196345882,-0.0000000000000000,0.0000000000006929,0.0000000000006895,-0.0128890194379836,-0.1507455700459378,6.2819794187406703,2.9774818501,1901.040,1910.219,735.2666,23.3588
1.0010270489245829,-0.0000000000000000,-0.0000000000000624,0.0000000000000948,-0.0129138111312825,0.1509140706221840,6.2819831442462979,2.9774305825,1903.189,1912.358,735.2532,23.3589
1.0010264798037296,-0.0000000000000000,0.0000000000011002,0.0000000000009161,-0.0129386052111139,-0.1510823778990380,6.2819868499566320,2.9773793149,1905.336,1914.494,735.2398,23.3589
1.0010259122642429,-0.0000000000000000,0.0000000000012219,0.0000000000014527,-0.0129634016657914,-0.1512504925232480,6.2819905360246544,2.9773280473,1907.480,1916.628,735.2263,23.3590
1.0010253462978360,-0.0000000000000004,0.0000000000019074,0.0000000000021147,-0.0129882004824362,-0.1514184151419320,6.2819942025921520,2.9772767797,1909.622,1918.760,735.2129,23.3590
1.0010247818968283,-0.0000000000000004,0.0000000000000641,-0.0000000000004536,-0.0130130016497383,-0.1515861463971992,6.2819978498095930,2.9772255122,1911.762,1920.890,735.1994,23.3591
1.0010242190535812,-0.0000000000000000,0.0000000000002054,-0.0000000000002671,-0.0130378051555416,-0.1517536869269716,6.2820014777986737,2.9771742446,1913.899,1923.017,735.1859,23.3591
1.0010236577602436,-0.0000000000000000,-0.0000000000000127,0.0000000000000134,-0.0130626109880169,0.1519210373656094,6.2820050867476844,2.9771229770,1916.034,1925.142,735.1725,23.3592
1.0010230980091057,0.0000000000000000,0.0000000000004318,-0.0000000000005696,-0.0130874191354566,0.1520881983465050,6.2820086767752832,2.9770717094,1918.166,1927.264,735.1590,23.3592
1.0010225397925703,0.0000000000000000,-0.0000000000000754,0.0000000000001155,-0.0131122295863713,0.1522551704966461,6.2820122480243779,2.9770204418,1920.297,1929.384,735.1454,23.3593
1.0010219831030696,0.0000000000000000,0.0000000000000110,-0.0000000000000084,-0.0131370423290435,0.1524219544405122,6.2820158006315756,2.9769691742,1922.424,1931.502,735.1319,23.3593
1.0010214279330711,-0.0000000000000000,-0.0000000000000186,0.0000000000000301,-0.0131618573520554,0.1525885507991400,6.2820193347387434,2.9769179067,1924.550,1933.617,735.1184,23.3593
1.0010208742751048,-0.0000000000000000,-0.0000000000000879,0.0000000000001459,-0.0131866746440146,0.1527549601901375,6.2820228504764080,2.9768666391,1926.673,1935.730,735.1048,23.3594
1.0010203221217600,-0.0000000000000000,-0.0000000000002241,0.0000000000003377,-0.0132114941935903,0.1529211832277002,6.2820263479858696,2.9768153715,1928.793,1937.841,735.0912,23.3594
1.0010197714657236,0.0000000000000000,0.0000000000000411,-0.0000000000000509,-0.0132363159896196,0.1530872205226047,6.2820298273972188,2.9767641039,1930.912,1939.950,735.0776,23.3595
1.0010192222996015,-0.0000000000000000,-0.0000000000003328,0.0000000000004909,-0.0132611400209344,0.1532530726824229,6.2820332888473436,2.9767128363,1933.028,1942.056,735.0640,23.3595
1.0010186746162246,0.0000000000000000,-0.0000000000000736,0.0000000000000989,-0.0132859662764300,0.1534187403112253,6.2820367324635855,2.9766615687,1935.142,1944.160,735.0504,23.3595
1.0010181284083124,-0.0000000000000000,-0.0000000000000122,0.0000000000000460,-0.0133107947451308,0.1535842240099572,6.2820401583805463,2.9766103012,1937.253,1946.261,735.0368,23.3596
1.0010175836687714,-0.0000000000000000,-0.0000000000000280,0.0000000000000331,-0.0133356254161927,0.1537495243761322,6.2820435667229155,2.9765590336,1939.362,1948.361,735.0232,23.3596
1.0010170403904501,-0.0000000000000000,-0.0000000000000344,0.0000000000000507,-0.0133604582787162,0.1539146420041614,6.2820469576229696,2.9765077660,1941.469,1950.458,735.0095,23.3597
1.0010164985663503,-0.0000000000000000,-0.0000000000000223,-0.0000000000000519,-0.0133852933220112,0.1540795774850976,6.2820503312030809,2.9764564984,1943.574,1952.553,734.9958,23.3597
1.0010159581893512,-0.0000000000000000,-0.0000000000001283,0.0000000000001742,-0.0134101305352773,0.1542443314070117,6.2820536875927679,2.9764052308,1945.676,1954.646,734.9822,23.3597
1.0010154192526135,-0.0000000000000000,-0.0000000000000325,0.0000000000000433,-0.0134349699080281,0.1544089043545128,6.2820570269125806,2.9763539632,1947.776,1956.736,734.9685,23.3598
1.0010148817492284,-0.0000000000000000,-0.0000000000000399,-0.0000000000000013,-0.0134598114297876,0.1545732969092073,6.2820603492872085,2.9763026956,1949.874,1958.824,734.9548,23.3598
1.0010143456722072,0.0000000000000000,0.0000000000000892,-0.0000000000001312,-0.0134846550898239,0.1547375096497387,6.2820636548389706,2.9762514281,1951.969,1960.910,734.9410,23.3598
1.0010138110148452,-0.0000000000000000,-0.0000000000000386,0.0000000000000575,-0.0135095008780381,0.1549015431513488,6.2820669436906122,2.9762001605,1954.063,1962.994,734.9273,23.3599
1.0010132777703469,0.0000000000000000,-0.0000000000000347,0.0000000000001004,-0.0135343487840137,0.1550653979863746,6.2820702159578898,2.9761488929,1956.154,1965.075,734.9136,23.3599
1.0010127459320464,0.0000000000000000,0.0000000000003499,-0.0000000000004825,-0.0135591987975499,0.1552290747240018,6.2820734717613664,2.9760976253,1958.242,1967.155,734.8998,23.3599
1.0010122154931649,0.0000000000000000,0.0000000000023268,-0.0000000000029886,-0.0135840509083352,0.1553925739305933,6.2820767112186067,2.9760463577,1960.329,1969.232,734.8860,23.3600
1.0010116864471492,0.0000000000000000,0.0000000000000278,-0.0000000000000356,-0.0136089051066098,0.1555558961692055,6.2820799344480358,2.9759950901,1962.413,1971.307,734.8722,23.3600
1.0010111587873720,-0.0000000000000000,-0.0000000000001602,0.0000000000002236,-0.0136337613820257,0.1557190420001516,6.2820831415610074,2.9759438226,1964.495,1973.379,734.8585,23.3600
1.0010106325073507,0.0000000000000000,0.0000000000001542,-0.0000000000002192,-0.0136586197247318,0.1558820119806110,6.2820863326737797,2.9758925550,1966.575,1975.450,734.8446,23.3600
1.0010101076005253,-0.0000000000000000,-0.0000000000000799,0.0000000000001202,-0.0136834801248485,0.1560448066649747,6.2820895079230423,2.9758412874,1968.653,1977.518,734.8308,23.3601
1.0010095840604809,-0.0000000000000000,0.0000000000000466,-0.0000000000000405,-0.0137083425725043,0.1562074266045866,6.2820926673741138,2.9757900198,1970.729,1979.585,734.8170,23.3601
1.0010090618808061,-0.0000000000000000,-0.0000000000002231,0.0000000000003466,-0.0137332070580411,0.1563698723479314,6.2820958111616134,2.9757387522,1972.802,1981.649,734.8032,23.3601
1.0010085410551861,0.0000000000000000,-0.0000000000000358,0.0000000000000489,-0.0137580735717458,0.1565321444405695,6.2820989393978097,2.9756874846,1974.873,1983.711,734.7893,23.3602
1.0010080215772177,-0.0000000000000000,-0.0000000000001868,0.0000000000002528,-0.0137829421039461,0.1566942434253532,6.2821020521877280,2.9756362171,1976.942,1985.771,734.7754,23.3602
1.0010075034406523,-0.0000000000000000,-0.0000000000000741,0.0000000000001261,-0.0138078126450770,0.1568561698421607,6.2821051496415130,2.9755849495,1979.009,1987.828,734.7616,23.3602
1.0010069866393243,-0.0000000000000004,0.0000000000013666,0.0000000000013791,-0.0138326851857237,-0.1570179242288312,6.2821082318666415,2.9755336819,1981.074,1989.884,734.7477,23.3602
1.0010064711669233,0.0000000000000000,0.0000000000000556,-0.0000000000000905,-0.0138575597164893,0.1571795071173227,6.2821112989710421,2.9754824143,1983.136,1991.937,734.7338,23.3603
1.0010059570173435,0.0000000000000000,-0.0000000000001602,0.0000000000002283,-0.0138824362278775,0.1573409190416052,6.2821143510560935,2.9754311467,1985.197,1993.988,734.7199,23.3603
1.0010054441845311,-0.0000000000000004,-0.0000000000001081,-0.0000000000005303,-0.0139073147107992,-0.1575021605304043,6.2821173882281034,2.9753798791,1987.255,1996.038,734.7059,23.3603
1.0010049326627952,-0.0000000000000004,0.0000000000065434,0.0000000000090909,-0.0139321951558139,-0.1576632321075050,6.2821204105924311,2.9753286116,1989.311,1998.085,734.6920,23.3603
1.0010044224448107,-0.0000000000000004,0.0000000000017639,0.0000000000018541,-0.0139570775536345,-0.1578241342994427,6.2821234182474912,2.9752773440,1991.365,2000.130,734.6780,23.3604
1.0010039135258497,-0.0000000000000004,0.0000000000003436,0.0000000000000533,-0.0139819618955235,-0.1579848676233004,6.2821264112969422,2.9752260764,1993.417,2002.173,734.6641,23.3604
1.0010034058996011,-0.0000000000000004,0.0000000000000532,-0.0000000000003624,-0.0140068481722898,-0.1581454326000224,6.2821293898431900,2.9751748088,1995.467,2004.213,734.6501,23.3604
1.0010028995601525,-0.0000000000000000,0.0000000000003637,0.0000000000002119,-0.0140317363748007,-0.1583058297426451,6.2821323539804803,2.9751235412,1997.514,2006.252,734.6361,23.3604
1.0010023945014901,-0.0000000000000004,-0.0000000000008131,-0.0000000000013163,-0.0140566264942256,-0.1584660595654960,6.2821353038165588,2.9750722736,1999.560,2008.289,734.6222,23.3604
1.0010018907179339,-0.0000000000000004,-0.0000000000029481,-0.0000000000041577,-0.0140815185218800,-0.1586261225779476,6.2821382394424168,2.9750210061,2001.604,2010.324,734.6082,23.3605
1.0010013882038526,-0.0000000000000004,0.0000000000006059,0.0000000000005097,-0.0141064124484660,-0.1587860192870897,6.2821411609546756,2.9749697385,2003.645,2012.356,734.5941,23.3605
1.0010008869531246,-0.0000000000000004,0.0000000000005560,0.0000000000000379,-0.0141313082656778,-0.1589457501984833,6.2821440684536434,2.9749184709,2005.684,2014.387,734.5801,23.3605
1.0010003869602095,-0.0000000000000000,0.0000000000003455,-0.0000000000000123,-0.0141562059647157,-0.1591053158140991,6.2821469620326260,2.9748672033,2007.722,2016.415,734.5661,23.3605
1.0009998882194466,-0.0000000000000004,-0.0000000000000501,-0.0000000000005302,-0.0141811055370129,-0.1592647166338642,6.2821498417860990,2.9748159357,2009.757,2018.442,734.5520,23.3605
1.0009993907250767,-0.0000000000000004,-0.0000000000001618,-0.0000000000005728,-0.0142060069736802,-0.1594239531544727,6.2821527078076072,2.9747646681,2011.790,2020.466,734.5380,23.3605
1.0009988944716737,-0.0000000000000004,0.0000000000005609,0.0000000000005380,-0.0142309102664993,-0.1595830258711025,6.2821555601918595,2.9747134006,2013.821,2022.488,734.5239,23.3606
1.0009983994535012,-0.0000000000000004,0.0000000000005611,0.0000000000007281,-0.0142558154068763,-0.1597419352758716,6.2821583990281988,2.9746621330,2015.850,2024.509,734.5099,23.3606
1.0009979056650935,-0.0000000000000004,0.0000000000024900,0.0000000000027564,-0.0142807223862818,-0.1599006818588706,6.2821612244082079,2.9746108654,2017.877,2026.527,734.4958,23.3606
1.0009974131009365,-0.0000000000000000,0.0000000000002014,-0.0000000000001792,-0.0143056311968799,-0.1600592661066330,6.2821640364256739,2.9745595978,2019.902,2028.543,734.4817,23.3606
