x0_n,y0_n,z0_n,xd0_n,yd0_n,zd0_n,Tp,JC,L2ExcessVelocity_mps,landingVelocity_mps,stabilityIndex1,stabilityIndex2...,error_tol=1e-12,n_Nodes=20,stepsize=1.0
1.0044624773882089,-0.0000000000000001,-0.0000087257095209,0.0000000001948052,-0.0035381474957703,-0.0000000000004612,3.0898566171358546,3.0001314593,41.257,191.536,1714.7336,2.0000
1.0044622984288658,0.0000000000000000,-0.0000868747362757,0.0000000000000000,-0.0035410666860833,0.0000000000000001,3.0898141699947592,3.0001314140,41.344,191.555,1712.5983,1.9996
1.0044621191199319,-0.0000000000000000,-0.0001225340690530,0.0000000000647789,-0.0035439796318384,-0.0000000000021558,3.0897717228536639,3.0001313686,41.432,191.574,1710.4669,1.9992
1.0044619394372336,-0.0000000000000000,-0.0001499275507563,0.0000000003188267,-0.0035468863276157,-0.0000000000135350,3.0897292757125681,3.0001313234,41.519,191.593,1708.3396,1.9987
1.0044617590954261,-0.0000000000000001,-0.0001730266328065,0.0000000000173657,-0.0035497864798769,-0.0000000000007837,3.0896868285714727,3.0001312781,41.605,191.611,1706.2163,1.9983
1.0044615784223159,0.0000000000000000,-0.0001933764691811,0.0000000000000017,-0.0035526804726919,-0.0000000000000023,3.0896443814303773,3.0001312329,41.692,191.630,1704.0970,1.9979
1.0044613973179684,-0.0000000000000001,-0.0002117710789970,0.0000000000008021,-0.0035555682159240,-0.0000000000000158,3.0896019342892820,3.0001311878,41.778,191.649,1701.9816,1.9975
1.0044612158928448,-0.0000000000000000,-0.0002286827531520,0.0000000002975969,-0.0035584498426469,-0.0000000000185947,3.0895594871481862,3.0001311427,41.864,191.668,1699.8702,1.9970
1.0044610338047295,0.0000000000000000,-0.0002444195490314,-0.0000000000000012,-0.0035613250254692,0.0000000000001537,3.0895170400070908,3.0001310976,41.950,191.687,1697.7628,1.9966
1.0044608514021698,0.0000000000000000,-0.0002591954926663,0.0000000000000025,-0.0035641941372388,-0.0000000000000108,3.0894745928659955,3.0001310525,42.036,191.705,1695.6594,1.9962
