x0,y0,z0,xd0,yd0,zd0,Tp,JC,stabilityIndex1,stabilityIndex2,alpha,beta,impactFlag,error
1.0068228991612169,0.0,0.0628286252620733,0.0000000000000000,0.5442016516065188,0.0000000000000000,5.5104129271315667,3.0229896894358803,474.9896,2.0000,-476.9896,951.9870,0,1.1e-11
1.0068228991611372,0.0,0.0628286252622443,0.0000000000000000,0.5442016516057798,0.0000000000000000,5.5104129271297637,3.0229896894358617,474.9896,2.0000,-476.9896,951.9870,0,2.5e-11
1.0068574551102898,0.0,0.0627151055874608,0.0000000000000000,0.5447305994910113,0.0000000000000000,5.5104330623013968,3.0229884498434476,474.9853,2.0000,-476.9854,951.9848,0,5.1e-12
1.0068924486195572,0.0,0.0625994457470536,0.0000000000000000,0.5452708483392187,0.0000000000000000,5.5104597022707287,3.0229868098170436,474.9797,2.0000,-476.9797,951.9819,0,8.2e-12
1.0069278782810092,0.0,0.0624816097931942,0.0000000000000000,0.5458226469256453,0.0000000000000000,5.5104932141047733,3.0229847467801179,474.9726,2.0001,-476.9726,951.9783,0,4.8e-12
1.0069637422700706,0.0,0.0623615614208318,0.0000000000000000,0.5463862495166361,0.0000000000000000,5.5105339809048441,3.0229822371764863,474.9639,2.0001,-476.9640,951.9739,0,5.0e-12
1.0070000383240696,0.0,0.0622392639791028,0.0000000000000000,0.5469619159758309,0.0000000000000000,5.5105824023945260,3.0229792564347360,474.9537,2.0001,-476.9538,951.9686,0,1.4e-11
1.0070367637204061,0.0,0.0621146804839546,0.0000000000000000,0.5475499118696462,0.0000000000000000,5.5106388955449281,3.0229757789320049,474.9417,2.0002,-476.9418,951.9625,0,1.9e-11
1.0070739152534229,0.0,0.0619877736317365,0.0000000000000000,0.5481505085754204,0.0000000000000000,5.5107038951940908,3.0229717779564194,474.9279,2.0002,-476.9281,951.9555,0,7.4e-12
1.0071114892110298,0.0,0.0618585058141496,0.0000000000000000,0.5487639833882163,0.0000000000000000,5.5107778546995423,3.0229672256689404,474.9122,2.0003,-476.9125,951.9475,0,1.1e-11
1.0071494813504471,0.0,0.0617268391344383,0.0000000000000000,0.5493906196282211,0.0000000000000000,5.5108612466033202,3.0229620930642951,474.8946,2.0003,-476.8949,951.9385,0,7.6e-12
1.0071878868731845,0.0,0.0615927354248672,0.0000000000000000,0.5500307067486260,0.0000000000000000,5.5109545633092551,3.0229563499309080,474.8748,2.0004,-476.8752,951.9284,0,1.2e-11
1.0072267003994253,0.0,0.0614561562656594,0.0000000000000000,0.5506845404427212,0.0000000000000000,5.5110583177865520,3.0229499648101426,474.8528,2.0004,-476.8533,951.9173,0,1.8e-11
1.0072659159416737,0.0,0.0613170630053578,0.0000000000000000,0.5513524227509246,0.0000000000000000,5.5111730442838880,3.0229429049546956,474.8285,2.0005,-476.8290,951.9049,0,9.6e-12
1.0073055268775917,0.0,0.0611754167826626,0.0000000000000000,0.5520346621678256,0.0000000000000000,5.5112992990592140,3.0229351362860779,474.8018,2.0006,-476.8024,951.8914,0,8.2e-12
1.0073455259223489,0.0,0.0610311785499311,0.0000000000000000,0.5527315737476535,0.0000000000000000,5.5114376611346101,3.0229266233515473,474.7725,2.0007,-476.7732,951.8766,0,1.6e-11
1.0073859051001268,0.0,0.0608843090982310,0.0000000000000000,0.5534434792097256,0.0000000000000000,5.5115887330557456,3.0229173292801925,474.7406,2.0008,-476.7414,951.8605,0,3.7e-12
1.0074266557151388,0.0,0.0607347690841743,0.0000000000000000,0.5541707070420920,0.0000000000000000,5.5117531416764844,3.0229072157384378,474.7058,2.0009,-476.7067,951.8430,0,2.0e-11
1.0074677683218303,0.0,0.0605825190584404,0.0000000000000000,0.5549135926046472,0.0000000000000000,5.5119315389549755,3.0228962428848578,474.6681,2.0010,-476.6691,951.8241,0,2.4e-11
1.0075092326947113,0.0,0.0604275194962206,0.0000000000000000,0.5556724782297376,0.0000000000000000,5.5121246027667361,3.0228843693245979,474.6273,2.0012,-476.6285,951.8037,0,1.8e-11
1.0075510377973853,0.0,0.0602697308294456,0.0000000000000000,0.5564477133220780,0.0000000000000000,5.5123330377264974,3.0228715520631328,474.5833,2.0013,-476.5846,951.7818,0,2.6e-11
1.0075931717512554,0.0,0.0601091134810692,0.0000000000000000,0.5572396544555914,0.0000000000000000,5.5125575760327106,3.0228577464597999,474.5359,2.0014,-476.5374,951.7582,0,1.1e-11
1.0076356218035838,0.0,0.0599456279012900,0.0000000000000000,0.5580486654686767,0.0000000000000000,5.5127989783167681,3.0228429061809110,474.4850,2.0016,-476.4866,951.7330,0,2.2e-11
1.0076783742952089,0.0,0.0597792346058811,0.0000000000000000,0.5588751175564809,0.0000000000000000,5.5130580345086990,3.0228269831526777,474.4304,2.0018,-476.4322,951.7060,0,1.9e-11
1.0077214146278284,0.0,0.0596098942166370,0.0000000000000000,0.5597193893603949,0.0000000000000000,5.5133355647123139,3.0228099275140292,474.3719,2.0020,-476.3739,951.6773,0,2.5e-11
1.0077647272309578,0.0,0.0594375675039915,0.0000000000000000,0.5605818670544032,0.0000000000000000,5.5136324200901488,3.0227916875694172,474.3094,2.0022,-476.3116,951.6467,0,6.3e-13
1.0078082955285956,0.0,0.0592622154318650,0.0000000000000000,0.5614629444280212,0.0000000000000000,5.5139494837574858,3.0227722097416834,474.2427,2.0024,-476.2451,951.6143,0,9.8e-12
1.0078521019057436,0.0,0.0590837992047913,0.0000000000000000,0.5623630229652831,0.0000000000000000,5.5142876716819940,3.0227514385252245,474.1717,2.0026,-476.1743,951.5799,0,2.0e-11
1.0078961276747687,0.0,0.0589022803173590,0.0000000000000000,0.5632825119196773,0.0000000000000000,5.5146479335917595,3.0227293164395306,474.0960,2.0029,-476.0989,951.5434,0,9.1e-12
1.0079403530417295,0.0,0.0587176206059967,0.0000000000000000,0.5642218283847443,0.0000000000000000,5.5150312538855388,3.0227057839832141,474.0156,2.0031,-476.0187,951.5049,0,2.5e-11
1.0079847570727800,0.0,0.0585297823031419,0.0000000000000000,0.5651813973598356,0.0000000000000000,5.5154386525458392,3.0226807795887654,473.9302,2.0034,-475.9336,951.4643,0,1.7e-11
1.0080293176607202,0.0,0.0583387280938191,0.0000000000000000,0.5661616518108317,0.0000000000000000,5.5158711860522383,3.0226542395781384,473.8396,2.0037,-475.8433,951.4215,0,1.8e-11
1.0080740114917717,0.0,0.0581444211746173,0.0000000000000000,0.5671630327256325,0.0000000000000000,5.5163299482933237,3.0226260981194035,473.7437,2.0040,-475.7477,951.3765,0,3.1e-11
1.0081188140128254,0.0,0.0579468253151391,0.0000000000000000,0.5681859891635436,0.0000000000000000,5.5168160714758550,3.0225962871846508,473.6421,2.0043,-475.6465,951.3293,0,2.9e-11
1.0081636993990881,0.0,0.0577459049218288,0.0000000000000000,0.5692309782991556,0.0000000000000000,5.5173307270264331,3.0225647365092714,473.5348,2.0047,-475.5394,951.2798,0,2.7e-11
1.0082086405224457,0.0,0.0575416251042571,0.0000000000000000,0.5702984654594577,0.0000000000000000,5.5178751264859027,3.0225313735530084,473.4213,2.0050,-475.4264,951.2279,0,9.8e-12
1.0082536089205170,0.0,0.0573339517437645,0.0000000000000000,0.5713889241548491,0.0000000000000000,5.5184505223910403,3.0224961234627385,473.3016,2.0054,-475.3070,951.1737,0,1.0e-12
1.0082985747667204,0.0,0.0571228515645100,0.0000000000000000,0.5725028361027472,0.0000000000000000,5.5190582091452205,3.0224589090375318,473.1753,2.0058,-475.1812,951.1171,0,2.1e-11
1.0083435068413396,0.0,0.0569082922068003,0.0000000000000000,0.5736406912445174,0.0000000000000000,5.5196995238696775,3.0224196506959822,473.0423,2.0063,-475.0486,951.0582,0,1.0e-11
1.0083883725038791,0.0,0.0566902423026953,0.0000000000000000,0.5748029877548666,0.0000000000000000,5.5203758472364406,3.0223782664461813,472.9022,2.0068,-474.9090,950.9968,0,1.2e-11
1.0084331376667910,0.0,0.0564686715537931,0.0000000000000000,0.5759902320438037,0.0000000000000000,5.5210886042783685,3.0223346718585855,472.7548,2.0072,-474.7621,950.9331,0,1.5e-12
1.0084777667708302,0.0,0.0562435508111095,0.0000000000000000,0.5772029387508202,0.0000000000000000,5.5218392651723178,3.0222887800420826,472.5999,2.0078,-474.6077,950.8670,0,3.5e-13
1.0085222227621555,0.0,0.0560148521569524,0.0000000000000000,0.5784416307313577,0.0000000000000000,5.5226293459942184,3.0222405016234259,472.4372,2.0083,-474.4455,950.7986,0,1.1e-11
1.0085664670714094,0.0,0.0557825489886583,0.0000000000000000,0.5797068390353362,0.0000000000000000,5.5234604094397648,3.0221897447304795,472.2663,2.0089,-474.2752,950.7279,0,1.0e-11
1.0086104595949563,0.0,0.0555466161040535,0.0000000000000000,0.5809991028778422,0.0000000000000000,5.5243340655093629,3.0221364149794305,472.0871,2.0095,-474.0966,950.6550,0,1.4e-11
1.0086541586784894,0.0,0.0553070297884948,0.0000000000000000,0.5823189696018279,0.0000000000000000,5.5252519721528301,3.0220804154663763,471.8992,2.0101,-473.9094,950.5800,0,3.1e-12
1.0086975211032065,0.0,0.0550637679032843,0.0000000000000000,0.5836669946331889,0.0000000000000000,5.5262158358697775,3.0220216467634433,471.7024,2.0108,-473.7132,950.5028,0,1.8e-11
1.0087405020747755,0.0,0.0548168099752859,0.0000000000000000,0.5850437414280686,0.0000000000000000,5.5272274122631142,3.0219600069199015,471.4963,2.0115,-473.5079,950.4238,0,3.3e-11
1.0087830552152639,0.0,0.0545661372874985,0.0000000000000000,0.5864497814129650,0.0000000000000000,5.5282885065397087,3.0218953914684423,471.2808,2.0123,-473.2930,950.3429,0,1.6e-11
1.0088251325583277,0.0,0.0543117329703809,0.0000000000000000,0.5878856939175222,0.0000000000000000,5.5294009739580012,3.0218276934369754,471.0554,2.0131,-473.0684,950.2604,0,9.9e-13
1.0088666845477567,0.0,0.0540535820936245,0.0000000000000000,0.5893520661009546,0.0000000000000000,5.5305667202151705,3.0217568033661704,470.8198,2.0139,-472.8337,950.1765,0,2.1e-11
1.0089076600396709,0.0,0.0537916717581041,0.0000000000000000,0.5908494928722737,0.0000000000000000,5.5317877017706989,3.0216826093331046,470.5739,2.0148,-472.5886,950.0913,0,4.8e-12
1.0089480063085785,0.0,0.0535259911877464,0.0000000000000000,0.5923785768047439,0.0000000000000000,5.5330659261073754,3.0216049969812047,470.3172,2.0157,-472.3328,950.0052,0,1.1e-11
1.0089876690574060,0.0,0.0532565318208927,0.0000000000000000,0.5939399280460319,0.0000000000000000,5.5344034519176137,3.0215238495567243,470.0495,2.0166,-472.0661,949.9184,0,1.4e-11
1.0090265924318114,0.0,0.0529832874009242,0.0000000000000000,0.5955341642239002,0.0000000000000000,5.5358023892212307,3.0214390479520938,469.7704,2.0176,-471.7881,949.8311,0,2.0e-11
1.0090647190388706,0.0,0.0527062540656805,0.0000000000000000,0.5971619103493444,0.0000000000000000,5.5372648994038922,3.0213504707561869,469.4797,2.0187,-471.4984,949.7439,0,1.5e-11
1.0091019899703699,0.0,0.0524254304353677,0.0000000000000000,0.5988237987175145,0.0000000000000000,5.5387931951785596,3.0212579943118558,469.1771,2.0198,-471.1969,949.6571,0,2.0e-11
1.0091383448308233,0.0,0.0521408176984685,0.0000000000000000,0.6005204688083766,0.0000000000000000,5.5403895404624528,3.0211614927807457,468.8623,2.0210,-470.8833,949.5712,0,1.1e-11
1.0091737217704027,0.0,0.0518524196953210,0.0000000000000000,0.6022525671877728,0.0000000000000000,5.5420562501726378,3.0210608382156208,468.5349,2.0222,-470.5571,949.4866,0,1.3e-11
1.0092080575228553,0.0,0.0515602429988636,0.0000000000000000,0.6040207474109826,0.0000000000000000,5.5437956899337442,3.0209559006402413,468.1947,2.0235,-470.2182,949.4039,0,4.6e-12
1.0092412874485650,0.0,0.0512642969921047,0.0000000000000000,0.6058256699303056,0.0000000000000000,5.5456102756966965,3.0208465481368352,467.8414,2.0249,-469.8662,949.3238,0,4.1e-11
1.0092733455828127,0.0,0.0509645939418969,0.0000000000000000,0.6076680020083299,0.0000000000000000,5.5475024732702938,3.0207326469412035,467.4746,2.0263,-469.5010,949.2470,0,4.9e-13
1.0093041646893008,0.0,0.0506611490685059,0.0000000000000000,0.6095484176390776,0.0000000000000000,5.5494747977613663,3.0206140615454533,467.0943,2.0278,-469.1221,949.1741,0,6.2e-12
1.0093336763189906,0.0,0.0503539806104936,0.0000000000000000,0.6114675974793518,0.0000000000000000,5.5515298129238602,3.0204906548081403,466.7000,2.0294,-468.7294,949.1061,0,9.3e-12
1.0093618108742304,0.0,0.0500431098844734,0.0000000000000000,0.6134262287922849,0.0000000000000000,5.5536701304183058,3.0203622880718699,466.2915,2.0310,-468.3225,949.0439,0,2.0e-11
1.0093884976781897,0.0,0.0497285613392286,0.0000000000000000,0.6154250054058468,0.0000000000000000,5.5558984089813572,3.0202288212880237,465.8686,2.0327,-467.9014,948.9884,0,5.1e-12
1.0094136650494971,0.0,0.0494103626037303,0.0000000000000000,0.6174646276889088,0.0000000000000000,5.5582173535067669,3.0200901131484970,465.4311,2.0345,-467.4656,948.9407,0,8.3e-12
1.0094372403820280,0.0,0.0490885445285870,0.0000000000000000,0.6195458025478132,0.0000000000000000,5.5606297140395746,3.0199460212239484,464.9786,2.0364,-467.0150,948.9021,0,1.4e-11
1.0094591502297048,0.0,0.0487631412204635,0.0000000000000000,0.6216692434463154,0.0000000000000000,5.5631382846863344,3.0197964021084513,464.5111,2.0384,-466.5495,948.8739,0,3.3e-11
1.0094793203961361,0.0,0.0484341900690404,0.0000000000000000,0.6238356704522292,0.0000000000000000,5.5657459024442870,3.0196411115699071,464.0282,2.0405,-466.0688,948.8573,0,5.3e-13
1.0094976760289114,0.0,0.0481017317660775,0.0000000000000000,0.6260458103140675,0.0000000000000000,5.5684554459528695,3.0194800047058554,463.5300,2.0427,-465.5727,948.8540,0,9.6e-12
1.0095141417183215,0.0,0.0477658103162081,0.0000000000000000,0.6283003965710460,0.0000000000000000,5.5712698341733971,3.0193129361041091,463.0161,2.0450,-465.0611,948.8656,0,6.1e-11
1.0095286416001990,0.0,0.0474264730390486,0.0000000000000000,0.6306001697004959,0.0000000000000000,5.5741920249992409,3.0191397600075538,462.4865,2.0474,-464.5339,948.8939,0,3.8e-11
1.0095410994626177,0.0,0.0470837705623461,0.0000000000000000,0.6329458773059251,0.0000000000000000,5.5772250138055179,3.0189603304825172,461.9410,2.0499,-463.9909,948.9408,0,2.0e-11
1.0095514388560529,0.0,0.0467377568058072,0.0000000000000000,0.6353382743501672,0.0000000000000000,5.5803718319420836,3.0187745015899496,461.3795,2.0526,-463.4321,949.0084,0,4.1e-11
1.0095595832066648,0.0,0.0463884889553804,0.0000000000000000,0.6377781234373625,0.0000000000000000,5.5836355451778754,3.0185821275585965,460.8021,2.0553,-462.8574,949.0989,0,5.3e-11
1.0095654559322551,0.0,0.0460360274277595,0.0000000000000000,0.6402661951481001,0.0000000000000000,5.5870192521043895,3.0183830629593920,460.2086,2.0582,-462.2668,949.2148,0,3.7e-12
1.0095689805604746,0.0,0.0456804358249278,0.0000000000000000,0.6428032684320737,0.0000000000000000,5.5905260825046872,3.0181771628801024,459.5990,2.0613,-461.6603,949.3586,0,1.0e-11
1.0095700808487895,0.0,0.0453217808786420,0.0000000000000000,0.6453901310625220,0.0000000000000000,5.5941591956986843,3.0179642830993654,458.9734,2.0645,-461.0379,949.5331,0,2.8e-12
1.0095686809057034,0.0,0.0449601323847835,0.0000000000000000,0.6480275801569825,0.0000000000000000,5.5979217788726441,3.0177442802591385,458.3318,2.0678,-460.3996,949.7413,0,1.6e-11
1.0095647053127232,0.0,0.0445955631275308,0.0000000000000000,0.6507164227692546,0.0000000000000000,5.6018170454009715,3.0175170120344501,457.6742,2.0713,-459.7456,949.9865,0,5.2e-12
1.0095580792464920,0.0,0.0442281487934466,0.0000000000000000,0.6534574765568633,0.0000000000000000,5.6058482331723392,3.0172823372996005,457.0009,2.0750,-459.0759,950.2720,0,2.4e-11
1.0095487286005673,0.0,0.0438579678755482,0.0000000000000000,0.6562515705290971,0.0000000000000000,5.6100186029282968,3.0170401162895457,456.3119,2.0788,-458.3907,950.6015,0,3.9e-11
1.0095365801062270,0.0,0.0434851015675287,0.0000000000000000,0.6590995458804197,0.0000000000000000,5.6143314366247425,3.0167902107555915,455.6074,2.0829,-457.6903,950.9789,0,4.6e-11
1.0095215614517590,0.0,0.0431096336483594,0.0000000000000000,0.6620022569142073,0.0000000000000000,5.6187900358268372,3.0165324841141143,454.8877,2.0871,-456.9748,951.4084,0,5.1e-11
1.0095036013996213,0.0,0.0427316503575365,0.0000000000000000,0.6649605720618621,0.0000000000000000,5.6233977201461247,3.0162668015874692,454.1529,2.0916,-456.2445,951.8946,0,7.1e-12
1.0094826299009156,0.0,0.0423512402613214,0.0000000000000000,0.6679753750025190,0.0000000000000000,5.6281578257312601,3.0159930303357410,453.4035,2.0962,-455.4997,952.4421,0,7.8e-12
1.0094585782065848,0.0,0.0419684941103792,0.0000000000000000,0.6710475658883234,0.0000000000000000,5.6330737038213448,3.0157110395785529,452.6397,2.1011,-454.7409,953.0561,0,4.1e-11
1.0094313789747846,0.0,0.0415835046892195,0.0000000000000000,0.6741780626811169,0.0000000000000000,5.6381487193699140,3.0154207007056462,451.8620,2.1063,-453.9683,953.7421,0,3.2e-11
1.0094009663738939,0.0,0.0411963666580068,0.0000000000000000,0.6773678026052966,0.0000000000000000,5.6433862497513854,3.0151218873754622,451.0707,2.1117,-453.1824,954.5057,0,5.1e-12
1.0093672761806038,0.0,0.0408071763872163,0.0000000000000000,0.6806177437231948,0.0000000000000000,5.6487896835545399,3.0148144756006738,450.2664,2.1173,-452.3837,955.3532,0,2.4e-11
1.0093302458726832,0.0,0.0404160317857755,0.0000000000000000,0.6839288666381660,0.0000000000000000,5.6543624194737143,3.0144983438195849,449.4496,2.1232,-451.5728,956.2912,0,1.1e-11
1.0092898147158562,0.0,0.0400230321233062,0.0000000000000000,0.6873021763315452,0.0000000000000000,5.6601078653030461,3.0141733729529516,448.6207,2.1295,-450.7502,957.3266,0,2.8e-12
1.0092459238444673,0.0,0.0396282778471239,0.0000000000000000,0.6907387041397052,0.0000000000000000,5.6660294370398860,3.0138394464449272,447.7806,2.1360,-449.9166,958.4668,0,7.3e-12
1.0091985163354895,0.0,0.0392318703946919,0.0000000000000000,0.6942395098775104,0.0000000000000000,5.6721305581020811,3.0134964502878403,446.9297,2.1429,-449.0726,959.7198,0,5.9e-11
1.0091475372755887,0.0,0.0388339120022600,0.0000000000000000,0.6978056841148355,0.0000000000000000,5.6784146586636908,3.0131442730298605,446.0689,2.1501,-448.2190,961.0940,0,2.6e-11
1.0090929338209416,0.0,0.0384345055104144,0.0000000000000000,0.7014383506132179,0.0000000000000000,5.6848851751113241,3.0127828057650654,445.1989,2.1577,-447.3565,962.5982,0,1.7e-12
1.0090346552495848,0.0,0.0380337541672700,0.0000000000000000,0.7051386689302007,0.0000000000000000,5.6915455496214280,3.0124119421054001,444.3204,2.1656,-446.4861,964.2421,0,7.2e-13
1.0089726530061274,0.0,0.0376317614301026,0.0000000000000000,0.7089078371988050,0.0000000000000000,5.6983992298603994,3.0120315781341103,443.4345,2.1740,-445.6085,966.0356,0,4.7e-11
1.0089068807386936,0.0,0.0372286307661264,0.0000000000000000,0.7127470950909669,0.0000000000000000,5.7054496688034178,3.0116416123403131,442.5419,2.1828,-444.7247,967.9895,0,6.5e-12
1.0088372943280681,0.0,0.0368244654532052,0.0000000000000000,0.7166577269734224,0.0000000000000000,5.7127003246704717,3.0112419455343948,441.6437,2.1921,-443.8358,970.1153,0,3.8e-11
1.0087638519090416,0.0,0.0364193683812212,0.0000000000000000,0.7206410652657232,0.0000000000000000,5.7201546609736491,3.0108324807440940,440.7409,2.2018,-442.9427,972.4250,0,1.8e-11
1.0086865138839967,0.0,0.0360134418548082,0.0000000000000000,0.7246984940107865,0.0000000000000000,5.7278161466677435,3.0104131230913005,439.8345,2.2120,-442.0466,974.9315,0,2.0e-11
1.0086052429289296,0.0,0.0356067873982040,0.0000000000000000,0.7288314526684310,0.0000000000000000,5.7356882563975029,3.0099837796493532,438.9258,2.2228,-441.1486,977.6485,0,5.7e-12
1.0085200039920368,0.0,0.0351995055628265,0.0000000000000000,0.7330414401445544,0.0000000000000000,5.7437744708269260,3.0095443592811169,438.0157,2.2341,-440.2499,980.5906,0,8.7e-12
1.0084307642851797,0.0,0.0347916957382967,0.0000000000000000,0.7373300190679645,0.0000000000000000,5.7520782770403178,3.0090947724579511,437.1057,2.2461,-439.3518,983.7732,0,1.1e-11
1.0083374932685287,0.0,0.0343834559674700,0.0000000000000000,0.7416988203293426,0.0000000000000000,5.7606031689966226,3.0086349310597820,436.1969,2.2586,-438.4556,987.2130,0,2.6e-12
1.0082401626287856,0.0,0.0339748827661025,0.0000000000000000,0.7461495478968629,0.0000000000000000,5.7693526480201029,3.0081647481567280,435.2908,2.2719,-437.5627,990.9273,0,2.4e-11
1.0081387462514320,0.0,0.0335660709476573,0.0000000000000000,0.7506839839251658,0.0000000000000000,5.7783302233041498,3.0076841377726042,434.3886,2.2858,-436.6745,994.9348,0,1.0e-11
1.0080332201875455,0.0,0.0331571134538034,0.0000000000000000,0.7553039941747975,0.0000000000000000,5.7875394124054065,3.0071930146308095,433.4919,2.3005,-435.7925,999.2555,0,3.1e-11
1.0079235626157370,0.0,0.0327481011910509,0.0000000000000000,0.7600115337614370,0.0000000000000000,5.7969837416990959,3.0066912938833212,432.6022,2.3160,-434.9182,1003.9106,0,5.4e-11
1.0078097537998911,0.0,0.0323391228739810,0.0000000000000000,0.7648086532552146,0.0000000000000000,5.8066667467647406,3.0061788908233016,431.7209,2.3323,-434.0533,1008.9226,0,1.0e-10
1.0076917760434039,0.0,0.0319302648754445,0.0000000000000000,0.7696975051526111,0.0000000000000000,5.8165919726659920,3.0056557205821921,430.8497,2.3496,-433.1993,1014.3157,0,2.4e-11
1.0075696136407266,0.0,0.0315216110841350,0.0000000000000000,0.7746803507444654,0.0000000000000000,5.8267629740862228,3.0051216978120325,429.9903,2.3678,-432.3581,1020.1155,0,1.2e-10
1.0074432528270307,0.0,0.0311132427698452,0.0000000000000000,0.7797595674061981,0.0000000000000000,5.8371833152737942,3.0045767363542040,429.1444,2.3870,-431.5313,1026.3495,0,2.2e-11
1.0073126817269893,0.0,0.0307052384567517,0.0000000000000000,0.7849376563375339,0.0000000000000000,5.8478565697491041,3.0040207488951691,428.3136,2.4072,-430.7208,1033.0471,0,1.8e-12
1.0071778903035877,0.0,0.0302976738049881,0.0000000000000000,0.7902172507818634,0.0000000000000000,5.8587863197158274,3.0034536466110566,427.4999,2.4286,-429.9285,1040.2396,0,8.5e-12
1.0070388703081399,0.0,0.0298906215008469,0.0000000000000000,0.7956011247562260,0.0000000000000000,5.8699761551173903,3.0028753388017377,426.7051,2.4512,-429.1563,1047.9606,0,5.0e-11
1.0068956152326143,0.0,0.0294841511558354,0.0000000000000000,0.8010922023263080,0.0000000000000000,5.8814296722669219,3.0022857325163681,425.9311,2.4752,-428.4062,1056.2460,0,1.2e-10
1.0067481202655797,0.0,0.0290783292149114,0.0000000000000000,0.8066935674619166,0.0000000000000000,5.8931504719762211,3.0016847321715163,425.1798,2.5004,-427.6803,1065.1342,0,1.6e-11
1.0065963822530990,0.0,0.0286732188741895,0.0000000000000000,0.8124084745107261,0.0000000000000000,5.9051421570975871,3.0010722391643658,424.4535,2.5272,-426.9806,1074.6667,0,4.5e-11
1.0064403996660871,0.0,0.0282688800084479,0.0000000000000000,0.8182403593302283,0.0000000000000000,5.9174083293837825,3.0004481514824475,423.7540,2.5555,-426.3094,1084.8875,0,6.6e-11
1.0062801725757029,0.0,0.0278653691088057,0.0000000000000000,0.8241928511194525,0.0000000000000000,5.9299525855603408,2.9998123633126825,423.0835,2.5854,-425.6689,1095.8444,0,3.7e-12
1.0061157026385426,0.0,0.0274627392310018,0.0000000000000000,0.8302697849935744,0.0000000000000000,5.9427785124931161,2.9991647646520487,422.4443,2.6171,-425.0614,1107.5883,0,2.1e-11
1.0059469930934954,0.0,0.0270610399547780,0.0000000000000000,0.8364752153457465,0.0000000000000000,5.9558896813207793,2.9985052409233659,421.8386,2.6507,-424.4893,1120.1741,0,1.2e-10
1.0057740487723310,0.0,0.0266603173549539,0.0000000000000000,0.8428134300415050,0.0000000000000000,5.9692896404073306,2.9978336725993979,421.2687,2.6863,-423.9550,1133.6612,0,2.7e-11
1.0055968761262586,0.0,0.0262606139848945,0.0000000000000000,0.8492889654911790,0.0000000000000000,5.9829819069537811,2.9971499348393591,420.7369,2.7241,-423.4610,1148.1130,0,8.4e-11
1.0054154832708919,0.0,0.0258619688732250,0.0000000000000000,0.8559066226450499,0.0000000000000000,5.9969699570921025,2.9964538971425192,420.2458,2.7641,-423.0098,1163.5983,0,2.6e-11
1.0052298800522852,0.0,0.0254644175347694,0.0000000000000000,0.8626714839547082,0.0000000000000000,6.0112572142637521,2.9957454230244820,419.7977,2.8066,-422.6042,1180.1912,0,1.6e-11
1.0050400781369573,0.0,0.0250679919969219,0.0000000000000000,0.8695889313411088,0.0000000000000000,6.0258470356668887,2.9950243697218117,419.3952,2.8517,-422.2468,1197.9716,0,9.4e-11
1.0048460911290658,0.0,0.0246727208428407,0.0000000000000000,0.8766646652052819,0.0000000000000000,6.0407426965331545,2.9942905879327544,419.0410,2.8995,-421.9405,1217.0261,0,1.5e-10
1.0046479347182016,0.0,0.0242786292731239,0.0000000000000000,0.8839047245115045,0.0000000000000000,6.0559473719726515,2.9935439216018005,418.7376,2.9504,-421.6880,1237.4480,0,5.7e-11
1.0044456268615360,0.0,0.0238857391879130,0.0000000000000000,0.8913155079634731,0.0000000000000000,6.0714641161015690,2.9927842077582563,418.4879,3.0045,-421.4924,1259.3386,0,4.7e-11
1.0042391880044415,0.0,0.0234940692916586,0.0000000000000000,0.8989037962829218,0.0000000000000000,6.0872958381411255,2.9920112764187285,418.2947,3.0620,-421.3567,1282.8076,0,6.1e-11
1.0040286413439306,0.0,0.0231036352231872,0.0000000000000000,0.9066767755834997,0.0000000000000000,6.1034452751531996,2.9912249505673887,418.1609,3.1231,-421.2840,1307.9736,0,1.4e-10
1.0038140131396873,0.0,0.0227144497140552,0.0000000000000000,0.9146420618139811,0.0000000000000000,6.1199149610519550,2.9904250462272124,418.0894,3.1882,-421.2777,1334.9659,0,8.4e-11
1.0035953330776846,0.0,0.0223265227786287,0.0000000000000000,0.9228077262190161,0.0000000000000000,6.1367071915086777,2.9896113726394908,418.0833,3.2575,-421.3408,1363.9240,0,1.0e-10
1.0033726346917391,0.0,0.0219398619397808,0.0000000000000000,0.9311823217346157,0.0000000000000000,6.1538239843477989,2.9887837325694981,418.1457,3.3314,-421.4771,1395.0004,0,9.2e-11
1.0031459558485114,0.0,0.0215544724945593,0.0000000000000000,0.9397749101972461,0.0000000000000000,6.1712670350155676,2.9879419227600987,418.2798,3.4101,-421.6899,1428.3599,0,1.6e-10
1.0029153393016836,0.0,0.0211703578247175,0.0000000000000000,0.9485950901977140,0.0000000000000000,6.1890376666980282,2.9870857345563442,418.4889,3.4940,-421.9828,1464.1820,0,4.2e-11
1.0026808333210122,0.0,0.0207875197574235,0.0000000000000000,0.9576530253558020,0.0000000000000000,6.2071367746641632,2.9862149547275108,418.7763,3.5834,-422.3597,1502.6626,0,1.8e-10
1.0024424924018605,0.0,0.0204059589819894,0.0000000000000000,0.9669594727229638,0.0000000000000000,6.2255647644301702,2.9853293665156948,419.1457,3.6789,-422.8246,1544.0146,0,1.8e-11
1.0022003780604141,0.0,0.0200256755288259,0.0000000000000000,0.9765258109420989,0.0000000000000000,6.2443214833738896,2.9844287509429508,419.6005,3.7809,-423.3814,1588.4692,0,2.5e-12
1.0019545597191575,0.0,0.0196466693171389,0.0000000000000000,0.9863640677012303,0.0000000000000000,6.2634061454885837,2.9835128884107820,420.1443,3.8898,-424.0341,1636.2781,0,6.0e-10
1.0017051156861216,0.0,0.0192689407780342,0.0000000000000000,0.9964869459122083,0.0000000000000000,6.2828172490560386,2.9825815606286854,420.7813,4.0062,-424.7874,1687.7188,0,1.7e-11
1.0014521342298797,0.0,0.0188924915596109,0.0000000000000000,1.0069078479272127,0.0000000000000000,6.3025524871459560,2.9816345529093233,421.5150,4.1305,-425.6455,1743.0879,0,4.5e-11
1.0011957147501380,0.0,0.0185173253202351,0.0000000000000000,1.0176408969739803,0.0000000000000000,6.3226086510247814,2.9806716568690526,422.3496,4.2636,-426.6131,1802.7127,0,1.7e-12
1.0009359690409292,0.0,0.0181434486153700,0.0000000000000000,1.0287009548495412,0.0000000000000000,6.3429815267858558,2.9796926735703861,423.2891,4.4058,-427.6950,1866.9479,0,9.5e-12
1.0006730226396625,0.0,0.0177708718820100,0.0000000000000000,1.0401036347630808,0.0000000000000000,6.3636657858087293,2.9786974171418494,424.3378,4.5581,-428.8959,1936.1791,0,5.1e-10
1.0004070162506593,0.0,0.0173996105227235,0.0000000000000000,1.0518653080701301,0.0000000000000000,6.3846548700207446,2.9776857189029653,425.5003,4.7211,-430.2214,2010.8301,0,4.7e-12
1.0001381072259514,0.0,0.0170296860885269,0.0000000000000000,1.0640031034973019,0.0000000000000000,6.4059408733835719,2.9766574320162986,426.7809,4.8956,-431.6765,2091.3547,0,3.1e-11
0.9998664710792502,0.0,0.0166611275559894,0.0000000000000000,1.0765348973350493,0.0000000000000000,6.4275144215546103,2.9756124366739751,428.1841,5.0825,-433.2666,2178.2504,0,1.1e-10
0.9995923030008820,0.0,0.0162939726891094,0.0000000000000000,1.0894792929874386,0.0000000000000000,6.4493645522831553,2.9745506458095865,429.7148,5.2827,-434.9975,2272.0547,0,6.0e-11
0.9993158193323149,0.0,0.0159282694704883,0.0000000000000000,1.1028555882313311,0.0000000000000000,6.4714785997844713,2.9734720113056934,431.3777,5.4972,-436.8749,2373.3523,0,8.7e-11
0.9990372589489830,0.0,0.0155640775790603,0.0000000000000000,1.1166837285774358,0.0000000000000000,6.4938420870632765,2.9723765306366303,433.1779,5.7269,-438.9048,2482.7729,0,3.0e-10
0.9987568844896483,0.0,0.0152014698833112,0.0000000000000000,1.1309842452629342,0.0000000000000000,6.5164386309078939,2.9712642538557614,435.1199,5.9731,-441.0929,2600.9936,0,2.9e-10
0.9984749833604210,0.0,0.0148405339096814,0.0000000000000000,1.1457781766673860,0.0000000000000000,6.5392498649908566,2.9701352907959238,437.2093,6.2367,-443.4460,2728.7527,0,6.0e-11
0.9981918684324337,0.0,0.0144813732361107,0.0000000000000000,1.1610869723531561,0.0000000000000000,6.5622553871245737,2.9689898183091565,439.4507,6.5191,-445.9699,2866.8305,0,2.1e-10
0.9979078783452855,0.0,0.0141241087511263,0.0000000000000000,1.1769323795040578,0.0000000000000000,6.5854327371521224,2.9678280873275176,441.8494,6.8215,-448.6709,3016.0717,0,2.9e-10
0.9976233773250142,0.0,0.0137688797102684,0.0000000000000000,1.1933363122802492,0.0000000000000000,6.6087574120997026,2.9666504294826694,444.4104,7.1451,-451.5555,3177.3758,0,1.1e-10
0.9973387544270008,0.0,0.0134158445151344,0.0000000000000000,1.2103207055135929,0.0000000000000000,6.6322029249760561,2.9654572629820910,447.1381,7.4914,-454.6295,3351.6926,0,3.2e-11
0.9970544221222700,0.0,0.0130651811371219,0.0000000000000000,1.2279073552035666,0.0000000000000000,6.6557409128817602,2.9642490974120292,450.0375,7.8616,-457.8991,3540.0343,0,4.1e-10
0.9967708141613306,0.0,0.0127170871093069,0.0000000000000000,1.2461177493885545,0.0000000000000000,6.6793412987968876,2.9630265371227358,453.1132,8.2573,-461.3704,3743.4724,0,1.6e-10
0.9964883826737504,0.0,0.0123717790170256,0.0000000000000000,1.2649728940752838,0.0000000000000000,6.7029725095246322,2.9617902828591571,456.3691,8.6796,-465.0487,3963.1224,0,1.4e-11
0.9962075944939137,0.0,0.0120294914314580,0.0000000000000000,1.2844931399092896,0.0000000000000000,6.7266017497934127,2.9605411313346113,459.8090,9.1302,-468.9392,4200.1538,0,3.6e-11
0.9959289267429531,0.0,0.0116904752510602,0.0000000000000000,1.3046980160426853,0.0000000000000000,6.7501953295593626,2.9592799725044920,463.4362,9.6103,-473.0466,4455.7845,0,8.3e-11
0.9956528617412437,0.0,0.0113549954426420,0.0000000000000000,1.3256060780815926,0.0000000000000000,6.7737190382886947,2.9580077843897943,467.2536,10.1214,-477.3750,4731.2720,0,3.1e-11
0.9953851372933765,0.0,0.0110297153292828,0.0000000000000000,1.3468088336605046,0.0000000000000000,6.7966860738907968,2.9567505513285122,471.1838,10.6539,-481.8378,5021.9559,0,3.6e-10
0.9951258168203997,0.0,0.0107144388622533,0.0000000000000000,1.3682967475846439,0.0000000000000000,6.8190882573975129,2.9555089248230786,475.2209,11.2076,-486.4286,5328.0963,0,6.0e-11
0.9948749277406179,0.0,0.0104089727473899,0.0000000000000000,1.3900593920064652,0.0000000000000000,6.8409201537450297,2.9542835057917145,479.3586,11.7822,-491.1408,5649.9014,0,9.2e-10
0.9946324620314653,0.0,0.0101131235603544,0.0000000000000000,1.4120856305062433,0.0000000000000000,6.8621790267667748,2.9530748364570996,483.5881,12.3773,-495.9653,5987.4845,0,1.2e-09
0.9943983774964164,0.0,0.0098266955305796,0.0000000000000000,1.4343638011001181,0.0000000000000000,6.8828647408272090,2.9518833941683100,487.9057,12.9923,-500.8981,6341.0309,0,7.5e-10
0.9941725996507210,0.0,0.0095494889629246,0.0000000000000000,1.4568818925713727,0.0000000000000000,6.9029796163911206,2.9507095871951075,492.3032,13.6269,-505.9301,6710.5736,0,9.4e-10
0.9939550241177447,0.0,0.0092812992454632,0.0000000000000000,1.4796277094474586,0.0000000000000000,6.9225282482405195,2.9495537524362376,496.7736,14.2805,-511.0541,7096.1374,0,2.0e-09
0.9937455194153463,0.0,0.0090219163762131,0.0000000000000000,1.5025890220341855,0.0000000000000000,6.9415172957550260,2.9484161549048924,501.3132,14.9523,-516.2655,7497.7912,0,2.2e-10
0.9935439300086126,0.0,0.0087711249315537,0.0000000000000000,1.5257536990594776,0.0000000000000000,6.9599552547060002,2.9472969887901779,505.9115,15.6418,-521.5533,7915.3810,0,4.9e-10
0.9933500795099570,0.0,0.0085287043945441,0.0000000000000000,1.5491098215764594,0.0000000000000000,6.9778522194882147,2.9461963798568167,510.5647,16.3484,-526.9131,8348.9042,0,2.8e-10
0.9931637739184346,0.0,0.0082944297617558,0.0000000000000000,1.5726457777551861,0.0000000000000000,6.9952196437711507,2.9451143889251914,515.2640,17.0713,-532.3351,8798.1639,0,3.2e-09
0.9929848048050596,0.0,0.0080680723516593,0.0000000000000000,1.5963503390087435,0.0000000000000000,7.0120701063380846,2.9440510161749396,520.0092,17.8097,-537.8189,9263.2078,0,1.9e-09
0.9928129523681469,0.0,0.0078494007449631,0.0000000000000000,1.6202127185312087,0.0000000000000000,7.0284170875332590,2.9430062060212236,524.7908,18.5632,-543.3539,9743.7543,0,1.9e-09
0.9926479883004219,0.0,0.0076381817965252,0.0000000000000000,1.6442226137690619,0.0000000000000000,7.0442747603881575,2.9419798523453577,529.6091,19.3308,-548.9400,10239.8130,0,2.9e-09
0.9924896784267685,0.0,0.0074341816685265,0.0000000000000000,1.6683702346232123,0.0000000000000000,7.0596577992140457,2.9409718038837829,534.4504,20.1120,-554.5625,10750.9038,0,2.7e-09
0.9923377850869416,0.0,0.0072371668447649,0.0000000000000000,1.6926463193053543,0.0000000000000000,7.0745812073162115,2.9399818696130753,539.3103,20.9060,-560.2162,11276.8149,0,1.4e-09
0.9921920692508814,0.0,0.0070469050955248,0.0000000000000000,1.7170421397832949,0.0000000000000000,7.0890601645198963,2.9390098240028779,544.1953,21.7122,-565.9075,11817.7052,0,4.9e-10
0.9920522923651777,0.0,0.0068631663711548,0.0000000000000000,1.7415494986720990,0.0000000000000000,7.1031098944233051,2.9380554120381963,549.0888,22.5300,-571.6187,12372.9008,0,3.0e-09
0.9919182179377618,0.0,0.0066857236099849,0.0000000000000000,1.7661607192900142,0.0000000000000000,7.1167455507005712,2.9371183539396970,554.0026,23.3586,-577.3612,12942.7212,0,6.0e-10
0.9917896128741365,0.0,0.0065143534524702,0.0000000000000000,1.7908686304236026,0.0000000000000000,7.1299821213505572,2.9361983495370247,558.9178,24.1974,-583.1152,13526.3589,0,1.0e-09
0.9916662485827805,0.0,0.0063488368584399,0.0000000000000000,1.8156665471546076,0.0000000000000000,7.1428343495045894,2.9352950822675012,563.8486,25.0459,-588.8947,14124.2202,0,4.7e-09
0.9915479018699550,0.0,0.0061889596282151,0.0000000000000000,1.8405482489050657,0.0000000000000000,7.1553166692493022,2.9344082227904615,568.7597,25.9035,-594.6631,14734.7774,0,4.8e-09
0.9914343556453925,0.0,0.0060345128311998,0.0000000000000000,1.8655079556694139,0.0000000000000000,7.1674431548504014,2.9335374322230892,573.6895,26.7696,-600.4591,15359.3992,0,1.8e-09
0.9913253994606200,0.0,0.0058852931475315,0.0000000000000000,1.8905403032278554,0.0000000000000000,7.1792274817710311,2.9326823650029112,578.6206,27.6436,-606.2643,15997.2427,0,2.8e-09
0.9912208299010508,0.0,0.0057411031296642,0.0000000000000000,1.9156403179778947,0.0000000000000000,7.1906828979408406,2.9318426714024177,583.5276,28.5251,-612.0525,16647.0595,0,4.3e-09
0.9911204508519232,0.0,0.0056017513914537,0.0000000000000000,1.9408033918843233,0.0000000000000000,7.2018222038211155,2.9310179997160879,588.4372,29.4135,-617.8503,17309.7936,0,6.2e-09
0.9910240736567184,0.0,0.0054670527325952,0.0000000000000000,1.9660252579296726,0.0000000000000000,7.2126577399314842,2.9302079981463445,593.3586,30.3082,-623.6669,17985.6992,0,1.3e-09
0.9909315171850425,0.0,0.0053368282062088,0.0000000000000000,1.9913019663481000,0.0000000000000000,7.2232013806304725,2.9294123164103971,598.2546,31.2090,-629.4636,18672.9385,0,2.1e-10
0.9908426078252087,0.0,0.0052109051370801,0.0000000000000000,2.0166298618438776,0.0000000000000000,7.2334645330725316,2.9286306071061343,603.1542,32.1152,-635.2698,19372.6254,0,5.0e-09
0.9907571794150823,0.0,0.0050891170976329,0.0000000000000000,2.0420055619290989,0.0000000000000000,7.2434581403926517,2.9278625268493874,608.0205,33.0266,-641.0471,20082.8387,0,1.2e-10
0.9906750731230347,0.0,0.0049713038481645,0.0000000000000000,2.0674259364616736,0.0000000000000000,7.2531926882947895,2.9271077372179284,612.8871,33.9426,-646.8296,20804.9527,0,8.1e-11
0.9905961372893158,0.0,0.0048573112472950,0.0000000000000000,2.0928880884235901,0.0000000000000000,7.2626782143277575,2.9263659055206599,617.7265,34.8628,-652.5889,21537.4371,0,5.6e-09
0.9905202272367066,0.0,0.0047469911379767,0.0000000000000000,2.1183893359463366,0.0000000000000000,7.2719243192444294,2.9256367054155046,622.5720,35.7869,-658.3586,22281.7279,0,3.8e-09
0.9904472050580074,0.0,0.0046402012138119,0.0000000000000000,2.1439271955669463,0.0000000000000000,7.2809401799260547,2.9249198173923148,627.4240,36.7143,-664.1386,23037.6829,0,4.5e-09
0.9903769393867378,0.0,0.0045368048698578,0.0000000000000000,2.1694993666799642,0.0000000000000000,7.2897345634387944,2.9242149291446187,632.2012,37.6451,-669.8457,23800.9037,0,7.5e-09
0.9903093051564016,0.0,0.0044366710415629,0.0000000000000000,2.1951037171380752,0.0000000000000000,7.2983158418637100,2.9235217358408057,637.0442,38.5784,-675.6232,24578.5031,0,6.0e-09
0.9902441833527675,0.0,0.0043396740349806,0.0000000000000000,2.2207382699459721,0.0000000000000000,7.3066920076015158,2.9228399403084202,641.8137,39.5144,-681.3281,25362.9317,0,1.1e-09
0.9901814607627977,0.0,0.0042456933509573,0.0000000000000000,2.2464011909867971,0.0000000000000000,7.3148706889087869,2.9221692531536565,646.5831,40.4524,-687.0355,26157.8761,0,7.8e-10
0.9901210297232337,0.0,0.0041546135055919,0.0000000000000000,2.2720907777176738,0.0000000000000000,7.3228591654707369,2.9215093928099698,651.3358,41.3922,-692.7280,26962.2326,0,1.7e-11
0.9901118097794143,0.0,0.0041406705393446,0.0000000000000000,2.2760974381736800,0.0000000000000000,7.3240876879409305,2.9214074946488422,651.9375,41.5395,-693.4735,27080.7154,0,3.6e-08
0.9901026428522746,0.0,0.0041267952700012,0.0000000000000000,2.2801046090300980,0.0000000000000000,7.3253117556252016,2.9213058542207748,652.8577,41.6853,-694.5441,27217.3391,0,1.1e-08
0.9900935285624317,0.0,0.0041129872834117,0.0000000000000000,2.2841122855959601,0.0000000000000000,7.3265313945521733,2.9212044704652298,653.4507,41.8327,-695.2807,27335.7798,0,2.6e-08
0.9900844665335694,0.0,0.0040992461683090,0.0000000000000000,2.2881204632327066,0.0000000000000000,7.3277466305542545,2.9211033423298587,654.2251,41.9793,-696.2027,27464.6964,0,1.7e-08
0.9900754563924218,0.0,0.0040855715162862,0.0000000000000000,2.2921291373536952,0.0000000000000000,7.3289574892680420,2.9210024687668872,655.0768,42.1255,-697.2035,27598.2468,0,1.1e-08
0.9900664977687463,0.0,0.0040719629217785,0.0000000000000000,2.2961383034234384,0.0000000000000000,7.3301639961371627,2.9209018487332976,655.7582,42.2726,-698.0305,27722.3830,0,2.9e-09
0.9900575902952966,0.0,0.0040584199820426,0.0000000000000000,2.3001479569570265,0.0000000000000000,7.3313661764128835,2.9208014811920671,656.3848,42.4199,-698.8016,27843.6154,0,3.0e-08
0.9900487336078014,0.0,0.0040449422971372,0.0000000000000000,2.3041580935194359,0.0000000000000000,7.3325640551561522,2.9207013651110234,657.2732,42.5660,-699.8399,27980.0223,0,7.0e-09
0.9900399273449386,0.0,0.0040315294699033,0.0000000000000000,2.3081687087249421,0.0000000000000000,7.3337576572388228,2.9206014994629008,657.8797,42.7135,-700.5906,28100.5567,0,2.5e-08
0.9900311711483084,0.0,0.0040181811059455,0.0000000000000000,2.3121797982363947,0.0000000000000000,7.3349470073463339,2.9205018832269443,658.8283,42.8594,-701.6905,28240.9475,0,2.7e-08
0.9900224646624169,0.0,0.0040048968136101,0.0000000000000000,2.3161913577647657,0.0000000000000000,7.3361321299770230,2.9204025153855566,659.4998,43.0066,-702.5076,28365.6800,0,1.1e-08
0.9900138075346421,0.0,0.0039916762039695,0.0000000000000000,2.3202033830683608,0.0000000000000000,7.3373130494461636,2.9203033949278181,660.2301,43.1536,-703.3847,28494.0200,0,9.6e-09
0.9900051994152161,0.0,0.0039785188908001,0.0000000000000000,2.3242158699523459,0.0000000000000000,7.3384897898855561,2.9202045208476362,660.9614,43.3006,-704.2629,28622.6539,0,8.5e-09
0.9899966399572017,0.0,0.0039654244905640,0.0000000000000000,2.3282288142681065,0.0000000000000000,7.3396623752460153,2.9201058921437748,661.6418,43.4478,-705.0892,28748.5678,1,4.3e-09
0.9899881288164654,0.0,0.0039523926223908,0.0000000000000000,2.3322422119126247,0.0000000000000000,7.3408308292991853,2.9200075078205456,662.4475,43.5945,-706.0433,28881.9891,1,1.2e-08
0.9899796656516581,0.0,0.0039394229080568,0.0000000000000000,2.3362560588280052,0.0000000000000000,7.3419951756375976,2.9199093668867935,663.2552,43.7411,-706.9996,29015.7811,1,2.9e-08
0.9899712501241891,0.0,0.0039265149719686,0.0000000000000000,2.3402703510007967,0.0000000000000000,7.3431554376778356,2.9198114683564622,663.9102,43.8886,-707.8000,29140.8986,1,1.1e-08
0.9899628818982024,0.0,0.0039136684411423,0.0000000000000000,2.3442850844615064,0.0000000000000000,7.3443116386606944,2.9197138112495211,664.6269,44.0357,-708.6634,29269.8424,1,6.9e-09
0.9899545606405590,0.0,0.0039008829451859,0.0000000000000000,2.3483002552840091,0.0000000000000000,7.3454638016534597,2.9196163945888394,665.3919,44.1826,-709.5761,29401.8517,1,1.4e-08
0.9899462860208059,0.0,0.0038881581162810,0.0000000000000000,2.3523158595850049,0.0000000000000000,7.3466119495511357,2.9195192174048326,665.9504,44.3305,-710.2781,29521.9407,1,2.5e-08
0.9899380577111619,0.0,0.0038754935891632,0.0000000000000000,2.3563318935235169,0.0000000000000000,7.3477561050773597,2.9194222787307029,666.8152,44.4770,-711.2927,29660.2853,1,4.6e-09
0.9899298753864885,0.0,0.0038628890011054,0.0000000000000000,2.3603483533002838,0.0000000000000000,7.3488962907870459,2.9193255776062852,667.4096,44.6247,-712.0314,29782.9021,1,2.6e-08
0.9899217387242722,0.0,0.0038503439918984,0.0000000000000000,2.3643652351573285,0.0000000000000000,7.3500325290663540,2.9192291130751613,668.2773,44.7712,-713.0490,29921.9196,1,4.3e-09
0.9899136474046002,0.0,0.0038378582038331,0.0000000000000000,2.3683825353773638,0.0000000000000000,7.3511648421352369,2.9191328841864075,668.9189,44.9188,-713.8359,30047.7592,1,1.5e-08
0.9899056011101393,0.0,0.0038254312816824,0.0000000000000000,2.3724002502833508,0.0000000000000000,7.3522932520479971,2.9190368899939134,669.6677,45.0658,-714.7322,30180.1876,1,1.1e-08
0.9898975995261130,0.0,0.0038130628726842,0.0000000000000000,2.3764183762379267,0.0000000000000000,7.3534177806954260,2.9189411295562624,670.4209,45.2128,-715.6330,30313.1136,1,6.2e-09
0.9898896423402824,0.0,0.0038007526265217,0.0000000000000000,2.3804369096429845,0.0000000000000000,7.3545384498053581,2.9188456019367095,671.0966,45.3603,-716.4548,30441.6281,1,1.8e-08
0.9898817292429217,0.0,0.0037885001953082,0.0000000000000000,2.3844558469390917,0.0000000000000000,7.3556552809451867,2.9187503062035729,672.1155,45.5060,-717.6266,30590.9507,1,4.3e-08
0.9898738599267977,0.0,0.0037763052335676,0.0000000000000000,2.3884751846050971,0.0000000000000000,7.3567682955220199,2.9186552414303071,672.6458,45.6541,-718.3001,30711.1871,1,1.4e-09
0.9898660340871510,0.0,0.0037641673982172,0.0000000000000000,2.3924949191576208,0.0000000000000000,7.3578775147844313,2.9185604066943243,673.3317,45.8015,-719.1324,30840.9740,1,7.5e-09
0.9898582514216724,0.0,0.0037520863485510,0.0000000000000000,2.3965150471505763,0.0000000000000000,7.3589829598240648,2.9184658010781845,673.9177,45.9494,-719.8627,30964.9318,1,3.7e-08
0.9898505116304810,0.0,0.0037400617462225,0.0000000000000000,2.4005355651746987,0.0000000000000000,7.3600846515769565,2.9183714236700729,674.9014,46.0953,-720.9986,31113.1628,1,1.6e-08
0.9898428144161093,0.0,0.0037280932552265,0.0000000000000000,2.4045564698571238,0.0000000000000000,7.3611826108244411,2.9182772735608360,675.5151,46.2431,-721.7572,31239.2237,1,7.6e-09
0.9898351594834743,0.0,0.0037161805418831,0.0000000000000000,2.4085777578609084,0.0000000000000000,7.3622768581946909,2.9181833498484586,676.1707,46.3906,-722.5587,31368.0267,1,2.2e-08
0.9898275465398667,0.0,0.0037043232748200,0.0000000000000000,2.4125994258846188,0.0000000000000000,7.3633674141638306,2.9180896516332577,676.8645,46.5380,-723.3989,31499.3536,1,2.8e-08
0.9898199752949211,0.0,0.0036925211249571,0.0000000000000000,2.4166214706618065,0.0000000000000000,7.3644542990582371,2.9179961780213546,677.5196,46.6856,-724.1998,31628.5242,1,4.2e-08
0.9898124454606039,0.0,0.0036807737654868,0.0000000000000000,2.4206438889607358,0.0000000000000000,7.3655375330535602,2.9179029281232451,678.2209,46.8329,-725.0478,31760.7304,1,4.7e-08
0.9898049567511868,0.0,0.0036690808718609,0.0000000000000000,2.4246666775837808,0.0000000000000000,7.3666171361784771,2.9178099010548584,678.9691,46.9799,-725.9437,31896.0229,1,4.2e-08
0.9897975088832324,0.0,0.0036574421217720,0.0000000000000000,2.4286898333671165,0.0000000000000000,7.3676931283144889,2.9177170959354175,680.0236,47.1254,-727.1517,32050.3941,1,2.2e-08
0.9897901015755730,0.0,0.0036458571951369,0.0000000000000000,2.4327133531802905,0.0000000000000000,7.3687655291973035,2.9176245118893327,680.7753,47.2724,-728.0512,32186.3954,1,2.7e-08
0.9897827345492906,0.0,0.0036343257740816,0.0000000000000000,2.4367372339257702,0.0000000000000000,7.3698343584186361,2.9175321480444216,681.3253,47.4205,-728.7450,32310.1465,1,6.8e-09
0.9897754075276947,0.0,0.0036228475429244,0.0000000000000000,2.4407614725385716,0.0000000000000000,7.3708996354268077,2.9174400035353947,681.9843,47.5680,-729.5498,32440.8171,1,1.9e-08
0.9897681202363088,0.0,0.0036114221881594,0.0000000000000000,2.4447860659858556,0.0000000000000000,7.3719613795284360,2.9173480775000042,682.7774,47.7148,-730.4914,32580.0119,1,6.1e-09
0.9897608724028498,0.0,0.0036000493984411,0.0000000000000000,2.4488110112665575,0.0000000000000000,7.3730196098891296,2.9172563690794995,683.4034,47.8625,-731.2627,32709.0422,1,2.4e-08
0.9897536637572063,0.0,0.0035887288645687,0.0000000000000000,2.4528363054109334,0.0000000000000000,7.3740743455353002,2.9171648774207104,684.3825,48.0082,-732.3939,32860.2870,1,2.3e-08
0.9897464940314237,0.0,0.0035774602794690,0.0000000000000000,2.4568619454802856,0.0000000000000000,7.3751256053544481,2.9170736016742627,684.7712,48.1572,-732.9232,32974.8922,1,3.8e-08
0.9897393629596793,0.0,0.0035662433381828,0.0000000000000000,2.4608879285664491,0.0000000000000000,7.3761734080976646,2.9169825409976733,685.8300,48.3025,-734.1357,33131.6227,1,2.3e-08
0.9897322702782745,0.0,0.0035550777378476,0.0000000000000000,2.4649142517915470,0.0000000000000000,7.3772177723794643,2.9168916945487853,686.3591,48.4507,-734.8081,33255.3740,1,1.2e-08
0.9897252157256085,0.0,0.0035439631776826,0.0000000000000000,2.4689409123075539,0.0000000000000000,7.3782587166793965,2.9168010614912934,687.1428,48.5974,-735.7402,33395.3179,1,6.2e-10
0.9897181990421596,0.0,0.0035328993589738,0.0000000000000000,2.4729679072959483,0.0000000000000000,7.3792962593435849,2.9167106409951602,687.6058,48.7460,-736.3453,33515.2494,1,4.7e-08
0.9897112199704738,0.0,0.0035218859850583,0.0000000000000000,2.4769952339673487,0.0000000000000000,7.3803304185856486,2.9166204322320279,688.3660,48.8929,-737.2533,33654.1131,1,3.9e-08
0.9897042782551403,0.0,0.0035109227613092,0.0000000000000000,2.4810228895611770,0.0000000000000000,7.3813612124873726,2.9165304343797320,689.4513,49.0379,-738.4927,33813.8010,1,2.5e-08
0.9896973736427803,0.0,0.0035000093951203,0.0000000000000000,2.4850508713453276,0.0000000000000000,7.3823886590001067,2.9164406466183745,690.0134,49.1858,-739.1988,33940.5676,1,2.9e-09
0.9896905058820213,0.0,0.0034891455958923,0.0000000000000000,2.4890791766157521,0.0000000000000000,7.3834127759464279,2.9163510681343610,690.9104,49.3318,-740.2462,34088.8118,1,2.8e-08
0.9896836747234889,0.0,0.0034783310750162,0.0000000000000000,2.4931078026962079,0.0000000000000000,7.3844335810202590,2.9162616981168705,691.4420,49.4799,-740.9213,34214.0012,1,4.7e-09
0.9896768799197829,0.0,0.0034675655458600,0.0000000000000000,2.4971367469378727,0.0000000000000000,7.3854510917886351,2.9161725357595607,692.1557,49.6270,-741.7818,34350.9856,1,5.7e-09
0.9896701212254624,0.0,0.0034568487237531,0.0000000000000000,2.5011660067190311,0.0000000000000000,7.3864653256924830,2.9160835802615077,693.0399,49.7730,-742.8161,34499.0967,1,2.2e-08
0.9896633983970323,0.0,0.0034461803259725,0.0000000000000000,2.5051955794447505,0.0000000000000000,7.3874763000478412,2.9159948308226573,693.6754,49.9205,-743.5970,34631.4908,1,8.2e-09
0.9896567111929183,0.0,0.0034355600717280,0.0000000000000000,2.5092254625465515,0.0000000000000000,7.3884840320467946,2.9159062866511776,694.4122,50.0673,-744.4811,34770.5833,1,1.1e-08
0.9896500593734591,0.0,0.0034249876821478,0.0000000000000000,2.5132556534821027,0.0000000000000000,7.3894885387584885,2.9158179469566616,694.9956,50.2150,-745.2090,34899.9943,1,1.1e-08
0.9896434427008852,0.0,0.0034144628802643,0.0000000000000000,2.5172861497348999,0.0000000000000000,7.3904898371304855,2.9157298109532142,695.9426,50.3606,-746.3072,35053.0635,1,2.7e-08
0.9896368609393036,0.0,0.0034039853910002,0.0000000000000000,2.5213169488139755,0.0000000000000000,7.3914879439891523,2.9156418778592252,696.5523,50.5081,-747.0618,35184.5591,1,9.0e-09
0.9896303138546803,0.0,0.0033935549411543,0.0000000000000000,2.5253480482535533,0.0000000000000000,7.3924828760417194,2.9155541468974659,697.0546,50.6563,-747.7070,35309.2487,1,2.6e-08
0.9896238012148270,0.0,0.0033831712593871,0.0000000000000000,2.5293794456128138,0.0000000000000000,7.3934746498759374,2.9154666172944665,697.9175,50.8022,-748.7195,35457.5363,1,2.0e-09
0.9896173227893833,0.0,0.0033728340762080,0.0000000000000000,2.5334111384755418,0.0000000000000000,7.3944632819621665,2.9153792882801337,698.6330,50.9491,-749.5817,35596.4505,1,2.1e-09
0.9896108783498018,0.0,0.0033625431239608,0.0000000000000000,2.5374431244498545,0.0000000000000000,7.3954487886539644,2.9152921590884371,699.1716,51.0969,-750.2639,35724.0143,1,3.0e-08
0.9896044676693290,0.0,0.0033522981368101,0.0000000000000000,2.5414754011679075,0.0000000000000000,7.3964311861892398,2.9152052289592474,700.2359,51.2416,-751.4815,35886.1404,1,2.5e-08
0.9895980905229971,0.0,0.0033420988507280,0.0000000000000000,2.5455079662856459,0.0000000000000000,7.3974104906906346,2.9151184971329047,700.7113,51.3898,-752.0991,36009.9234,1,1.3e-08
0.9895917466876006,0.0,0.0033319450034806,0.0000000000000000,2.5495408174824652,0.0000000000000000,7.3983867181674503,2.9150319628566832,701.4723,51.5363,-753.0077,36152.6136,1,5.4e-09
0.9895854359416876,0.0,0.0033218363346143,0.0000000000000000,2.5535739524609840,0.0000000000000000,7.3993598845157287,2.9149456253798673,702.0403,51.6839,-753.7197,36282.7997,1,2.8e-08
0.9895791580655393,0.0,0.0033117725854432,0.0000000000000000,2.5576073689467442,0.0000000000000000,7.4003300055198169,2.9148594839563549,703.1266,51.8282,-754.9595,36447.3524,1,2.9e-08
0.9895729128411586,0.0,0.0033017534990357,0.0000000000000000,2.5616410646879428,0.0000000000000000,7.4012970968530434,2.9147735378438138,703.5078,51.9769,-755.4813,36565.5679,1,2.1e-08
0.9895667000522543,0.0,0.0032917788202007,0.0000000000000000,2.5656750374551995,0.0000000000000000,7.4022611740782809,2.9146877863035674,704.3129,52.1230,-756.4347,36711.9788,1,7.4e-09
0.9895605194842241,0.0,0.0032818482954765,0.0000000000000000,2.5697092850412173,0.0000000000000000,7.4032222526501403,2.9146022286016597,705.0078,52.2697,-757.2758,36851.2882,1,1.0e-08
0.9895543709241476,0.0,0.0032719616731149,0.0000000000000000,2.5737438052606461,0.0000000000000000,7.4041803479139103,2.9145168640048160,705.8632,52.4153,-758.2804,37001.4729,1,1.1e-08
0.9895482541607589,0.0,0.0032621187030720,0.0000000000000000,2.5777785959496948,0.0000000000000000,7.4051354751083061,2.9144316917882036,706.8364,52.5602,-759.4049,37159.7389,1,5.0e-08
0.9895421689844454,0.0,0.0032523191369927,0.0000000000000000,2.5818136549659667,0.0000000000000000,7.4060876493654257,2.9143467112268757,706.9521,52.7105,-759.6563,37260.9638,1,3.8e-08
0.9895361151872246,0.0,0.0032425627281998,0.0000000000000000,2.5858489801881750,0.0000000000000000,7.4070368857119293,2.9142619216013710,708.0000,52.8548,-760.8567,37424.6407,1,1.1e-08
0.9895300925627357,0.0,0.0032328492316802,0.0000000000000000,2.5898845695159216,0.0000000000000000,7.4079831990695153,2.9141773221950142,708.8417,53.0004,-761.8472,37574.7696,1,3.0e-08
0.9895241009062218,0.0,0.0032231784040737,0.0000000000000000,2.5939204208694293,0.0000000000000000,7.4089266042564654,2.9140929122952066,709.3625,53.1480,-762.5109,37703.5372,1,2.6e-09
0.9895181400145165,0.0,0.0032135500036603,0.0000000000000000,2.5979565321893041,0.0000000000000000,7.4098671159880691,2.9140086911937795,709.7754,53.2963,-763.0648,37825.1765,1,4.0e-08
0.9895122096860344,0.0,0.0032039637903469,0.0000000000000000,2.6019929014363368,0.0000000000000000,7.4108047488773705,2.9139246581842126,710.5655,53.4421,-764.0027,37972.3895,1,2.8e-08
0.9895063097207498,0.0,0.0031944195256577,0.0000000000000000,2.6060295265911901,0.0000000000000000,7.4117395174368292,2.9138408125654713,711.6514,53.5859,-765.2416,38139.8220,1,2.5e-08
0.9895004399201922,0.0,0.0031849169727186,0.0000000000000000,2.6100664056543117,0.0000000000000000,7.4126714360773169,2.9137571536390023,712.0674,53.7341,-765.7986,38262.1324,1,1.6e-08
0.9894946000874235,0.0,0.0031754558962495,0.0000000000000000,2.6141035366454859,0.0000000000000000,7.4136005191122356,2.9136736807110131,713.0177,53.8788,-766.8995,38420.8437,1,1.7e-08
0.9894887900270336,0.0,0.0031660360625482,0.0000000000000000,2.6181409176038661,0.0000000000000000,7.4145267807541888,2.9135903930899794,713.7561,54.0247,-767.7846,38565.3825,1,2.1e-08
0.9894830095451221,0.0,0.0031566572394817,0.0000000000000000,2.6221785465875618,0.0000000000000000,7.4154502351189535,2.9135072900879706,714.0104,54.1739,-768.1770,38677.0997,1,4.1e-08
0.9894772584492869,0.0,0.0031473191964729,0.0000000000000000,2.6262164216735093,0.0000000000000000,7.4163708962252892,2.9134243710205272,714.7942,54.3195,-769.1082,38825.0598,1,3.0e-08
0.9894715365486081,0.0,0.0031380217044903,0.0000000000000000,2.6302545409571918,0.0000000000000000,7.4172887779959655,2.9133416352084209,715.4976,54.4656,-769.9576,38967.7181,1,3.1e-08
0.9894658436536417,0.0,0.0031287645360348,0.0000000000000000,2.6342929025525450,0.0000000000000000,7.4182038942573101,2.9132590819739024,716.6347,54.6087,-771.2484,39140.3209,1,2.7e-08
