x0,y0,z0,xd0,yd0,zd0,Tp,JC,stabilityIndex1,stabilityIndex2,alpha,beta,impactFlag,error
0.9891135084435341,0.0,0.0351187911633571,0.0000000000000000,0.7903192440176998,0.0000000000000000,4.3381709232469055,3.0171457105578008,1.9941,-1.9700,-0.0241,-1.9283,0,3.5e-12
0.9891135084436096,0.0,0.0351187911634644,0.0000000000000000,0.7903192440163105,0.0000000000000000,4.3381709232446424,3.0171457105578265,1.9941,-1.9700,-0.0241,-1.9283,0,5.3e-13
0.9891753145276274,0.0,0.0352286509674182,0.0000000000000000,0.7889220851089980,0.0000000000000000,4.3381632103160062,3.0171475903533276,1.9873,-1.9706,-0.0166,-1.9162,0,3.6e-12
0.9892387784193258,0.0,0.0353407221679409,0.0000000000000000,0.7875014992847652,0.0000000000000000,4.3381523277854956,3.0171502425553243,1.9776,-1.9716,-0.0061,-1.8991,0,1.9e-12
0.9893039496311691,0.0,0.0354550443848073,0.0000000000000000,0.7860572157317894,0.0000000000000000,4.3381380913063712,3.0171537120023380,1.9651,-1.9728,0.0077,-1.8767,0,3.4e-12
0.9893708792276950,0.0,0.0355716575214334,0.0000000000000000,0.7845889666797389,0.0000000000000000,4.3381203082569382,3.0171580455105160,1.9494,-1.9743,0.0250,-1.8487,0,1.4e-12
0.9894396198687651,0.0,0.0356906017318010,0.0000000000000000,0.7830964877848359,0.0000000000000000,4.3380987774392796,3.0171632919431817,1.9304,-1.9762,0.0459,-1.8149,0,2.2e-12
0.9895102258531537,0.0,0.0358119173840662,0.0000000000000000,0.7815795185341344,0.0000000000000000,4.3380732887572391,3.0171695022817255,1.9079,-1.9785,0.0706,-1.7748,0,2.7e-12
0.9895827531625363,0.0,0.0359356450212170,0.0000000000000000,0.7800378026626186,0.0000000000000000,4.3380436228966852,3.0171767296975944,1.8818,-1.9812,0.0993,-1.7282,0,6.2e-13
0.9896572595055811,0.0,0.0360618253179195,0.0000000000000000,0.7784710885914701,0.0000000000000000,4.3380095509855199,3.0171850296254972,1.8519,-1.9843,0.1324,-1.6747,0,1.8e-12
0.9897338043622282,0.0,0.0361904990339591,0.0000000000000000,0.7768791298804232,0.0000000000000000,4.3379708342491297,3.0171944598374685,1.8180,-1.9879,0.1699,-1.6139,0,1.4e-12
0.9898124490279717,0.0,0.0363217069640220,0.0000000000000000,0.7752616856950274,0.0000000000000000,4.3379272236638764,3.0172050805177748,1.7799,-1.9920,0.2121,-1.5455,0,1.5e-12
0.9898932566580376,0.0,0.0364554898834653,0.0000000000000000,0.7736185212907215,0.0000000000000000,4.3378784595997901,3.0172169543385010,1.7374,-1.9967,0.2593,-1.4691,0,3.1e-12
0.9899762923112201,0.0,0.0365918884898025,0.0000000000000000,0.7719494085145153,0.0000000000000000,4.3378242714518329,3.0172301465356890,1.6904,-2.0021,0.3118,-1.3843,0,4.5e-13
0.9900616229934190,0.0,0.0367309433402072,0.0000000000000000,0.7702541263181717,0.0000000000000000,4.3377643772726362,3.0172447249857255,1.6385,-2.0083,0.3697,-1.2906,0,1.5e-12
0.9901493177005311,0.0,0.0368726947843126,0.0000000000000000,0.7685324612888557,0.0000000000000000,4.3376984833930567,3.0172607602819332,1.5818,-2.0152,0.4334,-1.1877,0,2.6e-12
0.9902394474606057,0.0,0.0370171828924266,0.0000000000000000,0.7667842081931601,0.0000000000000000,4.3376262840390867,3.0172783258110383,1.5199,-2.0231,0.5032,-1.0750,0,1.1e-12
0.9903320853750883,0.0,0.0371644473790136,0.0000000000000000,0.7650091705335431,0.0000000000000000,4.3375474609437727,3.0172974978292904,1.4528,-2.0321,0.5793,-0.9521,0,1.4e-12
0.9904273066588715,0.0,0.0373145275210536,0.0000000000000000,0.7632071611189450,0.0000000000000000,4.3374616829532000,3.0173183555380145,1.3801,-2.0423,0.6621,-0.8186,0,6.7e-13
0.9905251886790316,0.0,0.0374674620714268,0.0000000000000000,0.7613780026449951,0.0000000000000000,4.3373686056298784,3.0173409811582816,1.3019,-2.0538,0.7519,-0.6740,0,4.4e-13
0.9906258109919168,0.0,0.0376232891668574,0.0000000000000000,0.7595215282864234,0.0000000000000000,4.3372678708505994,3.0173654600043833,1.2180,-2.0670,0.8490,-0.5177,0,1.3e-12
0.9907292553784305,0.0,0.0377820462305858,0.0000000000000000,0.7576375822968003,0.0000000000000000,4.3371591064050099,3.0173918805558024,1.1283,-2.0821,0.9538,-0.3492,0,7.9e-13
0.9908356058771893,0.0,0.0379437698694499,0.0000000000000000,0.7557260206164249,0.0000000000000000,4.3370419255900465,3.0174203345273405,1.0328,-2.0993,1.0665,-0.1681,0,3.9e-13
0.9909449488152915,0.0,0.0381084957653112,0.0000000000000000,0.7537867114862722,0.0000000000000000,4.3369159268049593,3.0174509169369972,0.9314,-2.1190,1.1876,0.0263,0,1.0e-12
0.9910573728363976,0.0,0.0382762585607635,0.0000000000000000,0.7518195360658729,0.0000000000000000,4.3367806931452071,3.0174837261712426,0.8243,-2.1418,1.3175,0.2345,0,1.1e-12
0.9911729689258542,0.0,0.0384470917390911,0.0000000000000000,0.7498243890527632,0.0000000000000000,4.3366357920002052,3.0175188640472617,0.7117,-2.1682,1.4565,0.4570,0,6.8e-13
0.9912918304324914,0.0,0.0386210274983512,0.0000000000000000,0.7478011793023103,0.0000000000000000,4.3364807746522871,3.0175564358716995,0.5937,-2.1988,1.6051,0.6944,0,1.3e-12
0.9914140530867864,0.0,0.0387980966196150,0.0000000000000000,0.7457498304449369,0.0000000000000000,4.3363151758785339,3.0175965504955409,0.4710,-2.2346,1.7636,0.9474,0,1.3e-14
0.9915397350150931,0.0,0.0389783283294505,0.0000000000000000,0.7436702814974910,0.0000000000000000,4.3361385135629504,3.0176393203645198,0.3442,-2.2766,1.9324,1.2165,0,1.7e-12
0.9916689767494891,0.0,0.0391617501565126,0.0000000000000000,0.7415624874679942,0.0000000000000000,4.3359502883085650,3.0176848615647285,0.2140,-2.3261,2.1121,1.5023,0,2.5e-12
0.9918018812329712,0.0,0.0393483877824903,0.0000000000000000,0.7394264199490498,0.0000000000000000,4.3357499830634234,3.0177332938627726,0.0816,-2.3846,2.3030,1.8055,0,2.7e-12
0.9919385538196269,0.0,0.0395382648875237,0.0000000000000000,0.7372620676968711,0.0000000000000000,4.3355370627561189,3.0177847407400531,-0.0516,-2.4541,2.5056,2.1266,0,1.8e-12
0.9920791022693237,0.0,0.0397314029900925,0.0000000000000000,0.7350694371944754,0.0000000000000000,4.3353109739402109,3.0178393294206369,-0.1838,-2.5366,2.7204,2.4663,0,1.6e-12
0.9922236367366635,0.0,0.0399278212817820,0.0000000000000000,0.7328485531934027,0.0000000000000000,4.3350711444561894,3.0178971908921435,-0.3132,-2.6347,2.9479,2.8252,0,1.1e-12
0.9923722697537543,0.0,0.0401275364570555,0.0000000000000000,0.7305994592318089,0.0000000000000000,4.3348169831073600,3.0179584599191251,-0.4377,-2.7508,3.1885,3.2039,0,2.2e-12
0.9925251162064201,0.0,0.0403305625383041,0.0000000000000000,0.7283222181255072,0.0000000000000000,4.3345478793536261,3.0180232750484830,-0.5552,-2.8875,3.4427,3.6032,0,2.7e-13
0.9926822933035679,0.0,0.0405369106966747,0.0000000000000000,0.7260169124266408,0.0000000000000000,4.3342632030256460,3.0180917786062338,-0.6641,-3.0471,3.7111,4.0235,0,1.1e-12
0.9928439205392573,0.0,0.0407465890688827,0.0000000000000000,0.7236836448481995,0.0000000000000000,4.3339623040614565,3.0181641166852753,-3.2312,-0.7631,3.9942,4.4655,0,1.5e-13
0.9930101196471937,0.0,0.0409596025706017,0.0000000000000000,0.7213225386490517,0.0000000000000000,4.3336445122670479,3.0182404391235353,-3.4410,-0.8515,4.2925,4.9299,0,6.6e-13
0.9931810145472939,0.0,0.0411759527068422,0.0000000000000000,0.7189337379766212,0.0000000000000000,4.3333091371034982,3.0183208994720290,-3.6772,-0.9293,4.6065,5.4173,0,2.0e-12
0.9933567312840244,0.0,0.0413956373799349,0.0000000000000000,0.7165174081627426,0.0000000000000000,4.3329554675041893,3.0184056549524083,-3.9398,-0.9970,4.9368,5.9281,0,1.1e-12
0.9935373979562118,0.0,0.0416186506956777,0.0000000000000000,0.7140737359695014,0.0000000000000000,4.3325827717229748,3.0184948664035232,-4.2285,-1.0555,5.2840,6.4631,0,1.6e-12
0.9937231446380946,0.0,0.0418449827683469,0.0000000000000000,0.7116029297809798,0.0000000000000000,4.3321902972173927,3.0185886982165955,-4.5429,-1.1056,5.6485,7.0227,0,1.3e-12
0.9939141032913404,0.0,0.0420746195252168,0.0000000000000000,0.7091052197380801,0.0000000000000000,4.3317772705679971,3.0186873182586877,-4.8825,-1.1485,6.0310,7.6076,0,7.5e-13
0.9941104076678801,0.0,0.0423075425114094,0.0000000000000000,0.7065808578124940,0.0000000000000000,4.3313428974371559,3.0187908977840756,-5.2470,-1.1851,6.4321,8.2181,0,7.3e-13
0.9943121932033614,0.0,0.0425437286958103,0.0000000000000000,0.7040301178173900,0.0000000000000000,4.3308863625714000,3.0188996113333344,-5.6359,-1.2163,6.8522,8.8547,0,6.3e-14
0.9945195969011182,0.0,0.0427831502789075,0.0000000000000000,0.7014532953518927,0.0000000000000000,4.3304068298471190,3.0190136366198672,-6.0492,-1.2428,7.2920,9.5180,0,1.8e-12
0.9947327572065581,0.0,0.0430257745033981,0.0000000000000000,0.6988507076772312,0.0000000000000000,4.3299034423643281,3.0191331544037507,-6.4866,-1.2654,7.7520,10.2082,0,7.4e-13
0.9949518138719785,0.0,0.0432715634685223,0.0000000000000000,0.6962226935219294,0.0000000000000000,4.3293753225935747,3.0192583483528002,-6.9483,-1.2846,8.2329,10.9258,0,1.2e-12
0.9951769078117126,0.0,0.0435204739488693,0.0000000000000000,0.6935696128162776,0.0000000000000000,4.3288215725709440,3.0193894048908225,-7.4343,-1.3009,8.7352,11.6711,0,4.2e-14
0.9954081809478372,0.0,0.0437724572188429,0.0000000000000000,0.6908918463524704,0.0000000000000000,4.3282412741568352,3.0195265130330791,-7.9448,-1.3146,9.2594,12.4442,0,9.2e-13
0.9956457760463382,0.0,0.0440274588834190,0.0000000000000000,0.6881897953729358,0.0000000000000000,4.3276334893468054,3.0196698642091175,-8.4801,-1.3261,9.8062,13.2453,0,1.4e-12
0.9958898365440652,0.0,0.0442854187163652,0.0000000000000000,0.6854638810846344,0.0000000000000000,4.3269972606502849,3.0198196520730738,-9.0404,-1.3356,10.3760,14.0746,0,7.3e-13
0.9961405063665556,0.0,0.0445462705067019,0.0000000000000000,0.6827145441013933,0.0000000000000000,4.3263316115319430,3.0199760723017643,-9.6261,-1.3434,10.9696,14.9321,0,4.4e-13
0.9963979297370641,0.0,0.0448099419143745,0.0000000000000000,0.6799422438149535,0.0000000000000000,4.3256355469232561,3.0201393223808131,-10.2375,-1.3497,11.5872,15.8178,0,3.1e-13
0.9966622509769704,0.0,0.0450763543359144,0.0000000000000000,0.6771474576976458,0.0000000000000000,4.3249080538045002,3.0203096013792470,-10.8751,-1.3546,12.2297,16.7315,0,6.3e-13
0.9969336142980568,0.0,0.0453454227810726,0.0000000000000000,0.6743306805378790,0.0000000000000000,4.3241481018635843,3.0204871097129335,-11.5391,-1.3583,12.8973,17.6730,0,2.3e-13
0.9972121635868412,0.0,0.0456170557610094,0.0000000000000000,0.6714924236137182,0.0000000000000000,4.3233546442317214,3.0206720488974179,-12.2300,-1.3608,13.5908,18.6420,0,1.8e-12
0.9974980421815243,0.0,0.0458911551889545,0.0000000000000000,0.6686332138067951,0.0000000000000000,4.3225266183021382,3.0208646212906127,-12.9482,-1.3622,14.3104,19.6381,0,1.6e-12
0.9977913926418832,0.0,0.0461676162938806,0.0000000000000000,0.6657535926623239,0.0000000000000000,4.3216629466345298,3.0210650298260182,-13.6941,-1.3627,15.0568,20.6607,0,7.6e-13
0.9980923565125968,0.0,0.0464463275478377,0.0000000000000000,0.6628541154000633,0.0000000000000000,4.3207625379471990,3.0212734777369930,-14.4682,-1.3622,15.8304,21.7092,0,8.2e-13
0.9984010740804896,0.0,0.0467271706074690,0.0000000000000000,0.6599353498819951,0.0000000000000000,4.3198242882039466,3.0214901682727624,-15.2706,-1.3610,16.6316,22.7827,0,2.2e-13
0.9987176841261448,0.0,0.0470100202701321,0.0000000000000000,0.6569978755432904,0.0000000000000000,4.3188470817964975,3.0217153044068219,-16.1019,-1.3589,17.4608,23.8805,0,2.8e-13
0.9990423236703684,0.0,0.0472947444449645,0.0000000000000000,0.6540422822935866,0.0000000000000000,4.3178297928279630,3.0219490885383289,-16.9624,-1.3560,18.3185,25.0014,0,7.5e-13
0.9993751277160826,0.0,0.0475812041392558,0.0000000000000000,0.6510691693948726,0.0000000000000000,4.3167712865022709,3.0221917221872516,-17.8524,-1.3524,19.2049,26.1443,0,7.3e-13
0.9997162289859505,0.0,0.0478692534601515,0.0000000000000000,0.6480791443252437,0.0000000000000000,4.3156704206211964,3.0224434056837532,-18.7723,-1.3481,20.1204,27.3077,0,1.6e-12
1.0000657576563838,0.0,0.0481587396319340,0.0000000000000000,0.6450728216348204,0.0000000000000000,4.3145260471964955,3.0227043378525540,-19.7222,-1.3432,21.0654,28.4903,0,8.4e-13
1.0004238410882484,0.0,0.0484495030288062,0.0000000000000000,0.6420508218028059,0.0000000000000000,4.3133370141787832,3.0229747156928037,-20.7025,-1.3375,22.0400,29.6903,0,1.8e-12
1.0007906035547394,0.0,0.0487413772231191,0.0000000000000000,0.6390137701037372,0.0000000000000000,4.3121021673098001,3.0232547340539186,-21.7133,-1.3313,23.0446,30.9059,0,1.2e-12
1.0011661659667885,0.0,0.0490341890488961,0.0000000000000000,0.6359622954910403,0.0000000000000000,4.3108203521013353,3.0235445853079872,-22.7550,-1.3243,24.0793,32.1351,0,9.9e-13
1.0015506455963943,0.0,0.0493277586804544,0.0000000000000000,0.6328970295059183,0.0000000000000000,4.3094904159456204,3.0238444590190348,-23.8275,-1.3168,25.1443,33.3758,0,1.2e-13
1.0019441557981479,0.0,0.0496218997258083,0.0000000000000000,0.6298186052197947,0.0000000000000000,4.3081112103623900,3.0241545416095774,-24.9312,-1.3086,26.2398,34.6255,0,7.9e-13
