x0_n,y0_n,z0_n,xd0_n,yd0_n,zd0_n,Tp,JC,L2ExcessVelocity_mps,landingVelocity_mps,stabilityIndex1,stabilityIndex2...,error_tol=1e-12,n_Nodes=6,stepsize=1.0
0.8369403536469759,-0.0000000000000000,0.0000000000000000,0.0000000000001654,-0.0001244658106978,0.0000000000000000,2.6915985353878704,3.1883216902,0.000,2322.911,2675.3813,1.9689
0.8377458024180646,-0.0000000000000000,0.0000000000000000,0.0000000000000030,-0.0068266115339920,0.0000000000000000,2.6917355115926758,3.1882827251,0.000,2322.919,2674.4670,1.9690
0.8380131713194268,-0.0000000000000000,0.0000000000000000,0.0000000000000035,-0.0090340582695151,0.0000000000000000,2.6918382437462798,3.1882535075,0.000,2322.926,2673.7816,1.9691
0.8382279509613314,-0.0000000000000000,0.0000000000000000,0.0000000000000002,-0.0108011595862074,0.0000000000000000,2.6919409758998842,3.1882242952,0.000,2322.933,2673.0965,1.9692
0.8384129154776391,-0.0000000000000000,0.0000000000000000,0.0000000000000129,-0.0123185954105856,0.0000000000000000,2.6920437080534882,3.1881950883,0.000,2322.939,2672.4116,1.9692
0.8385780055936839,-0.0000000000000000,0.0000000000000000,0.0000000000000005,-0.0136695980189731,0.0000000000000000,2.6921464402070923,3.1881658866,0.000,2322.946,2671.7270,1.9693
0.8387286239445144,-0.0000000000000000,0.0000000000000000,-0.0000000000000001,-0.0148994039750739,0.0000000000000000,2.6922491723606963,3.1881366902,0.000,2322.952,2671.0426,1.9693
0.8388680947662694,-0.0000000000000000,0.0000000000000000,0.0000000001070665,-0.0160358477136156,0.0000000000000000,2.6923519045143007,3.1881074992,0.000,2322.959,2670.3584,1.9694
0.8389986359929889,0.0000000000000000,0.0000000000000000,0.0000000000000005,-0.0170975016740787,0.0000000000000000,2.6924546366679047,3.1880783135,0.000,2322.965,2669.6745,1.9695
0.8391614475785812,-0.0000000000000000,0.0000000000000000,0.0000000000000008,-0.0184188654882456,0.0000000000000000,2.6925916128727101,3.1880394074,0.000,2322.974,2668.7631,1.9696
0.8396759249779465,-0.0000000000000000,0.0000000000000000,0.0000000000000062,-0.0225745605256084,0.0000000000000000,2.6930881516151302,3.1878984520,0.000,2323.006,2665.4626,1.9699
0.8401130299893393,-0.0000000000000000,0.0000000000000000,-0.0000000000000003,-0.0260820232885791,0.0000000000000000,2.6935846903575502,3.1877576205,0.000,2323.038,2662.1680,1.9702
0.8405006755981588,0.0000000000000000,0.0000000000000000,-0.0000000000000004,-0.0291750312054745,0.0000000000000000,2.6940812290999703,3.1876169126,0.000,2323.070,2658.8791,1.9705
0.8408531781962781,0.0000000000000000,0.0000000000000000,0.0000000000000024,-0.0319735011204304,0.0000000000000000,2.6945777678423899,3.1874763282,0.000,2323.101,2655.5960,1.9708
0.8411790428550278,-0.0000000000000000,0.0000000000000000,-0.0000000000000007,-0.0345486812682585,0.0000000000000000,2.6950743065848100,3.1873358673,0.000,2323.133,2652.3186,1.9711
0.8414838113904602,-0.0000000000000000,0.0000000000000000,0.0000000000000028,-0.0369470015138693,0.0000000000000000,2.6955708453272300,3.1871955296,0.000,2323.165,2649.0469,1.9714
0.8417713333574838,-0.0000000000000000,0.0000000000000000,-0.0000000000000014,-0.0392007174323405,0.0000000000000000,2.6960673840696501,3.1870553149,0.000,2323.196,2645.7810,1.9717
0.8420444117313982,0.0000000000000000,0.0000000000000000,-0.0000000000000013,-0.0413333179083860,0.0000000000000000,2.6965639228120697,3.1869152232,0.000,2323.228,2642.5207,1.9720
0.8423051626390292,-0.0000000000000000,0.0000000000000000,-0.0000000000000000,-0.0433625380383362,0.0000000000000000,2.6970604615544898,3.1867752543,0.000,2323.260,2639.2661,1.9723
0.8425552301795665,-0.0000000000000000,0.0000000000000000,0.0000000000000008,-0.0453021584371012,0.0000000000000000,2.6975570002969098,3.1866354081,0.000,2323.291,2636.0172,1.9726
0.8427959218830990,-0.0000000000000000,0.0000000000000000,0.0000000000000004,-0.0471631398712137,0.0000000000000000,2.6980535390393299,3.1864956843,0.000,2323.323,2632.7740,1.9729
0.8430282979422873,0.0000000000000000,0.0000000000000000,0.0000000000000028,-0.0489543707212245,0.0000000000000000,2.6985500777817495,3.1863560830,0.000,2323.354,2629.5364,1.9732
0.8432532321508105,-0.0000000000000000,0.0000000000000000,-0.0000000000000006,-0.0506831774664206,0.0000000000000000,2.6990466165241696,3.1862166038,0.000,2323.386,2626.3045,1.9735
0.8434714547978843,-0.0000000000000000,0.0000000000000000,0.0000000000000006,-0.0523556840317385,0.0000000000000000,2.6995431552665896,3.1860772467,0.000,2323.417,2623.0782,1.9738
0.8436835836483486,-0.0000000000000000,0.0000000000000000,0.0000000000000092,-0.0539770713344005,0.0000000000000000,2.7000396940090092,3.1859380115,0.000,2323.449,2619.8575,1.9741
0.8438901468194967,-0.0000000000000000,0.0000000000000000,-0.0000000000000007,-0.0555517689520909,0.0000000000000000,2.7005362327514293,3.1857988981,0.000,2323.480,2616.6424,1.9744
0.8440916000045046,-0.0000000000000000,0.0000000000000000,-0.0000000000000051,-0.0570835994319841,0.0000000000000000,2.7010327714938493,3.1856599064,0.000,2323.511,2613.4329,1.9747
0.8442883396605001,-0.0000000000000000,0.0000000000000000,-0.0000000000000007,-0.0585758887947603,0.0000000000000000,2.7015293102362694,3.1855210361,0.000,2323.543,2610.2290,1.9750
0.8444807132614670,0.0000000000000000,0.0000000000000000,0.0000000000000011,-0.0600315524480737,0.0000000000000000,2.7020258489786890,3.1853822872,0.000,2323.574,2607.0306,1.9753
0.8446690273755985,-0.0000000000000000,0.0000000000000000,-0.0000000000000015,-0.0614531628739917,0.0000000000000000,2.7025223877211091,3.1852436595,0.000,2323.605,2603.8378,1.9756
0.8448535541071994,-0.0000000000000000,0.0000000000000000,0.0000000000000027,-0.0628430036137505,0.0000000000000000,2.7030189264635291,3.1851051529,0.000,2323.637,2600.6505,1.9759
0.8450345362896259,-0.0000000000000000,0.0000000000000000,-0.0000000000000005,-0.0642031127881000,0.0000000000000000,2.7035154652059492,3.1849667671,0.000,2323.668,2597.4688,1.9762
0.8452121917028542,-0.0000000000000000,0.0000000000000000,-0.0000000000372295,-0.0655353185214840,0.0000000000000000,2.7040120039483688,3.1848285022,0.000,2323.699,2594.2926,1.9765
0.8453867166026607,0.0000000000000000,0.0000000000000000,0.0000000000000010,-0.0668412681394067,0.0000000000000000,2.7045085426907889,3.1846903578,0.000,2323.730,2591.1219,1.9768
0.8455582884875243,-0.0000000000000000,0.0000000000000000,0.0000000000000001,-0.0681224521251775,0.0000000000000000,2.7050050814332089,3.1845523340,0.000,2323.761,2587.9567,1.9771
0.8457270686118062,-0.0000000000000000,0.0000000000000000,0.0000000000000002,-0.0693802244210973,0.0000000000000000,2.7055016201756286,3.1844144305,0.000,2323.792,2584.7970,1.9774
0.8458932039494182,-0.0000000000000000,0.0000000000000000,-0.0000000000000004,-0.0706158192717775,0.0000000000000000,2.7059981589180486,3.1842766472,0.000,2323.823,2581.6427,1.9777
0.8460568289132230,-0.0000000000000000,0.0000000000000000,0.0000000000000033,-0.0718303655615307,0.0000000000000000,2.7064946976604687,3.1841389839,0.000,2323.855,2578.4939,1.9780
0.8462180668088833,-0.0000000000000000,0.0000000000000000,0.0000000000000051,-0.0730248990027863,0.0000000000000000,2.7069912364028887,3.1840014406,0.000,2323.886,2575.3506,1.9783
0.8463770310797426,-0.0000000000000000,0.0000000000000000,-0.0000000000000004,-0.0742003725727598,0.0000000000000000,2.7074877751453084,3.1838640171,0.000,2323.917,2572.2127,1.9786
0.8465338263770780,0.0000000000000000,0.0000000000000000,0.0000000000000016,-0.0753576654871442,0.0000000000000000,2.7079843138877284,3.1837267132,0.000,2323.948,2569.0802,1.9789
0.8466885494861717,-0.0000000000000000,0.0000000000000000,-0.0000000000000001,-0.0764975909646351,0.0000000000000000,2.7084808526301485,3.1835895287,0.000,2323.979,2565.9532,1.9792
0.8468412901305642,-0.0000000000000000,0.0000000000000000,-0.0000000000000039,-0.0776209029706107,0.0000000000000000,2.7089773913725685,3.1834524637,0.000,2324.009,2562.8315,1.9795
0.8469921316716912,0.0000000000000000,0.0000000000000000,0.0000000000000003,-0.0787283020851878,0.0000000000000000,2.7094739301149882,3.1833155178,0.000,2324.040,2559.7153,1.9799
0.8471411517266936,0.0000000000000000,0.0000000000000000,-0.0000000000000003,-0.0798204406814280,0.0000000000000000,2.7099704688574082,3.1831786910,0.000,2324.071,2556.6044,1.9802
0.8472884226974191,-0.0000000000000023,0.0000000000000000,-0.0000000000251114,-0.0808979274154822,0.0000000000000000,2.7104670075998283,3.1830419831,0.000,2324.102,2553.4989,1.9805
0.8474340122757127,-0.0000000000000023,0.0000000000000000,-0.0000000000345439,-0.0819613312779611,0.0000000000000000,2.7109635463422483,3.1829053940,0.000,2324.133,2550.3987,1.9808
0.8475779838401294,-0.0000000000000000,0.0000000000000000,-0.0000000000044163,-0.0830111850899774,0.0000000000000000,2.7114600850846680,3.1827689236,0.000,2324.164,2547.3039,1.9811
0.8477203968095051,-0.0000000000000000,0.0000000000000000,-0.0000000000000012,-0.0840479886153228,0.0000000000000000,2.7119566238270880,3.1826325717,0.000,2324.194,2544.2144,1.9814
0.8478613070285368,0.0000000000000000,0.0000000000000000,0.0000000000000001,-0.0850722114374216,0.0000000000000000,2.7124531625695081,3.1824963381,0.000,2324.225,2541.1303,1.9817
0.8480007670354216,-0.0000000000000000,0.0000000000000000,0.0000000000000001,-0.0860842954151087,0.0000000000000000,2.7129497013119277,3.1823602228,0.000,2324.256,2538.0515,1.9820
0.8481388263327226,-0.0000000000000000,0.0000000000000000,-0.0000000000000002,-0.0870846569291836,0.0000000000000000,2.7134462400543478,3.1822242255,0.000,2324.287,2534.9779,1.9823
0.8482755316286941,-0.0000000000000000,0.0000000000000000,0.0000000000000001,-0.0880736888980109,0.0000000000000000,2.7139427787967678,3.1820883462,0.000,2324.317,2531.9097,1.9826
0.8484109270533947,-0.0000000000000000,0.0000000000000000,-0.0000000000000001,-0.0890517625906400,0.0000000000000000,2.7144393175391879,3.1819525847,0.000,2324.348,2528.8467,1.9829
0.8485450543538491,-0.0000000000000000,0.0000000000000000,-0.0000000000000071,-0.0900192292641269,0.0000000000000000,2.7149358562816075,3.1818169408,0.000,2324.378,2525.7890,1.9832
0.8486779530699636,-0.0000000000000000,0.0000000000000000,-0.0000000000000001,-0.0909764216400771,0.0000000000000000,2.7154323950240276,3.1816814145,0.000,2324.409,2522.7366,1.9835
0.8488096606960231,-0.0000000000000000,0.0000000000000000,0.0000000000000011,-0.0919236552584684,0.0000000000000000,2.7159289337664476,3.1815460056,0.000,2324.440,2519.6894,1.9838
0.8489402128245479,-0.0000000000000000,0.0000000000000000,0.0000000000000006,-0.0928612296861054,0.0000000000000000,2.7164254725088677,3.1814107139,0.000,2324.470,2516.6474,1.9841
0.8490696432794719,0.0000000000000000,0.0000000000000000,-0.0000000000000009,-0.0937894296335855,0.0000000000000000,2.7169220112512873,3.1812755394,0.000,2324.501,2513.6106,1.9844
0.8491979842367824,-0.0000000000000000,0.0000000000000000,0.0000000000000043,-0.0947085259677900,0.0000000000000000,2.7174185499937074,3.1811404818,0.000,2324.531,2510.5791,1.9847
0.8493252663349157,-0.0000000000000000,0.0000000000000000,0.0000000000000003,-0.0956187766383032,0.0000000000000000,2.7179150887361274,3.1810055411,0.000,2324.562,2507.5528,1.9850
0.8494515187758196,-0.0000000000000000,0.0000000000000000,-0.0000000000000014,-0.0965204275257155,0.0000000000000000,2.7184116274785470,3.1808707170,0.000,2324.592,2504.5316,1.9853
0.8495767694172311,-0.0000000000000000,0.0000000000000000,0.0000000000000000,-0.0974137132163716,0.0000000000000000,2.7189081662209671,3.1807360095,0.000,2324.622,2501.5157,1.9856
0.8497010448586422,-0.0000000000000000,0.0000000000000000,0.0000000000000021,-0.0982988577231866,0.0000000000000000,2.7194047049633872,3.1806014185,0.000,2324.653,2498.5049,1.9859
0.8498243704913176,-0.0000000000000000,0.0000000000000000,-0.0000000000940158,-0.0991760750943551,0.0000000000000000,2.7199012437058072,3.1804669437,0.000,2324.683,2495.4992,1.9862
0.8499467707023650,-0.0000000000000000,0.0000000000000000,-0.0000000000191394,-0.1000455702239884,0.0000000000000000,2.7203977824482268,3.1803325851,0.000,2324.713,2492.4987,1.9865
0.8500682686870795,-0.0000000000000000,0.0000000000000000,-0.0000000000273927,-0.1009075390209735,0.0000000000000000,2.7208943211906469,3.1801983424,0.000,2324.744,2489.5034,1.9868
0.8501888867514972,-0.0000000000000029,0.0000000000000000,-0.0000000000589521,-0.1017621692946838,0.0000000000000000,2.7213908599330670,3.1800642157,0.000,2324.774,2486.5131,1.9871
0.8503086462884492,-0.0000000000000000,0.0000000000000000,-0.0000000000181692,-0.1026096411074365,0.0000000000000000,2.7218873986754870,3.1799302047,0.000,2324.804,2483.5280,1.9874
0.8504275677648488,-0.0000000000000029,0.0000000000000000,-0.0000000000012821,-0.1034501271208983,0.0000000000000000,2.7223839374179066,3.1797963093,0.000,2324.834,2480.5480,1.9877
0.8505456708565904,-0.0000000000000000,0.0000000000000000,0.0000000000019158,-0.1042837931341781,0.0000000000000000,2.7228804761603267,3.1796625294,0.000,2324.864,2477.5731,1.9880
0.8506629744630851,-0.0000000000000000,0.0000000000000000,-0.0000000000000002,-0.1051107984211127,0.0000000000000000,2.7233770149027468,3.1795288647,0.000,2324.895,2474.6032,1.9883
0.8507794967494131,-0.0000000000000000,0.0000000000000000,0.0000000000000010,-0.1059312960840867,0.0000000000000000,2.7238735536451668,3.1793953153,0.000,2324.925,2471.6385,1.9886
0.8508952551834654,0.0000000000000000,0.0000000000000000,-0.0000000000000025,-0.1067454333809946,0.0000000000000000,2.7243700923875864,3.1792618810,0.000,2324.955,2468.6787,1.9889
0.8510102665758158,0.0000000000000000,0.0000000000000000,0.0000000000000008,-0.1075533520382298,0.0000000000000000,2.7248666311300065,3.1791285616,0.000,2324.985,2465.7241,1.9892
0.8511245471134171,-0.0000000000000000,0.0000000000000000,0.0000000000000005,-0.1083551885374642,0.0000000000000000,2.7253631698724265,3.1789953569,0.000,2325.015,2462.7744,1.9895
0.8512381123915417,0.0000000000000000,0.0000000000000000,0.0000000000000016,-0.1091510743839962,0.0000000000000000,2.7258597086148462,3.1788622669,0.000,2325.045,2459.8298,1.9897
0.8513509774436958,-0.0000000000000000,0.0000000000000000,-0.0000000000000054,-0.1099411363579796,0.0000000000000000,2.7263562473572662,3.1787292914,0.000,2325.075,2456.8903,1.9900
0.8514631567695684,-0.0000000000000000,0.0000000000000000,-0.0000000000000039,-0.1107254967492509,0.0000000000000000,2.7268527860996863,3.1785964304,0.000,2325.105,2453.9557,1.9903
0.8515746643610873,-0.0000000000000000,0.0000000000000000,0.0000000000000003,-0.1115042735762786,0.0000000000000000,2.7273493248421063,3.1784636835,0.000,2325.135,2451.0261,1.9906
0.8516855137275456,-0.0000000000000000,0.0000000000000000,-0.0000000000000005,-0.1122775807967593,0.0000000000000000,2.7278458635845260,3.1783310508,0.000,2325.165,2448.1015,1.9909
0.8517957179179911,-0.0000000000000000,0.0000000000000000,0.0000000000000008,-0.1130455284963797,0.0000000000000000,2.7283424023269460,3.1781985320,0.000,2325.195,2445.1819,1.9912
0.8519052895432677,-0.0000000000000000,0.0000000000000000,0.0000000000000001,-0.1138082230736266,0.0000000000000000,2.7288389410693661,3.1780661271,0.000,2325.224,2442.2672,1.9915
0.8520142407963316,0.0000000000000000,0.0000000000000000,0.0000000000000005,-0.1145657674105316,0.0000000000000000,2.7293354798117861,3.1779338359,0.000,2325.254,2439.3575,1.9918
0.8521225834714041,-0.0000000000000000,0.0000000000000000,-0.0000000000000082,-0.1153182610336392,0.0000000000000000,2.7298320185542058,3.1778016583,0.000,2325.284,2436.4528,1.9921
0.8522303289820158,-0.0000000000000000,0.0000000000000000,0.0000000000000012,-0.1160658002656253,0.0000000000000000,2.7303285572966258,3.1776695942,0.000,2325.314,2433.5529,1.9924
0.8523374883780784,-0.0000000000000000,0.0000000000000000,0.0000000000000013,-0.1168084783686714,0.0000000000000000,2.7308250960390459,3.1775376433,0.000,2325.344,2430.6580,1.9927
0.8524440723618780,-0.0000000000000000,0.0000000000000000,-0.0000000000000007,-0.1175463856789857,0.0000000000000000,2.7313216347814659,3.1774058056,0.000,2325.373,2427.7681,1.9930
0.8525500913035945,-0.0000000000000000,0.0000000000000000,-0.0000000000000069,-0.1182796097367907,0.0000000000000000,2.7318181735238856,3.1772740810,0.000,2325.403,2424.8830,1.9933
0.8526555552539566,-0.0000000000000000,0.0000000000000000,0.0000000000000000,-0.1190082353945105,0.0000000000000000,2.7323147122663056,3.1771424693,0.000,2325.433,2422.0028,1.9936
0.8527604739609258,-0.0000000000000000,0.0000000000000000,-0.0000000000000004,-0.1197323449535149,0.0000000000000000,2.7328112510087257,3.1770109703,0.000,2325.462,2419.1275,1.9939
0.8528648568795940,0.0000000000000000,0.0000000000000000,-0.0000000000000004,-0.1204520182505258,0.0000000000000000,2.7333077897511453,3.1768795840,0.000,2325.492,2416.2570,1.9942
0.8529687131855156,-0.0000000000000000,0.0000000000000000,0.0000000000000008,-0.1211673327683240,0.0000000000000000,2.7338043284935654,3.1767483102,0.000,2325.522,2413.3915,1.9945
0.8530720517860536,0.0000000000000000,0.0000000000000000,0.0000000000000019,-0.1218783637312879,0.0000000000000000,2.7343008672359854,3.1766171488,0.000,2325.551,2410.5307,1.9948
0.8531748813331297,-0.0000000000000000,0.0000000000000000,0.0000000000065144,-0.1225851841995935,0.0000000000000000,2.7347974059784055,3.1764860997,0.000,2325.581,2407.6748,1.9951
0.8532772102246917,-0.0000000000000000,0.0000000000000000,0.0000000000020083,-0.1232878651425301,0.0000000000000000,2.7352939447208251,3.1763551627,0.000,2325.610,2404.8238,1.9954
0.8533790466357244,-0.0000000000000000,0.0000000000000000,0.0000000000182340,-0.1239864755532870,0.0000000000000000,2.7357904834632452,3.1762243376,0.000,2325.640,2401.9776,1.9957
0.8534803984842285,-0.0000000000000000,0.0000000000000000,-0.0000000000130707,-0.1246810824581905,0.0000000000000000,2.7362870222056652,3.1760936244,0.000,2325.669,2399.1361,1.9960
0.8535812734869560,-0.0000000000000001,0.0000000000000000,-0.0000000000995002,-0.1253717510677881,0.0000000000000000,2.7367835609480853,3.1759630230,0.000,2325.699,2396.2995,1.9963
0.8536816792220534,-0.0000000000000001,0.0000000000000000,0.0000000000028361,-0.1260585449330502,0.0000000000000000,2.7372800996905049,3.1758325331,0.000,2325.728,2393.4677,1.9966
0.8537816229105752,-0.0000000000000001,0.0000000000000000,0.0000000000011308,-0.1267415256480708,0.0000000000000000,2.7377766384329250,3.1757021547,0.000,2325.758,2390.6406,1.9969
0.8538811116925774,-0.0000000000000001,0.0000000000000000,-0.0000000000010186,-0.1274207533474343,0.0000000000000000,2.7382731771753450,3.1755718877,0.000,2325.787,2387.8184,1.9972
0.8539801524915318,-0.0000000000000001,0.0000000000000000,0.0000000000006811,-0.1280962865360896,0.0000000000000000,2.7387697159177646,3.1754417318,0.000,2325.816,2385.0008,1.9975
0.8540787520484894,-0.0000000000000000,0.0000000000000000,0.0000000000043128,-0.1287681821924852,0.0000000000000000,2.7392662546601847,3.1753116870,0.000,2325.846,2382.1881,1.9978
0.8541769169276404,-0.0000000000000000,0.0000000000000000,0.0000000000011612,-0.1294364958189951,0.0000000000000000,2.7397627934026048,3.1751817531,0.000,2325.875,2379.3800,1.9981
0.8542746535314055,-0.0000000000000000,0.0000000000000000,0.0000000000031693,-0.1301012815142857,0.0000000000000000,2.7402593321450248,3.1750519301,0.000,2325.904,2376.5768,1.9984
0.8543719680953529,-0.0000000000000000,0.0000000000000000,0.0000000000063473,-0.1307625920006938,0.0000000000000000,2.7407558708874444,3.1749222178,0.000,2325.933,2373.7782,1.9987
0.8544688667032949,-0.0000000000000037,0.0000000000000000,0.0000000000234023,-0.1314204786904664,0.0000000000000000,2.7412524096298645,3.1747926159,0.000,2325.963,2370.9843,1.9990
0.8545653552689024,-0.0000000000000000,0.0000000000000000,0.0000000000000016,-0.1320749916910108,0.0000000000000000,2.7417489483722846,3.1746631246,0.000,2325.992,2368.1952,1.9992
0.8546614395942338,0.0000000000000000,0.0000000000000000,0.0000000000000032,-0.1327261799383878,0.0000000000000000,2.7422454871147046,3.1745337435,0.000,2326.021,2365.4107,1.9995
0.8547571253152625,-0.0000000000000000,0.0000000000000000,0.0000000000000016,-0.1333740911390670,0.0000000000000000,2.7427420258571242,3.1744044726,0.000,2326.050,2362.6309,1.9998
0.8548524179387655,0.0000000000000000,0.0000000000000000,-0.0000000000000002,-0.1340187718643007,0.0000000000000000,2.7432385645995443,3.1742753117,0.000,2326.079,2359.8558,2.0001
0.8549473228400755,-0.0000000000000000,0.0000000000000000,0.0000000000000007,-0.1346602675769826,0.0000000000000000,2.7437351033419644,3.1741462607,0.000,2326.108,2357.0853,2.0004
0.8550418452674595,-0.0000000000000000,0.0000000000000000,0.0000000000000000,-0.1352986226684517,0.0000000000000000,2.7442316420843844,3.1740173195,0.000,2326.137,2354.3195,2.0007
0.8551359903462908,0.0000000000000000,0.0000000000000000,-0.0000000000000003,-0.1359338804936268,0.0000000000000000,2.7447281808268040,3.1738884879,0.000,2326.166,2351.5584,2.0010
0.8552297630829514,-0.0000000000000000,0.0000000000000000,0.0000000000000220,-0.1365660834039901,0.0000000000000000,2.7452247195692241,3.1737597659,0.000,2326.195,2348.8019,2.0013
0.8553231683690361,-0.0000000000000000,0.0000000000000000,-0.0000000000000016,-0.1371952727823973,0.0000000000000000,2.7457212583116442,3.1736311533,0.000,2326.224,2346.0500,2.0016
0.8554162109845661,-0.0000000000000000,0.0000000000000000,0.0000000000000094,-0.1378214890709609,0.0000000000000000,2.7462177970540638,3.1735026499,0.000,2326.253,2343.3027,2.0019
0.8555088956017829,-0.0000000000000000,0.0000000000000000,0.0000000000000008,-0.1384447718024428,0.0000000000000000,2.7467143357964838,3.1733742557,0.000,2326.282,2340.5600,2.0022
0.8556012267885075,-0.0000000000000000,0.0000000000000000,-0.0000000000000003,-0.1390651596285783,0.0000000000000000,2.7472108745389039,3.1732459705,0.000,2326.311,2337.8219,2.0025
0.8556932090113604,-0.0000000000000000,0.0000000000000000,0.0000000000000006,-0.1396826903473219,0.0000000000000000,2.7477074132813240,3.1731177941,0.000,2326.340,2335.0884,2.0028
0.8557848466389097,-0.0000000000000000,0.0000000000000000,0.0000000000000006,-0.1402974009292533,0.0000000000000000,2.7482039520237436,3.1729897266,0.000,2326.369,2332.3595,2.0031
0.8558761439446504,-0.0000000000000000,0.0000000000000000,-0.0000000000000000,-0.1409093275427031,0.0000000000000000,2.7487004907661636,3.1728617676,0.000,2326.398,2329.6352,2.0034
0.8559671051099087,-0.0000000000000000,0.0000000000000000,0.0000000000000001,-0.1415185055781802,0.0000000000000000,2.7491970295085837,3.1727339172,0.000,2326.427,2326.9154,2.0037
0.8560577342266040,0.0000000000000000,0.0000000000000000,-0.0000000000000011,-0.1421249696716199,0.0000000000000000,2.7496935682510038,3.1726061751,0.000,2326.455,2324.2001,2.0040
0.8561480352999209,-0.0000000000000000,0.0000000000000000,0.0000000000000000,-0.1427287537269057,0.0000000000000000,2.7501901069934234,3.1724785413,0.000,2326.484,2321.4894,2.0043
0.8562380122508654,-0.0000000000000000,0.0000000000000000,-0.0000000000000003,-0.1433298909373682,0.0000000000000000,2.7506866457358434,3.1723510156,0.000,2326.513,2318.7832,2.0045
0.8563276689187334,-0.0000000000000000,0.0000000000000000,0.0000000000000013,-0.1439284138066147,0.0000000000000000,2.7511831844782635,3.1722235979,0.000,2326.542,2316.0816,2.0048
0.8564170090635044,-0.0000000000000000,0.0000000000000000,0.0000000000000010,-0.1445243541686030,0.0000000000000000,2.7516797232206835,3.1720962880,7.062,2326.570,2313.3844,2.0051
0.8565060363684522,-0.0000000000000000,0.0000000000000000,-0.0000000000000051,-0.1451177432092678,0.0000000000000000,2.7521762619631032,3.1719690860,13.538,2326.599,2310.6918,2.0054
0.8565947544407299,0.0000000000000000,0.0000000000000000,-0.0000000000000003,-0.1457086114735150,0.0000000000000000,2.7526728007055232,3.1718419915,17.792,2326.628,2308.0036,2.0057
0.8566831668164567,-0.0000000000000000,0.0000000000000000,0.0000000000000007,-0.1462969889042238,0.0000000000000000,2.7531693394479433,3.1717150045,21.207,2326.656,2305.3199,2.0060
0.8567712769602346,0.0000000000000000,0.0000000000000000,0.0000000000000014,-0.1468829048414546,0.0000000000000000,2.7536658781903629,3.1715881249,24.141,2326.685,2302.6407,2.0063
0.8568590882680303,-0.0000000000000000,0.0000000000000000,0.0000000000000002,-0.1474663880455546,0.0000000000000000,2.7541624169327830,3.1714613526,26.754,2326.713,2299.9660,2.0066
0.8569466040690397,-0.0000000000000000,0.0000000000000000,0.0000000000000005,-0.1480474667129124,0.0000000000000000,2.7546589556752030,3.1713346873,29.131,2326.742,2297.2957,2.0069
0.8570338276275102,-0.0000000000000000,0.0000000000000000,0.0000000000000008,-0.1486261684913074,0.0000000000000000,2.7551554944176231,3.1712081291,31.326,2326.771,2294.6299,2.0072
0.8571207621444993,0.0000000000000000,0.0000000000000000,0.0000000000000006,-0.1492025204947653,0.0000000000000000,2.7556520331600427,3.1710816777,33.376,2326.799,2291.9685,2.0075
0.8572074107638267,-0.0000000000000000,0.0000000000000000,0.0000000000146107,-0.1497765493253491,0.0000000000000000,2.7561485719024628,3.1709553331,35.305,2326.828,2289.3115,2.0078
0.8572937765601005,-0.0000000000000000,0.0000000000000000,0.0000000000262840,-0.1503482810633924,0.0000000000000000,2.7566451106448828,3.1708290950,37.133,2326.856,2286.6589,2.0081
0.8573798625504317,-0.0000000000000043,0.0000000000000000,0.0000000000195308,-0.1509177412980634,0.0000000000000000,2.7571416493873029,3.1707029635,38.873,2326.884,2284.0108,2.0084
0.8574656716918687,-0.0000000000000001,0.0000000000000000,-0.0000000000331023,-0.1514849551346242,0.0000000000000000,2.7576381881297225,3.1705769384,40.537,2326.913,2281.3670,2.0086
0.8575512069220662,-0.0000000000000000,0.0000000000000000,-0.0000000000333894,-0.1520499472729251,0.0000000000000000,2.7581347268721426,3.1704510195,42.135,2326.941,2278.7277,2.0089
0.8576364710945270,-0.0000000000000003,0.0000000000000000,0.0000000000104096,-0.1526127419066497,0.0000000000000000,2.7586312656145626,3.1703252067,43.673,2326.970,2276.0927,2.0092
0.8577214669643216,-0.0000000000000001,0.0000000000000000,-0.0000000000707442,-0.1531733627054315,0.0000000000000000,2.7591278043569822,3.1701994999,45.157,2326.998,2273.4621,2.0095
0.8578061973295719,-0.0000000000000000,0.0000000000000000,-0.0000000001176024,-0.1537318330729435,0.0000000000000000,2.7596243430994023,3.1700738990,46.592,2327.026,2270.8358,2.0098
0.8578906649335284,-0.0000000000000010,0.0000000000000000,0.0000000000139521,-0.1542881759801217,0.0000000000000000,2.7601208818418224,3.1699484039,47.984,2327.054,2268.2140,2.0101
0.8579748723439391,-0.0000000000000010,0.0000000000000000,0.0000000000190820,-0.1548424137719336,0.0000000000000000,2.7606174205842424,3.1698230144,49.335,2327.083,2265.5964,2.0104
0.8580588221888164,-0.0000000000000005,0.0000000000000000,-0.0000000000275564,-0.1553945685771183,0.0000000000000000,2.7611139593266620,3.1696977304,50.649,2327.111,2262.9832,2.0107
0.8581425170699940,-0.0000000000000001,0.0000000000000000,0.0000000000172223,-0.1559446621715584,0.0000000000000000,2.7616104980690821,3.1695725518,51.929,2327.139,2260.3743,2.0110
0.8582259594514964,-0.0000000000000001,0.0000000000000000,-0.0000000000277483,-0.1564927157876922,0.0000000000000000,2.7621070368115022,3.1694474784,53.177,2327.167,2257.7698,2.0113
0.8583091518458150,-0.0000000000000018,0.0000000000000000,-0.0000000000212498,-0.1570387504495219,0.0000000000000000,2.7626035755539222,3.1693225102,54.395,2327.195,2255.1695,2.0116
0.8583920966647448,-0.0000000000000001,0.0000000000000000,-0.0000000000243254,-0.1575827867175970,0.0000000000000000,2.7631001142963418,3.1691976470,55.586,2327.224,2252.5736,2.0119
0.8584747962989588,-0.0000000000000000,0.0000000000000000,-0.0000000000260985,-0.1581248448356084,0.0000000000000000,2.7635966530387619,3.1690728887,56.751,2327.252,2249.9819,2.0121
0.8585572530947644,-0.0000000000000014,0.0000000000000000,-0.0000000000282721,-0.1586649446965811,0.0000000000000000,2.7640931917811820,3.1689482352,57.891,2327.280,2247.3946,2.0124
0.8586394693607940,-0.0000000000000003,0.0000000000000000,-0.0000000000254871,-0.1592031058610044,0.0000000000000000,2.7645897305236020,3.1688236863,59.009,2327.308,2244.8115,2.0127
0.8587214473649022,-0.0000000000000011,0.0000000000000000,-0.0000000000189479,-0.1597393475571117,0.0000000000000000,2.7650862692660216,3.1686992420,60.104,2327.336,2242.2327,2.0130
0.8588031893331242,-0.0000000000000007,0.0000000000000000,-0.0000000000238230,-0.1602736886860616,0.0000000000000000,2.7655828080084417,3.1685749021,61.179,2327.364,2239.6581,2.0133
0.8588846974638402,-0.0000000000000004,0.0000000000000000,-0.0000000000224650,-0.1608061478524463,0.0000000000000000,2.7660793467508618,3.1684506665,62.235,2327.392,2237.0878,2.0136
0.8589659739118655,-0.0000000000000014,0.0000000000000000,-0.0000000000231497,-0.1613367433415101,0.0000000000000000,2.7665758854932814,3.1683265350,63.272,2327.420,2234.5217,2.0139
0.8590470208001814,-0.0000000000000008,0.0000000000000000,-0.0000000000219343,-0.1618654931461936,0.0000000000000000,2.7670724242357014,3.1682025076,64.292,2327.448,2231.9598,2.0142
0.8591278402145941,-0.0000000000000008,0.0000000000000000,-0.0000000000242802,-0.1623924149625476,0.0000000000000000,2.7675689629781215,3.1680785841,65.295,2327.476,2229.4022,2.0145
0.8592084342221306,-0.0000000000000004,0.0000000000000000,0.0000000000167598,-0.1629175262279370,0.0000000000000000,2.7680655017205416,3.1679547644,66.282,2327.504,2226.8488,2.0148
0.8592888048184084,-0.0000000000000003,0.0000000000000000,0.0000000000131666,-0.1634408440326482,0.0000000000000000,2.7685620404629612,3.1678310484,67.253,2327.532,2224.2996,2.0150
0.8593689540050731,-0.0000000000000001,0.0000000000000000,0.0000000000111515,-0.1639623852618167,0.0000000000000000,2.7690585792053812,3.1677074360,68.210,2327.559,2221.7546,2.0153
0.8594488837399797,-0.0000000000000000,0.0000000000000000,0.0000000000138805,-0.1644821665124422,0.0000000000000000,2.7695551179478013,3.1675839270,69.153,2327.587,2219.2137,2.0156
0.8595285959373455,-0.0000000000000000,0.0000000000000000,-0.0000000000208890,-0.1650002040980902,0.0000000000000000,2.7700516566902214,3.1674605213,70.083,2327.615,2216.6771,2.0159
0.8596080925117799,-0.0000000000000047,0.0000000000000000,-0.0000000000279871,-0.1655165141317427,0.0000000000000000,2.7705481954326410,3.1673372189,71.000,2327.643,2214.1446,2.0162
0.8596873753235309,-0.0000000000000000,0.0000000000000000,-0.0000000000298634,-0.1660311124326177,0.0000000000000000,2.7710447341750610,3.1672140195,71.904,2327.671,2211.6163,2.0165
0.8597664462179097,-0.0000000000000000,0.0000000000000000,-0.0000000000000026,-0.1665440146007187,0.0000000000000000,2.7715412729174811,3.1670909231,72.796,2327.698,2209.0921,2.0168
0.8598453069870458,-0.0000000000000000,0.0000000000000000,0.0000000000000022,-0.1670552359523596,0.0000000000000000,2.7720378116599012,3.1669679296,73.676,2327.726,2206.5721,2.0171
0.8599239594215593,-0.0000000000000000,0.0000000000000000,0.0000000000000014,-0.1675647916178634,0.0000000000000000,2.7725343504023208,3.1668450387,74.546,2327.754,2204.0563,2.0174
0.8600024052764749,-0.0000000000000000,0.0000000000000000,0.0000000000000022,-0.1680726964828459,0.0000000000000000,2.7730308891447408,3.1667222505,75.405,2327.781,2201.5445,2.0176
0.8600806462804459,-0.0000000000000000,0.0000000000000000,0.0000000000000009,-0.1685789652095081,0.0000000000000000,2.7735274278871609,3.1665995648,76.253,2327.809,2199.0369,2.0179
0.8601586841362716,-0.0000000000000000,0.0000000000000000,0.0000000000000010,-0.1690836122410590,0.0000000000000000,2.7740239666295805,3.1664769815,77.092,2327.837,2196.5334,2.0182
0.8602365205214416,-0.0000000000000000,0.0000000000000000,0.0000000000000005,-0.1695866518063316,0.0000000000000000,2.7745205053720006,3.1663545004,77.920,2327.864,2194.0340,2.0185
0.8603141570886595,0.0000000000000000,0.0000000000000000,-0.0000000000000047,-0.1700880979241781,0.0000000000000000,2.7750170441144206,3.1662321214,78.739,2327.892,2191.5386,2.0188
0.8603915954663586,-0.0000000000000000,0.0000000000000000,0.0000000000000007,-0.1705879644079227,0.0000000000000000,2.7755135828568407,3.1661098445,79.550,2327.919,2189.0474,2.0191
0.8604688372592094,-0.0000000000000000,0.0000000000000000,0.0000000000000011,-0.1710862648694662,0.0000000000000000,2.7760101215992603,3.1659876694,80.351,2327.947,2186.5603,2.0194
0.8605458840485997,-0.0000000000000000,0.0000000000000000,0.0000000000000003,-0.1715830127234832,0.0000000000000000,2.7765066603416804,3.1658655962,81.144,2327.974,2184.0772,2.0197
0.8606227373931116,-0.0000000000000000,0.0000000000000000,-0.0000000000000001,-0.1720782211914107,0.0000000000000000,2.7770031990841004,3.1657436246,81.928,2328.002,2181.5981,2.0199
0.8606993988289868,-0.0000000000000000,0.0000000000000000,-0.0000000000000008,-0.1725719033053712,0.0000000000000000,2.7774997378265205,3.1656217545,82.704,2328.029,2179.1232,2.0202
0.8607758698705695,-0.0000000000000000,0.0000000000000000,0.0000000000000011,-0.1730640719119155,0.0000000000000000,2.7779962765689401,3.1654999859,83.473,2328.057,2176.6523,2.0205
0.8608521520107603,-0.0000000000000000,0.0000000000000000,0.0000000000000001,-0.1735547396758367,0.0000000000000000,2.7784928153113602,3.1653783186,84.234,2328.084,2174.1854,2.0208
0.8609282467214238,-0.0000000000000000,0.0000000000000000,0.0000000000000042,-0.1740439190836655,0.0000000000000000,2.7789893540537802,3.1652567525,84.987,2328.111,2171.7225,2.0211
0.8610041554538234,-0.0000000000000000,0.0000000000000000,0.0000000000000031,-0.1745316224472625,0.0000000000000000,2.7794858927961998,3.1651352874,85.733,2328.139,2169.2637,2.0214
0.8610798796390170,-0.0000000000000000,0.0000000000000000,0.0000000000000020,-0.1750178619072371,0.0000000000000000,2.7799824315386199,3.1650139233,86.472,2328.166,2166.8089,2.0217
0.8611554206882566,-0.0000000000000000,0.0000000000000000,-0.0000000000000001,-0.1755026494362771,0.0000000000000000,2.7804789702810400,3.1648926601,87.205,2328.193,2164.3580,2.0220
0.8612307799933695,-0.0000000000000000,0.0000000000000000,-0.0000000000000011,-0.1759859968424084,0.0000000000000000,2.7809755090234600,3.1647714976,87.930,2328.221,2161.9112,2.0222
0.8613059589271400,-0.0000000000000000,0.0000000000000000,-0.0000000000000012,-0.1764679157721652,0.0000000000000000,2.7814720477658796,3.1646504357,88.649,2328.248,2159.4684,2.0225
0.8613809588436816,0.0000000000000000,0.0000000000000000,0.0000000000000007,-0.1769484177137609,0.0000000000000000,2.7819685865082997,3.1645294743,89.362,2328.275,2157.0295,2.0228
0.8614557810787767,-0.0000000000000000,0.0000000000000000,-0.0000000000000015,-0.1774275139999860,0.0000000000000000,2.7824651252507198,3.1644086133,90.068,2328.302,2154.5946,2.0231
0.8615304269504384,-0.0000000000000000,0.0000000000000000,-0.0000000000000003,-0.1779052158126107,0.0000000000000000,2.7829616639931398,3.1642878526,90.769,2328.330,2152.1637,2.0234
0.8616048977583666,-0.0000000000000000,0.0000000000000000,-0.0000000000000019,-0.1783815341791524,0.0000000000000000,2.7834582027355594,3.1641671920,91.463,2328.357,2149.7368,2.0237
0.8616791947858008,0.0000000000000000,0.0000000000000000,-0.0000000000000015,-0.1788564799862291,0.0000000000000000,2.7839547414779795,3.1640466314,92.152,2328.384,2147.3137,2.0240
0.8617533192986363,0.0000000000000000,0.0000000000000000,0.0000000000000010,-0.1793300639738708,0.0000000000000000,2.7844512802203996,3.1639261708,92.835,2328.411,2144.8947,2.0242
0.8618272725461161,-0.0000000000000000,0.0000000000000000,0.0000000000000008,-0.1798022967408867,0.0000000000000000,2.7849478189628196,3.1638058099,93.512,2328.438,2142.4795,2.0245
0.8619010557611455,0.0000000000000000,0.0000000000000000,0.0000000000000009,-0.1802731887474358,0.0000000000000000,2.7854443577052392,3.1636855487,94.184,2328.465,2140.0683,2.0248
0.8619746701605923,-0.0000000000000000,0.0000000000000000,-0.0000000000000006,-0.1807427503175999,0.0000000000000000,2.7859408964476593,3.1635653872,94.851,2328.492,2137.6610,2.0251
0.8620481169455684,-0.0000000000000000,0.0000000000000000,-0.0000000000000007,-0.1812109916417941,0.0000000000000000,2.7864374351900794,3.1634453250,95.512,2328.519,2135.2576,2.0254
0.8621213973017245,-0.0000000000000000,0.0000000000000000,-0.0000000000000001,-0.1816779227792223,0.0000000000000000,2.7869339739324990,3.1633253622,96.168,2328.546,2132.8581,2.0257
0.8621945123995335,0.0000000000000000,0.0000000000000000,0.0000000000000013,-0.1821435536602874,0.0000000000000000,2.7874305126749190,3.1632054987,96.820,2328.573,2130.4625,2.0260
0.8622674633947247,-0.0000000000000000,0.0000000000000000,-0.0000000000000061,-0.1826078940900024,0.0000000000000000,2.7879270514173391,3.1630857343,97.466,2328.600,2128.0708,2.0262
0.8623402513734986,-0.0000000000000000,0.0000000000000000,-0.0000000001939184,-0.1830709536452314,0.0000000000000000,2.7884235901597592,3.1629660688,98.108,2328.627,2125.6829,2.0265
0.8624128776291714,-0.0000000000000000,0.0000000000000000,0.0000000000127869,-0.1835327421912961,0.0000000000000000,2.7889201289021788,3.1628465023,98.745,2328.654,2123.2990,2.0268
0.8624853430983878,-0.0000000000000052,0.0000000000000000,-0.0000000000074533,-0.1839932688432883,0.0000000000000000,2.7894166676445988,3.1627270345,99.377,2328.681,2120.9189,2.0271
0.8625576489487740,-0.0000000000000001,0.0000000000000000,-0.0000000000081038,-0.1844525430476026,0.0000000000000000,2.7899132063870189,3.1626076654,100.005,2328.708,2118.5426,2.0274
0.8626297962588961,-0.0000000000000001,0.0000000000000000,-0.0000000000116156,-0.1849105739967520,0.0000000000000000,2.7904097451294390,3.1624883948,100.629,2328.735,2116.1702,2.0277
0.8627017861082521,-0.0000000000000002,0.0000000000000000,0.0000000000102059,-0.1853673707960719,0.0000000000000000,2.7909062838718586,3.1623692226,101.248,2328.762,2113.8016,2.0280
0.8627736195348019,-0.0000000000000002,0.0000000000000000,-0.0000000000149643,-0.1858229423864001,0.0000000000000000,2.7914028226142786,3.1622501488,101.863,2328.788,2111.4369,2.0282
0.8628452976041573,-0.0000000000000000,0.0000000000000000,-0.0000000000157218,-0.1862772976742992,0.0000000000000000,2.7918993613566987,3.1621311732,102.473,2328.815,2109.0759,2.0285
0.8629168213406089,-0.0000000000000002,0.0000000000000000,-0.0000000000219819,-0.1867304454052233,0.0000000000000000,2.7923959000991183,3.1620122957,103.080,2328.842,2106.7188,2.0288
0.8629881917619372,-0.0000000000000012,0.0000000000000000,-0.0000000000425696,-0.1871823942295688,0.0000000000000000,2.7928924388415384,3.1618935161,103.682,2328.869,2104.3655,2.0291
0.8630594098781238,-0.0000000000000003,0.0000000000000000,-0.0000000000704910,-0.1876331527020553,0.0000000000000000,2.7933889775839584,3.1617748345,104.281,2328.896,2102.0160,2.0294
0.8631304767126002,-0.0000000000000005,0.0000000000000000,-0.0000000000066847,-0.1880827293215483,0.0000000000000000,2.7938855163263785,3.1616562505,104.875,2328.922,2099.6703,2.0297
0.8632013932051917,-0.0000000000000006,0.0000000000000000,-0.0000000000100553,-0.1885311323543178,0.0000000000000000,2.7943820550687981,3.1615377643,105.466,2328.949,2097.3284,2.0299
0.8632721603465682,-0.0000000000000041,0.0000000000000000,-0.0000000000150341,-0.1889783700824013,0.0000000000000000,2.7948785938112182,3.1614193755,106.053,2328.976,2094.9902,2.0302
0.8633427791067786,-0.0000000000000005,0.0000000000000000,0.0000000000108709,-0.1894244506745063,0.0000000000000000,2.7953751325536382,3.1613010842,106.636,2329.002,2092.6558,2.0305
0.8634132504125424,-0.0000000000000007,0.0000000000000000,-0.0000000000138283,-0.1898693821426072,0.0000000000000000,2.7958716712960583,3.1611828902,107.216,2329.029,2090.3252,2.0308
0.8634835752320550,-0.0000000000000009,0.0000000000000000,0.0000000000161599,-0.1903131725035395,0.0000000000000000,2.7963682100384779,3.1610647934,107.792,2329.055,2087.9983,2.0311
0.8635537544663051,-0.0000000000000005,0.0000000000000000,0.0000000000059482,-0.1907558295757780,0.0000000000000000,2.7968647487808980,3.1609467936,108.365,2329.082,2085.6752,2.0314
0.8636237890435443,-0.0000000000000001,0.0000000000000000,-0.0000000000042394,-0.1911973611579847,0.0000000000000000,2.7973612875233180,3.1608288908,108.934,2329.108,2083.3558,2.0316
0.8636936798709017,-0.0000000000000040,0.0000000000000000,-0.0000000000116598,-0.1916377749392110,0.0000000000000000,2.7978578262657381,3.1607110849,109.499,2329.135,2081.0402,2.0319
0.8637634278462893,-0.0000000000000011,0.0000000000000000,-0.0000000000096783,-0.1920770785225794,0.0000000000000000,2.7983543650081577,3.1605933758,110.061,2329.162,2078.7282,2.0322
0.8638330338588963,-0.0000000000000005,0.0000000000000000,0.0000000000138840,-0.1925152794273403,0.0000000000000000,2.7988509037505778,3.1604757633,110.620,2329.188,2076.4200,2.0325
0.8639024987621913,-0.0000000000000084,0.0000000000000000,-0.0000000000205194,-0.1929523850387725,0.0000000000000000,2.7993474424929978,3.1603582473,111.176,2329.214,2074.1155,2.0328
0.8639718234536491,-0.0000000000000000,0.0000000000000000,0.0000000000000006,-0.1933884027598008,0.0000000000000000,2.7998439812354174,3.1602408277,111.728,2329.241,2071.8147,2.0330
0.8640410087683319,-0.0000000000000000,0.0000000000000000,0.0000000000000222,-0.1938233398113897,0.0000000000000000,2.8003405199778375,3.1601235045,112.278,2329.267,2069.5176,2.0333
0.8641100555586224,-0.0000000000000000,0.0000000000000000,-0.0000000000000016,-0.1942572033839723,0.0000000000000000,2.8008370587202576,3.1600062774,112.824,2329.294,2067.2242,2.0336
0.8641789646615915,-0.0000000000000000,0.0000000000000000,0.0000000000000019,-0.1946900005764201,0.0000000000000000,2.8013335974626776,3.1598891464,113.367,2329.320,2064.9344,2.0339
0.8642477369051724,-0.0000000000000000,0.0000000000000000,-0.0000000000000006,-0.1951217384093373,0.0000000000000000,2.8018301362050972,3.1597721114,113.907,2329.346,2062.6483,2.0342
0.8643163731081299,-0.0000000000000000,0.0000000000000000,-0.0000000000000009,-0.1955524238255419,0.0000000000000000,2.8023266749475173,3.1596551723,114.444,2329.373,2060.3659,2.0345
0.8643848740802325,-0.0000000000000000,0.0000000000000000,0.0000000000000361,-0.1959820636914178,0.0000000000000000,2.8028232136899374,3.1595383289,114.978,2329.399,2058.0872,2.0347
0.8644532406224934,-0.0000000000000000,0.0000000000000000,-0.0000000000000005,-0.1964106647985195,0.0000000000000000,2.8033197524323574,3.1594215812,115.509,2329.425,2055.8121,2.0350
0.8645214735270885,-0.0000000000000000,0.0000000000000000,-0.0000000000000003,-0.1968382338637767,0.0000000000000000,2.8038162911747770,3.1593049290,116.038,2329.452,2053.5406,2.0353
0.8645895735779332,-0.0000000000000000,0.0000000000000000,-0.0000000000000033,-0.1972647775331327,0.0000000000000000,2.8043128299171971,3.1591883723,116.563,2329.478,2051.2728,2.0356
0.8646575415497135,-0.0000000000000000,0.0000000000000000,0.0000000000000010,-0.1976903023753833,0.0000000000000000,2.8048093686596172,3.1590719108,117.086,2329.504,2049.0086,2.0359
0.8647253782097224,-0.0000000000000000,0.0000000000000000,-0.0000000000000009,-0.1981148148949053,0.0000000000000000,2.8053059074020368,3.1589555446,117.606,2329.530,2046.7480,2.0361
0.8647930843166831,-0.0000000000000000,0.0000000000000000,0.0000000000000005,-0.1985383215237974,0.0000000000000000,2.8058024461444568,3.1588392735,118.123,2329.556,2044.4910,2.0364
0.8648606606212604,-0.0000000000000000,0.0000000000000000,-0.0000000000000002,-0.1989608286256097,0.0000000000000000,2.8062989848868769,3.1587230973,118.638,2329.583,2042.2377,2.0367
0.8649281078661867,-0.0000000000000000,0.0000000000000000,0.0000000000000014,-0.1993823424963859,0.0000000000000000,2.8067955236292970,3.1586070161,119.150,2329.609,2039.9879,2.0370
0.8649954267863916,0.0000000000000000,0.0000000000000000,-0.0000000000000072,-0.1998028693657162,0.0000000000000000,2.8072920623717166,3.1584910296,119.659,2329.635,2037.7417,2.0373
0.8650626181090705,-0.0000000000000000,0.0000000000000000,0.0000000000000007,-0.2002224153974796,0.0000000000000000,2.8077886011141366,3.1583751378,120.166,2329.661,2035.4991,2.0375
0.8651296825538767,-0.0000000000000000,0.0000000000000000,-0.0000000000000004,-0.2006409866912295,0.0000000000000000,2.8082851398565567,3.1582593406,120.670,2329.687,2033.2601,2.0378
0.8651966208329560,-0.0000000000000000,0.0000000000000000,0.0000000000000120,-0.2010585892827355,0.0000000000000000,2.8087816785989768,3.1581436378,121.172,2329.713,2031.0247,2.0381
0.8652634336511158,-0.0000000000000000,0.0000000000000000,0.0000000000000004,-0.2014752291451762,0.0000000000000000,2.8092782173413964,3.1580280293,121.671,2329.739,2028.7928,2.0384
0.8653301217058815,-0.0000000000000000,0.0000000000000000,0.0000000000000010,-0.2018909121898985,0.0000000000000000,2.8097747560838164,3.1579125151,122.168,2329.765,2026.5645,2.0387
0.8653966856876466,0.0000000000000000,0.0000000000000000,-0.0000000000000010,-0.2023056442674234,0.0000000000000000,2.8102712948262365,3.1577970950,122.663,2329.791,2024.3397,2.0389
0.8654631262797546,-0.0000000000000000,0.0000000000000000,0.0000000000000001,-0.2027194311683000,0.0000000000000000,2.8107678335686566,3.1576817690,123.155,2329.817,2022.1185,2.0392
0.8655294441562983,-0.0000000000000000,0.0000000000000000,-0.0000000000083673,-0.2031322786193546,0.0000000000000000,2.8112643723110762,3.1575665368,123.644,2329.843,2019.9008,2.0395
0.8655956399964356,-0.0000000000000000,0.0000000000000000,0.0000000000095528,-0.2035441923125365,0.0000000000000000,2.8117609110534962,3.1574513985,124.132,2329.869,2017.6866,2.0398
0.8656617144477625,-0.0000000000000000,0.0000000000000000,-0.0000000000008257,-0.2039551778339440,0.0000000000000000,2.8122574497959163,3.1573363538,124.617,2329.895,2015.4760,2.0401
0.8657276681772068,-0.0000000000000002,0.0000000000000000,-0.0000000000011265,-0.2043652407635817,0.0000000000000000,2.8127539885383359,3.1572214028,125.099,2329.921,2013.2688,2.0403
0.8657935018200622,-0.0000000000000002,0.0000000000000000,-0.0000000000425637,-0.2047743865767194,0.0000000000000000,2.8132505272807560,3.1571065452,125.580,2329.946,2011.0652,2.0406
0.8658592160447537,-0.0000000000000001,0.0000000000000000,-0.0000000000344399,-0.2051826207711143,0.0000000000000000,2.8137470660231760,3.1569917810,126.058,2329.972,2008.8651,2.0409
0.8659248114796927,-0.0000000000000000,0.0000000000000000,-0.0000000000068202,-0.2055899487245714,0.0000000000000000,2.8142436047655961,3.1568771101,126.534,2329.998,2006.6684,2.0412
0.8659902887422561,-0.0000000000000006,0.0000000000000000,-0.0000000000067944,-0.2059963757517350,0.0000000000000000,2.8147401435080157,3.1567625323,127.008,2330.024,2004.4753,2.0415
0.8660556484545813,-0.0000000000000001,0.0000000000000000,-0.0000000000422125,-0.2064019071361011,0.0000000000000000,2.8152366822504358,3.1566480477,127.480,2330.050,2002.2856,2.0417
0.8661208912628247,-0.0000000000000024,0.0000000000000000,-0.0000000000127795,-0.2068065481687845,0.0000000000000000,2.8157332209928558,3.1565336559,127.950,2330.075,2000.0994,2.0420
0.8661860177410520,-0.0000000000000025,0.0000000000000000,-0.0000000000554001,-0.2072103039590381,0.0000000000000000,2.8162297597352759,3.1564193570,128.417,2330.101,1997.9167,2.0423
0.8662510285221411,-0.0000000000000021,0.0000000000000000,-0.0000000000744597,-0.2076131796933023,0.0000000000000000,2.8167262984776955,3.1563051509,128.883,2330.127,1995.7374,2.0426
0.8663159241946354,-0.0000000000000065,0.0000000000000000,-0.0000000001127008,-0.2080151804325525,0.0000000000000000,2.8172228372201156,3.1561910374,129.346,2330.152,1993.5616,2.0428
0.8663807053523943,-0.0000000000000000,0.0000000000000000,-0.0000000001728148,-0.2084163112099747,0.0000000000000000,2.8177193759625356,3.1560770164,129.808,2330.178,1991.3892,2.0431
0.8664453726448068,-0.0000000000000002,0.0000000000000000,-0.0000000000359624,-0.2088165771293531,0.0000000000000000,2.8182159147049557,3.1559630879,130.267,2330.204,1989.2203,2.0434
0.8665099265720073,-0.0000000000000009,0.0000000000000000,-0.0000000000035023,-0.2092159829683187,0.0000000000000000,2.8187124534473753,3.1558492516,130.725,2330.229,1987.0548,2.0437
0.8665743677227411,-0.0000000000000000,0.0000000000000000,-0.0000000000352470,-0.2096145336383713,0.0000000000000000,2.8192089921897954,3.1557355076,131.180,2330.255,1984.8927,2.0440
0.8666386967085260,-0.0000000000000000,0.0000000000000000,0.0000000000099617,-0.2100122340617331,0.0000000000000000,2.8197055309322154,3.1556218557,131.634,2330.281,1982.7340,2.0442
0.8667029140593909,-0.0000000000000025,0.0000000000000000,-0.0000000000006605,-0.2104090889644706,0.0000000000000000,2.8202020696746350,3.1555082958,132.085,2330.306,1980.5788,2.0445
0.8667670203548206,-0.0000000000000054,0.0000000000000000,-0.0000000000028332,-0.2108051031351460,0.0000000000000000,2.8206986084170551,3.1553948279,132.535,2330.332,1978.4269,2.0448
0.8668310161493779,-0.0000000000000000,0.0000000000000000,-0.0000000000029881,-0.2112002812789190,0.0000000000000000,2.8211951471594752,3.1552814517,132.983,2330.357,1976.2785,2.0451
0.8668949019857534,-0.0000000000000000,0.0000000000000000,-0.0000000000318122,-0.2115946280439284,0.0000000000000000,2.8216916859018952,3.1551681672,133.429,2330.383,1974.1334,2.0453
0.8669586784320610,-0.0000000000000000,0.0000000000000000,-0.0000000000097347,-0.2119881480945434,0.0000000000000000,2.8221882246443148,3.1550549742,133.873,2330.408,1971.9917,2.0456
0.8670223460017761,-0.0000000000000060,0.0000000000000000,-0.0000000000361969,-0.2123808459542078,0.0000000000000000,2.8226847633867349,3.1549418728,134.315,2330.434,1969.8534,2.0459
0.8670859052533398,-0.0000000000000099,0.0000000000000000,-0.0000000000303915,-0.2127727262029526,0.0000000000000000,2.8231813021291550,3.1548288628,134.755,2330.459,1967.7185,2.0462
0.8671493567060721,-0.0000000000000036,0.0000000000000000,-0.0000000000353100,-0.2131637933116434,0.0000000000000000,2.8236778408715750,3.1547159440,135.194,2330.484,1965.5869,2.0464
0.8672127008988995,-0.0000000000000000,0.0000000000000000,-0.0000000000051136,-0.2135540517573243,0.0000000000000000,2.8241743796139946,3.1546031164,135.631,2330.510,1963.4587,2.0467
0.8672759383349415,-0.0000000000000000,0.0000000000000000,-0.0000000000062983,-0.2139435059151323,0.0000000000000000,2.8246709183564147,3.1544903799,136.066,2330.535,1961.3338,2.0470
0.8673390695456735,-0.0000000000000000,0.0000000000000000,0.0000000000140558,-0.2143321601856645,0.0000000000000000,2.8251674570988348,3.1543777343,136.500,2330.560,1959.2123,2.0473
0.8674020950313692,-0.0000000000000000,0.0000000000000000,0.0000000000130914,-0.2147200188772451,0.0000000000000000,2.8256639958412544,3.1542651796,136.931,2330.586,1957.0941,2.0475
0.8674650153009477,-0.0000000000000061,0.0000000000000000,-0.0000000000042721,-0.2151070862850683,0.0000000000000000,2.8261605345836744,3.1541527157,137.361,2330.611,1954.9793,2.0478
0.8675278308679344,-0.0000000000000000,0.0000000000000000,-0.0000000000000015,-0.2154933666836239,0.0000000000000000,2.8266570733260945,3.1540403424,137.790,2330.636,1952.8678,2.0481
0.8675905422237337,-0.0000000000000000,0.0000000000000000,-0.0000000000000024,-0.2158788642744490,0.0000000000000000,2.8271536120685146,3.1539280597,138.216,2330.662,1950.7595,2.0484
0.8676531498636066,-0.0000000000000000,0.0000000000000000,0.0000000000000004,-0.2162635832376102,0.0000000000000000,2.8276501508109342,3.1538158674,138.641,2330.687,1948.6546,2.0486
0.8677156542772981,-0.0000000000000000,0.0000000000000000,0.0000000000000013,-0.2166475277136597,0.0000000000000000,2.8281466895533542,3.1537037655,139.065,2330.712,1946.5531,2.0489
0.8677780559502339,-0.0000000000000000,0.0000000000000000,0.0000000000000005,-0.2170307018063402,0.0000000000000000,2.8286432282957743,3.1535917538,139.486,2330.737,1944.4548,2.0492
0.8678403553635871,-0.0000000000000000,0.0000000000000000,-0.0000000000000087,-0.2174131095830682,0.0000000000000000,2.8291397670381944,3.1534798323,139.907,2330.762,1942.3598,2.0495
0.8679025529943100,-0.0000000000000000,0.0000000000000000,-0.0000000000000008,-0.2177947550753359,0.0000000000000000,2.8296363057806140,3.1533680008,140.325,2330.788,1940.2680,2.0497
0.8679646493152275,-0.0000000000000000,0.0000000000000000,0.0000000000000008,-0.2181756422792786,0.0000000000000000,2.8301328445230340,3.1532562592,140.742,2330.813,1938.1796,2.0500
0.8680266447950445,-0.0000000000000000,0.0000000000000000,0.0000000000000097,-0.2185557751559649,0.0000000000000000,2.8306293832654541,3.1531446075,141.157,2330.838,1936.0944,2.0503
0.8680885398984364,-0.0000000000000000,0.0000000000000000,-0.0000000000000010,-0.2189351576319867,0.0000000000000000,2.8311259220078742,3.1530330455,141.571,2330.863,1934.0125,2.0506
0.8681503350860547,-0.0000000000000000,0.0000000000000000,-0.0000000000000003,-0.2193137935996941,0.0000000000000000,2.8316224607502938,3.1529215732,141.983,2330.888,1931.9339,2.0508
0.8682120308146445,-0.0000000000000000,0.0000000000000000,-0.0000000000000175,-0.2196916869179489,0.0000000000000000,2.8321189994927138,3.1528101904,142.394,2330.913,1929.8585,2.0511
0.8682736275369427,0.0000000000000000,0.0000000000000000,0.0000000000000008,-0.2200688414116626,0.0000000000000000,2.8326155382351339,3.1526988970,142.803,2330.938,1927.7864,2.0514
0.8683351257022766,-0.0000000000000000,0.0000000000000000,-0.0000000000000016,-0.2204452608757588,0.0000000000000000,2.8331120769775535,3.1525876930,143.211,2330.963,1925.7175,2.0517
0.8683965257550806,-0.0000000000000000,0.0000000000000000,-0.0000000000000007,-0.2208209490653863,0.0000000000000000,2.8336086157199736,3.1524765782,143.618,2330.988,1923.6518,2.0519
0.8684578281371891,-0.0000000000000000,0.0000000000000000,-0.0000000000000003,-0.2211959097114016,0.0000000000000000,2.8341051544623936,3.1523655525,144.022,2331.013,1921.5893,2.0522
0.8685190332862683,-0.0000000000000000,0.0000000000000000,-0.0000000000000017,-0.2215701465098863,0.0000000000000000,2.8346016932048137,3.1522546158,144.426,2331.038,1919.5301,2.0525
0.8685801416363199,-0.0000000000000000,0.0000000000000000,-0.0000000000000002,-0.2219436631256069,0.0000000000000000,2.8350982319472333,3.1521437681,144.828,2331.063,1917.4741,2.0527
0.8686411536177189,-0.0000000000000000,0.0000000000000000,0.0000000000000006,-0.2223164631923778,0.0000000000000000,2.8355947706896534,3.1520330092,145.228,2331.088,1915.4213,2.0530
0.8687020696572648,-0.0000000000000000,0.0000000000000000,-0.0000000000000007,-0.2226885503134621,0.0000000000000000,2.8360913094320734,3.1519223390,145.627,2331.113,1913.3717,2.0533
0.8687628901782152,0.0000000000000000,0.0000000000000000,-0.0000000000000014,-0.2230599280618686,0.0000000000000000,2.8365878481744935,3.1518117575,146.025,2331.138,1911.3253,2.0536
0.8688236156003324,-0.0000000000000000,0.0000000000000000,0.0000000000000001,-0.2234305999807750,0.0000000000000000,2.8370843869169131,3.1517012645,146.421,2331.163,1909.2821,2.0538
0.8688842463399324,-0.0000000000000000,0.0000000000000000,0.0000000000000001,-0.2238005695838330,0.0000000000000000,2.8375809256593332,3.1515908599,146.816,2331.187,1907.2421,2.0541
0.8689447828098990,-0.0000000000000000,0.0000000000000000,0.0000000000000010,-0.2241698403555135,0.0000000000000000,2.8380774644017532,3.1514805436,147.209,2331.212,1905.2053,2.0544
0.8690052254197598,0.0000000000000000,0.0000000000000000,0.0000000000000000,-0.2245384157514967,0.0000000000000000,2.8385740031441733,3.1513703155,147.601,2331.237,1903.1716,2.0546
0.8690655745756972,-0.0000000000000000,0.0000000000000000,-0.0000000000000015,-0.2249062991989462,0.0000000000000000,2.8390705418865929,3.1512601756,147.992,2331.262,1901.1411,2.0549
0.8691258306805988,-0.0000000000000000,0.0000000000000000,0.0000000000000022,-0.2252734940968641,0.0000000000000000,2.8395670806290130,3.1511501237,148.382,2331.287,1899.1137,2.0552
0.8691859941341020,-0.0000000000000000,0.0000000000000000,-0.0000000000000001,-0.2256400038164595,0.0000000000000000,2.8400636193714330,3.1510401598,148.770,2331.311,1897.0895,2.0555
0.8692460653326166,-0.0000000000000000,0.0000000000000000,0.0000000000000013,-0.2260058317013954,0.0000000000000000,2.8405601581138527,3.1509302836,149.156,2331.336,1895.0685,2.0557
0.8693060446693741,0.0000000000000000,0.0000000000000000,0.0000000000000008,-0.2263709810681505,0.0000000000000000,2.8410566968562727,3.1508204952,149.542,2331.361,1893.0506,2.0560
0.8693659325344992,0.0000000000000000,0.0000000000000000,-0.0000000000000029,-0.2267354552066031,0.0000000000000000,2.8415532355986928,3.1507107945,149.926,2331.385,1891.0358,2.0563
0.8694257293074683,-0.0000000000000064,0.0000000000000000,-0.0000000000271673,-0.2270992573641561,0.0000000000000000,2.8420497743411128,3.1506011812,150.309,2331.410,1889.0241,2.0565
0.8694854353988036,-0.0000000000000064,0.0000000000000000,0.0000000000157651,-0.2274623908317620,0.0000000000000000,2.8425463130835324,3.1504916554,150.691,2331.435,1887.0156,2.0568
0.8695450511447050,-0.0000000000000000,0.0000000000000000,-0.0000000000343149,-0.2278248587294326,0.0000000000000000,2.8430428518259525,3.1503822170,151.071,2331.459,1885.0102,2.0571
0.8696045769729337,-0.0000000000000001,0.0000000000000000,0.0000000000043287,-0.2281866643442886,0.0000000000000000,2.8435393905683726,3.1502728657,151.450,2331.484,1883.0079,2.0574
0.8696640132214055,-0.0000000000000065,0.0000000000000000,-0.0000000000027340,-0.2285478107602213,0.0000000000000000,2.8440359293107926,3.1501636016,151.828,2331.508,1881.0087,2.0576
0.8697233602770609,-0.0000000000000001,0.0000000000000000,-0.0000000000010226,-0.2289083011425431,0.0000000000000000,2.8445324680532122,3.1500544246,152.205,2331.533,1879.0126,2.0579
0.8697826185076200,-0.0000000000000012,0.0000000000000000,0.0000000000045477,-0.2292681385984511,0.0000000000000000,2.8450290067956323,3.1499453345,152.580,2331.558,1877.0196,2.0582
0.8698417882763845,-0.0000000000000015,0.0000000000000000,0.0000000000035706,-0.2296273262072586,0.0000000000000000,2.8455255455380524,3.1498363312,152.954,2331.582,1875.0297,2.0584
0.8699008699402547,-0.0000000000000026,0.0000000000000000,-0.0000000000274319,-0.2299858670166329,0.0000000000000000,2.8460220842804720,3.1497274147,153.327,2331.607,1873.0428,2.0587
0.8699598638707594,-0.0000000000000022,0.0000000000000000,-0.0000000000484656,-0.2303437640863887,0.0000000000000000,2.8465186230228920,3.1496185848,153.699,2331.631,1871.0591,2.0590
0.8700187704411505,-0.0000000000000008,0.0000000000000000,-0.0000000000030655,-0.2307010204617381,0.0000000000000000,2.8470151617653121,3.1495098415,154.069,2331.655,1869.0784,2.0592
0.8700775899781954,-0.0000000000000029,0.0000000000000000,0.0000000000058549,-0.2310576390741271,0.0000000000000000,2.8475117005077322,3.1494011846,154.439,2331.680,1867.1007,2.0595
0.8701363228369905,-0.0000000000000009,0.0000000000000000,-0.0000000000114967,-0.2314136228961186,0.0000000000000000,2.8480082392501518,3.1492926141,154.807,2331.704,1865.1261,2.0598
0.8701949693783855,-0.0000000000000022,0.0000000000000000,-0.0000000000143497,-0.2317689748944161,0.0000000000000000,2.8485047779925718,3.1491841299,155.174,2331.729,1863.1546,2.0600
0.8702535299322377,-0.0000000000000000,0.0000000000000000,-0.0000000000649475,-0.2321236979546073,0.0000000000000000,2.8490013167349919,3.1490757318,155.540,2331.753,1861.1861,2.0603
0.8703120048668193,-0.0000000000000122,0.0000000000000000,-0.0000000000761671,-0.2324777950249766,0.0000000000000000,2.8494978554774120,3.1489674197,155.904,2331.777,1859.2207,2.0606
0.8703703945064124,-0.0000000000000025,0.0000000000000000,-0.0000000001116034,-0.2328312689453270,0.0000000000000000,2.8499943942198316,3.1488591937,156.268,2331.802,1857.2583,2.0609
0.8704286991918220,-0.0000000000000000,0.0000000000000000,-0.0000000001653465,-0.2331841225736009,0.0000000000000000,2.8504909329622516,3.1487510535,156.631,2331.826,1855.2989,2.0611
0.8704869193242559,-0.0000000000000000,0.0000000000000000,-0.0000000000003323,-0.2335363588747777,0.0000000000000000,2.8509874717046717,3.1486429991,156.992,2331.850,1853.3425,2.0614
0.8705450551371635,-0.0000000000000000,0.0000000000000000,0.0000000000137717,-0.2338879804535356,0.0000000000000000,2.8514840104470918,3.1485350304,157.352,2331.875,1851.3891,2.0617
0.8706031069868253,-0.0000000000000060,0.0000000000000000,-0.0000000000321490,-0.2342389901498773,0.0000000000000000,2.8519805491895114,3.1484271472,157.711,2331.899,1849.4388,2.0619
0.8706610752407660,-0.0000000000000028,0.0000000000000000,0.0000000000019081,-0.2345893908122360,0.0000000000000000,2.8524770879319314,3.1483193496,158.069,2331.923,1847.4914,2.0622
0.8707189601968265,-0.0000000000000026,0.0000000000000000,0.0000000000105020,-0.2349391851283610,0.0000000000000000,2.8529736266743515,3.1482116373,158.426,2331.947,1845.5471,2.0625
0.8707767621812323,-0.0000000000000079,0.0000000000000000,0.0000000000003776,-0.2352883758297518,0.0000000000000000,2.8534701654167716,3.1481040103,158.782,2331.972,1843.6057,2.0627
0.8708344815170931,-0.0000000000000006,0.0000000000000000,-0.0000000000240867,-0.2356369656255315,0.0000000000000000,2.8539667041591912,3.1479964686,159.137,2331.996,1841.6674,2.0630
0.8708921185449877,-0.0000000000000067,0.0000000000000000,0.0000000000136854,-0.2359849572465129,0.0000000000000000,2.8544632429016112,3.1478890119,159.490,2332.020,1839.7320,2.0633
0.8709496735531137,-0.0000000000000000,0.0000000000000000,0.0000000000074777,-0.2363323532990394,0.0000000000000000,2.8549597816440313,3.1477816402,159.843,2332.044,1837.7996,2.0635
0.8710071468726287,-0.0000000000000000,0.0000000000000000,0.0000000000165376,-0.2366791564636455,0.0000000000000000,2.8554563203864509,3.1476743535,160.195,2332.068,1835.8701,2.0638
0.8710645387989284,-0.0000000000000032,0.0000000000000000,-0.0000000000223492,-0.2370253693322651,0.0000000000000000,2.8559528591288710,3.1475671516,160.545,2332.092,1833.9436,2.0641
0.8711218496723134,-0.0000000000000001,0.0000000000000000,0.0000000000000196,-0.2373709945755215,0.0000000000000000,2.8564493978712910,3.1474600344,160.895,2332.116,1832.0201,2.0643
0.8711790797719965,-0.0000000000000025,0.0000000000000000,-0.0000000000221307,-0.2377160347217927,0.0000000000000000,2.8569459366137111,3.1473530018,161.243,2332.140,1830.0995,2.0646
0.8712362294217023,-0.0000000000000000,0.0000000000000000,-0.0000000000240507,-0.2380604923786659,0.0000000000000000,2.8574424753561307,3.1472460538,161.590,2332.165,1828.1819,2.0649
0.8712932989194863,-0.0000000000000001,0.0000000000000000,-0.0000000000266089,-0.2384043700856101,0.0000000000000000,2.8579390140985508,3.1471391902,161.937,2332.189,1826.2672,2.0651
0.8713502885674788,-0.0000000000000068,0.0000000000000000,-0.0000000000279137,-0.2387476703766427,0.0000000000000000,2.8584355528409708,3.1470324109,162.282,2332.213,1824.3554,2.0654
0.8714071986643824,-0.0000000000000000,0.0000000000000000,-0.0000000000307969,-0.2390903957646191,0.0000000000000000,2.8589320915833909,3.1469257159,162.627,2332.237,1822.4466,2.0657
0.8714640295171745,-0.0000000000000000,0.0000000000000000,-0.0000000000000000,-0.2394325487666108,0.0000000000000000,2.8594286303258105,3.1468191050,162.970,2332.261,1820.5407,2.0659
0.8715207814035325,-0.0000000000000000,0.0000000000000000,-0.0000000000000162,-0.2397741318237643,0.0000000000000000,2.8599251690682306,3.1467125782,163.312,2332.284,1818.6377,2.0662
0.8715774546250076,-0.0000000000000000,0.0000000000000000,0.0000000000000013,-0.2401151474144646,0.0000000000000000,2.8604217078106506,3.1466061354,163.654,2332.308,1816.7376,2.0665
0.8716340494727360,-0.0000000000000000,0.0000000000000000,0.0000000000000015,-0.2404555979818441,0.0000000000000000,2.8609182465530703,3.1464997765,163.994,2332.332,1814.8404,2.0667
0.8716905662357959,0.0000000000000000,0.0000000000000000,-0.0000000000000009,-0.2407954859515168,0.0000000000000000,2.8614147852954903,3.1463935013,164.334,2332.356,1812.9462,2.0670
0.8717470052012537,0.0000000000000000,0.0000000000000000,-0.0000000000000039,-0.2411348137318686,0.0000000000000000,2.8619113240379104,3.1462873098,164.672,2332.380,1811.0548,2.0673
0.8718033666541787,-0.0000000000000000,0.0000000000000000,-0.0000000000000012,-0.2414735837141774,0.0000000000000000,2.8624078627803304,3.1461812019,165.010,2332.404,1809.1663,2.0675
0.8718596508776704,-0.0000000000000000,0.0000000000000000,0.0000000000000001,-0.2418117982728313,0.0000000000000000,2.8629044015227501,3.1460751775,165.346,2332.428,1807.2807,2.0678
0.8719158581528724,-0.0000000000000000,0.0000000000000000,-0.0000000000000003,-0.2421494597654705,0.0000000000000000,2.8634009402651701,3.1459692365,165.682,2332.452,1805.3980,2.0680
0.8719719887589893,-0.0000000000000000,0.0000000000000000,-0.0000000000000007,-0.2424865705331589,0.0000000000000000,2.8638974790075902,3.1458633788,166.017,2332.475,1803.5181,2.0683
0.8720280429733132,-0.0000000000000000,0.0000000000000000,0.0000000000000008,-0.2428231329005487,0.0000000000000000,2.8643940177500102,3.1457576043,166.351,2332.499,1801.6411,2.0686
0.8720840210712373,-0.0000000000000000,0.0000000000000000,-0.0000000000000002,-0.2431591491760426,0.0000000000000000,2.8648905564924299,3.1456519130,166.683,2332.523,1799.7670,2.0688
0.8721399233262781,-0.0000000000000000,0.0000000000000000,0.0000000000000000,-0.2434946216519621,0.0000000000000000,2.8653870952348499,3.1455463047,167.015,2332.547,1797.8957,2.0691
0.8721957500100923,-0.0000000000000000,0.0000000000000000,-0.0000000000000004,-0.2438295526046963,0.0000000000000000,2.8658836339772700,3.1454407793,167.346,2332.570,1796.0273,2.0694
0.8722515013927091,-0.0000000000000000,0.0000000000000000,0.0000000000000014,-0.2441639442963058,0.0000000000000000,2.8663801727196896,3.1453353368,167.676,2332.594,1794.1617,2.0696
0.8723071777416189,-0.0000000000000000,0.0000000000000000,0.0000000000000035,-0.2444977989684277,0.0000000000000000,2.8668767114621097,3.1452299771,168.005,2332.618,1792.2990,2.0699
0.8723627793233173,-0.0000000000000000,0.0000000000000000,0.0000000000000020,-0.2448311188526673,0.0000000000000000,2.8673732502045297,3.1451246999,168.334,2332.641,1790.4391,2.0702
0.8724183064021959,-0.0000000000000000,0.0000000000000000,-0.0000000000000001,-0.2451639061631954,0.0000000000000000,2.8678697889469498,3.1450195054,168.661,2332.665,1788.5820,2.0704
0.8724737592408813,-0.0000000000000000,0.0000000000000000,0.0000000000000002,-0.2454961630990486,0.0000000000000000,2.8683663276893694,3.1449143934,168.988,2332.689,1786.7278,2.0707
0.8725291381002458,-0.0000000000000000,0.0000000000000000,0.0000000000000028,-0.2458278918442366,0.0000000000000000,2.8688628664317894,3.1448093637,169.313,2332.712,1784.8764,2.0709
0.8725844432394315,-0.0000000000000000,0.0000000000000000,0.0000000000000000,-0.2461590945679319,0.0000000000000000,2.8693594051742095,3.1447044163,169.638,2332.736,1783.0277,2.0712
0.8726396749158548,-0.0000000000000000,0.0000000000000000,0.0000000000000008,-0.2464897734245418,0.0000000000000000,2.8698559439166296,3.1445995512,169.962,2332.759,1781.1819,2.0715
0.8726948333852340,-0.0000000000000000,0.0000000000000000,0.0000000000000013,-0.2468199305539047,0.0000000000000000,2.8703524826590492,3.1444947681,170.285,2332.783,1779.3389,2.0717
0.8727499189016059,-0.0000000000000000,0.0000000000000000,0.0000000000000002,-0.2471495680814448,0.0000000000000000,2.8708490214014692,3.1443900671,170.607,2332.807,1777.4987,2.0720
0.8728049317173329,-0.0000000000000000,0.0000000000000000,-0.0000000000000019,-0.2474786881182431,0.0000000000000000,2.8713455601438893,3.1442854479,170.928,2332.830,1775.6613,2.0723
0.8728598720831187,0.0000000000000000,0.0000000000000000,-0.0000000000000005,-0.2478072927611994,0.0000000000000000,2.8718420988863089,3.1441809107,171.248,2332.854,1773.8267,2.0725
0.8729147402480408,-0.0000000000000000,0.0000000000000000,0.0000000000000055,-0.2481353840932065,0.0000000000000000,2.8723386376287290,3.1440764551,171.568,2332.877,1771.9948,2.0728
0.8729695364595523,-0.0000000000000000,0.0000000000000000,-0.0000000000000002,-0.2484629641832651,0.0000000000000000,2.8728351763711490,3.1439720813,171.887,2332.901,1770.1657,2.0730
0.8730242609634877,0.0000000000000000,0.0000000000000000,-0.0000000000000008,-0.2487900350865442,0.0000000000000000,2.8733317151135691,3.1438677889,172.205,2332.924,1768.3394,2.0733
0.8730789140041026,0.0000000000000000,0.0000000000000000,0.0000000000000002,-0.2491165988446153,0.0000000000000000,2.8738282538559887,3.1437635781,172.522,2332.947,1766.5159,2.0736
0.8731334958240703,-0.0000000000000000,0.0000000000000000,0.0000000000000007,-0.2494426574855302,0.0000000000000000,2.8743247925984088,3.1436594486,172.838,2332.971,1764.6951,2.0738
0.8731880066645024,0.0000000000000000,0.0000000000000000,-0.0000000000000004,-0.2497682130239359,0.0000000000000000,2.8748213313408288,3.1435554005,173.153,2332.994,1762.8771,2.0741
0.8732424467649631,-0.0000000000000000,0.0000000000000000,0.0000000000000001,-0.2500932674612162,0.0000000000000000,2.8753178700832489,3.1434514335,173.468,2333.018,1761.0618,2.0743
0.8732968163634880,0.0000000000000000,0.0000000000000000,-0.0000000000000009,-0.2504178227856431,0.0000000000000000,2.8758144088256685,3.1433475477,173.782,2333.041,1759.2492,2.0746
0.8733511156966085,0.0000000000000000,0.0000000000000000,-0.0000000000000180,-0.2507418809725385,0.0000000000000000,2.8763109475680886,3.1432437428,174.095,2333.064,1757.4394,2.0749
0.8734053449992659,-0.0000000000000000,0.0000000000000000,0.0000000000000000,-0.2510654439839124,0.0000000000000000,2.8768074863105086,3.1431400189,174.407,2333.088,1755.6324,2.0751
0.8734595044812427,-0.0000000000000000,0.0000000000000000,-0.0000000000885091,-0.2513885137189856,0.0000000000000000,2.8773040250529287,3.1430363759,174.718,2333.111,1753.8280,2.0754
0.8735135944397296,-0.0000000000000000,0.0000000000000000,-0.0000000000230802,-0.2517110922529062,0.0000000000000000,2.8778005637953483,3.1429328136,175.029,2333.134,1752.0264,2.0756
0.8735676150531563,-0.0000000000000000,0.0000000000000000,0.0000000000018629,-0.2520331813999880,0.0000000000000000,2.8782971025377684,3.1428293319,175.338,2333.157,1750.2275,2.0759
0.8736215665563656,-0.0000000000000003,0.0000000000000000,0.0000000000081456,-0.2523547830836117,0.0000000000000000,2.8787936412801884,3.1427259308,175.647,2333.181,1748.4313,2.0762
0.8736754491775245,-0.0000000000000002,0.0000000000000000,-0.0000000000024321,-0.2526758992039998,0.0000000000000000,2.8792901800226085,3.1426226102,175.955,2333.204,1746.6378,2.0764
0.8737292631537599,-0.0000000000000001,0.0000000000000000,0.0000000000098498,-0.2529965316729384,0.0000000000000000,2.8797867187650281,3.1425193700,176.263,2333.227,1744.8471,2.0767
0.8737830086901961,-0.0000000000000000,0.0000000000000000,-0.0000000000274543,-0.2533166823220936,0.0000000000000000,2.8802832575074482,3.1424162101,176.569,2333.250,1743.0590,2.0769
0.8738366860354629,-0.0000000000000001,0.0000000000000000,-0.0000000000216395,-0.2536363530696910,0.0000000000000000,2.8807797962498682,3.1423131304,176.875,2333.273,1741.2736,2.0772
0.8738902953970620,-0.0000000000000023,0.0000000000000000,-0.0000000000263881,-0.2539555457354018,0.0000000000000000,2.8812763349922879,3.1422101309,177.180,2333.297,1739.4909,2.0775
0.8739438370094360,-0.0000000000000018,0.0000000000000000,0.0000000000087986,-0.2542742621893158,0.0000000000000000,2.8817728737347079,3.1421072113,177.485,2333.320,1737.7109,2.0777
0.8739973110728899,-0.0000000000000000,0.0000000000000000,0.0000000000137518,-0.2545925042175693,0.0000000000000000,2.8822694124771280,3.1420043718,177.788,2333.343,1735.9335,2.0780
0.8740507178099792,-0.0000000000000001,0.0000000000000000,0.0000000000054168,-0.2549102736465729,0.0000000000000000,2.8827659512195480,3.1419016120,178.091,2333.366,1734.1589,2.0782
0.8741040574338849,-0.0000000000000002,0.0000000000000000,-0.0000000000294227,-0.2552275722740027,0.0000000000000000,2.8832624899619677,3.1417989321,178.393,2333.389,1732.3868,2.0785
0.8741573301862199,-0.0000000000000055,0.0000000000000000,0.0000000000066218,-0.2555444019506612,0.0000000000000000,2.8837590287043877,3.1416963318,178.695,2333.412,1730.6175,2.0787
0.8742105362420515,-0.0000000000000001,0.0000000000000000,-0.0000000000305541,-0.2558607643737154,0.0000000000000000,2.8842555674468078,3.1415938112,178.995,2333.435,1728.8508,2.0790
0.8742636758429799,-0.0000000000000050,0.0000000000000000,-0.0000000000342534,-0.2561766613777640,0.0000000000000000,2.8847521061892278,3.1414913700,179.295,2333.458,1727.0868,2.0793
0.8743167491990695,-0.0000000000000001,0.0000000000000000,-0.0000000000095506,-0.2564920947202182,0.0000000000000000,2.8852486449316475,3.1413890082,179.594,2333.481,1725.3254,2.0795
0.8743697565023948,-0.0000000000000042,0.0000000000000000,-0.0000000000233686,-0.2568070661105457,0.0000000000000000,2.8857451836740675,3.1412867258,179.893,2333.504,1723.5666,2.0798
0.8744226979630503,-0.0000000000000001,0.0000000000000000,-0.0000000000713635,-0.2571215772897615,0.0000000000000000,2.8862417224164876,3.1411845226,180.190,2333.527,1721.8105,2.0800
0.8744755738156492,-0.0000000000000000,0.0000000000000000,-0.0000000000536101,-0.2574356300446063,0.0000000000000000,2.8867382611589072,3.1410823986,180.487,2333.550,1720.0570,2.0803
0.8745283842337287,-0.0000000000000111,0.0000000000000000,-0.0000000000919881,-0.2577492260200935,0.0000000000000000,2.8872347999013273,3.1409803536,180.783,2333.573,1718.3062,2.0805
0.8745811294304179,-0.0000000000000070,0.0000000000000000,-0.0000000001567930,-0.2580623669402065,0.0000000000000000,2.8877313386437473,3.1408783877,181.079,2333.596,1716.5579,2.0808
0.8746338096691114,-0.0000000000000073,0.0000000000000000,-0.0000000000265765,-0.2583750546296581,0.0000000000000000,2.8882278773861674,3.1407765006,181.374,2333.619,1714.8123,2.0811
0.8746864250726620,-0.0000000000000000,0.0000000000000000,0.0000000000004670,-0.2586872906014808,0.0000000000000000,2.8887244161285870,3.1406746923,181.668,2333.642,1713.0693,2.0813
0.8747389758622827,-0.0000000000000000,0.0000000000000000,-0.0000000000016952,-0.2589990765727422,0.0000000000000000,2.8892209548710071,3.1405729627,181.961,2333.664,1711.3289,2.0816
0.8747914622505085,-0.0000000000000073,0.0000000000000000,0.0000000000119203,-0.2593104142350325,0.0000000000000000,2.8897174936134271,3.1404713118,182.254,2333.687,1709.5911,2.0818
0.8748438844198313,-0.0000000000000000,0.0000000000000000,-0.0000000000204108,-0.2596213052070148,0.0000000000000000,2.8902140323558472,3.1403697394,182.546,2333.710,1707.8559,2.0821
0.8748962425877994,-0.0000000000000000,0.0000000000000000,-0.0000000000261934,-0.2599317511765336,0.0000000000000000,2.8907105710982668,3.1402682454,182.837,2333.733,1706.1233,2.0823
0.8749485369562063,-0.0000000000000037,0.0000000000000000,0.0000000000129912,-0.2602417537893063,0.0000000000000000,2.8912071098406869,3.1401668299,183.128,2333.756,1704.3933,2.0826
0.8750007676952577,-0.0000000000000147,0.0000000000000000,0.0000000000025488,-0.2605513146145584,0.0000000000000000,2.8917036485831069,3.1400654926,183.418,2333.778,1702.6658,2.0829
0.8750529350159957,-0.0000000000000074,0.0000000000000000,0.0000000000038514,-0.2608604353032885,0.0000000000000000,2.8922001873255270,3.1399642335,183.707,2333.801,1700.9410,2.0831
0.8751050391087346,-0.0000000000000074,0.0000000000000000,0.0000000000051252,-0.2611691174548032,0.0000000000000000,2.8926967260679466,3.1398630525,183.996,2333.824,1699.2187,2.0834
0.8751570801645286,-0.0000000000000000,0.0000000000000000,0.0000000000017789,-0.2614773626621069,0.0000000000000000,2.8931932648103666,3.1397619495,184.284,2333.847,1697.4989,2.0836
0.8752090583771895,-0.0000000000000000,0.0000000000000000,0.0000000000037713,-0.2617851725176538,0.0000000000000000,2.8936898035527867,3.1396609245,184.571,2333.869,1695.7818,2.0839
0.8752609739373084,-0.0000000000000000,0.0000000000000000,0.0000000000128123,-0.2620925485993791,0.0000000000000000,2.8941863422952063,3.1395599773,184.857,2333.892,1694.0672,2.0841
0.8753128270296630,-0.0000000000000032,0.0000000000000000,0.0000000000133170,-0.2623994924655049,0.0000000000000000,2.8946828810376264,3.1394591079,185.143,2333.915,1692.3551,2.0844
0.8753646178418885,-0.0000000000000000,0.0000000000000000,0.0000000000041765,-0.2627060056741026,0.0000000000000000,2.8951794197800464,3.1393583162,185.429,2333.937,1690.6456,2.0846
0.8754163465654589,-0.0000000000000000,0.0000000000000000,0.0000000000026293,-0.2630120897840911,0.0000000000000000,2.8956759585224665,3.1392576020,185.713,2333.960,1688.9386,2.0849
0.8754680133843263,-0.0000000000000000,0.0000000000000000,0.0000000000019859,-0.2633177463315491,0.0000000000000000,2.8961724972648861,3.1391569654,185.997,2333.983,1687.2342,2.0851
0.8755196184789945,-0.0000000000000022,0.0000000000000000,-0.0000000000135502,-0.2636229768381709,0.0000000000000000,2.8966690360073062,3.1390564062,186.280,2334.005,1685.5323,2.0854
0.8755711620449024,-0.0000000000000000,0.0000000000000000,-0.0000000000000000,-0.2639277828519841,0.0000000000000000,2.8971655747497262,3.1389559243,186.563,2334.028,1683.8330,2.0856
0.8756226442532870,-0.0000000000000000,0.0000000000000000,0.0000000000000004,-0.2642321658607122,0.0000000000000000,2.8976621134921463,3.1388555197,186.845,2334.050,1682.1361,2.0859
0.8756740652893670,-0.0000000000000000,0.0000000000000000,0.0000000000000025,-0.2645361273765525,0.0000000000000000,2.8981586522345659,3.1387551923,187.126,2334.073,1680.4418,2.0862
0.8757254253337269,-0.0000000000000000,0.0000000000000000,-0.0000000000000003,-0.2648396688949357,0.0000000000000000,2.8986551909769860,3.1386549419,187.407,2334.095,1678.7500,2.0864
0.8757767245659439,-0.0000000000000000,0.0000000000000000,-0.0000000000000088,-0.2651427919026274,0.0000000000000000,2.8991517297194060,3.1385547686,187.687,2334.118,1677.0607,2.0867
0.8758279631645490,0.0000000000000000,0.0000000000000000,0.0000000000000053,-0.2654454978775649,0.0000000000000000,2.8996482684618261,3.1384546721,187.967,2334.140,1675.3739,2.0869
0.8758791413071544,-0.0000000000000000,0.0000000000000000,-0.0000000000000002,-0.2657477882895201,0.0000000000000000,2.9001448072042457,3.1383546525,188.245,2334.163,1673.6896,2.0872
0.8759302591703232,-0.0000000000000000,0.0000000000000000,0.0000000000000004,-0.2660496645994880,0.0000000000000000,2.9006413459466658,3.1382547096,188.524,2334.185,1672.0078,2.0874
0.8759813169296617,-0.0000000000000000,0.0000000000000000,-0.0000000000000007,-0.2663511282601506,0.0000000000000000,2.9011378846890858,3.1381548434,188.801,2334.208,1670.3285,2.0877
0.8760323147597994,-0.0000000000000000,0.0000000000000000,-0.0000000000000007,-0.2666521807158413,0.0000000000000000,2.9016344234315055,3.1380550537,189.078,2334.230,1668.6517,2.0879
0.8760832528344051,-0.0000000000000000,0.0000000000000000,0.0000000000000006,-0.2669528234026237,0.0000000000000000,2.9021309621739255,3.1379553405,189.354,2334.253,1666.9774,2.0882
0.8761341313261900,-0.0000000000000000,0.0000000000000000,0.0000000000000004,-0.2672530577483489,0.0000000000000000,2.9026275009163456,3.1378557038,189.630,2334.275,1665.3055,2.0884
0.8761849504069200,-0.0000000000000000,0.0000000000000000,-0.0000000000000013,-0.2675528851727422,0.0000000000000000,2.9031240396587656,3.1377561434,189.905,2334.297,1663.6361,2.0887
0.8762357102476221,-0.0000000000000000,0.0000000000000000,0.0000000000000036,-0.2678523070888060,0.0000000000000000,2.9036205784011853,3.1376566592,190.180,2334.320,1661.9692,2.0889
0.8762864110177195,-0.0000000000000000,0.0000000000000000,0.0000000000000023,-0.2681513248970672,0.0000000000000000,2.9041171171436053,3.1375572511,190.454,2334.342,1660.3048,2.0892
0.8763370528864520,-0.0000000000000000,0.0000000000000000,0.0000000000000027,-0.2684499399950417,0.0000000000000000,2.9046136558860254,3.1374579191,190.727,2334.364,1658.6428,2.0894
0.8763876360218663,-0.0000000000000000,0.0000000000000000,0.0000000000000020,-0.2687481537705256,0.0000000000000000,2.9051101946284454,3.1373586632,191.000,2334.387,1656.9832,2.0897
0.8764381605910957,0.0000000000000000,0.0000000000000000,0.0000000000000014,-0.2690459676034858,0.0000000000000000,2.9056067333708651,3.1372594831,191.272,2334.409,1655.3262,2.0899
0.8764886267603719,-0.0000000000000000,0.0000000000000000,0.0000000000000005,-0.2693433828661498,0.0000000000000000,2.9061032721132851,3.1371603788,191.543,2334.431,1653.6715,2.0902
0.8765390346950315,-0.0000000000000000,0.0000000000000000,0.0000000000000006,-0.2696404009230506,0.0000000000000000,2.9065998108557052,3.1370613503,191.814,2334.453,1652.0193,2.0904
0.8765893845595214,-0.0000000000000000,0.0000000000000000,0.0000000000000006,-0.2699370231310853,0.0000000000000000,2.9070963495981248,3.1369623974,192.084,2334.476,1650.3695,2.0907
0.8766396765174084,-0.0000000000000000,0.0000000000000000,-0.0000000000000009,-0.2702332508395952,0.0000000000000000,2.9075928883405449,3.1368635201,192.354,2334.498,1648.7222,2.0909
0.8766899107313839,-0.0000000000000000,0.0000000000000000,-0.0000000000000013,-0.2705290853903946,0.0000000000000000,2.9080894270829649,3.1367647183,192.623,2334.520,1647.0773,2.0912
0.8767400873632715,-0.0000000000000000,0.0000000000000000,-0.0000000000000002,-0.2708245281178510,0.0000000000000000,2.9085859658253850,3.1366659919,192.892,2334.542,1645.4348,2.0914
0.8767902065740332,-0.0000000000000000,0.0000000000000000,-0.0000000000000010,-0.2711195803489480,0.0000000000000000,2.9090825045678046,3.1365673408,193.160,2334.564,1643.7947,2.0917
0.8768402685237779,-0.0000000000000000,0.0000000000000000,-0.0000000000000042,-0.2714142434033409,0.0000000000000000,2.9095790433102247,3.1364687649,193.427,2334.586,1642.1571,2.0919
0.8768902733717691,-0.0000000000000000,0.0000000000000000,-0.0000000000000007,-0.2717085185933505,0.0000000000000000,2.9100755820526447,3.1363702643,193.694,2334.609,1640.5218,2.0922
0.8769402212764247,-0.0000000000000000,0.0000000000000000,0.0000000000000000,-0.2720024072241647,0.0000000000000000,2.9105721207950648,3.1362718386,193.960,2334.631,1638.8890,2.0924
0.8769901123953292,-0.0000000000000000,0.0000000000000000,0.0000000000000017,-0.2722959105937387,0.0000000000000000,2.9110686595374844,3.1361734880,194.226,2334.653,1637.2585,2.0927
0.8770399468852442,-0.0000000000000000,0.0000000000000000,0.0000000000000010,-0.2725890299929555,0.0000000000000000,2.9115651982799045,3.1360752123,194.491,2334.675,1635.6305,2.0929
0.8770897249021035,-0.0000000000000000,0.0000000000000000,-0.0000000000000014,-0.2728817667056189,0.0000000000000000,2.9120617370223245,3.1359770114,194.756,2334.697,1634.0048,2.0932
0.8771394466010287,-0.0000000000000000,0.0000000000000000,-0.0000000000000014,-0.2731741220085471,0.0000000000000000,2.9125582757647441,3.1358788853,195.020,2334.719,1632.3816,2.0934
0.8771891121363329,-0.0000000000000000,0.0000000000000000,0.0000000000000005,-0.2734660971716054,0.0000000000000000,2.9130548145071642,3.1357808338,195.283,2334.741,1630.7607,2.0937
0.8772387216615267,-0.0000000000000000,0.0000000000000000,0.0000000000000008,-0.2737576934577819,0.0000000000000000,2.9135513532495843,3.1356828569,195.546,2334.763,1629.1422,2.0939
0.8772882753291998,-0.0000000000000000,0.0000000000000000,0.0000000000002758,-0.2740489121227051,0.0000000000000000,2.9140478919920043,3.1355849545,195.809,2334.785,1627.5260,2.0942
0.8773377732916490,-0.0000000000000000,0.0000000000000000,-0.0000000000000011,-0.2743397544172400,0.0000000000000000,2.9145444307344239,3.1354871265,196.070,2334.807,1625.9123,2.0944
0.8773872156996505,-0.0000000000000000,0.0000000000000000,-0.0000000000000212,-0.2746302215825268,0.0000000000000000,2.9150409694768440,3.1353893729,196.332,2334.829,1624.3008,2.0947
0.8774366027036564,-0.0000000000000000,0.0000000000000000,-0.0000000000000003,-0.2749203148548937,0.0000000000000000,2.9155375082192641,3.1352916935,196.592,2334.851,1622.6918,2.0949
0.8774859344532837,-0.0000000000000000,0.0000000000000000,0.0000000000000116,-0.2752100354637286,0.0000000000000000,2.9160340469616841,3.1351940883,196.853,2334.873,1621.0851,2.0952
0.8775352110973635,-0.0000000000000000,0.0000000000000000,-0.0000000000000005,-0.2754993846318006,0.0000000000000000,2.9165305857041037,3.1350965572,197.112,2334.895,1619.4808,2.0954
0.8775844327757250,-0.0000000000000000,0.0000000000000000,-0.0000000000310639,-0.2757883635565303,0.0000000000000000,2.9170271244465238,3.1349991001,197.371,2334.917,1617.8788,2.0957
0.8776335996599554,-0.0000000000000001,0.0000000000000000,-0.0000000000014672,-0.2760769735027445,0.0000000000000000,2.9175236631889438,3.1349017170,197.630,2334.938,1616.2791,2.0959
0.8776827118733292,-0.0000000000000000,0.0000000000000000,0.0000000000010156,-0.2763652156208278,0.0000000000000000,2.9180202019313635,3.1348044076,197.888,2334.960,1614.6818,2.0961
0.8777317695678758,-0.0000000000000079,0.0000000000000000,-0.0000000000004015,-0.2766530911220016,0.0000000000000000,2.9185167406737835,3.1347071721,198.145,2334.982,1613.0868,2.0964
0.8777807728910382,-0.0000000000000005,0.0000000000000000,0.0000000000031082,-0.2769406012024436,0.0000000000000000,2.9190132794162036,3.1346100102,198.402,2335.004,1611.4942,2.0966
0.8778297219834655,-0.0000000000000004,0.0000000000000000,-0.0000000000021078,-0.2772277470374740,0.0000000000000000,2.9195098181586236,3.1345129220,198.659,2335.026,1609.9039,2.0969
0.8778786169927195,-0.0000000000000013,0.0000000000000000,-0.0000000000011224,-0.2775145298138488,0.0000000000000000,2.9200063569010433,3.1344159073,198.915,2335.048,1608.3159,2.0971
0.8779274580586565,-0.0000000000000004,0.0000000000000000,-0.0000000000054493,-0.2778009506966959,0.0000000000000000,2.9205028956434633,3.1343189660,199.170,2335.069,1606.7302,2.0974
0.8779762453275405,-0.0000000000000006,0.0000000000000000,0.0000000000001023,-0.2780870108613146,0.0000000000000000,2.9209994343858834,3.1342220981,199.425,2335.091,1605.1468,2.0976
0.8780249789367621,-0.0000000000000005,0.0000000000000000,0.0000000000003305,-0.2783727114577448,0.0000000000000000,2.9214959731283034,3.1341253035,199.679,2335.113,1603.5657,2.0979
0.8780736590301573,-0.0000000000000016,0.0000000000000000,0.0000000000065408,-0.2786580536470140,0.0000000000000000,2.9219925118707231,3.1340285821,199.933,2335.135,1601.9870,2.0981
0.8781222857426934,-0.0000000000000000,0.0000000000000000,0.0000000000000005,-0.2789430385642217,0.0000000000000000,2.9224890506131431,3.1339319339,200.186,2335.156,1600.4105,2.0984
0.8781708592189592,0.0000000000000000,0.0000000000000000,-0.0000000000000001,-0.2792276673631415,0.0000000000000000,2.9229855893555632,3.1338353586,200.439,2335.178,1598.8363,2.0986
0.8782193795958675,-0.0000000000000000,0.0000000000000000,-0.0000000000000005,-0.2795119411753365,0.0000000000000000,2.9234821280979832,3.1337388564,200.692,2335.200,1597.2645,2.0988
0.8782678470114105,0.0000000000000000,0.0000000000000000,0.0000000000000005,-0.2797958611305130,0.0000000000000000,2.9239786668404029,3.1336424270,200.943,2335.221,1595.6949,2.0991
0.8783162616029038,-0.0000000000000000,0.0000000000000000,0.0000000000000009,-0.2800794283525578,0.0000000000000000,2.9244752055828229,3.1335460705,201.195,2335.243,1594.1276,2.0993
0.8783646235069867,-0.0000000000000000,0.0000000000000000,0.0000000000000002,-0.2803626439595571,0.0000000000000000,2.9249717443252430,3.1334497867,201.445,2335.264,1592.5625,2.0996
0.8784129328596324,0.0000000000000000,0.0000000000000000,-0.0000000000000039,-0.2806455090638581,0.0000000000000000,2.9254682830676630,3.1333535755,201.696,2335.286,1590.9998,2.0998
0.8784611897961349,0.0000000000000000,0.0000000000000000,0.0000000000000037,-0.2809280247720427,0.0000000000000000,2.9259648218100827,3.1332574369,201.946,2335.308,1589.4393,2.1001
0.8785093944511518,-0.0000000000000000,0.0000000000000000,0.0000000000000000,-0.2812101921851062,0.0000000000000000,2.9264613605525027,3.1331613708,202.195,2335.329,1587.8811,2.1003
0.8785575469587079,-0.0000000000000000,0.0000000000000000,-0.0000000000000014,-0.2814920123986446,0.0000000000000000,2.9269578992949228,3.1330653771,202.444,2335.351,1586.3251,2.1006
0.8786056474515527,-0.0000000000000080,0.0000000000000000,-0.0000000000017750,-0.2817734865003080,0.0000000000000000,2.9274544380373424,3.1329694558,202.692,2335.372,1584.7714,2.1008
0.8786536960650481,-0.0000000000000000,0.0000000000000000,0.0000000000043825,-0.2820546155811710,0.0000000000000000,2.9279509767797625,3.1328736067,202.940,2335.394,1583.2200,2.1010
0.8787016929197419,-0.0000000000000000,0.0000000000000000,-0.0000000000250028,-0.2823354006935465,0.0000000000000000,2.9284475155221825,3.1327778298,203.187,2335.415,1581.6708,2.1013
0.8787496381718936,-0.0000000000000001,0.0000000000000000,0.0000000000039715,-0.2826158429674219,0.0000000000000000,2.9289440542646026,3.1326821250,203.434,2335.437,1580.1238,2.1015
0.8787975319290606,-0.0000000000000000,0.0000000000000000,0.0000000000037304,-0.2828959434171083,0.0000000000000000,2.9294405930070222,3.1325864922,203.680,2335.458,1578.5791,2.1018
0.8788453743284744,-0.0000000000000007,0.0000000000000000,0.0000000000008676,-0.2831757031214042,0.0000000000000000,2.9299371317494423,3.1324909313,203.926,2335.480,1577.0366,2.1020
0.8788931655008507,-0.0000000000000000,0.0000000000000000,-0.0000000000000009,-0.2834551231400738,0.0000000000000000,2.9304336704918623,3.1323954424,204.172,2335.501,1575.4964,2.1022
0.8789409055748627,-0.0000000000000000,0.0000000000000000,0.0000000000000009,-0.2837342045242667,0.0000000000000000,2.9309302092342824,3.1323000252,204.416,2335.523,1573.9584,2.1025
0.8789885946785584,-0.0000000000000000,0.0000000000000000,-0.0000000000000038,-0.2840129483198939,0.0000000000000000,2.9314267479767020,3.1322046797,204.661,2335.544,1572.4226,2.1027
0.8790362329396181,-0.0000000000000000,0.0000000000000000,0.0000000000000002,-0.2842913555681276,0.0000000000000000,2.9319232867191221,3.1321094058,204.905,2335.565,1570.8890,2.1030
0.8790838204851625,0.0000000000000000,0.0000000000000000,-0.0000000000000015,-0.2845694273052247,0.0000000000000000,2.9324198254615421,3.1320142035,205.148,2335.587,1569.3576,2.1032
0.8791313574417529,-0.0000000000000000,0.0000000000000000,0.0000000000005266,-0.2848471645618056,0.0000000000000000,2.9329163642039617,3.1319190727,205.391,2335.608,1567.8285,2.1035
0.8791788439366343,-0.0000000000000081,0.0000000000000000,0.0000000000066550,-0.2851245683671025,0.0000000000000000,2.9334129029463818,3.1318240133,205.634,2335.630,1566.3016,2.1037
0.8792262800899847,-0.0000000000000000,0.0000000000000000,-0.0000000000008544,-0.2854016397298972,0.0000000000000000,2.9339094416888019,3.1317290252,205.876,2335.651,1564.7768,2.1039
0.8792736660338238,-0.0000000000000001,0.0000000000000000,0.0000000000049750,-0.2856783796829139,0.0000000000000000,2.9344059804312219,3.1316341083,206.118,2335.672,1563.2543,2.1042
0.8793210018864530,-0.0000000000000000,0.0000000000000000,0.0000000000032508,-0.2859547892221478,0.0000000000000000,2.9349025191736415,3.1315392626,206.359,2335.693,1561.7340,2.1044
0.8793682877741749,-0.0000000000000004,0.0000000000000000,0.0000000000036180,-0.2862308693608941,0.0000000000000000,2.9353990579160616,3.1314444880,206.599,2335.715,1560.2158,2.1047
0.8794155238182586,0.0000000000000000,0.0000000000000000,-0.0000000000001006,-0.2865066210952697,0.0000000000000000,2.9358955966584817,3.1313497844,206.840,2335.736,1558.6999,2.1049
0.8794627101431074,-0.0000000000000000,0.0000000000000000,0.0000000000000009,-0.2867820454256765,0.0000000000000000,2.9363921354009017,3.1312551518,207.079,2335.757,1557.1861,2.1051
0.8795098468696397,0.0000000000000000,0.0000000000000000,0.0000000000000024,-0.2870571433409089,0.0000000000000000,2.9368886741433213,3.1311605900,207.319,2335.778,1555.6745,2.1054
0.8795569341190851,-0.0000000000000000,0.0000000000000000,-0.0000000000000001,-0.2873319158268643,0.0000000000000000,2.9373852128857414,3.1310660990,207.558,2335.800,1554.1651,2.1056
0.8796039720121959,0.0000000000000000,0.0000000000000000,-0.0000000000000059,-0.2876063638650996,0.0000000000000000,2.9378817516281615,3.1309716786,207.796,2335.821,1552.6579,2.1059
0.8796509606702343,-0.0000000000000081,0.0000000000000000,0.0000000000049383,-0.2878804884335515,0.0000000000000000,2.9383782903705815,3.1308773290,208.034,2335.842,1551.1528,2.1061
0.8796979002090676,-0.0000000000000000,0.0000000000000000,0.0000000000000047,-0.2881542904967583,0.0000000000000000,2.9388748291130011,3.1307830498,208.271,2335.863,1549.6499,2.1063
0.8797447907520157,-0.0000000000000076,0.0000000000000000,0.0000000000015666,-0.2884277710305506,0.0000000000000000,2.9393713678554212,3.1306888412,208.509,2335.884,1548.1491,2.1066
