x0,y0,z0,xd0,yd0,zd0,Tp,JC,stabilityIndex1,stabilityIndex2,alpha,beta,impactFlag,error
1.0072193777747296,0.0,0.0635517219538559,0.0034129100342094,0.5396299115975354,-0.0028294448899120,5.5273060265544256,3.0233918220842830,514.7966,2.0000,-516.7965,1031.5707,0,1.3e-11
1.0072193777747471,0.0,0.0635517219538079,0.0034129100314267,0.5396299115977712,-0.0028294448876017,5.5273060265531022,3.0233918220842928,514.7966,2.0000,-516.7965,1031.5707,0,4.2e-12
1.0072191503112442,0.0,0.0635514564031439,0.0038994108054359,0.5396271594498522,-0.0032327632816723,5.5273280665559650,3.0233905562479997,514.7912,1.9999,-516.7912,1031.5531,0,6.9e-12
1.0072188871282768,0.0,0.0635511491603264,0.0043956251344409,0.5396239750725498,-0.0036441298470560,5.5273535679493087,3.0233890916393631,514.7850,1.9999,-516.7849,1031.5327,0,1.1e-12
1.0072185862574548,0.0,0.0635507979312361,0.0049017444093513,0.5396203346275834,-0.0040637023741090,5.5273827216229359,3.0233874173075530,514.7779,1.9999,-516.7778,1031.5095,0,1.6e-11
1.0072182456413963,0.0,0.0635504003187340,0.0054179635973122,0.5396162131943071,-0.0044916415321331,5.5274157271282220,3.0233855218070746,514.7699,1.9999,-516.7698,1031.4831,0,3.9e-11
1.0072178631299593,0.0,0.0635499538181843,0.0059444812949209,0.5396115847264353,-0.0049281109068149,5.5274527930379378,3.0233833931773444,514.7609,1.9999,-516.7608,1031.4536,0,1.3e-12
1.0072174364766058,0.0,0.0635494558137772,0.0064814997811639,0.5396064220016128,-0.0053732770369835,5.5274941373255482,3.0233810189218353,514.7509,1.9998,-516.7507,1031.4206,0,1.9e-11
1.0072169633343722,0.0,0.0635489035734273,0.0070292250702051,0.5396006965762363,-0.0058273094507713,5.5275399877500311,3.0233783859860619,514.7397,1.9998,-516.7395,1031.3840,0,4.6e-11
1.0072164412516136,0.0,0.0635482942445053,0.0075878669638097,0.5395943787334497,-0.0062903807009251,5.5275905822591520,3.0233754807349080,514.7274,1.9998,-516.7272,1031.3436,0,7.3e-12
1.0072158676680505,0.0,0.0635476248490844,0.0081576391032948,0.5395874374300603,-0.0067626663991795,5.5276461694137264,3.0233722889293073,514.7139,1.9998,-516.7137,1031.2993,0,1.5e-11
1.0072152399101328,0.0,0.0635468922787533,0.0087387590209898,0.5395798402438269,-0.0072443452496807,5.5277070088168623,3.0233687957017570,514.6991,1.9997,-516.6989,1031.2507,0,8.2e-12
1.0072145551866130,0.0,0.0635460932898528,0.0093314481910299,0.5395715533149815,-0.0077355990811487,5.5277733715712163,3.0233649855312574,514.6830,1.9997,-516.6827,1031.1978,0,3.9e-12
1.0072138105837474,0.0,0.0635452244979000,0.0099359320794166,0.5395625412893394,-0.0082366128778374,5.5278455407444422,3.0233608422171212,514.6655,1.9996,-516.6651,1031.1402,0,2.0e-11
1.0072130030603805,0.0,0.0635442823723575,0.0105524401931717,0.5395527672564433,-0.0087475748090258,5.5279238118536140,3.0233563488520057,514.6465,1.9996,-516.6461,1031.0778,0,1.7e-11
1.0072121294430394,0.0,0.0635432632309454,0.0111812061284391,0.5395421926865701,-0.0092686762568435,5.5280084933769595,3.0233514877940486,514.6259,1.9995,-516.6255,1031.0103,0,3.2e-11
1.0072111864204651,0.0,0.0635421632339249,0.0118224676174865,0.5395307773653898,-0.0098001118424822,5.5280999072675669,3.0233462406378395,514.6037,1.9995,-516.6032,1030.9374,0,1.9e-11
1.0072101705383725,0.0,0.0635409783779918,0.0124764665743454,0.5395184793265156,-0.0103420794503301,5.5281983895016555,3.0233405881846225,514.5798,1.9994,-516.5793,1030.8588,0,1.2e-11
1.0072090781936704,0.0,0.0635397044903806,0.0131434491389397,0.5395052547802620,-0.0108947802500697,5.5283042906368660,3.0233345104113449,514.5542,1.9994,-516.5535,1030.7743,0,1.7e-11
1.0072079056288519,0.0,0.0635383372222914,0.0138236657196060,0.5394910580416965,-0.0114584187163832,5.5284179763981065,3.0233279864388312,514.5266,1.9993,-516.5259,1030.6837,0,2.6e-12
1.0072066489258349,0.0,0.0635368720424029,0.0145173710337477,0.5394758414554283,-0.0120332026462414,5.5285398282734759,3.0233209944986945,514.4970,1.9992,-516.4962,1030.5865,0,1.9e-12
1.0072053039997986,0.0,0.0635353042305171,0.0152248241463828,0.5394595553156486,-0.0126193431732381,5.5286702441458049,3.0233135118994303,514.4654,1.9991,-516.4645,1030.4825,0,3.2e-11
1.0072038665928231,0.0,0.0635336288703756,0.0159462885064671,0.5394421477867987,-0.0132170547791088,5.5288096389349013,3.0233055149912422,514.4316,1.9990,-516.4306,1030.3714,0,1.9e-11
1.0072023322673720,0.0,0.0635318408425449,0.0166820319807429,0.5394235648199526,-0.0138265553018990,5.5289584452650651,3.0232969791299253,514.3955,1.9990,-516.3945,1030.2527,0,8.6e-12
1.0072006963992064,0.0,0.0635299348175043,0.0174323268847767,0.5394037500650841,-0.0144480659405976,5.5291171141597486,3.0232878786394060,514.3571,1.9989,-516.3559,1030.1262,0,1.7e-11
1.0071989541706636,0.0,0.0635279052480749,0.0181974500110456,0.5393826447816732,-0.0150818112559669,5.5292861157555544,3.0232781867734957,514.3161,1.9988,-516.3149,1029.9915,0,1.8e-11
1.0071971005632234,0.0,0.0635257463617067,0.0189776826537246,0.5393601877470907,-0.0157280191673105,5.5294659400402235,3.0232678756761735,514.2726,1.9986,-516.2712,1029.8481,0,5.6e-12
1.0071951303500868,0.0,0.0635234521531135,0.0197733106299243,0.5393363151587501,-0.0163869209446636,5.5296570976181441,3.0232569163409675,514.2263,1.9985,-516.2248,1029.6958,0,1.7e-11
1.0071930380886329,0.0,0.0635210163757384,0.0205846242969875,0.5393109605380585,-0.0170587511963683,5.5298601204998183,3.0232452785690973,514.1772,1.9984,-516.1756,1029.5340,0,2.3e-11
1.0071908181122478,0.0,0.0635184325344239,0.0214119185656619,0.5392840546248941,-0.0177437478513506,5.5300755629140319,3.0232329309264330,514.1250,1.9983,-516.1233,1029.3623,0,1.1e-11
1.0071884645224387,0.0,0.0635156938767376,0.0222554929085959,0.5392555252739694,-0.0184421521359614,5.5303040021513654,3.0232198406994071,514.0698,1.9981,-516.0679,1029.1803,0,1.2e-11
1.0071859711804632,0.0,0.0635127933844822,0.0231156513639608,0.5392252973466062,-0.0191542085448583,5.5305460394321742,3.0232059738497381,514.0113,1.9980,-516.0093,1028.9874,0,2.9e-11
1.0071833316986067,0.0,0.0635097237656995,0.0239927025337890,0.5391932925961980,-0.0198801648055478,5.5308023007968297,3.0231912949679653,513.9494,1.9978,-515.9472,1028.7833,0,3.0e-12
1.0071805394316489,0.0,0.0635064774453894,0.0248869595763877,0.5391594295553330,-0.0206202718361179,5.5310734380320801,3.0231757672260375,513.8839,1.9977,-515.8815,1028.5673,0,1.7e-11
1.0071775874675837,0.0,0.0635030465573600,0.0257987401927703,0.5391236234141731,-0.0213747836956835,5.5313601296156492,3.0231593523285634,513.8147,1.9975,-515.8122,1028.3389,0,3.3e-11
1.0071744686185624,0.0,0.0634994229351712,0.0267283666062640,0.5390857858985321,-0.0221439575270809,5.5316630816950090,3.0231420104632529,513.7416,1.9973,-515.7389,1028.0977,0,1.8e-11
1.0071711754115258,0.0,0.0634955981030672,0.0276761655349786,0.5390458251443648,-0.0229280534912116,5.5319830290947696,3.0231237002501827,513.6644,1.9971,-515.6615,1027.8429,0,1.6e-11
1.0071677000783252,0.0,0.0634915632674858,0.0286424681567122,0.5390036455659406,-0.0237273346926300,5.5323207363436726,3.0231043786900358,513.5830,1.9969,-515.5799,1027.5741,0,4.0e-11
1.0071640345461792,0.0,0.0634873093072877,0.0296276100654588,0.5389591477258604,-0.0245420670956658,5.5326769987411657,3.0230840011115090,513.4972,1.9967,-515.4939,1027.2905,0,6.1e-12
1.0071601704273825,0.0,0.0634828267657041,0.0306319312191734,0.5389122281936595,-0.0253725194304008,5.5330526434439493,3.0230625211177626,513.4068,1.9965,-515.4032,1026.9915,0,2.4e-12
1.0071560990092043,0.0,0.0634781058407417,0.0316557758781955,0.5388627794081776,-0.0262189630881974,5.5334485305811674,3.0230398905320111,513.3116,1.9962,-515.3078,1026.6765,0,4.8e-12
1.0071518112435371,0.0,0.0634731363762196,0.0326994925333641,0.5388106895335046,-0.0270816720057219,5.5338655544032243,3.0230160593424493,513.2113,1.9960,-515.2073,1026.3447,0,2.9e-11
1.0071472977362577,0.0,0.0634679078533568,0.0337634338235938,0.5387558423093179,-0.0279609225368904,5.5343046444525035,3.0229909756464619,513.1058,1.9957,-515.1015,1025.9954,0,1.9e-11
1.0071425487365513,0.0,0.0634624093816818,0.0348479564418936,0.5386981169016192,-0.0288569933122663,5.5347667667595406,3.0229645855942437,512.9949,1.9954,-514.9903,1025.6278,0,2.3e-11
1.0071375541260761,0.0,0.0634566296907076,0.0359534210290797,0.5386373877471123,-0.0297701650846759,5.5352529250721920,3.0229368333320088,512.8783,1.9951,-514.8734,1025.2413,0,1.8e-11
1.0071323034080990,0.0,0.0634505571211933,0.0370801920545985,0.5385735243972841,-0.0307007205606860,5.5357641621041402,3.0229076609448589,512.7558,1.9948,-514.7506,1024.8349,0,1.2e-11
1.0071267856962816,0.0,0.0634441796176505,0.0382286376833649,0.5385063913548034,-0.0316489442167636,5.5363015608105819,3.0228770083993908,512.6272,1.9944,-514.6216,1024.4077,0,3.9e-12
1.0071209897037745,0.0,0.0634374847199472,0.0393991296280046,0.5384358479123491,-0.0326151220995789,5.5368662456859035,3.0228448134863783,512.4921,1.9941,-514.4862,1023.9590,0,7.2e-12
1.0071149037319076,0.0,0.0634304595563644,0.0405920429852951,0.5383617479837854,-0.0335995416092092,5.5374593840857909,3.0228110117634528,512.3504,1.9937,-514.3442,1023.4878,0,1.8e-11
1.0071085156591233,0.0,0.0634230908362198,0.0418077560561735,0.5382839399365674,-0.0346024912646703,5.5380821875665847,3.0227755364981954,512.2018,1.9933,-514.1951,1022.9932,0,4.8e-12
1.0071018129298281,0.0,0.0634153648435734,0.0430466501480246,0.5382022664189908,-0.0356242604504648,5.5387359132455307,3.0227383186117249,512.0459,1.9929,-514.0389,1022.4741,0,1.1e-11
1.0070947825432219,0.0,0.0634072674314607,0.0443091093583726,0.5381165641856268,-0.0366651391433644,5.5394218651764326,3.0226992866230260,511.8826,1.9925,-513.8751,1021.9297,0,2.3e-11
1.0070874110424171,0.0,0.0633987840163251,0.0455955203388264,0.5380266639228998,-0.0377254176183830,5.5401413957397629,3.0226583665943050,511.7115,1.9921,-513.7035,1021.3587,0,1.7e-11
1.0070796845035337,0.0,0.0633898995736321,0.0469062720381460,0.5379323900711653,-0.0388053861327993,5.5408959070432502,3.0226154820776054,511.5322,1.9916,-513.5238,1020.7601,0,4.1e-12
1.0070715885250108,0.0,0.0633805986341644,0.0482417554232262,0.5378335606463704,-0.0399053345870800,5.5416868523330471,3.0225705540630252,511.3446,1.9911,-513.3357,1020.1329,0,1.9e-11
1.0070631082171480,0.0,0.0633708652815504,0.0496023631767909,0.5377299870595172,-0.0410255521616437,5.5425157374078049,3.0225235009288203,511.1483,1.9906,-513.1388,1019.4758,0,4.0e-12
1.0070542281921449,0.0,0.0633606831497902,0.0509884893704979,0.5376214739408361,-0.0421663269285841,5.5433841220330340,3.0224742383937895,510.9429,1.9900,-512.9329,1018.7876,0,3.8e-12
1.0070449325540447,0.0,0.0633500354236769,0.0524005291120183,0.5375078189562030,-0.0433279454363232,5.5442936213572693,3.0224226794722617,510.7281,1.9894,-512.7175,1018.0671,0,3.6e-12
1.0070352048895965,0.0,0.0633389048387065,0.0538388781649887,0.5373888126326795,-0.0445106922671585,5.5452459073131806,3.0223687344321881,510.5035,1.9888,-512.4924,1017.3129,0,8.3e-12
1.0070250282593016,0.0,0.0633272736835497,0.0553039325399532,0.5372642381803135,-0.0457148495654225,5.5462427100122023,3.0223123107566936,510.2689,1.9882,-512.2571,1016.5239,0,4.4e-11
1.0070143851890636,0.0,0.0633151238037675,0.0567960880552882,0.5371338713176516,-0.0469406965355808,5.5472858191152303,3.0222533131096241,510.0238,1.9876,-512.0113,1015.6985,0,3.5e-12
1.0070032576627088,0.0,0.0633024366067595,0.0583157398660963,0.5369974801023689,-0.0481885089088671,5.5483770851831853,3.0221916433056055,509.7678,1.9869,-511.7547,1014.8353,0,1.9e-11
1.0069916271149446,0.0,0.0632891930692707,0.0598632819598428,0.5368548247627187,-0.0494585583770377,5.5495184209915696,3.0221272002851123,509.5006,1.9861,-511.4868,1013.9330,0,3.6e-12
1.0069794744253773,0.0,0.0632753737464631,0.0614391066169261,0.5367056575358223,-0.0507511119920856,5.5507118028073235,3.0220598800952225,509.2218,1.9854,-511.2072,1012.9899,0,1.7e-11
1.0069667799134350,0.0,0.0632609587830136,0.0630436038344101,0.5365497225128267,-0.0520664315306556,5.5519592716173163,3.0219895758765927,508.9310,1.9846,-510.9156,1012.0045,0,3.4e-11
1.0069535233343301,0.0,0.0632459279268624,0.0646771607113526,0.5363867554897293,-0.0534047728216626,5.5532629343001236,3.0219161778574155,508.6278,1.9837,-510.6115,1010.9753,0,4.5e-12
1.0069396838761804,0.0,0.0632302605453603,0.0663401607937444,0.5362164838274424,-0.0547663850359716,5.5546249647308086,3.0218395733549732,508.3117,1.9828,-510.2945,1009.9005,0,6.8e-12
1.0069252401584621,0.0,0.0632139356441336,0.0680329833773074,0.5360386263216562,-0.0561515099367692,5.5560476048082448,3.0217596467856800,507.9823,1.9819,-509.9642,1008.7785,0,1.4e-11
1.0069101702319276,0.0,0.0631969318886983,0.0697560027662200,0.5358528930850129,-0.0575603810895157,5.5575331653933562,3.0216762796842405,507.6392,1.9809,-509.6202,1007.6074,0,3.4e-11
1.0068944515800760,0.0,0.0631792276292975,0.0715095874858092,0.5356589854418434,-0.0589932230300873,5.5590840271444364,3.0215893507329112,507.2820,1.9799,-509.2619,1006.3856,0,9.4e-13
1.0068780611223664,0.0,0.0631608009291492,0.0732940994471469,0.5354565958373353,-0.0604502503897676,5.5607026412396792,3.0214987358017469,506.9102,1.9789,-508.8890,1005.1111,0,1.1e-11
1.0068609752193369,0.0,0.0631416295958225,0.0751098930616354,0.5352454077656891,-0.0619316669764422,5.5623915299663862,3.0214043080006134,506.5233,1.9778,-508.5011,1003.7820,0,9.7e-12
1.0068431696797835,0.0,0.0631216912169226,0.0769573143032418,0.5350250957143680,-0.0634376648101196,5.5641532871659889,3.0213059377442026,506.1209,1.9766,-508.0975,1002.3964,0,2.0e-11
1.0068246197701871,0.0,0.0631009631991205,0.0788366997165400,0.5347953251328567,-0.0649684231125065,5.5659905785144543,3.0212034928308089,505.7026,1.9754,-507.6780,1000.9523,0,6.2e-11
1.0068053002265189,0.0,0.0630794228118979,0.0807483753679969,0.5345557524225371,-0.0665241072489419,5.5679061416214530,3.0210968385361952,505.2679,1.9741,-507.2420,999.4476,0,3.9e-12
1.0067851852688561,0.0,0.0630570472350696,0.0826926557384546,0.5343060249559952,-0.0681048676223774,5.5699027859271997,3.0209858377234795,504.8163,1.9728,-506.7890,997.8803,0,7.5e-12
1.0067642486185309,0.0,0.0630338136117446,0.0846698425544711,0.5340457811219490,-0.0697108385179057,5.5719833923758468,3.0208703509703088,504.3473,1.9714,-506.3187,996.2481,0,3.1e-11
1.0067424635186553,0.0,0.0630096991051617,0.0866802235559929,0.5337746504070690,-0.0713421368978673,5.5741509128422884,3.0207502367145072,503.8605,1.9699,-505.8304,994.5489,0,2.0e-11
1.0067198027576785,0.0,0.0629846809613751,0.0887240711980747,0.5334922535098641,-0.0729988611460913,5.5764083692877922,3.0206253514194574,503.3555,1.9684,-505.3238,992.7803,0,3.6e-12
1.0066962386966287,0.0,0.0629587365765723,0.0908016412840017,0.5331982024968808,-0.0746810897613888,5.5787588526171392,3.0204955497605104,502.8317,1.9667,-504.7984,990.9402,0,3.4e-11
1.0066717432999186,0.0,0.0629318435705481,0.0929131715272853,0.5328921009988162,-0.0763888799992143,5.5812055212097906,3.0203606848337352,502.2886,1.9651,-504.2537,989.0262,0,3.1e-11
1.0066462881704721,0.0,0.0629039798647134,0.0950588800397492,0.5325735444590849,-0.0781222664620916,5.5837515990932065,3.0202206083885086,501.7260,1.9633,-503.6893,987.0358,0,2.6e-11
1.0066198445888115,0.0,0.0628751237669813,0.0972389637430712,0.5322421204292378,-0.0798812596375754,5.5864003737262422,3.0200751710851419,501.1432,1.9614,-503.1046,984.9666,0,2.2e-11
1.0065923835568660,0.0,0.0628452540622026,0.0994535967006912,0.5318974089226908,-0.0816658443842865,5.5891551933574473,3.0199242227792089,500.5398,1.9595,-502.4994,982.8162,0,2.7e-11
1.0065638758466409,0.0,0.0628143501083399,0.1017029283672463,0.5315389828318015,-0.0834759783663263,5.5920194639197298,3.0197676128339555,499.9155,1.9575,-501.8730,980.5819,0,2.4e-11
1.0065342920539986,0.0,0.0627823919391977,0.1039870817522058,0.5311664084102473,-0.0853115904357162,5.5949966454216833,3.0196051904622965,499.2698,1.9554,-501.2252,978.2614,0,3.8e-11
1.0065036026578338,0.0,0.0627493603735235,0.1063061514945189,0.5307792458278021,-0.0871725789634416,5.5980902477919541,3.0194368051000273,498.6023,1.9532,-500.5554,975.8519,0,1.9e-11
1.0064717780851316,0.0,0.0627152371300125,0.1086602018446973,0.5303770498062713,-0.0890588101199715,5.6013038261299393,3.0192623068116951,497.9126,1.9508,-499.8634,973.3508,0,1.4e-11
1.0064387887820838,0.0,0.0626800049488815,0.1110492645506660,0.5299593703400295,-0.0909701161054556,5.6046409753132291,3.0190815467308645,497.2003,1.9484,-499.1487,970.7555,0,2.2e-11
1.0064046052915974,0.0,0.0626436477199108,0.1134733366435236,0.5295257535087339,-0.0929062933305254,5.6081053239080871,3.0188943775363088,496.4651,1.9459,-498.4110,968.0633,0,3.9e-11
1.0063691983377472,0.0,0.0626061506163052,0.1159323781189406,0.5290757423925605,-0.0948671005490122,5.6117005273273586,3.0187006539657619,495.7067,1.9432,-497.6499,965.2714,0,6.9e-12
1.0063325389172730,0.0,0.0625675002351207,0.1184263095101335,0.5286088780938550,-0.0968522569433162,5.6154302601702177,3.0185002333689859,494.9247,1.9405,-496.8652,962.3771,0,3.4e-11
1.0062945983987290,0.0,0.0625276847434222,0.1209550093474713,0.5281247008771687,-0.0988614401640270,5.6192982076840394,3.0182929763016983,494.1190,1.9375,-496.0565,959.3778,0,5.8e-12
1.0062553486295820,0.0,0.0624866940302230,0.1235183115001278,0.5276227514354026,-0.1008942843253996,5.6233080562737889,3.0180787471621349,493.2891,1.9345,-495.2236,956.2705,0,1.1e-11
1.0062147620516904,0.0,0.0624445198639264,0.1261160023947142,0.5271025722918175,-0.1029503779584002,5.6274634829857622,3.0178574148719024,492.4351,1.9313,-494.3664,953.0525,0,1.7e-11
1.0061728118255686,0.0,0.0624011560550026,0.1287478181057629,0.5265637093477822,-0.1050292619235584,5.6317681438853393,3.0176288536027651,491.5566,1.9280,-493.4846,949.7212,0,2.1e-11
1.0061294719639444,0.0,0.0623565986232192,0.1314134413128316,0.5260057135882694,-0.1071304272862672,5.6362256612441852,3.0173929435511324,490.6535,1.9245,-492.5781,946.2736,0,2.3e-12
1.0060847174750511,0.0,0.0623108459690695,0.1341124981192376,0.5254281429558074,-0.1092533131577215,5.6408396094465365,3.0171495717617161,489.7259,1.9209,-491.6467,942.7071,0,5.2e-13
1.0060385245159809,0.0,0.0622638990490822,0.1368445547276266,0.5248305644033523,-0.1113973045050294,5.6456134995199836,3.0168986330020453,488.7735,1.9171,-490.6906,939.0190,0,9.4e-13
1.0059908705568303,0.0,0.0622157615537517,0.1396091139680181,0.5242125561410070,-0.1135617299356177,5.6505507621933813,3.0166400306892194,487.7965,1.9131,-489.7096,935.2065,0,2.1e-11
1.0059417345558321,0.0,0.0621664400877829,0.1424056116755954,0.5235737100866703,-0.1157458594618757,5.6556547293749011,3.0163736778701988,486.7949,1.9089,-488.7038,931.2670,0,2.5e-11
1.0058910971460489,0.0,0.0621159443516896,0.1452334129160732,0.5229136345333241,-0.1179489022531988,5.6609286139517012,3.0160994982567035,485.7688,1.9046,-487.6734,927.1979,0,8.8e-12
1.0058389408340853,0.0,0.0620642873232109,0.1480918080595377,0.5222319570474645,-0.1201700043860195,5.6663754878012700,3.0158174273154370,484.7184,1.9001,-486.6185,922.9966,0,1.6e-11
1.0057852502110454,0.0,0.0620114854379284,0.1509800087064468,0.5215283276074353,-0.1224082466034493,5.6719982579141357,3.0155274134139023,483.6440,1.8953,-485.5394,918.6608,0,1.2e-12
1.0057300121760488,0.0,0.0619575587673529,0.1538971434738946,0.5208024219937202,-0.1246626421012598,5.6777996405306919,3.0152294190213520,482.5459,1.8904,-484.4363,914.1880,0,4.4e-11
1.0056732161724935,0.0,0.0619025311927284,0.1568422536561166,0.5200539454404199,-0.1269321343606344,5.6837821332066731,3.0149234219637200,481.4244,1.8852,-483.3096,909.5759,0,7.3e-12
1.0056148544369301,0.0,0.0618464305729628,0.1598142887806541,0.5192826365525752,-0.1292155950541426,5.6899479847426360,3.0146094167299382,480.2800,1.8798,-482.1598,904.8225,0,1.1e-11
1.0055549222602378,0.0,0.0617892889040901,0.1628121020926775,0.5184882714931476,-0.1315118220593421,5.6962991629297619,3.0142874158257511,479.1133,1.8741,-480.9874,899.9256,0,9.3e-12
1.0054934182604374,0.0,0.0617311424680465,0.1658344460109683,0.5176706684351191,-0.1338195376221189,5.7028373201227174,3.0139574511689249,477.9248,1.8683,-479.7930,894.8835,0,6.8e-12
1.0054303446660693,0.0,0.0616720319673202,0.1688799676175373,0.5168296922701142,-0.1361373867251034,5.7095637566753021,3.0136195755171986,476.7153,1.8621,-478.5774,889.6946,0,2.6e-11
1.0053657076082319,0.0,0.0616120026422765,0.1719472042611869,0.5159652595527722,-0.1384639357281666,5.7164793823713937,3.0132738639170498,475.4855,1.8557,-477.3412,884.3573,0,2.5e-11
1.0052995174188986,0.0,0.0615511043669213,0.1750345793808962,0.5150773436496340,-0.1407976713653797,5.7235846760578655,3.0129204151570681,474.2363,1.8490,-476.0853,878.8704,0,7.7e-12
1.0052317889319633,0.0,0.0614893917181444,0.1781403986842539,0.5141659800466857,-0.1431370002014956,5.7308796438114831,3.0125593532048347,472.9686,1.8421,-474.8107,873.2330,0,9.3e-12
1.0051625417822787,0.0,0.0614269240132548,0.1812628468507737,0.5132312717483186,-0.1454802486721930,5.7383637761161710,3.0121908285998256,471.6836,1.8348,-473.5184,867.4445,0,3.2e-11
1.0050918006966378,0.0,0.0613637653089988,0.1843999849699122,0.5122733946816338,-0.1478256638576054,5.7460360047073840,3.0118150197676754,470.3822,1.8272,-472.2095,861.5045,0,6.3e-12
1.0050195957687580,0.0,0.0612999843554382,0.1875497489680926,0.5112926029879294,-0.1501714151628793,5.7538946599553986,3.0114321342126757,469.0659,1.8194,-470.8853,855.4130,0,4.7e-11
1.0049459627086454,0.0,0.0612356544959886,0.1907099493267943,0.5102892340582742,-0.1525155971080288,5.7619374299082224,3.0110424095359081,467.7358,1.8112,-469.5470,849.1703,0,2.3e-11
1.0048709430542004,0.0,0.0611708535057509,0.1938782724427069,0.5092637131273799,-0.1548562334525949,5.7701613223980601,3.0106461142161005,466.3934,1.8027,-468.1962,842.7775,0,9.5e-12
1.0047945843312382,0.0,0.0611056633574963,0.1970522840278262,0.5082165572133645,-0.1571912829048543,5.7785626319205479,3.0102435480799130,465.0402,1.7939,-466.8341,836.2356,0,3.2e-11
1.0047169401451381,0.0,0.0610401699070123,0.2002294349863923,0.5071483781402986,-0.1595186466763881,5.7871369133123753,3.0098350423779068,463.6778,1.7847,-465.4625,829.5465,0,1.8e-11
1.0046380701857613,0.0,0.0609744624876927,0.2034070702320480,0.5060598843541261,-0.1618361781478350,5.7958789645558131,3.0094209593740580,462.3077,1.7753,-464.0830,822.7124,0,6.1e-11
1.0045580401257592,0.0,0.0609086334053335,0.2065824409125549,0.5049518812115854,-0.1641416948969434,5.8047828213007149,3.0090016913507016,460.9317,1.7654,-462.6971,815.7359,0,2.9e-12
1.0044769213909912,0.0,0.0608427773271568,0.2097527204840481,0.5038252693961505,-0.1664329933017596,5.8138417658736428,3.0085776589290156,459.5516,1.7552,-461.3068,808.6205,0,6.5e-12
1.0043947907825734,0.0,0.0607769905603944,0.2129150250118349,0.5026810411190571,-0.1687078658696033,5.8230483535960484,3.0081493086101756,458.1691,1.7447,-459.9138,801.3699,0,9.1e-12
1.0043117299320286,0.0,0.0607113702193295,0.2160664379626599,0.5015202737852582,-0.1709641213470930,5.8323944591057799,3.0077171094549695,456.7861,1.7338,-458.5200,793.9882,0,5.2e-11
1.0042278245739065,0.0,0.0606460132868936,0.2192040395892248,0.5003441208418250,-0.1731996075359943,5.8418713450366795,3.0072815488413855,455.4044,1.7226,-457.1270,786.4803,0,4.3e-11
1.0041431636270890,0.0,0.0605810155796762,0.2223249407926439,0.4991537996223478,-0.1754122365858989,5.8514697547954055,3.0068431272725946,454.0259,1.7110,-455.7369,778.8513,0,5.4e-12
1.0040578380825964,0.0,0.0605164706353505,0.2254263210880638,0.4979505760982597,-0.1776000123498022,5.8611800303152473,3.0064023522491441,452.6522,1.6991,-454.3514,771.1066,0,7.4e-12
1.0039719397062268,0.0,0.0604524685462965,0.2285054700087744,0.4967357466022571,-0.1797610592007597,5.8709922545467910,3.0059597312701229,451.2853,1.6869,-452.9721,763.2520,0,1.4e-11
1.0038855595743461,0.0,0.0603890947713511,0.2315598309916510,0.4955106167463649,-0.1818936515247771,5.8808964171393452,3.0055157640824453,449.9266,1.6743,-451.6008,755.2931,0,1.6e-11
1.0037987864728601,0.0,0.0603264289620991,0.2345870465174254,0.4942764779356565,-0.1839962429543416,5.8908826003899266,3.0050709343524167,448.5778,1.6613,-450.2391,747.2359,0,5.5e-11
1.0037167840623671,0.0,0.0602681255996283,0.2374112303569186,0.4931071046910104,-0.1859477393786067,5.9003535217464913,3.0046516359057120,447.3178,1.6489,-448.9667,739.5630,0,5.2e-11
1.0036423262245624,0.0,0.0602159579002804,0.2399456769595305,0.4920427849362164,-0.1876906218659095,5.9089812694966994,3.0042718268964559,446.1860,1.6373,-447.8234,732.5457,0,5.4e-13
1.0035690121459340,0.0,0.0601653085397071,0.2424141346104691,0.4909925147310597,-0.1893803726846999,5.9175024927605522,3.0038987068898662,445.0831,1.6257,-446.7088,725.5885,0,5.4e-12
1.0034953830915319,0.0,0.0601151570850034,0.2448668574222182,0.4899354909587059,-0.1910516733280139,5.9260860916502756,3.0035248435598261,443.9866,1.6139,-445.6005,718.5527,0,2.5e-11
1.1584371632148913,0.0,-0.1484883901699394,0.0000000000000000,-0.3468614373078747,0.0000000000000000,5.9273608882655209,3.0034694879809725,443.8250,1.6121,-445.4372,717.5054,0,9.6e-13
1.1585106938343352,0.0,-0.1484306071296884,0.0000000000000000,-0.3470419600708944,0.0000000000000000,5.9286612532968759,3.0034130669375716,443.6605,1.6103,-445.2709,716.4364,0,1.1e-12
1.1585855777255645,0.0,-0.1483718339854140,0.0000000000000000,-0.3472257233070923,0.0000000000000000,5.9299876974815824,3.0033555608906664,443.4931,1.6085,-445.1015,715.3453,0,1.4e-12
1.1586618377469173,0.0,-0.1483120569962939,0.0000000000000000,-0.3474127783467215,0.0000000000000000,5.9313407415714323,3.0032969499852280,443.3226,1.6066,-444.9292,714.2316,0,9.2e-13
1.1587394970740277,0.0,-0.1482512623557567,0.0000000000000000,-0.3476031770860329,0.0000000000000000,5.9327209165161161,3.0032372140468087,443.1491,1.6046,-444.7537,713.0949,0,1.5e-12
1.1588185792019641,0.0,-0.1481894361967739,0.0000000000000000,-0.3477969719841557,0.0000000000000000,5.9341287636525637,3.0031763325784793,442.9725,1.6027,-444.5751,711.9345,0,1.3e-12
1.1588991079478044,0.0,-0.1481265645970741,0.0000000000000000,-0.3479942160607625,0.0000000000000000,5.9355648348919194,3.0031142847574390,442.7927,1.6006,-444.3933,710.7501,0,1.3e-12
1.1589811074527088,0.0,-0.1480626335849602,0.0000000000000000,-0.3481949628921961,0.0000000000000000,5.9370296929145443,3.0030510494320630,442.6097,1.5986,-444.2083,709.5411,0,1.5e-12
1.1590646021841959,0.0,-0.1479976291452387,0.0000000000000000,-0.3483992666077852,0.0000000000000000,5.9385239113652437,3.0029866051188283,442.4236,1.5964,-444.0200,708.3070,0,1.2e-12
1.1591496169383442,0.0,-0.1479315372254631,0.0000000000000000,-0.3486071818856464,0.0000000000000000,5.9400480750519220,3.0029209299993433,442.2341,1.5943,-443.8284,707.0473,0,1.2e-12
1.1592361768419659,0.0,-0.1478643437424442,0.0000000000000000,-0.3488187639480938,0.0000000000000000,5.9416027801469706,3.0028540019174521,442.0412,1.5921,-443.6333,705.7613,0,1.2e-12
1.1593243073547408,0.0,-0.1477960345890869,0.0000000000000000,-0.3490340685566115,0.0000000000000000,5.9431886343917499,3.0027857983764226,441.8450,1.5898,-443.4348,704.4486,0,1.2e-12
1.1594140342713368,0.0,-0.1477265956414944,0.0000000000000000,-0.3492531520064313,0.0000000000000000,5.9448062573037870,3.0027162965362222,441.6454,1.5875,-443.2329,703.1085,0,1.2e-12
1.1595053837234881,0.0,-0.1476560127664027,0.0000000000000000,-0.3494760711206645,0.0000000000000000,5.9464562803870065,3.0026454732108760,441.4423,1.5851,-443.0274,701.7404,0,1.2e-12
1.1595983821820617,0.0,-0.1475842718289095,0.0000000000000000,-0.3497028832440354,0.0000000000000000,5.9481393473447888,3.0025733048659213,441.2356,1.5827,-442.8183,700.3438,0,1.1e-12
1.1596930564591021,0.0,-0.1475113587005267,0.0000000000000000,-0.3499336462361400,0.0000000000000000,5.9498561142960567,3.0024997676159861,441.0253,1.5802,-442.6056,698.9181,0,1.1e-12
1.1597894337098400,0.0,-0.1474372592675658,0.0000000000000000,-0.3501684184642906,0.0000000000000000,5.9516072499942956,3.0024248372224434,440.8115,1.5777,-442.3891,697.4625,0,1.4e-12
1.1598875414347036,0.0,-0.1473619594398370,0.0000000000000000,-0.3504072587959112,0.0000000000000000,5.9533934360494838,3.0023484890912089,440.5939,1.5751,-442.1690,695.9765,0,1.2e-12
1.1599874074813048,0.0,-0.1472854451596933,0.0000000000000000,-0.3506502265904826,0.0000000000000000,5.9552153671530821,3.0022706982706446,440.3726,1.5724,-441.9450,694.4593,0,2.0e-12
1.1600890600464187,0.0,-0.1472077024114149,0.0000000000000000,-0.3508973816910534,0.0000000000000000,5.9570737513059493,3.0021914394495886,440.1475,1.5697,-441.7172,692.9104,0,1.1e-12
1.1601925276779486,0.0,-0.1471287172309287,0.0000000000000000,-0.3511487844152734,0.0000000000000000,5.9589693100492829,3.0021106869555303,439.9185,1.5669,-441.4855,691.3289,0,9.3e-13
1.1602978392769079,0.0,-0.1470484757158969,0.0000000000000000,-0.3514044955460094,0.0000000000000000,5.9609027786986299,3.0020284147529139,439.6857,1.5641,-441.2498,689.7143,0,9.8e-13
1.1604050240993780,0.0,-0.1469669640361403,0.0000000000000000,-0.3516645763214885,0.0000000000000000,5.9628749065808577,3.0019445964415907,439.4490,1.5612,-441.0101,688.0657,0,9.2e-13
1.1605141117585467,0.0,-0.1468841684444009,0.0000000000000000,-0.3519290884251235,0.0000000000000000,5.9648864572737175,3.0018592052553914,439.2082,1.5582,-440.7664,686.3825,0,1.3e-12
1.1606251322265091,0.0,-0.1468000752876402,0.0000000000000000,-0.3521980939743105,0.0000000000000000,5.9669382088510119,3.0017722140610372,438.9634,1.5552,-440.5186,684.6637,0,1.4e-12
1.1607381158365684,0.0,-0.1467146710183383,0.0000000000000000,-0.3524716555099457,0.0000000000000000,5.9690309541256923,3.0016835953568539,438.7145,1.5521,-440.2665,682.9088,0,1.3e-12
1.1608530932850827,0.0,-0.1466279422065491,0.0000000000000000,-0.3527498359843361,0.0000000000000000,5.9711655009013374,3.0015933212720212,438.4614,1.5489,-440.0103,681.1168,0,1.2e-12
1.1609700956335973,0.0,-0.1465398755521126,0.0000000000000000,-0.3530326987492947,0.0000000000000000,5.9733426722239491,3.0015013635658168,438.2042,1.5456,-439.7498,679.2870,0,1.5e-12
1.1610891543109523,0.0,-0.1464504578973157,0.0000000000000000,-0.3533203075436602,0.0000000000000000,5.9755633066376834,3.0014076936270846,437.9427,1.5423,-439.4850,677.4185,0,1.2e-12
1.1612103011154644,0.0,-0.1463596762399120,0.0000000000000000,-0.3536127264804286,0.0000000000000000,5.9778282584435640,3.0013122824739025,437.6769,1.5388,-439.2157,675.5104,0,1.1e-12
1.1613335682171495,0.0,-0.1462675177465214,0.0000000000000000,-0.3539100200334909,0.0000000000000000,5.9801383979614924,3.0012151007534280,437.4068,1.5353,-438.9421,673.5619,0,1.0e-12
1.1614589881600319,0.0,-0.1461739697664300,0.0000000000000000,-0.3542122530239681,0.0000000000000000,5.9824946117954880,3.0011161187419693,437.1322,1.5317,-438.6640,671.5720,0,1.1e-12
1.1615865938645193,0.0,-0.1460790198457532,0.0000000000000000,-0.3545194906061778,0.0000000000000000,5.9848978031022124,3.0010153063452569,436.8532,1.5281,-438.3813,669.5399,0,1.5e-12
1.1617164186298887,0.0,-0.1459826557419986,0.0000000000000000,-0.3548317982532626,0.0000000000000000,5.9873488918627906,3.0009126330989271,436.5697,1.5243,-438.0940,667.4646,0,9.2e-13
1.1618484961368623,0.0,-0.1458848654390084,0.0000000000000000,-0.3551492417424592,0.0000000000000000,5.9898488151580205,3.0008080681692371,436.2817,1.5205,-437.8021,665.3450,0,1.2e-12
1.1619828604503568,0.0,-0.1457856371622541,0.0000000000000000,-0.3554718871401633,0.0000000000000000,5.9923985274465350,3.0007015803539692,435.9890,1.5165,-437.5055,663.1803,0,1.9e-12
1.1621195460221223,0.0,-0.1456849593946842,0.0000000000000000,-0.3557998007861563,0.0000000000000000,5.9949990008488045,3.0005931380837443,435.6917,1.5125,-437.2042,660.9694,0,1.4e-12
1.1622585876940175,0.0,-0.1455828208926155,0.0000000000000000,-0.3561330492786738,0.0000000000000000,5.9976512254298058,3.0004827094232089,435.3897,1.5083,-436.8981,658.7112,0,1.3e-12
1.1624000207009464,0.0,-0.1454792107023405,0.0000000000000000,-0.3564716994580907,0.0000000000000000,6.0003562094902714,3.0003702620728454,435.0830,1.5041,-436.5871,656.4046,0,1.5e-12
1.1625438806742310,0.0,-0.1453741181769594,0.0000000000000000,-0.3568158183909713,0.0000000000000000,6.0031149798590331,3.0002557633708187,434.7715,1.4998,-436.2712,654.0487,0,1.1e-12
1.1626902036451296,0.0,-0.1452675329936006,0.0000000000000000,-0.3571654733538118,0.0000000000000000,6.0059285821896795,3.0001391802951396,434.4551,1.4953,-435.9504,651.6422,0,1.1e-12
1.1628390260485637,0.0,-0.1451594451710382,0.0000000000000000,-0.3575207318166146,0.0000000000000000,6.0087980812611264,3.0000204794660701,434.1339,1.4907,-435.6246,649.1839,0,1.0e-12
1.1629903847270751,0.0,-0.1450498450876532,0.0000000000000000,-0.3578816614263823,0.0000000000000000,6.0117245612819463,2.9998996271487730,433.8077,1.4861,-435.2938,646.6727,0,9.3e-13
1.1631443169350490,0.0,-0.1449387234997798,0.0000000000000000,-0.3582483299904816,0.0000000000000000,6.0147091261989587,2.9997765892562533,433.4766,1.4813,-434.9579,644.1074,0,8.7e-13
1.1633008603432440,0.0,-0.1448260715603618,0.0000000000000000,-0.3586208054601235,0.0000000000000000,6.0177529000093601,2.9996513313524922,433.1404,1.4764,-434.6168,641.4868,0,1.5e-12
1.1634600530433812,0.0,-0.1447118808381574,0.0000000000000000,-0.3589991559132064,0.0000000000000000,6.0208570270797752,2.9995238186560802,432.7992,1.4714,-434.2706,638.8094,0,1.4e-12
1.1636219335535540,0.0,-0.1445961433369089,0.0000000000000000,-0.3593834495384780,0.0000000000000000,6.0240226724645334,2.9993940160436621,432.4529,1.4662,-433.9191,636.0741,0,1.4e-12
1.1637865408234631,0.0,-0.1444788515152456,0.0000000000000000,-0.3597737546184889,0.0000000000000000,6.0272510222338527,2.9992618880541109,432.1015,1.4610,-433.5624,633.2794,0,1.2e-12
1.1639539142402870,0.0,-0.1443599983067078,0.0000000000000000,-0.3601701395133678,0.0000000000000000,6.0305432838040547,2.9991273988927265,431.7449,1.4555,-433.2004,630.4241,0,1.2e-12
1.1641240936348884,0.0,-0.1442395771401661,0.0000000000000000,-0.3605726726446402,0.0000000000000000,6.0339006862733457,2.9989905124357570,431.3831,1.4500,-432.8331,627.5065,0,1.1e-12
1.1642971192884486,0.0,-0.1441175819605349,0.0000000000000000,-0.3609814224793103,0.0000000000000000,6.0373244807626811,2.9988511922351759,431.0160,1.4443,-432.4603,624.5254,0,1.4e-12
1.1644730319395353,0.0,-0.1439940072498095,0.0000000000000000,-0.3613964575142400,0.0000000000000000,6.0408159407620401,2.9987094015237252,430.6437,1.4385,-432.0822,621.4791,0,2.2e-12
1.1646518727916746,0.0,-0.1438688480484001,0.0000000000000000,-0.3618178462609228,0.0000000000000000,6.0443763624822164,2.9985651032202147,430.2660,1.4325,-431.6985,618.3662,0,8.8e-13
1.1648336835214510,0.0,-0.1437420999767268,0.0000000000000000,-0.3622456572307786,0.0000000000000000,6.0480070652120439,2.9984182599350397,429.8830,1.4264,-431.3094,615.1851,0,1.6e-12
1.1650185062869232,0.0,-0.1436137592572819,0.0000000000000000,-0.3626799589203705,0.0000000000000000,6.0517093916840965,2.9982688339761490,429.4947,1.4201,-430.9148,611.9341,0,1.3e-12
1.1652063837371041,0.0,-0.1434838227365913,0.0000000000000000,-0.3631208197984077,0.0000000000000000,6.0554847084418268,2.9981167873548307,429.1009,1.4137,-430.5146,608.6115,0,1.5e-12
1.1653973590215445,0.0,-0.1433522879078106,0.0000000000000000,-0.3635683082921442,0.0000000000000000,6.0593344062183903,2.9979620817921888,428.7017,1.4071,-430.1088,605.2157,0,1.3e-12
1.1655914758008006,0.0,-0.1432191529334110,0.0000000000000000,-0.3640224927751251,0.0000000000000000,6.0632599003199781,2.9978046787255872,428.2971,1.4003,-429.6974,601.7448,0,1.1e-12
1.1657887782575407,0.0,-0.1430844166681153,0.0000000000000000,-0.3644834415555873,0.0000000000000000,6.0672626310169404,2.9976445393154010,427.8870,1.3934,-429.2803,598.1971,0,1.4e-12
1.1659893111083632,0.0,-0.1429480786820829,0.0000000000000000,-0.3649512228657540,0.0000000000000000,6.0713440639426350,2.9974816244519507,427.4714,1.3862,-428.8576,594.5707,0,1.0e-12
1.1661931196164053,0.0,-0.1428101392842943,0.0000000000000000,-0.3654259048521757,0.0000000000000000,6.0755056904999547,2.9973158947625991,427.0503,1.3789,-428.4292,590.8637,0,1.7e-12
1.1664002496044876,0.0,-0.1426705995463119,0.0000000000000000,-0.3659075555664948,0.0000000000000000,6.0797490282787034,2.9971473106192645,426.6237,1.3714,-427.9951,587.0740,0,1.4e-12
1.1666107474696159,0.0,-0.1425294613258905,0.0000000000000000,-0.3663962429586076,0.0000000000000000,6.0840756214770675,2.9969758321456381,426.1915,1.3637,-427.5552,583.1997,0,1.3e-12
1.1668246601978263,0.0,-0.1423867272911581,0.0000000000000000,-0.3668920348697317,0.0000000000000000,6.0884870413374657,2.9968014192250467,425.7538,1.3558,-427.1096,579.2387,0,1.4e-12
1.1670420353801843,0.0,-0.1422424009447757,0.0000000000000000,-0.3673949990274548,0.0000000000000000,6.0929848865897149,2.9966240315081900,425.3106,1.3477,-426.6583,575.1888,0,1.2e-12
1.1672629212297125,0.0,-0.1420964866483583,0.0000000000000000,-0.3679052030420039,0.0000000000000000,6.0975707839052626,2.9964436284210856,424.8618,1.3394,-426.2011,571.0478,0,1.1e-12
1.1674873665992971,0.0,-0.1419489896470131,0.0000000000000000,-0.3684227144040482,0.0000000000000000,6.1022463883622127,2.9962601691730941,424.4074,1.3308,-425.7382,566.8134,0,1.6e-12
1.1677154210007021,0.0,-0.1417999160940430,0.0000000000000000,-0.3689476004841706,0.0000000000000000,6.1070133839215028,2.9960736127650218,423.9475,1.3221,-425.2696,562.4832,0,1.6e-12
1.1679471346243793,0.0,-0.1416492730759861,0.0000000000000000,-0.3694799285334344,0.0000000000000000,6.1118734839175266,2.9958839179974710,423.4821,1.3131,-424.7951,558.0550,0,1.6e-12
1.1681825583609886,0.0,-0.1414970686374316,0.0000000000000000,-0.3700197656869716,0.0000000000000000,6.1168284315567538,2.9956910434788240,423.0111,1.3038,-424.3149,553.5261,0,1.2e-12
1.1684217438235123,0.0,-0.1413433118063723,0.0000000000000000,-0.3705671789681785,0.0000000000000000,6.1218800004345839,2.9954949476336941,422.5345,1.2943,-423.8289,548.8940,0,1.3e-12
1.1686647433708994,0.0,-0.1411880126195058,0.0000000000000000,-0.3711222352955629,0.0000000000000000,6.1270299950637996,2.9952955887111350,422.0525,1.2846,-423.3371,544.1560,0,1.0e-12
1.1689066775724191,0.0,-0.1410343064359363,0.0000000000000000,-0.3716737681562363,0.0000000000000000,6.1321751681825258,2.9950969754036327,421.5747,1.2748,-422.8495,539.4067,0,1.1e-12
1.1691524742807917,0.0,-0.1408790798338642,0.0000000000000000,-0.3722329900259670,0.0000000000000000,6.1374204849850837,2.9948950680662008,421.0914,1.2647,-422.3561,534.5485,0,1.5e-12
1.1694021876759371,0.0,-0.1407223446994818,0.0000000000000000,-0.3727999683356789,0.0000000000000000,6.1427678124543599,2.9946898246287903,420.6027,1.2543,-421.8571,529.5787,0,1.5e-12
1.1696558727691211,0.0,-0.1405641139967747,0.0000000000000000,-0.3733747704669705,0.0000000000000000,6.1482190502338376,2.9944812028634975,420.1086,1.2437,-421.3524,524.4943,0,1.3e-12
1.1699135854315486,0.0,-0.1404044017938086,0.0000000000000000,-0.3739574637669984,0.0000000000000000,6.1537761312250217,2.9942691603925726,419.6092,1.2328,-420.8420,519.2924,0,1.1e-12
1.1701753824247443,0.0,-0.1402432232890202,0.0000000000000000,-0.3745481155665047,0.0000000000000000,6.1594410222003395,2.9940536546960668,419.1044,1.2216,-420.3260,513.9698,0,1.2e-12
1.1704413214323863,0.0,-0.1400805948377480,0.0000000000000000,-0.3751467932003076,0.0000000000000000,6.1652157244352974,2.9938346431193570,418.5943,1.2101,-419.8043,508.5234,0,1.0e-12
1.1707114610937039,0.0,-0.1399165339789501,0.0000000000000000,-0.3757535640304830,0.0000000000000000,6.1711022743601891,2.9936120828804782,418.0789,1.1982,-419.2771,502.9500,0,8.1e-13
1.1709858610385604,0.0,-0.1397510594621334,0.0000000000000000,-0.3763684954724942,0.0000000000000000,6.1771027442319557,2.9933859310771664,417.5583,1.1861,-418.7444,497.2460,0,1.4e-12
1.1712645819239396,0.0,-0.1395841912746721,0.0000000000000000,-0.3769916550236016,0.0000000000000000,6.1832192428296393,2.9931561446938870,417.0326,1.1735,-418.2061,491.4081,0,1.6e-12
1.1715476854727207,0.0,-0.1394159506690631,0.0000000000000000,-0.3776231102955628,0.0000000000000000,6.1894539161679498,2.9929226806080869,416.5017,1.1607,-417.6624,485.4326,0,1.2e-12
1.1718352345136700,0.0,-0.1392463601907991,0.0000000000000000,-0.3782629290492117,0.0000000000000000,6.1958089482386214,2.9926854955965752,415.9658,1.1475,-417.1133,479.3159,0,1.0e-12
1.1721272930235822,0.0,-0.1390754437064026,0.0000000000000000,-0.3789111792329211,0.0000000000000000,6.2022865617740655,2.9924445463413032,415.4249,1.1339,-416.5588,473.0540,0,1.4e-12
1.1724239261712541,0.0,-0.1389032264318178,0.0000000000000000,-0.3795679290243082,0.0000000000000000,6.2088890190368629,2.9921997894347778,414.8791,1.1199,-415.9990,466.6430,0,7.9e-13
1.1727252003634689,0.0,-0.1387297349611839,0.0000000000000000,-0.3802332468755203,0.0000000000000000,6.2156186226355876,2.9919511813849726,414.3284,1.1056,-415.4340,460.0789,0,1.6e-12
1.1730311832927491,0.0,-0.1385549972961582,0.0000000000000000,-0.3809072015615348,0.0000000000000000,6.2224777163701397,2.9916986786199731,413.7730,1.0908,-414.8638,453.3573,0,1.4e-12
1.1733419439877157,0.0,-0.1383790428754275,0.0000000000000000,-0.3815898622333502,0.0000000000000000,6.2294686861019271,2.9914422374916358,413.2129,1.0757,-414.2885,446.4739,0,1.2e-12
1.1736575528650490,0.0,-0.1382019026050240,0.0000000000000000,-0.3822812984737621,0.0000000000000000,6.2365939606580518,2.9911818142791393,412.6482,1.0600,-413.7082,439.4243,0,1.4e-12
1.1739780817839109,0.0,-0.1380236088891052,0.0000000000000000,-0.3829815803576861,0.0000000000000000,6.2438560127645824,2.9909173651916610,412.0790,1.0440,-413.1230,432.2037,0,1.0e-12
1.1743036041026664,0.0,-0.1378441956613088,0.0000000000000000,-0.3836907785165309,0.0000000000000000,6.2512573600120112,2.9906488463704237,411.5054,1.0275,-412.5329,424.8073,0,1.9e-12
1.1746341947375936,0.0,-0.1376636984170363,0.0000000000000000,-0.3844089642060473,0.0000000000000000,6.2588005658564896,2.9903762138902485,410.9276,1.0105,-411.9380,417.2302,0,1.5e-12
1.1749699302246301,0.0,-0.1374821542461405,0.0000000000000000,-0.3851362093798024,0.0000000000000000,6.2664882406513058,2.9900994237598639,410.3455,0.9930,-411.3385,409.4671,0,1.5e-12
1.1753108887829398,0.0,-0.1372996018668178,0.0000000000000000,-0.3858725867656415,0.0000000000000000,6.2743230427188506,2.9898184319219436,409.7595,0.9750,-410.7345,401.5128,0,1.2e-12
1.1756571503813187,0.0,-0.1371160816602847,0.0000000000000000,-0.3866181699473500,0.0000000000000000,6.2823076794575590,2.9895331942520085,409.1695,0.9565,-410.1259,393.3617,0,1.1e-12
1.1760017709344814,0.0,-0.1369353019145464,0.0000000000000000,-0.3873579741379438,0.0000000000000000,6.2902820496290195,2.9892494497502748,408.5875,0.9378,-409.5253,385.1758,0,1.1e-12
1.1763379338448023,0.0,-0.1367607549793655,0.0000000000000000,-0.3880774672595090,0.0000000000000000,6.2980868198370654,2.9889728204285917,408.0248,0.9194,-408.9442,377.1199,0,2.0e-12
1.1766659010070695,0.0,-0.1365921709566818,0.0000000000000000,-0.3887773716220417,0.0000000000000000,6.3057257821273707,2.9887030940327715,407.4807,0.9011,-408.3819,369.1926,0,1.4e-12
1.1769991059483786,0.0,-0.1364226192494223,0.0000000000000000,-0.3894863869830978,0.0000000000000000,6.3135111256739576,2.9884292345224965,406.9329,0.8824,-407.8152,361.0698,0,1.7e-12
1.1773376312704718,0.0,-0.1362521378957466,0.0000000000000000,-0.3902045945580180,0.0000000000000000,6.3214455659918469,2.9881511966543997,406.3813,0.8631,-407.2444,352.7459,0,1.4e-12
1.1776815614123035,0.0,-0.1360807666301601,0.0000000000000000,-0.3909320765816077,0.0000000000000000,6.3295318695475045,2.9878689350562797,405.8262,0.8433,-406.6695,344.2150,0,9.7e-13
1.1780309827195028,0.0,-0.1359085469241555,0.0000000000000000,-0.3916689163926884,0.0000000000000000,6.3377728549417078,2.9875824042244976,405.2677,0.8228,-406.0906,335.4713,0,1.2e-12
1.1783859835166033,0.0,-0.1357355220281720,0.0000000000000000,-0.3924151985235080,0.0000000000000000,6.3461713941314564,2.9872915585204076,404.7060,0.8018,-405.5078,326.5084,0,1.5e-12
1.1787466541817597,0.0,-0.1355617370151250,0.0000000000000000,-0.3931710087934189,0.0000000000000000,6.3547304136943881,2.9869963521660567,404.1411,0.7802,-404.9213,317.3200,0,1.5e-12
1.1791130872249489,0.0,-0.1353872388252260,0.0000000000000000,-0.3939364344088126,0.0000000000000000,6.3634528961313750,2.9866967392383823,403.5733,0.7580,-404.3313,307.8994,0,1.3e-12
1.1794853773685163,0.0,-0.1352120763127727,0.0000000000000000,-0.3947115640669308,0.0000000000000000,6.3723418812162720,2.9863926736628419,403.0026,0.7351,-403.7377,298.2397,0,1.1e-12
1.1798560633714474,0.0,-0.1350397911800391,0.0000000000000000,-0.3954808289536773,0.0000000000000000,6.3812191869330990,2.9860902713877371,402.4408,0.7120,-403.1527,288.5326,0,1.0e-12
1.1802327110273434,0.0,-0.1348668989662436,0.0000000000000000,-0.3962598953232447,0.0000000000000000,6.3902659619991207,2.9857833828800056,401.8763,0.6882,-402.5645,278.5782,0,1.3e-12
1.1806154203337949,0.0,-0.1346934520414348,0.0000000000000000,-0.3970488569297956,0.0000000000000000,6.3994853679855010,2.9854719614024612,401.3094,0.6637,-401.9732,268.3689,0,1.7e-12
1.1810042937632028,0.0,-0.1345195048473611,0.0000000000000000,-0.3978478093723021,0.0000000000000000,6.4088806281963961,2.9851559600275057,400.7403,0.6386,-401.3789,257.8972,0,1.8e-12
1.1813994363562381,0.0,-0.1343451139531745,0.0000000000000000,-0.3986568502204536,0.0000000000000000,6.4184550291981921,2.9848353316254674,400.1692,0.6126,-400.7818,247.1552,0,1.4e-12
1.1817773620551171,0.0,-0.1341805405780480,0.0000000000000000,-0.3994280199661860,0.0000000000000000,6.4276378265763094,2.9845291297848977,399.6296,0.5875,-400.2171,236.7851,0,1.2e-12
1.1821538013558173,0.0,-0.1340187642935661,0.0000000000000000,-0.4001936226867984,0.0000000000000000,6.4368088463432303,2.9842245903566442,399.0988,0.5622,-399.6610,226.3621,0,1.0e-12
1.1825364383140631,0.0,-0.1338565160568989,0.0000000000000000,-0.4009692516539519,0.0000000000000000,6.4461552384475764,2.9839155198344938,398.5659,0.5361,-399.1020,215.6714,0,1.1e-12
1.1829253803894038,0.0,-0.1336938507374935,0.0000000000000000,-0.4017550114715747,0.0000000000000000,6.4556803025766092,2.9836018696713373,398.0312,0.5093,-398.5405,204.7050,0,2.0e-12
1.1833207377128043,0.0,-0.1335308254201870,0.0000000000000000,-0.4025510088807770,0.0000000000000000,6.4653874037981680,2.9832835910564830,397.4948,0.4817,-397.9765,193.4546,0,1.8e-12
1.1837226231854328,0.0,-0.1333674994700925,0.0000000000000000,-0.4033573528926753,0.0000000000000000,6.4752799741767735,2.9829606349016529,396.9570,0.4532,-397.4103,181.9114,0,1.6e-12
1.1841311525804130,0.0,-0.1332039346007433,0.0000000000000000,-0.4041741549261682,0.0000000000000000,6.4853615144447465,2.9826329518260337,396.4180,0.4240,-396.8419,170.0668,0,1.4e-12
1.1845464446487421,0.0,-0.1330401949452682,0.0000000000000000,-0.4050015289529469,0.0000000000000000,6.4956355957237815,2.9823004921395091,395.8779,0.3938,-396.2718,157.9113,0,1.1e-12
1.1849519146490517,0.0,-0.1328827812069870,0.0000000000000000,-0.4058064851540109,0.0000000000000000,6.5056910393028993,2.9819765397780889,395.3583,0.3641,-395.7224,145.9315,0,1.1e-12
1.1853641702238815,0.0,-0.1327252075043742,0.0000000000000000,-0.4066220455322718,0.0000000000000000,6.5159388289328373,2.9816478326221070,394.8378,0.3334,-395.1712,133.6377,0,1.2e-12
1.1857833344975366,0.0,-0.1325675397475955,0.0000000000000000,-0.4074483304884132,0.0000000000000000,6.5263826159590295,2.9813143198082535,394.3166,0.3018,-394.6184,121.0204,0,8.9e-13
1.1861926671489298,0.0,-0.1324160370236890,0.0000000000000000,-0.4082523917245517,0.0000000000000000,6.5366044534582546,2.9809893265705063,393.8154,0.2706,-394.0861,108.5843,0,1.7e-12
1.1866006114219283,0.0,-0.1322674622252319,0.0000000000000000,-0.4090509514313596,0.0000000000000000,6.5468136662390952,2.9806661329271393,393.3236,0.2392,-393.5628,96.0776,0,1.5e-12
1.1870154982135763,0.0,-0.1321188192226137,0.0000000000000000,-0.4098602819533924,0.0000000000000000,6.5572186128634105,2.9803381648570153,392.8313,0.2068,-393.0381,83.2423,0,1.6e-12
1.1874374557391447,0.0,-0.1319701756001160,0.0000000000000000,-0.4106805120002895,0.0000000000000000,6.5678230306339831,2.9800053698749740,392.3387,0.1735,-392.5121,70.0684,0,1.2e-12
1.1878666155412407,0.0,-0.1318216016626170,0.0000000000000000,-0.4115117733488104,0.0000000000000000,6.5786307332903027,2.9796676950631342,391.8460,0.1392,-391.9852,56.5455,0,1.1e-12
1.1882858370404334,0.0,-0.1316789938491874,0.0000000000000000,-0.4123209176698473,0.0000000000000000,6.5892092476199249,2.9793386304575269,391.3728,0.1053,-391.4781,43.2148,0,2.0e-12
1.1887122851115353,0.0,-0.1315364754779796,0.0000000000000000,-0.4131411275224993,0.0000000000000000,6.5999908963982064,2.9790047055365445,390.8997,0.0704,-390.9701,29.5316,0,8.8e-13
1.1891460960216649,0.0,-0.1313941191696607,0.0000000000000000,-0.4139725415670575,0.0000000000000000,6.6109795798022599,2.9786658660547798,390.4269,0.0345,-390.4614,15.4849,0,1.1e-12
1.1895874096162711,0.0,-0.1312520004848536,0.0000000000000000,-0.4148153018943451,0.0000000000000000,6.6221792785490123,2.9783220572588549,389.9547,-0.0024,-389.9523,1.0638,0,2.1e-12
1.1900363694480651,0.0,-0.1311101980288668,0.0000000000000000,-0.4156695542067988,0.0000000000000000,6.6335940559289392,2.9779732238599186,389.4833,-0.0404,-389.4429,-13.7435,0,1.8e-12
1.1904750443517351,0.0,-0.1309743358167088,0.0000000000000000,-0.4165012361626284,0.0000000000000000,6.6447671841261702,2.9776332992990975,389.0315,-0.0780,-388.9535,-28.3444,0,1.4e-12
1.1909213939353565,0.0,-0.1308388120581104,0.0000000000000000,-0.4173444535342345,0.0000000000000000,6.6561552735583840,2.9772883676614281,388.5807,-0.1167,-388.4640,-43.3353,0,1.4e-12
1.1913755669347050,0.0,-0.1307037081647000,0.0000000000000000,-0.4181993596342794,0.0000000000000000,6.6677624810070011,2.9769383721242284,388.1311,-0.1565,-387.9746,-58.7284,0,1.2e-12
1.1918377160722717,0.0,-0.1305691088574428,0.0000000000000000,-0.4190661117970380,0.0000000000000000,6.6795930502541907,2.9765832552388281,387.6830,-0.1974,-387.4856,-74.5361,0,1.3e-12
1.1922985966680797,0.0,-0.1304377521073035,0.0000000000000000,-0.4199273359112465,0.0000000000000000,6.6914100663401657,2.9762301510498386,387.2457,-0.2387,-387.0069,-90.4453,0,9.5e-13
1.1927676267728935,0.0,-0.1303070004337206,0.0000000000000000,-0.4208005946677297,0.0000000000000000,6.7034547356685463,2.9758718749477571,386.8102,-0.2812,-386.5290,-106.7841,0,8.4e-13
1.1932449682247583,0.0,-0.1301769454705952,0.0000000000000000,-0.4216860560603773,0.0000000000000000,6.7157314874954821,2.9755083675857179,386.3770,-0.3250,-386.0521,-123.5660,0,8.5e-13
1.1937307873003202,0.0,-0.1300476825820641,0.0000000000000000,-0.4225838927625809,0.0000000000000000,6.7282448449857020,2.9751395688620272,385.9464,-0.3700,-385.5764,-140.8047,0,8.1e-13
1.1942153692655304,0.0,-0.1299218460575372,0.0000000000000000,-0.4234761150925132,0.0000000000000000,6.7407442550116716,2.9747728860361029,385.5272,-0.4154,-385.1118,-158.1589,0,1.8e-12
1.1946987577378834,0.0,-0.1297993813468311,0.0000000000000000,-0.4243628674564232,0.0000000000000000,6.7532299775063755,2.9744082830127203,385.1192,-0.4612,-384.6580,-175.6287,0,1.5e-12
1.1951908331540102,0.0,-0.1296778363869736,0.0000000000000000,-0.4252622388096656,0.0000000000000000,6.7659568808829187,2.9740383400716177,384.7143,-0.5084,-384.2059,-193.5746,0,1.4e-12
1.1956917726606331,0.0,-0.1295573145029433,0.0000000000000000,-0.4261744161057756,0.0000000000000000,6.7789296937870605,2.9736629942563915,384.3128,-0.5569,-383.7559,-212.0113,0,1.5e-12
1.1962017583529219,0.0,-0.1294379232846793,0.0000000000000000,-0.4270995917387996,0.0000000000000000,6.7921532463433882,2.9732821816800747,383.9151,-0.6068,-383.3083,-230.9544,0,1.3e-12
1.1967209774546064,0.0,-0.1293197747670067,0.0000000000000000,-0.4280379638109350,0.0000000000000000,6.8056324727685480,2.9728958374699985,383.5216,-0.6582,-382.8635,-250.4196,0,1.4e-12
1.1972496225051428,0.0,-0.1292029856200892,0.0000000000000000,-0.4289897364125221,0.0000000000000000,6.8193724140606573,2.9725038957085794,383.1328,-0.7110,-382.4218,-270.4234,0,1.6e-12
1.1977878915542577,0.0,-0.1290876773512110,0.0000000000000000,-0.4299551199149266,0.0000000000000000,6.8333782207671021,2.9721062893697408,382.7491,-0.7655,-381.9836,-290.9828,0,1.9e-12
1.1983359883641707,0.0,-0.1289739765186662,0.0000000000000000,-0.4309343312768724,0.0000000000000000,6.8476551558327570,2.9717029502507093,382.3708,-0.8215,-381.5493,-312.1154,0,8.7e-13
1.1988941226198380,0.0,-0.1288620149586583,0.0000000000000000,-0.4319275943648497,0.0000000000000000,6.8622085975308744,2.9712938088988539,381.9986,-0.8792,-381.1194,-333.8393,0,8.6e-13
1.1994400067345274,0.0,-0.1287562133817249,0.0000000000000000,-0.4328953251462324,0.0000000000000000,6.8764564133109509,2.9708951941270469,381.6471,-0.9362,-380.7109,-355.2851,0,1.3e-12
1.1999959840843366,0.0,-0.1286521914241610,0.0000000000000000,-0.4338772128039287,0.0000000000000000,6.8909808034975635,2.9704907806167582,381.3017,-0.9948,-380.3069,-377.3285,0,1.2e-12
1.2005509485200272,0.0,-0.1285520911067092,0.0000000000000000,-0.4348536086224918,0.0000000000000000,6.9054910794576703,2.9700886841113214,380.9697,-1.0540,-379.9157,-399.5333,0,2.4e-12
1.2011162520156706,0.0,-0.1284539310737298,0.0000000000000000,-0.4358444502075524,0.0000000000000000,6.9202834796190293,2.9696807174464399,380.6444,-1.1148,-379.5295,-422.3577,0,1.7e-12
1.2016921195315395,0.0,-0.1283578558423989,0.0000000000000000,-0.4368499837727773,0.0000000000000000,6.9353636413189195,2.9692668058838079,380.3264,-1.1775,-379.1489,-445.8213,0,1.9e-12
1.2022787826554804,0.0,-0.1282640161529741,0.0000000000000000,-0.4378704635373788,0.0000000000000000,6.9507373266440977,2.9688468731115392,380.0162,-1.2419,-378.7743,-469.9444,0,1.3e-12
1.2028300838808863,0.0,-0.1281795182982949,0.0000000000000000,-0.4388258996626946,0.0000000000000000,6.9651934600101848,2.9684538468139019,379.7373,-1.3030,-378.4342,-492.8143,0,2.8e-12
1.2033918349082016,0.0,-0.1280970650510693,0.0000000000000000,-0.4397959822093724,0.0000000000000000,6.9799318865559936,2.9680549547870978,379.4656,-1.3659,-378.0997,-516.3167,0,1.2e-12
1.2039642644594351,0.0,-0.1280168032082502,0.0000000000000000,-0.4407809674308089,0.0000000000000000,6.9949582681937095,2.9676501189002042,379.2016,-1.4306,-377.7710,-540.4714,0,1.8e-12
1.2045476079254687,0.0,-0.1279388860330331,0.0000000000000000,-0.4417811196764662,0.0000000000000000,7.0102783917740128,2.9672392593443897,378.9459,-1.4970,-377.4488,-565.2987,0,1.7e-12
1.2051302179202110,0.0,-0.1278649424541810,0.0000000000000000,-0.4427764365052196,0.0000000000000000,7.0255857242487858,2.9668306163386973,378.7038,-1.5640,-377.1398,-590.3071,0,2.1e-12
1.2057121385014564,0.0,-0.1277949245678596,0.0000000000000000,-0.4437670678858428,0.0000000000000000,7.0408805852371650,2.9664241443634283,378.4752,-1.6315,-376.8437,-615.4963,0,9.9e-13
1.2063052752121886,0.0,-0.1277274761032796,0.0000000000000000,-0.4447732484784392,0.0000000000000000,7.0564752262906270,2.9660115641557159,378.2558,-1.7009,-376.5548,-641.3859,0,3.4e-12
1.2069098795199402,0.0,-0.1276627659628265,0.0000000000000000,-0.4457952651768404,0.0000000000000000,7.0723757061062171,2.9655927903656716,378.0460,-1.7723,-376.2737,-667.9977,0,1.3e-12
1.2075262103636306,0.0,-0.1276009706724724,0.0000000000000000,-0.4468334142340498,0.0000000000000000,7.0885882184155244,2.9651677355757906,377.8465,-1.8456,-376.0009,-695.3542,0,1.2e-12
1.2081296512108861,0.0,-0.1275445170761997,0.0000000000000000,-0.4478463087180313,0.0000000000000000,7.1044643866514683,2.9647533593908313,377.6652,-1.9180,-375.7472,-722.3604,0,1.4e-12
1.2087205190876342,0.0,-0.1274930943705094,0.0000000000000000,-0.4488347654600143,0.0000000000000000,7.1200116108948848,2.9643493200242474,377.5010,-1.9894,-375.5116,-749.0150,0,1.4e-12
1.2093109280780505,0.0,-0.1274454950020280,0.0000000000000000,-0.4498192202767544,0.0000000000000000,7.1355478523049856,2.9639472654401882,377.3500,-2.0614,-375.2886,-775.8558,0,1.9e-12
1.2098891148063264,0.0,-0.1274025217936118,0.0000000000000000,-0.4507802192368454,0.0000000000000000,7.1507628509688583,2.9635551406632499,377.2148,-2.1323,-375.0824,-802.3398,0,7.2e-13
1.2104553693292819,0.0,-0.1273639047050396,0.0000000000000000,-0.4517184884545979,0.0000000000000000,7.1656635905947681,2.9631726375056817,377.0943,-2.2023,-374.8920,-828.4664,0,1.7e-12
1.2110212912180676,0.0,-0.1273287187502459,0.0000000000000000,-0.4526533931340128,0.0000000000000000,7.1805547230899709,2.9627918591211126,376.9858,-2.2727,-374.7131,-854.7631,0,1.8e-12
1.2115223330662188,0.0,-0.1273003936987914,0.0000000000000000,-0.4534788087354099,0.0000000000000000,7.1937374893839321,2.9624559769218521,376.8995,-2.3354,-374.5641,-878.1986,0,1.9e-12
1.2120131190911938,0.0,-0.1272752082477258,0.0000000000000000,-0.4542852628019043,0.0000000000000000,7.2066489570395849,2.9621280920782720,376.8238,-2.3971,-374.4267,-901.2932,0,1.3e-12
1.2125036913960561,0.0,-0.1272525522512921,0.0000000000000000,-0.4550893544461772,0.0000000000000000,7.2195529976926984,2.9618014515835940,376.7569,-2.4592,-374.2977,-924.5139,0,1.5e-12
1.2129652263912625,0.0,-0.1272335245772965,0.0000000000000000,-0.4558440438186402,0.0000000000000000,7.2316912795488442,2.9614951431376006,376.7019,-2.5179,-374.1841,-946.4836,0,2.3e-12
1.2134083203903225,0.0,-0.1272173336402463,0.0000000000000000,-0.4565669548406354,0.0000000000000000,7.2433425091214980,2.9612019770878284,376.6564,-2.5745,-374.0819,-967.6873,0,2.2e-12
1.2138603066101514,0.0,-0.1272029040061522,0.0000000000000000,-0.4573027582564514,0.0000000000000000,7.2552252249948150,2.9609038329496893,376.6171,-2.6325,-373.9846,-989.4286,0,1.7e-12
1.2143213780700612,0.0,-0.1271903454952790,0.0000000000000000,-0.4580516955510990,0.0000000000000000,7.2673440966705076,2.9606006308951192,376.5846,-2.6919,-373.8927,-1011.7226,0,1.3e-12
1.2147917328430364,0.0,-0.1271797730363919,0.0000000000000000,-0.4588140143172786,0.0000000000000000,7.2797038930317335,2.9602922895131161,376.5592,-2.7528,-373.8064,-1034.5851,0,1.2e-12
1.2152619756336291,0.0,-0.1271714533690591,0.0000000000000000,-0.4595744636069525,0.0000000000000000,7.2920573629167569,2.9599849883591967,376.5416,-2.8139,-373.7276,-1057.5621,0,2.1e-12
1.2157417176385488,0.0,-0.1271652739258732,0.0000000000000000,-0.4603485621593543,0.0000000000000000,7.3046566134910451,2.9596724674046939,376.5316,-2.8766,-373.6550,-1081.1258,0,2.6e-12
1.2162311681010132,0.0,-0.1271613613680802,0.0000000000000000,-0.4611365718166420,0.0000000000000000,7.3175066216613507,2.9593546414130687,376.5298,-2.9408,-373.5890,-1105.2929,0,2.7e-12
1.2167305418664704,0.0,-0.1271598482774691,0.0000000000000000,-0.4619387613312043,0.0000000000000000,7.3306124711319587,2.9590314233235251,376.5365,-3.0066,-373.5299,-1130.0808,0,1.3e-12
1.2172400595761022,0.0,-0.1271608734463990,0.0000000000000000,-0.4627554066477786,0.0000000000000000,7.3439793550001875,2.9587027241665740,376.5523,-3.0740,-373.4783,-1155.5072,0,3.3e-12
1.2177599478684051,0.0,-0.1271645821847945,0.0000000000000000,-0.4635867911993806,0.0000000000000000,7.3576125784262629,2.9583684529738217,376.5776,-3.1430,-373.4346,-1181.5905,0,2.6e-12
1.2182694269127416,0.0,-0.1271708145453697,0.0000000000000000,-0.4643997164585711,0.0000000000000000,7.3709669128277460,2.9580419594994032,376.6115,-3.2110,-373.4005,-1207.2869,0,1.7e-12
1.2187893098120965,0.0,-0.1271798136800244,0.0000000000000000,-0.4652274238228484,0.0000000000000000,7.3845875931784164,2.9577098946409150,376.6551,-3.2806,-373.3746,-1233.6451,0,5.6e-12
1.2193198307363913,0.0,-0.1271917339042849,0.0000000000000000,-0.4660702076424212,0.0000000000000000,7.3984800446454075,2.9573721641433965,376.7092,-3.3519,-373.3573,-1260.6842,0,1.1e-12
1.2198191893307002,0.0,-0.1272054694249693,0.0000000000000000,-0.4668618000874575,0.0000000000000000,7.4115497747171268,2.9570553027506263,376.7688,-3.4192,-373.3495,-1286.2643,0,2.2e-12
1.2203287876775695,0.0,-0.1272219915179056,0.0000000000000000,-0.4676679674373472,0.0000000000000000,7.4248805430905840,2.9567329637683324,376.8382,-3.4882,-373.3500,-1312.4973,0,1.4e-12
1.2208384519252462,0.0,-0.1272410369034021,0.0000000000000000,-0.4684725933327556,0.0000000000000000,7.4382057262806507,2.9564116025671878,376.9164,-3.5575,-373.3590,-1338.8622,0,9.3e-13
1.2213586027638956,0.0,-0.1272630640180663,0.0000000000000000,-0.4692921075069503,0.0000000000000000,7.4517972695536887,2.9560846688648117,377.0052,-3.6283,-373.3769,-1365.9009,0,9.5e-13
1.2218894776146674,0.0,-0.1272882329304041,0.0000000000000000,-0.4701268118740268,0.0000000000000000,7.4656606103061565,2.9557520654282885,377.1050,-3.7009,-373.4041,-1393.6328,0,2.1e-12
1.2224204801467662,0.0,-0.1273161140095150,0.0000000000000000,-0.4709600243282627,0.0000000000000000,7.4795184920323345,2.9554204514016749,377.2142,-3.7737,-373.4405,-1421.5072,0,1.3e-12
1.2228909741907341,0.0,-0.1273430716116255,0.0000000000000000,-0.4716969014300882,0.0000000000000000,7.4917896765896446,2.9551275086833977,377.3188,-3.8384,-373.4803,-1446.3179,0,2.3e-12
1.2233711769670290,0.0,-0.1273727618676384,0.0000000000000000,-0.4724476607694679,0.0000000000000000,7.5043065385816003,2.9548293673261465,377.4329,-3.9047,-373.5283,-1471.7487,0,1.9e-12
1.2238515007300539,0.0,-0.1274046523672422,0.0000000000000000,-0.4731972940190148,0.0000000000000000,7.5168187386551244,2.9545319966830044,377.5546,-3.9711,-373.5836,-1497.2944,0,9.2e-13
1.2243417646391488,0.0,-0.1274394576667531,0.0000000000000000,-0.4739611070005717,0.0000000000000000,7.5295816148026065,2.9542293345496149,377.6866,-4.0390,-373.6476,-1523.4798,0,1.2e-12
1.2248421928710429,0.0,-0.1274773269333587,0.0000000000000000,-0.4747393898785746,0.0000000000000000,7.5426002842804145,2.9539212856779939,377.8294,-4.1085,-373.7208,-1550.3227,0,9.4e-13
1.2253530156481747,0.0,-0.1275184163731830,0.0000000000000000,-0.4755324406193693,0.0000000000000000,7.5558799746330516,2.9536077525068927,377.9834,-4.1797,-373.8038,-1577.8418,0,9.4e-13
1.2258744694455623,0.0,-0.1275628895909532,0.0000000000000000,-0.4763405652973782,0.0000000000000000,7.5694260263597739,2.9532886350543528,378.1493,-4.2524,-373.8969,-1606.0561,0,1.3e-12
1.2263273295512087,0.0,-0.1276035798406912,0.0000000000000000,-0.4770412344506932,0.0000000000000000,7.5811818111667080,2.9530122570765882,378.3004,-4.3158,-373.9847,-1630.6586,0,1.7e-12
1.2267895910027498,0.0,-0.1276470917861433,0.0000000000000000,-0.4777553634919076,0.0000000000000000,7.5931734596619558,2.9527308630653715,378.4614,-4.3805,-374.0809,-1655.8667,0,2.9e-12
1.2272614648816798,0.0,-0.1276935637730409,0.0000000000000000,-0.4784832294108155,0.0000000000000000,7.6054057850220875,2.9524443606810484,378.6328,-4.4468,-374.1860,-1681.6969,0,3.8e-12
1.2277431678528858,0.0,-0.1277431406058119,0.0000000000000000,-0.4792251164326575,0.0000000000000000,7.6178837035176690,2.9521526553741499,378.8149,-4.5145,-374.3004,-1708.1667,0,2.6e-12
1.2282349223504330,0.0,-0.1277959738735826,0.0000000000000000,-0.4799813162895076,0.0000000000000000,7.6306122369677984,2.9518556502888180,379.0084,-4.5838,-374.4246,-1735.2937,0,1.1e-12
1.2287269124718920,0.0,-0.1278510740676971,0.0000000000000000,-0.4807367184192333,0.0000000000000000,7.6433368398362171,2.9515592884674615,379.2096,-4.6532,-374.5564,-1762.5390,0,1.1e-12
1.2292191479181505,0.0,-0.1279084408679698,0.0000000000000000,-0.4814913565986275,0.0000000000000000,7.6560575868512188,2.9512635548744170,379.4184,-4.7228,-374.6957,-1789.9025,0,2.3e-12
1.2297116382300675,0.0,-0.1279680743219583,0.0000000000000000,-0.4822452640385549,0.0000000000000000,7.6687745513874432,2.9509684346010259,379.6349,-4.7925,-374.8425,-1817.3841,0,2.1e-12
1.2301848727275766,0.0,-0.1280274802258681,0.0000000000000000,-0.4829686563641623,0.0000000000000000,7.6809843827496751,2.9506855658244824,379.8500,-4.8595,-374.9905,-1843.8884,0,9.9e-13
1.2306583517245440,0.0,-0.1280889768763799,0.0000000000000000,-0.4836914219588572,0.0000000000000000,7.6931906633413361,2.9504032405351088,380.0722,-4.9267,-375.1455,-1870.5013,0,9.1e-13
1.2311417548561883,0.0,-0.1281538847855369,0.0000000000000000,-0.4844283223221263,0.0000000000000000,7.7056424792225515,2.9501156997899427,380.3061,-4.9954,-375.3107,-1897.7690,0,3.0e-12
1.2316353080375035,0.0,-0.1282223643450655,0.0000000000000000,-0.4851796567461412,0.0000000000000000,7.7183448617348560,2.9498228433027709,380.5523,-5.0656,-375.4867,-1925.7099,0,2.3e-12
1.2321392432442144,0.0,-0.1282945834873088,0.0000000000000000,-0.4859457325537219,0.0000000000000000,7.7313029505981676,2.9495245681997013,380.8113,-5.1373,-375.6740,-1954.3427,0,2.9e-12
1.2326537987158332,0.0,-0.1283707180761355,0.0000000000000000,-0.4867268654006542,0.0000000000000000,7.7445219965061280,2.9492207689011578,381.0838,-5.2106,-375.8732,-1983.6868,0,3.8e-12
1.2331192160279909,0.0,-0.1284416622960478,0.0000000000000000,-0.4874324736461028,0.0000000000000000,7.7564679908990879,2.9489466346098352,381.3372,-5.2770,-376.0602,-2010.3219,0,4.8e-12
1.2335755931165300,0.0,-0.1285131448719146,0.0000000000000000,-0.4881235343895010,0.0000000000000000,7.7681719875844486,2.9486784189531150,381.5920,-5.3422,-376.2498,-2036.5252,0,6.0e-12
1.2340415620261362,0.0,-0.1285880855049050,0.0000000000000000,-0.4888282742296235,0.0000000000000000,7.7801116919028459,2.9484051642714024,381.8586,-5.4087,-376.4498,-2063.3661,0,1.1e-12
1.2345078215421148,0.0,-0.1286650487552182,0.0000000000000000,-0.4895326137238097,0.0000000000000000,7.7920483446946749,2.9481323354417737,382.1318,-5.4754,-376.6565,-2090.3111,0,2.1e-12
1.2349839036564532,0.0,-0.1287456708552566,0.0000000000000000,-0.4902509398921871,0.0000000000000000,7.8042255250663262,2.9478543653595888,382.4176,-5.5435,-376.8741,-2117.9135,0,4.0e-12
1.2354700325922807,0.0,-0.1288301168411869,0.0000000000000000,-0.4909835531887503,0.0000000000000000,7.8166481687642495,2.9475711519049628,382.7163,-5.6130,-377.1033,-2146.1915,0,1.3e-12
1.2359664385554463,0.0,-0.1289185594621063,0.0000000000000000,-0.4917307620974561,0.0000000000000000,7.8293213177425152,2.9472825902548752,383.0285,-5.6841,-377.3445,-2175.1639,0,8.2e-13
1.2364733579321756,0.0,-0.1290111795812151,0.0000000000000000,-0.4924928834274616,0.0000000000000000,7.8422501226886379,2.9469885727612524,383.3549,-5.7567,-377.5983,-2204.8500,0,2.6e-12
1.2369508290540827,0.0,-0.1291005473731034,0.0000000000000000,-0.4932099036215880,0.0000000000000000,7.8544159752408023,2.9467122314659173,383.6693,-5.8251,-377.8442,-2232.9036,0,3.8e-13
1.2374384038870212,0.0,-0.1291939356870506,0.0000000000000000,-0.4939412838168210,0.0000000000000000,7.8668272711532268,2.9464306293066000,383.9972,-5.8949,-378.1022,-2261.6428,0,4.1e-12
1.2379263521471717,0.0,-0.1292895487863587,0.0000000000000000,-0.4946724173527302,0.0000000000000000,7.8792358403183744,2.9461493952360986,384.3323,-5.9649,-378.3674,-2290.4964,0,3.2e-12
1.2384146806399119,0.0,-0.1293873922518200,0.0000000000000000,-0.4954033278940377,0.0000000000000000,7.8916417334186812,2.9458685167909819,384.6746,-6.0349,-378.6397,-2319.4648,0,3.9e-12
1.2388746441678775,0.0,-0.1294815243286344,0.0000000000000000,-0.4960910711863883,0.0000000000000000,7.9033156430591855,2.9456044704080830,385.0034,-6.1008,-378.9025,-2346.8346,0,5.3e-12
1.2393349452311171,0.0,-0.1295776402203572,0.0000000000000000,-0.4967786407378625,0.0000000000000000,7.9149869949594409,2.9453407239229921,385.3385,-6.1668,-379.1717,-2374.3058,0,4.5e-12
1.2398049940251057,0.0,-0.1296777680981434,0.0000000000000000,-0.4974800832777692,0.0000000000000000,7.9268939501517837,2.9450718931830311,385.6870,-6.2342,-379.4528,-2402.4426,0,1.6e-12
1.2402850137665618,0.0,-0.1297820812066372,0.0000000000000000,-0.4981957015493575,0.0000000000000000,7.9390413511736933,2.9447978733358791,386.0495,-6.3030,-379.7465,-2431.2632,0,5.8e-12
1.2407463929154285,0.0,-0.1298843068202460,0.0000000000000000,-0.4988828726283809,0.0000000000000000,7.9507054077515642,2.9445349749202876,386.4041,-6.3691,-380.0350,-2459.0474,0,2.1e-12
1.2411809666674538,0.0,-0.1299823535190998,0.0000000000000000,-0.4995295414903043,0.0000000000000000,7.9616813203115964,2.9442877736395179,386.7437,-6.4314,-380.3124,-2485.2913,0,3.5e-12
1.2416158525712611,0.0,-0.1300821804356639,0.0000000000000000,-0.5001761229327899,0.0000000000000000,7.9726548839611526,2.9440407986844077,387.0889,-6.4937,-380.5953,-2511.6258,0,2.0e-12
1.2420172570400754,0.0,-0.1301758401537279,0.0000000000000000,-0.5007724431237054,0.0000000000000000,7.9827744741925812,2.9438131906938128,387.4124,-6.5511,-380.8612,-2535.9963,0,2.2e-12
1.2424271217225200,0.0,-0.1302729783960813,0.0000000000000000,-0.5013808627144989,0.0000000000000000,7.9930982648203575,2.9435811289993108,387.7473,-6.6098,-381.1375,-2560.9432,0,3.6e-12
1.2428210163344044,0.0,-0.1303677647705370,0.0000000000000000,-0.5019651365111970,0.0000000000000000,8.0030111082314868,2.9433584311409011,388.0737,-6.6662,-381.4075,-2584.9778,0,2.4e-12
1.2432232102613627,0.0,-0.1304659982100713,0.0000000000000000,-0.5025612840739438,0.0000000000000000,8.0131239901553304,2.9431313610598431,388.4114,-6.7237,-381.6877,-2609.5792,0,6.1e-12
1.2436176213366872,0.0,-0.1305637542344674,0.0000000000000000,-0.5031454739721059,0.0000000000000000,8.0230324840389784,2.9429089938202724,388.7471,-6.7802,-381.9669,-2633.7636,0,5.6e-12
1.2440122907759443,0.0,-0.1306629860541830,0.0000000000000000,-0.5037296355291837,0.0000000000000000,8.0329388177814653,2.9426867818623630,389.0873,-6.8366,-382.2507,-2658.0225,0,7.6e-13
1.2444152841859404,0.0,-0.1307657688752835,0.0000000000000000,-0.5043257004091559,0.0000000000000000,8.0430451230079871,2.9424601885601183,389.4392,-6.8942,-382.5451,-2682.8534,0,2.6e-12
1.2447071413426114,0.0,-0.1308411270152794,0.0000000000000000,-0.5047571251865438,0.0000000000000000,8.0503586699056680,2.9422962740116185,389.6969,-6.9358,-382.7611,-2700.8747,0,3.9e-12
1.2449875481194586,0.0,-0.1309142573822364,0.0000000000000000,-0.5051714216622291,0.0000000000000000,8.0573807836854581,2.9421389381286449,389.9467,-6.9759,-382.9709,-2718.2191,0,1.4e-12
1.2452360275867869,0.0,-0.1309796582009507,0.0000000000000000,-0.5055383823058800,0.0000000000000000,8.0635996590108867,2.9419996362019094,390.1700,-7.0113,-383.1586,-2733.6133,0,4.1e-12
1.2454896502325996,0.0,-0.1310469916462842,0.0000000000000000,-0.5059127816099791,0.0000000000000000,8.0699436673513194,2.9418575654230295,390.3995,-7.0475,-383.3520,-2749.3501,0,7.9e-13
1.2457054793700026,0.0,-0.1311047522638128,0.0000000000000000,-0.5062312663336749,0.0000000000000000,8.0753394638333997,2.9417367553841984,390.5963,-7.0783,-383.5180,-2762.7609,0,4.2e-12
1.2459170321560944,0.0,-0.1311617798733858,0.0000000000000000,-0.5065433315336901,0.0000000000000000,8.0806257923429801,2.9416184185814713,390.7905,-7.1085,-383.6820,-2775.9230,0,1.3e-12
1.2461121946376010,0.0,-0.1312147505756868,0.0000000000000000,-0.5068311241006294,0.0000000000000000,8.0855003070208440,2.9415093192262591,390.9707,-7.1363,-383.8344,-2788.0803,0,6.0e-13
1.2463113686563196,0.0,-0.1312691678284218,0.0000000000000000,-0.5071247390109890,0.0000000000000000,8.0904727876119118,2.9413980451308612,391.1557,-7.1647,-383.9910,-2800.5022,0,5.5e-12
1.2465146392128486,0.0,-0.1313250771023448,0.0000000000000000,-0.5074242966565633,0.0000000000000000,8.0955452151980332,2.9412845523173727,391.3456,-7.1936,-384.1520,-2813.1950,0,2.5e-12
1.2466807477511019,0.0,-0.1313710447514358,0.0000000000000000,-0.5076690174519171,0.0000000000000000,8.0996885528011155,2.9411918602818110,391.5017,-7.2173,-384.2844,-2823.5789,0,1.7e-12
1.2468279003820448,0.0,-0.1314119769371153,0.0000000000000000,-0.5078857579224227,0.0000000000000000,8.1033577489716944,2.9411097847557213,391.6405,-7.2382,-384.4023,-2832.7864,0,1.1e-12
1.2469663996323597,0.0,-0.1314506826051000,0.0000000000000000,-0.5080897073580589,0.0000000000000000,8.1068100476278264,2.9410325687036041,391.7718,-7.2579,-384.5138,-2841.4600,0,1.6e-12
1.2470967513627069,0.0,-0.1314872712928086,0.0000000000000000,-0.5082816189567211,0.0000000000000000,8.1100582565169219,2.9409599240714082,391.8958,-7.2765,-384.6193,-2849.6299,0,1.1e-12
1.2472145735008717,0.0,-0.1315204765388152,0.0000000000000000,-0.5084550505000794,0.0000000000000000,8.1129934072259804,2.9408942861999332,392.0083,-7.2933,-384.7150,-2857.0200,0,7.2e-12
1.2473277215092677,0.0,-0.1315524838659989,0.0000000000000000,-0.5086215722764497,0.0000000000000000,8.1158113697965018,2.9408312736238558,392.1167,-7.3094,-384.8073,-2864.1219,0,4.1e-12
1.2474320761802666,0.0,-0.1315821074369823,0.0000000000000000,-0.5087751272136050,0.0000000000000000,8.1184096836403405,2.9407731765491278,392.2170,-7.3242,-384.8928,-2870.6761,0,5.0e-13
