x0_n,y0_n,z0_n,xd0_n,yd0_n,zd0_n,Tp,JC,L2ExcessVelocity_mps,...,error_tol=1e-11,n_Nodes=6,stepsize=1.0
1.0229764164752067,-0.0000000000000005,-0.0001261633695274,0.0000000000033125,-0.0182530498572604,-0.0000000000000227,3.1284732156466770,3.0034762944,231.196
1.0229763342179190,-0.0000000000000003,-0.0001798216724050,0.0000000000185999,-0.0182542391510989,-0.0000000000001732,3.1284689947184492,3.0034761983,231.237
1.0229761281137597,-0.0000000000000003,-0.0002710240611175,0.0000000000031032,-0.0182572168351658,-0.0000000000000442,3.1284584217775695,3.0034759577,231.335
1.0229755861676673,-0.0000000000000003,-0.0004259916602464,0.0000000000188575,-0.0182650342144029,-0.0000000000004121,3.1284306431973987,3.0034753258,231.593
1.0229741101462531,-0.0000000000000000,-0.0006890998508163,0.0000000000546795,-0.0182862325281361,-0.0000000000019266,3.1283551621958465,3.0034736102,232.292
1.0229699898579763,-0.0000000000000003,-0.0011348293080180,0.0000000000417559,-0.0183447055269160,-0.0000000000024069,3.1281457852074350,3.0034688616,234.214
1.0229676235422509,-0.0000000000000000,-0.0013232022015504,0.0000000000633431,-0.0183778345101650,-0.0000000000043195,3.1280263916440139,3.0034661607,235.301
1.0229627509341916,-0.0000000000000003,-0.0016418787901526,0.0000000000430812,-0.0184450544054268,-0.0000000000035432,3.1277824121722038,3.0034606569,237.499
1.0229577646193784,-0.0000000000000003,-0.0019108484401025,0.0000000000551368,-0.0185125128863478,-0.0000000000053789,3.1275352243926524,3.0034551018,239.698
1.0229474811104096,-0.0000000000000003,-0.0023639350487987,0.0000000000421426,-0.0186476715650373,-0.0000000000049890,3.1270327805931615,3.0034438753,244.081
1.0229385318577473,-0.0000000000000000,-0.0026906275653581,0.0000000000000029,-0.0187612815088902,0.0000000000000010,3.1266028916259190,3.0034343385,247.741
1.0229250265714511,-0.0000000000000000,-0.0031107838123701,0.0000000000062437,-0.0189263435798612,-0.0000000000008922,3.1259657131660070,3.0034203179,253.031
1.0228981410210520,-0.0000000000000000,-0.0037894585271693,0.0000000000000009,-0.0192350326124082,0.0000000000000006,3.1247325676051614,3.0033935666,262.823
1.0228707429332222,-0.0000000000000003,-0.0043517382060982,0.0000000000668570,-0.0195266702926327,-0.0000000000142671,3.1235153840875483,3.0033676453,271.980
1.0228557284659909,-0.0000000000000006,-0.0046233670483187,-0.0000000000069993,-0.0196781386558875,0.0000000000016338,3.1228622435844033,3.0033539296,276.699
1.0228116881242848,-0.0000000000000000,-0.0053183648153983,0.0000000000000003,-0.0200938143801252,-0.0000000000000002,3.1209919195636453,3.0033153808,289.557
1.0227663433746672,-0.0000000000000000,-0.0059235191366242,0.0000000000000037,-0.0204847857640817,0.0000000000000108,3.1191215955428877,3.0032778761,301.540
1.0227199618624174,0.0000000000000000,-0.0064641257427828,0.0000000000000006,-0.0208533878015362,0.0000000000000030,3.1172512715221297,3.0032413734,312.763
1.0226727666006910,-0.0000000000000006,-0.0069552946731830,-0.0000000000197585,-0.0212016382864816,0.0000000000065893,3.1153809475013716,3.0032058328,323.316
1.0226249445141453,-0.0000000000000006,-0.0074069293503518,-0.0000000000163337,-0.0215312945541271,0.0000000000057681,3.1135106234806136,3.0031712164,333.273
1.0225766529857987,-0.0000000000000000,-0.0078259520411264,-0.0000000000101519,-0.0218438976562993,0.0000000000037904,3.1116402994598560,3.0031374884,342.697
1.0225280250799436,0.0000000000000000,-0.0082174361169176,0.0000000000000019,-0.0221408073705466,0.0000000000000148,3.1097699754390979,3.0031046143,351.639
1.0224791736503107,-0.0000000000000006,-0.0085852378068882,-0.0000000000015887,-0.0224232301747682,0.0000000000006074,3.1078996514183399,3.0030725617,360.144
1.0224301946729659,0.0000000000000000,-0.0089323740769157,-0.0000000000000014,-0.0226922419212659,-0.0000000000000001,3.1060293273975823,3.0030412997,368.251
1.0223811699106176,-0.0000000000000000,-0.0092612612900196,0.0000000000000015,-0.0229488063260067,0.0000000000000004,3.1041590033768243,3.0030107987,375.991
1.0223321691212386,-0.0000000000000000,-0.0095738727172583,0.0000000000056806,-0.0231937902507081,-0.0000000000025429,3.1022886793560662,3.0029810306,383.395
1.0222832518524092,-0.0000000000000007,-0.0098718463140521,0.0000000000049240,-0.0234279763863245,-0.0000000000022617,3.1004183553353082,3.0029519689,390.487
1.0222344689550376,-0.0000000000000000,-0.0101565607496742,0.0000000000000011,-0.0236520739027509,-0.0000000000000033,3.0985480313145506,3.0029235879,397.292
1.0221858638307455,0.0000000000000000,-0.0104291904450144,-0.0000000000000111,-0.0238667274194834,0.0000000000000245,3.0966777072937925,3.0028958634,403.828
1.0221374734719602,0.0000000000000000,-0.0106907463158501,0.0000000000000012,-0.0240725246186823,-0.0000000000000016,3.0948073832730345,3.0028687723,410.114
1.0220893293481454,-0.0000000000000000,-0.0109421065286963,-0.0000000000157013,-0.0242700027518332,0.0000000000072276,3.0929370592522769,3.0028422924,416.167
1.0220414581811466,-0.0000000000000000,-0.0111840401248135,-0.0000000000181954,-0.0244596542562770,0.0000000000086941,3.0910667352315189,3.0028164026,422.001
1.0219938825519270,-0.0000000000000000,-0.0114172254337144,-0.0000000000017385,-0.0246419315461765,0.0000000000006411,3.0891964112107608,3.0027910829,427.629
1.0219466214319264,-0.0000000000000000,-0.0116422646253239,-0.0000000000147207,-0.0248172511846887,0.0000000000071339,3.0873260871900028,3.0027663139,433.064
1.0218996907239333,-0.0000000000000000,-0.0118596953728301,-0.0000000000000006,-0.0249859976028729,-0.0000000000000003,3.0854557631692452,3.0027420773,438.318
1.0218531035694280,0.0000000000000000,-0.0120700002588052,-0.0000000000000016,-0.0251485261918447,0.0000000000000034,3.0835854391484872,3.0027183554,443.399
1.0218068707690187,-0.0000000000000000,-0.0122736144865060,0.0000000000000019,-0.0253051661746168,0.0000000000000003,3.0817151151277291,3.0026951315,448.318
1.0217610010489824,-0.0000000000000000,-0.0124709322282405,0.0000000000000090,-0.0254562230432987,-0.0000000000000011,3.0798447911069715,3.0026723895,453.083
1.0217155013293424,-0.0000000000000000,-0.0126623119055158,-0.0000000000000009,-0.0256019807455672,0.0000000000000011,3.0779744670862135,3.0026501138,457.702
1.0216703769507145,-0.0000000000000000,-0.0128480806159157,0.0000000000000008,-0.0257427036216423,-0.0000000000000001,3.0761041430654554,3.0026282899,462.183
1.0216256318721422,-0.0000000000000000,-0.0130285378692430,0.0000000000000071,-0.0258786381274358,-0.0000000000000103,3.0742338190446974,3.0026069036,466.532
1.0215812688427413,-0.0000000000000000,-0.0132039587607886,-0.0000000000026716,-0.0260100143705228,0.0000000000011663,3.0723634950239398,3.0025859412,470.756
1.0215372895589403,-0.0000000000000000,-0.0133745966851745,-0.0000000000013191,-0.0261370474918446,0.0000000000009290,3.0704931710031818,3.0025653898,474.861
1.0214936947868727,-0.0000000000000001,-0.0135406856670730,-0.0000000000015000,-0.0262599388911558,0.0000000000005339,3.0686228469824237,3.0025452370,478.852
1.0214504844878403,-0.0000000000000003,-0.0137024423773075,-0.0000000000019641,-0.0263788773438334,0.0000000000008431,3.0667525229616661,3.0025254708,482.735
1.0214076579247380,-0.0000000000000000,-0.0138600678839400,0.0000000000120314,-0.0264940400075992,-0.0000000000070280,3.0648821989409081,3.0025060797,486.513
1.0213652137211835,-0.0000000000000000,-0.0140137491726793,0.0000000000056251,-0.0266055932946728,-0.0000000000035110,3.0630118749201500,3.0024870526,490.192
1.0213231499960442,-0.0000000000000000,-0.0141636604957238,0.0000000000062199,-0.0267136937458666,-0.0000000000038903,3.0611415508993924,3.0024683791,493.777
1.0212814643832275,-0.0000000000000000,-0.0143099645377586,0.0000000000000005,-0.0268184887220335,-0.0000000000000006,3.0592712268786344,3.0024500489,497.270
1.0212401541273506,0.0000000000000000,-0.0144528134618797,-0.0000000000000003,-0.0269201171120090,0.0000000000000020,3.0574009028578764,3.0024320522,500.676
1.0211992161157419,0.0000000000000000,-0.0145923498266800,-0.0000000000000009,-0.0270187099262128,0.0000000000000083,3.0555305788371188,3.0024143797,503.998
1.0211586469402232,-0.0000000000000000,-0.0147287074056428,0.0000000000000039,-0.0271143908672402,0.0000000000000049,3.0536602548163607,3.0023970222,507.240
1.0211184429364086,-0.0000000000000000,-0.0148620119205046,0.0000000000000005,-0.0272072768426966,0.0000000000000029,3.0517899307956027,3.0023799711,510.405
1.0210786002226555,-0.0000000000000000,-0.0149923816914568,-0.0000000000000005,-0.0272974784305046,0.0000000000000010,3.0499196067748446,3.0023632180,513.495
1.0210391147335764,-0.0000000000000000,-0.0151199282254379,0.0000000000000002,-0.0273851003103509,0.0000000000000011,3.0480492827540870,3.0023467549,516.514
1.0209999822501463,-0.0000000000000000,-0.0152447567435357,-0.0000000000000001,-0.0274702416576926,0.0000000000000019,3.0461789587333290,3.0023305738,519.464
1.0209611984263478,-0.0000000000000000,-0.0153669666570529,-0.0000000000000003,-0.0275529965063280,0.0000000000000005,3.0443086347125710,3.0023146674,522.347
1.0209227588127814,-0.0000000000000000,-0.0154866519980803,0.0000000000000025,-0.0276334540821114,0.0000000000000086,3.0424383106918134,3.0022990285,525.167
1.0208846588776141,-0.0000000000000000,-0.0156039018097174,0.0000000000000010,-0.0277116991105235,0.0000000000000389,3.0405679866710553,3.0022836500,527.925
1.0208468940251396,-0.0000000000000000,-0.0157188005004164,0.0000000000000000,-0.0277878121002778,-0.0000000000000035,3.0386976626502973,3.0022685253,530.624
1.0208094596131465,-0.0000000000000008,-0.0158314281673727,0.0000000000017639,-0.0278618696072358,-0.0000000000014417,3.0368273386295392,3.0022536478,533.265
1.0207723509638864,-0.0000000000000000,-0.0159418608895402,0.0000000000019980,-0.0279339444724712,-0.0000000000017007,3.0349570146087816,3.0022390113,535.851
1.0207355633819131,-0.0000000000000000,-0.0160501709982397,0.0000000000018068,-0.0280041060528220,-0.0000000000015428,3.0330866905880236,3.0022246097,538.383
1.0206990921630439,-0.0000000000000000,-0.0161564273227156,0.0000000000020308,-0.0280724204261387,-0.0000000000016894,3.0312163665672656,3.0022104373,540.863
1.0206629326041294,-0.0000000000000008,-0.0162606954161883,0.0000000000027805,-0.0281389505847731,-0.0000000000021969,3.0293460425465080,3.0021964884,543.293
1.0206270800109980,-0.0000000000000007,-0.0163630377634237,0.0000000000018756,-0.0282037566140871,-0.0000000000016067,3.0274757185257499,3.0021827576,545.674
1.0205915297103272,-0.0000000000000000,-0.0164635139722956,0.0000000000021925,-0.0282668958640015,-0.0000000000018034,3.0256053945049919,3.0021692395,548.009
1.0205562770536352,-0.0000000000000000,-0.0165621809499623,0.0000000000068650,-0.0283284231014434,-0.0000000000047728,3.0237350704842338,3.0021559291,550.298
1.0205213174152616,-0.0000000000000002,-0.0166590930623032,0.0000000000030909,-0.0283883906466258,-0.0000000000023959,3.0218647464634762,3.0021428215,552.543
1.0204866462181614,-0.0000000000000001,-0.0167543022912181,0.0000000000028632,-0.0284468485306528,-0.0000000000023109,3.0199944224427182,3.0021299119,554.745
1.0204522589180463,-0.0000000000000001,-0.0168478583669864,0.0000000000027430,-0.0285038445994555,-0.0000000000022040,3.0181240984219602,3.0021171957,556.905
1.0204181510170456,-0.0000000000000000,-0.0169398089003001,0.0000000000029060,-0.0285594246422205,-0.0000000000022976,3.0162537744012026,3.0021046684,559.025
1.0203843180631942,-0.0000000000000000,-0.0170301995012267,-0.0000000000000005,-0.0286136324976589,0.0000000000000013,3.0143834503804445,3.0020923258,561.106
1.0203507556605034,-0.0000000000000000,-0.0171190738916343,-0.0000000000000006,-0.0286665101644267,0.0000000000000004,3.0125131263596865,3.0020801635,563.150
1.0203174594613011,-0.0000000000000000,-0.0172064740069198,-0.0000000000000009,-0.0287180978875461,-0.0000000000000014,3.0106428023389289,3.0020681777,565.156
1.0202844251748215,-0.0000000000000000,-0.0172924400936071,0.0000000000000007,-0.0287684342555303,0.0000000000000084,3.0087724783181709,3.0020563644,567.126
1.0202516485673032,-0.0000000000000000,-0.0173770107990208,0.0000000000000008,-0.0288175562838363,0.0000000000000313,3.0069021542974128,3.0020447196,569.062
1.0202191254635737,-0.0000000000000000,-0.0174602232545554,0.0000000000000021,-0.0288654994938853,-0.0000000000000026,3.0050318302766548,3.0020332399,570.964
1.0201868517477366,-0.0000000000000000,-0.0175421131556297,0.0000000000000018,-0.0289122979895703,-0.0000000000000022,3.0031615062558972,3.0020219215,572.833
1.0201548233645126,-0.0000000000000000,-0.0176227148334245,0.0000000000000010,-0.0289579845259731,0.0000000000000029,3.0012911822351391,3.0020107611,574.670
1.0201230363196656,-0.0000000000000000,-0.0177020613243696,-0.0000000000000001,-0.0290025905764536,-0.0000000000000002,2.9994208582143811,3.0019997552,576.476
1.0200914866815054,-0.0000000000000009,-0.0177801844345736,0.0000000000017603,-0.0290461463957842,-0.0000000000016357,2.9975505341936235,3.0019889006,578.251
1.0200601705774457,-0.0000000000000001,-0.0178571147995084,0.0000000000023163,-0.0290886810753391,-0.0000000000020668,2.9956802101728655,3.0019781941,579.997
1.0200290841987087,-0.0000000000000008,-0.0179328819415443,0.0000000000019008,-0.0291302226027663,-0.0000000000017668,2.9938098861521074,3.0019676327,581.714
1.0199982237989342,-0.0000000000000000,-0.0180075143230588,0.0000000000017617,-0.0291707979128656,-0.0000000000015992,2.9919395621313498,3.0019572133,583.403
1.0199675856930390,-0.0000000000000008,-0.0180810393956559,0.0000000000016916,-0.0292104329356632,-0.0000000000016036,2.9900692381105918,3.0019469330,585.065
1.0199371662572476,-0.0000000000000002,-0.0181534836488427,0.0000000000017875,-0.0292491526436910,-0.0000000000016262,2.9881989140898337,3.0019367891,586.700
1.0199069619287948,-0.0000000000000004,-0.0182248726530436,0.0000000000013685,-0.0292869810953020,-0.0000000000013401,2.9863285900690757,3.0019267787,588.309
1.0198769692067031,-0.0000000000000001,-0.0182952311022280,0.0000000000015135,-0.0293239414778610,-0.0000000000014605,2.9844582660483181,3.0019168993,589.892
1.0198471846493578,-0.0000000000000000,-0.0183645828531069,0.0000000000017039,-0.0293600561448880,-0.0000000000015889,2.9825879420275601,3.0019071482,591.451
1.0198176048750385,-0.0000000000000000,-0.0184329509625191,0.0000000000017375,-0.0293953466544114,-0.0000000000012407,2.9807176180068020,3.0018975229,592.986
1.0197882265603475,-0.0000000000000000,-0.0185003577224679,-0.0000000000000002,-0.0294298338023443,-0.0000000000000006,2.9788472939860444,3.0018880210,594.497
1.0197590464433275,-0.0000000000000000,-0.0185668246941082,0.0000000000000009,-0.0294635376615235,0.0000000000000031,2.9769769699652864,3.0018786401,595.986
1.0197300613166878,-0.0000000000000000,-0.0186323727381997,-0.0000000000000005,-0.0294964776052262,0.0000000000000000,2.9751066459445283,3.0018693778,597.452
1.0197012680311570,-0.0000000000000000,-0.0186970220456201,0.0000000000000009,-0.0295286723421985,0.0000000000000027,2.9732363219237703,3.0018602319,598.895
1.0196726634936895,-0.0000000000000000,-0.0187607921654148,0.0000000000000003,-0.0295601399438477,0.0000000000000170,2.9713659979030127,3.0018512003,600.318
1.0196442446666607,-0.0000000000000000,-0.0188237020315936,0.0000000000000052,-0.0295908978712226,0.0000000000000796,2.9694956738822547,3.0018422807,601.719
1.0196160085671464,-0.0000000000000000,-0.0188857699882052,-0.0000000000000007,-0.0296209630002025,0.0000000000000000,2.9676253498614966,3.0018334711,603.100
1.0195879522638736,-0.0000000000000000,-0.0189470138138673,-0.0000000000033636,-0.0296503516447938,0.0000000000021826,2.9657550258407390,3.0018247695,604.461
1.0195600728848477,-0.0000000000000008,-0.0190074507450720,-0.0000000000027929,-0.0296790795876900,0.0000000000017697,2.9638847018199810,3.0018161739,605.803
1.0195323676034316,-0.0000000000000001,-0.0190670974963378,-0.0000000000023899,-0.0297071620892431,0.0000000000015016,2.9620143777992229,3.0018076824,607.125
1.0195048336463279,-0.0000000000000000,-0.0191259702821303,-0.0000000000026224,-0.0297346139175651,0.0000000000016766,2.9601440537784649,3.0017992931,608.428
1.0194774682915739,-0.0000000000000000,-0.0191840848362478,-0.0000000000023028,-0.0297614493672047,0.0000000000014639,2.9582737297577073,3.0017910041,609.714
1.0194502688653400,-0.0000000000000001,-0.0192414564302888,-0.0000000000024132,-0.0297876822755904,0.0000000000015949,2.9564034057369493,3.0017828138,610.981
1.0194232327432919,-0.0000000000000000,-0.0192980998915391,-0.0000000000025391,-0.0298133260434855,0.0000000000016881,2.9545330817161912,3.0017747203,612.231
1.0193963573500884,0.0000000000000000,-0.0193540296202365,-0.0000000000000004,-0.0298383936524753,-0.0000000000000009,2.9526627576954336,3.0017667219,613.463
1.0193696401526164,0.0000000000000000,-0.0194092596045820,-0.0000000000000001,-0.0298628976752326,0.0000000000000008,2.9507924336746756,3.0017588171,614.679
1.0193430786683277,-0.0000000000000000,-0.0194638034376312,-0.0000000000000009,-0.0298868503007140,0.0000000000000015,2.9489221096539175,3.0017510042,615.878
1.0193166704583174,-0.0000000000000000,-0.0195176743310007,-0.0000000000000007,-0.0299102633427368,0.0000000000000010,2.9470517856331599,3.0017432816,617.061
1.0192904131279723,-0.0000000000000000,-0.0195708851290995,-0.0000000000000004,-0.0299331482557536,0.0000000000000021,2.9451814616124019,3.0017356479,618.228
1.0192643043261342,-0.0000000000000000,-0.0196234483224904,0.0000000000000005,-0.0299555161484218,0.0000000000000060,2.9433111375916439,3.0017281014,619.380
1.0192383417442636,-0.0000000000000000,-0.0196753760606452,0.0000000000000021,-0.0299773777965758,0.0000000000000307,2.9414408135708863,3.0017206408,620.516
1.0192125231156204,0.0000000000000000,-0.0197266801641396,0.0000000000000092,-0.0299987436555972,0.0000000000001000,2.9395704895501282,3.0017132646,621.638
1.0191868462123008,-0.0000000000000007,-0.0197773721359775,-0.0000000000035969,-0.0300196238699425,0.0000000000024798,2.9377001655293702,3.0017059714,622.745
1.0191613088531832,-0.0000000000000009,-0.0198274631741058,-0.0000000000033439,-0.0300400282937050,0.0000000000022891,2.9358298415086121,3.0016987599,623.837
1.0191359088895411,-0.0000000000000002,-0.0198769641798632,-0.0000000000035516,-0.0300599664871563,0.0000000000024118,2.9339595174878546,3.0016916287,624.916
1.0191106442143243,-0.0000000000000001,-0.0199258857699556,-0.0000000000033331,-0.0300794477375729,0.0000000000023011,2.9320891934670965,3.0016845766,625.981
1.0190855127573570,-0.0000000000000009,-0.0199742382852957,-0.0000000000035553,-0.0300984810650360,0.0000000000025002,2.9302188694463385,3.0016776023,627.032
1.0190605124864991,-0.0000000000000000,-0.0200220318008907,-0.0000000000034861,-0.0301170752337573,0.0000000000024612,2.9283485454255809,3.0016707045,628.070
1.0190356414054069,-0.0000000000000009,-0.0200692761345069,-0.0000000000033062,-0.0301352387596583,0.0000000000022747,2.9264782214048228,3.0016638820,629.095
1.0190108975552632,0.0000000000000000,-0.0201159808556977,-0.0000000000000007,-0.0301529799216480,0.0000000000000005,2.9246078973840648,3.0016571337,630.107
1.0189862790065491,0.0000000000000000,-0.0201621552926305,0.0000000000000006,-0.0301703067621865,-0.0000000000000001,2.9227375733633068,3.0016504584,631.107
1.0189617838697804,-0.0000000000000000,-0.0202078085420472,0.0000000000000005,-0.0301872271069962,0.0000000000000019,2.9208672493425492,3.0016438549,632.094
1.0189374102848465,-0.0000000000000004,-0.0202529494751017,-0.0000000000036027,-0.0302037485625464,0.0000000000025340,2.9189969253217911,3.0016373222,633.069
1.0189131564308551,-0.0000000000000000,-0.0202975867464653,-0.0000000000038198,-0.0302198785340295,0.0000000000026818,2.9171266013010331,3.0016308592,634.032
1.0188890205130812,-0.0000000000000000,-0.0203417287991439,-0.0000000000036594,-0.0302356242198942,0.0000000000025776,2.9152562772802755,3.0016244648,634.984
1.0188650007696256,-0.0000000000000000,-0.0203853838724975,-0.0000000000039429,-0.0302509926260368,0.0000000000028206,2.9133859532595174,3.0016181380,635.924
1.0188410954728830,-0.0000000000000000,-0.0204285600088257,-0.0000000000000003,-0.0302659905743278,0.0000000000000028,2.9115156292387594,3.0016118777,636.853
1.0188173029176271,-0.0000000000000000,-0.0204712650580373,0.0000000000000014,-0.0302806246975049,-0.0000000000000036,2.9096453052180014,3.0016056831,637.771
1.0187936214356808,-0.0000000000000000,-0.0205135066858338,0.0000000000000010,-0.0302949014605465,0.0000000000000012,2.9077749811972438,3.0015995530,638.678
1.0187700493829854,-0.0000000000000002,-0.0205552923775050,-0.0000000000041480,-0.0303088271539799,0.0000000000029625,2.9059046571764857,3.0015934866,639.575
1.0187465851516486,-0.0000000000000000,-0.0205966294455143,-0.0000000000039635,-0.0303224079121959,0.0000000000028562,2.9040343331557277,3.0015874830,640.460
1.0187232271535347,-0.0000000000000000,-0.0206375250322136,-0.0000000000042497,-0.0303356497026616,0.0000000000030619,2.9021640091349701,3.0015815411,641.336
1.0186999738338591,0.0000000000000000,-0.0206779861171770,0.0000000000000006,-0.0303485583454423,-0.0000000000000013,2.9002936851142120,3.0015756602,642.201
1.0186768236561365,-0.0000000000000000,-0.0207180195197983,-0.0000000000000006,-0.0303611395034127,-0.0000000000000001,2.8984233610934540,3.0015698394,643.057
1.0186537751180742,-0.0000000000000000,-0.0207576319067374,-0.0000000000000008,-0.0303733987035495,0.0000000000000006,2.8965530370726960,3.0015640778,643.902
1.0186308267404807,-0.0000000000000000,-0.0207968297946807,0.0000000000000012,-0.0303853413308293,-0.0000000000000020,2.8946827130519384,3.0015583746,644.738
1.0186079770666698,-0.0000000000000001,-0.0208356195547409,-0.0000000000043245,-0.0303969726325120,0.0000000000031125,2.8928123890311803,3.0015527289,645.565
1.0185852246726830,-0.0000000000000000,-0.0208740074184645,-0.0000000000041848,-0.0304082977332051,0.0000000000030573,2.8909420650104223,3.0015471399,646.382
1.0185625681505701,-0.0000000000000000,-0.0209119994792341,-0.0000000000040449,-0.0304193216224603,0.0000000000029860,2.8890717409896647,3.0015416070,647.189
1.0185400061212766,0.0000000000000000,-0.0209496016982675,0.0000000000000005,-0.0304300491722891,0.0000000000000004,2.8872014169689066,3.0015361292,647.988
1.0185175372215234,-0.0000000000000000,-0.0209868199066345,-0.0000000000000008,-0.0304404851280318,-0.0000000000000014,2.8853310929481486,3.0015307059,648.778
1.0184951601182448,-0.0000000000000000,-0.0210236598110653,0.0000000000000000,-0.0304506341271060,-0.0000000000000058,2.8834607689273910,3.0015253363,649.559
1.0184728734981459,-0.0000000000000000,-0.0210601269959718,0.0000000000000007,-0.0304605006923834,0.0000000000000008,2.8815904449066330,3.0015200196,650.332
1.0184506760697594,-0.0000000000000000,-0.0210962269272546,-0.0000000000000002,-0.0304700892380688,-0.0000000000000004,2.8797201208858749,3.0015147553,651.096
1.0184285665600523,-0.0000000000000002,-0.0211319649551147,-0.0000000000047474,-0.0304794040699859,0.0000000000035888,2.8778497968651173,3.0015095424,651.851
1.0184065437259502,-0.0000000000000005,-0.0211673463191500,-0.0000000000045882,-0.0304884494006984,0.0000000000034759,2.8759794728443593,3.0015043805,652.599
1.0183846063358044,-0.0000000000000001,-0.0212023761484517,-0.0000000000045420,-0.0304972293343321,0.0000000000034304,2.8741091488236012,3.0014992688,653.338
1.0183627531811910,-0.0000000000000001,-0.0212370594666661,-0.0000000000046222,-0.0305057478817610,0.0000000000035003,2.8722388248028432,3.0014942066,654.069
1.0183409830735086,-0.0000000000000000,-0.0212714011942861,-0.0000000000047500,-0.0305140089603196,0.0000000000035986,2.8703685007820856,3.0014891933,654.793
1.0183192948465600,-0.0000000000000000,-0.0213054061518835,0.0000000000000008,-0.0305220163996361,-0.0000000000000020,2.8684981767613276,3.0014842284,655.508
1.0182976873439702,0.0000000000000000,-0.0213390790608990,0.0000000000000014,-0.0305297739318611,-0.0000000000000021,2.8666278527405695,3.0014793110,656.216
1.0182761594370002,-0.0000000000000000,-0.0213724245490814,-0.0000000000000005,-0.0305372852125281,0.0000000000000013,2.8647575287198119,3.0014744407,656.917
1.0182547100121599,-0.0000000000000000,-0.0214054471511019,0.0000000000000000,-0.0305445538109152,0.0000000000000008,2.8628872046990539,3.0014696169,657.610
1.0182333379738331,-0.0000000000000000,-0.0214381513114564,0.0000000000000007,-0.0305515832153683,0.0000000000000031,2.8610168806782958,3.0014648389,658.296
1.0182120422439345,0.0000000000000000,-0.0214705413867971,0.0000000000000002,-0.0305583768356110,0.0000000000000044,2.8591465566575378,3.0014601062,658.974
1.0181908217615576,-0.0000000000000000,-0.0215026216482152,0.0000000000000007,-0.0305649380049185,0.0000000000000007,2.8572762326367802,3.0014554182,659.646
1.0181696754826515,-0.0000000000000000,-0.0215343962834305,0.0000000000000027,-0.0305712699822558,0.0000000000000076,2.8554059086160222,3.0014507744,660.310
1.0181486023796862,-0.0000000000000000,-0.0215658693989211,0.0000000000000047,-0.0305773759543251,0.0000000000000294,2.8535355845952641,3.0014461741,660.968
1.0181276014378526,-0.0000000000000000,-0.0215970450215111,-0.0000000000054407,-0.0305832590340665,0.0000000000041527,2.8516652605745065,3.0014416170,661.619
1.0181066716687808,-0.0000000000000009,-0.0216279271023725,-0.0000000000052148,-0.0305889222767180,0.0000000000039717,2.8497949365537485,3.0014371024,662.263
1.0180858120890126,-0.0000000000000007,-0.0216585195158206,-0.0000000000050037,-0.0305943686602508,0.0000000000038741,2.8479246125329905,3.0014326299,662.900
1.0180650217338374,-0.0000000000000017,-0.0216888260633581,-0.0000000000050201,-0.0305996011013604,0.0000000000038577,2.8460542885122324,3.0014281988,663.531
1.0180442996536472,-0.0000000000000006,-0.0217188504749468,-0.0000000000052720,-0.0306046224540384,0.0000000000041123,2.8441839644914748,3.0014238088,664.156
1.0180236449139284,-0.0000000000000002,-0.0217485964107610,-0.0000000000052381,-0.0306094355113288,0.0000000000041076,2.8423136404707168,3.0014194594,664.774
1.0180030565939586,-0.0000000000000001,-0.0217780674628715,-0.0000000000053027,-0.0306140430059812,0.0000000000041538,2.8404433164499587,3.0014151500,665.386
1.0179825337875712,-0.0000000000000000,-0.0218072671569287,-0.0000000000052602,-0.0306184476131502,0.0000000000041303,2.8385729924292011,3.0014108802,665.991
1.0179620756021881,-0.0000000000000000,-0.0218361989537440,-0.0000000000053424,-0.0306226519511087,0.0000000000041688,2.8367026684084431,3.0014066495,666.591
1.0179416811591504,-0.0000000000000009,-0.0218648662509182,-0.0000000000053065,-0.0306266585834238,0.0000000000041631,2.8348323443876851,3.0014024575,667.185
1.0179213495929482,-0.0000000000000000,-0.0218932723842370,-0.0000000000052652,-0.0306304700198032,0.0000000000041422,2.8329620203669275,3.0013983037,667.772
1.0179010800512556,-0.0000000000000000,-0.0219214206292390,-0.0000000000051961,-0.0306340887178100,0.0000000000041222,2.8310916963461694,3.0013941876,668.354
1.0178808716979355,-0.0000000000000000,-0.0219493142030279,-0.0000000000000001,-0.0306375170874935,0.0000000000000010,2.8292213723254114,3.0013901089,668.930
1.0178607236961070,-0.0000000000000000,-0.0219769562634705,-0.0000000000050581,-0.0306407574757342,0.0000000000040409,2.8273510483046538,3.0013860672,669.500
1.0178406352445974,-0.0000000000000000,-0.0220043499154110,0.0000000000000006,-0.0306438122047829,-0.0000000000000011,2.8254807242838957,3.0013820619,670.065
1.0178206055312056,-0.0000000000000000,-0.0220314982057544,0.0000000000000014,-0.0306466835262695,-0.0000000000000076,2.8236104002631377,3.0013780927,670.624
1.0178006337658168,-0.0000000000000009,-0.0220584041292341,-0.0000000000046442,-0.0306493736561990,0.0000000000037114,2.8217400762423797,3.0013741592,671.178
1.0177807191789112,-0.0000000000000000,-0.0220850706293765,-0.0000000000000010,-0.0306518847748898,0.0000000000000016,2.8198697522216221,3.0013702610,671.726
1.0177608609908828,-0.0000000000000000,-0.0221115005957769,-0.0000000000050410,-0.0306542189970433,0.0000000000040389,2.8179994282008640,3.0013663977,672.269
1.0177410584588211,0.0000000000000000,-0.0221376968713956,0.0000000000000038,-0.0306563784207112,0.0000000000000069,2.8161291041801060,3.0013625689,672.807
1.0177213108280283,0.0000000000000000,-0.0221636622472624,0.0000000000000003,-0.0306583650790857,0.0000000000000013,2.8142587801593484,3.0013587742,673.339
1.0177016173646083,-0.0000000000000000,-0.0221893994680916,-0.0000000000049533,-0.0306601809750862,0.0000000000039753,2.8123884561385903,3.0013550132,673.866
1.0176819773518178,-0.0000000000000000,-0.0222149112327113,-0.0000000000049698,-0.0306618280786490,0.0000000000040029,2.8105181321178323,3.0013512857,674.389
1.0176623900737571,-0.0000000000000009,-0.0222402001930367,-0.0000000000048374,-0.0306633083114149,0.0000000000038927,2.8086478080970743,3.0013475911,674.906
1.0176428548309739,0.0000000000000000,-0.0222652689571462,0.0000000000000004,-0.0306646235636989,-0.0000000000000006,2.8067774840763167,3.0013439293,675.418
1.0176233709247990,-0.0000000000000000,-0.0222901200882891,-0.0000000000000007,-0.0306657756795970,0.0000000000000001,2.8049071600555586,3.0013402998,675.925
1.0176039376759916,-0.0000000000000000,-0.0223147561082421,0.0000000000000002,-0.0306667664770876,-0.0000000000000019,2.8030368360348006,3.0013367022,676.428
1.0175845544118622,-0.0000000000000000,-0.0223391794966030,0.0000000000000011,-0.0306675977359387,-0.0000000000000026,2.8011665120140430,3.0013331363,676.925
1.0175652204659906,-0.0000000000000003,-0.0223633926916942,-0.0000000000049697,-0.0306682711984192,0.0000000000040629,2.7992961879932849,3.0013296017,677.418
1.0175459351912624,-0.0000000000000003,-0.0223873980930941,-0.0000000000049950,-0.0306687885835694,0.0000000000040609,2.7974258639725269,3.0013260981,677.906
1.0175266979398121,-0.0000000000000009,-0.0224111980600327,-0.0000000000051427,-0.0306691515677113,0.0000000000041593,2.7955555399517689,3.0013226251,678.390
1.0175075080798475,0.0000000000000000,-0.0224347949143007,0.0000000000000010,-0.0306693618025731,-0.0000000000000014,2.7936852159310113,3.0013191825,678.869
1.0174883649779247,-0.0000000000000000,-0.0224581909388832,-0.0000000000000007,-0.0306694208979832,0.0000000000000024,2.7918148919102532,3.0013157698,679.344
1.0174692680197153,-0.0000000000000000,-0.0224813883814035,-0.0000000000000006,-0.0306693304440828,0.0000000000000030,2.7899445678894952,3.0013123870,679.814
1.0174502165960773,0.0000000000000000,-0.0225043894531198,0.0000000000000003,-0.0306690919978942,0.0000000000000018,2.7880742438687376,3.0013090335,680.279
1.0174312101063061,0.0000000000000000,-0.0225271963301332,-0.0000000000000003,-0.0306687070874911,0.0000000000000005,2.7862039198479795,3.0013057091,680.741
1.0174122479580052,-0.0000000000000000,-0.0225498111541068,0.0000000000000002,-0.0306681772126641,-0.0000000000000007,2.7843335958272215,3.0013024136,681.198
1.0173933295669317,-0.0000000000000000,-0.0225722360329787,-0.0000000000000005,-0.0306675038455649,0.0000000000000018,2.7824632718064635,3.0012991466,681.651
1.0173744543568546,0.0000000000000000,-0.0225944730416569,0.0000000000000012,-0.0306666884313307,0.0000000000000010,2.7805929477857059,3.0012959079,682.099
1.0173556217558322,-0.0000000000000004,-0.0226165242222360,-0.0000000000053548,-0.0306657323850042,0.0000000000043590,2.7787226237649478,3.0012926971,682.543
1.0173368312105207,-0.0000000000000001,-0.0226383915865077,-0.0000000000052057,-0.0306646371069687,0.0000000000042476,2.7768522997441898,3.0012895140,682.984
1.0173180821640768,-0.0000000000000000,-0.0226600771138331,-0.0000000000052412,-0.0306634039609389,0.0000000000042872,2.7749819757234322,3.0012863583,683.420
1.0172993740711873,-0.0000000000000001,-0.0226815827535502,-0.0000000000051844,-0.0306620342901464,0.0000000000042457,2.7731116517026742,3.0012832298,683.852
1.0172807063935476,-0.0000000000000003,-0.0227029104252335,-0.0000000000051883,-0.0306605294133291,0.0000000000042553,2.7712413276819161,3.0012801282,684.280
1.0172620786001987,-0.0000000000000000,-0.0227240620192241,-0.0000000000052460,-0.0306588906257119,0.0000000000042681,2.7693710036611585,3.0012770532,684.705
1.0172434901673690,-0.0000000000000000,-0.0227450393972622,-0.0000000000051797,-0.0306571191995677,0.0000000000042284,2.7675006796404005,3.0012740046,685.125
1.0172249405815379,0.0000000000000000,-0.0227658443934134,0.0000000000000009,-0.0306552163879196,-0.0000000000000023,2.7656303556196424,3.0012709820,685.541
1.0172064293257403,0.0000000000000000,-0.0227864788128874,-0.0000000000000002,-0.0306531834110675,-0.0000000000000013,2.7637600315988848,3.0012679854,685.954
1.0171879559001673,-0.0000000000000000,-0.0228069444352746,-0.0000000000000030,-0.0306510214784388,0.0000000000000055,2.7618897075781268,3.0012650143,686.363
1.0171695198081643,-0.0000000000000000,-0.0228272430132341,0.0000000000000000,-0.0306487317747146,-0.0000000000000005,2.7600193835573688,3.0012620687,686.768
1.0171511205595867,-0.0000000000000000,-0.0228473762735152,0.0000000000000008,-0.0306463154638470,-0.0000000000000018,2.7581490595366107,3.0012591482,687.170
1.0171327576706990,-0.0000000000000000,-0.0228673459174088,0.0000000000000005,-0.0306437736895253,-0.0000000000000004,2.7562787355158531,3.0012562526,687.567
1.0171144306640736,-0.0000000000000000,-0.0228871536212554,0.0000000000000001,-0.0306411075756052,0.0000000000000046,2.7544084114950951,3.0012533816,687.962
1.0170961390684767,-0.0000000000000000,-0.0229068010369254,0.0000000000000011,-0.0306383182265069,0.0000000000000022,2.7525380874743370,3.0012505351,688.352
1.0170778824187716,-0.0000000000000000,-0.0229262897922754,0.0000000000000028,-0.0306354067276447,0.0000000000000132,2.7506677634535794,3.0012477128,688.739
1.0170596602558133,-0.0000000000000000,-0.0229456214916111,0.0000000000000066,-0.0306323741458061,0.0000000000000284,2.7487974394328214,3.0012449145,689.123
1.0170414721263541,-0.0000000000000000,-0.0229647977161268,0.0000000000000141,-0.0306292215295444,0.0000000000000641,2.7469271154120634,3.0012421400,689.503
1.0170233175829442,-0.0000000000000000,-0.0229838200243382,0.0000000000000237,-0.0306259499095551,0.0000000000001401,2.7450567913913053,3.0012393891,689.880
1.0170051961800501,-0.0000000000000005,-0.0230026899522191,-0.0000000000054864,-0.0306225602953032,0.0000000000045194,2.7431864673705473,3.0012366615,690.253
1.0169871074891519,-0.0000000000000000,-0.0230214090149197,-0.0000000000053393,-0.0306190536905170,0.0000000000044294,2.7413161433497897,3.0012339570,690.623
1.0169690510758258,-0.0000000000000009,-0.0230399787050971,-0.0000000000051287,-0.0306154310706620,0.0000000000042719,2.7394458193290316,3.0012312755,690.989
1.0169510265147723,-0.0000000000000009,-0.0230584004946688,-0.0000000000050110,-0.0306116933985009,0.0000000000042365,2.7375754953082740,3.0012286167,691.353
1.0169330333861661,-0.0000000000000009,-0.0230766758349385,-0.0000000000049607,-0.0306078416207815,0.0000000000041947,2.7357051712875160,3.0012259804,691.713
1.0169150712753774,-0.0000000000000000,-0.0230948061569864,-0.0000000000050042,-0.0306038766684813,0.0000000000042046,2.7338348472667580,3.0012233664,692.069
1.0168971397730100,-0.0000000000000001,-0.0231127928719572,-0.0000000000050775,-0.0305997994571120,0.0000000000042597,2.7319645232459999,3.0012207746,692.423
1.0168792384747545,-0.0000000000000009,-0.0231306373714549,-0.0000000000051372,-0.0305956108870625,0.0000000000043152,2.7300941992252423,3.0012182047,692.773
1.0168613669812707,-0.0000000000000000,-0.0231483410279170,-0.0000000000051504,-0.0305913118437988,0.0000000000043161,2.7282238752044843,3.0012156566,693.121
1.0168435248980487,-0.0000000000000002,-0.0231659051948664,-0.0000000000052810,-0.0305869031981534,0.0000000000045121,2.7263535511837262,3.0012131300,693.465
1.0168257118357107,-0.0000000000000000,-0.0231833312074289,-0.0000000000051871,-0.0305823858069234,0.0000000000043578,2.7244832271629686,3.0012106247,693.806
1.0168079274093720,-0.0000000000000000,-0.0232006203824442,-0.0000000000050224,-0.0305777605126811,0.0000000000042252,2.7226129031422106,3.0012081407,694.144
1.0167901712422580,-0.0000000000000000,-0.0232177740192729,0.0000000000000008,-0.0305730281478408,-0.0000000000000005,2.7207425791214526,3.0012056777,694.479
1.0167724429519738,-0.0000000000000000,-0.0232347933986909,-0.0000000000000001,-0.0305681895205863,0.0000000000000007,2.7188722551006950,3.0012032354,694.811
1.0167547421710632,0.0000000000000000,-0.0232516797853111,0.0000000000000006,-0.0305632454368237,-0.0000000000000016,2.7170019310799369,3.0012008139,695.140
1.0167370685330448,-0.0000000000000000,-0.0232684344264507,0.0000000000000008,-0.0305581966858317,-0.0000000000000012,2.7151316070591789,3.0011984128,695.466
1.0167194216758404,0.0000000000000000,-0.0232850585527883,0.0000000000000010,-0.0305530440441908,-0.0000000000000034,2.7132612830384208,3.0011960320,695.789
1.0167018012417037,-0.0000000000000000,-0.0233015533786553,-0.0000000000000005,-0.0305477882760229,0.0000000000000017,2.7113909590176632,3.0011936714,696.110
1.0166842068771575,0.0000000000000000,-0.0233179201023164,0.0000000000000013,-0.0305424301332272,-0.0000000000000001,2.7095206349969052,3.0011913307,696.427
1.0166666382329208,-0.0000000000000000,-0.0233341599062480,0.0000000000000015,-0.0305369703557058,0.0000000000000014,2.7076503109761472,3.0011890099,696.742
1.0166490949638469,-0.0000000000000000,-0.0233502739574065,0.0000000000000011,-0.0305314096715962,0.0000000000000098,2.7057799869553891,3.0011867086,697.053
1.0166315767288634,-0.0000000000000000,-0.0233662634074943,0.0000000000000039,-0.0305257487974844,0.0000000000000230,2.7039096629346315,3.0011844269,697.363
1.0166140831908994,-0.0000000000000000,-0.0233821293932169,0.0000000000000063,-0.0305199884386281,0.0000000000000523,2.7020393389138735,3.0011821645,697.669
1.0165966140168328,-0.0000000000000000,-0.0233978730365372,0.0000000000000158,-0.0305141292891581,0.0000000000001020,2.7001690148931159,3.0011799212,697.972
1.0165791688774253,-0.0000000000000000,-0.0234134954449239,0.0000000000000289,-0.0305081720322797,0.0000000000001948,2.6982986908723579,3.0011776970,698.273
1.0165617474472355,-0.0000000000000000,-0.0234289977117292,0.0000000000000004,-0.0305021173406568,0.0000000000000004,2.6964283668515998,3.0011754916,698.571
1.0165443494046533,-0.0000000000000000,-0.0234443809159778,0.0000000000000015,-0.0304959658760414,-0.0000000000000038,2.6945580428308418,3.0011733049,698.867
1.0165269744317229,-0.0000000000000000,-0.0234596461231790,0.0000000000000009,-0.0304897182901748,-0.0000000000000030,2.6926877188100842,3.0011711368,699.160
1.0165096222141550,-0.0000000000000000,-0.0234747943852207,0.0000000000000013,-0.0304833752245696,-0.0000000000000001,2.6908173947893261,3.0011689870,699.450
1.0164922924412598,-0.0000000000000000,-0.0234898267406581,0.0000000000000004,-0.0304769373107775,0.0000000000000002,2.6889470707685681,3.0011668556,699.738
1.0164749848058874,-0.0000000000000000,-0.0235047442149381,0.0000000000000024,-0.0304704051705674,0.0000000000000025,2.6870767467478105,3.0011647423,700.023
1.0164576990043712,-0.0000000000000000,-0.0235195478206318,-0.0000000000000006,-0.0304637794161127,-0.0000000000000019,2.6852064227270525,3.0011626469,700.306
1.0164404347327072,-0.0000000000000000,-0.0235342385572219,-0.0000000000053413,-0.0304570606461200,0.0000000000044714,2.6833360987062944,3.0011605694,700.586
1.0164231917016078,-0.0000000000000000,-0.0235488174128658,-0.0000000000053449,-0.0304502494620873,0.0000000000044862,2.6814657746855364,3.0011585096,700.863
1.0164059696138155,-0.0000000000000009,-0.0235632853623123,-0.0000000000053244,-0.0304433464443896,0.0000000000044699,2.6795954506647788,3.0011564673,701.139
1.0163887681790285,-0.0000000000000009,-0.0235776433686317,-0.0000000000053494,-0.0304363521683685,0.0000000000044853,2.6777251266440207,3.0011544425,701.411
1.0163715871103656,-0.0000000000000011,-0.0235918923829896,-0.0000000000052704,-0.0304292672007808,0.0000000000044642,2.6758548026232627,3.0011524350,701.681
1.0163544261239141,-0.0000000000000000,-0.0236060333447981,-0.0000000000052770,-0.0304220920994986,0.0000000000044611,2.6739844786025051,3.0011504447,701.949
1.0163372849382513,-0.0000000000000000,-0.0236200671818705,-0.0000000000065518,-0.0304148274133299,0.0000000000052196,2.6721141545817471,3.0011484713,702.215
1.0163201632776098,-0.0000000000000007,-0.0236339948112895,-0.0000000000061798,-0.0304074736851713,0.0000000000050436,2.6702438305609890,3.0011465149,702.478
1.0163030608664543,-0.0000000000000000,-0.0236478171382791,-0.0000000000058184,-0.0304000314470556,0.0000000000048342,2.6683735065402310,3.0011445753,702.738
1.0162859774333153,-0.0000000000000013,-0.0236615350573899,-0.0000000000053608,-0.0303925012239898,0.0000000000045553,2.6665031825194734,3.0011426523,702.997
1.0162689127092095,-0.0000000000000009,-0.0236751494522578,-0.0000000000054139,-0.0303848835325132,0.0000000000045933,2.6646328584987153,3.0011407459,703.253
1.0162518664289073,-0.0000000000000000,-0.0236886611960952,-0.0000000000053078,-0.0303771788823182,0.0000000000045394,2.6627625344779573,3.0011388559,703.507
1.0162348383294797,-0.0000000000000009,-0.0237020711515244,-0.0000000000052411,-0.0303693877748204,0.0000000000045001,2.6608922104571997,3.0011369821,703.758
1.0162178281509449,-0.0000000000000009,-0.0237153801707928,-0.0000000000052883,-0.0303615107040544,0.0000000000045222,2.6590218864364417,3.0011351245,704.007
1.0162008356361663,-0.0000000000000005,-0.0237285890961754,-0.0000000000053451,-0.0303535481567176,0.0000000000045592,2.6571515624156836,3.0011332830,704.254
1.0161838605307578,-0.0000000000000010,-0.0237416987598493,-0.0000000000053530,-0.0303455006122199,0.0000000000045688,2.6552812383949256,3.0011314574,704.499
1.0161669025830267,-0.0000000000000001,-0.0237547099841813,-0.0000000000052711,-0.0303373685428166,0.0000000000045127,2.6534109143741680,3.0011296476,704.742
1.0161499615437379,-0.0000000000000001,-0.0237676235818434,-0.0000000000053408,-0.0303291524134870,0.0000000000045721,2.6515405903534099,3.0011278536,704.982
1.0161330371666184,-0.0000000000000001,-0.0237804403560126,-0.0000000000053455,-0.0303208526826666,0.0000000000045561,2.6496702663326519,3.0011260751,705.220
1.0161161292077900,-0.0000000000000000,-0.0237931611004155,-0.0000000000053234,-0.0303124698017742,0.0000000000045567,2.6477999423118943,3.0011243121,705.456
1.0160992374259097,-0.0000000000000009,-0.0238057865995646,-0.0000000000053524,-0.0303040042154756,0.0000000000045853,2.6459296182911363,3.0011225645,705.690
1.0160823615861694,0.0000000000000000,-0.0238183176291972,0.0000000000000005,-0.0302954563662393,0.0000000000000038,2.6440592942703782,3.0011208321,705.922
1.0160655014444497,-0.0000000000000000,-0.0238307549550662,0.0000000000000009,-0.0302868266772968,-0.0000000000000057,2.6421889702496206,3.0011191149,706.152
1.0160486567707976,0.0000000000000000,-0.0238430993350810,0.0000000000000002,-0.0302781155781406,0.0000000000000012,2.6403186462288626,3.0011174127,706.379
1.0160318273337698,-0.0000000000000000,-0.0238553515181089,0.0000000000000017,-0.0302693234877969,-0.0000000000000076,2.6384483222081045,3.0011157255,706.605
1.0160150129042993,-0.0000000000000000,-0.0238675122444414,0.0000000000000010,-0.0302604508191043,-0.0000000000000018,2.6365779981873469,3.0011140531,706.828
1.0159982132556560,0.0000000000000000,-0.0238795822459145,0.0000000000000011,-0.0302514979788241,-0.0000000000000042,2.6347076741665889,3.0011123954,707.050
1.0159814281634194,0.0000000000000000,-0.0238915622460346,0.0000000000000010,-0.0302424653677311,-0.0000000000000004,2.6328373501458309,3.0011107524,707.269
1.0159646574054420,-0.0000000000000000,-0.0239034529601014,0.0000000000000004,-0.0302333533807132,0.0000000000000069,2.6309670261250728,3.0011091239,707.486
1.0159479007618200,-0.0000000000000000,-0.0239152550953272,0.0000000000000015,-0.0302241624068539,0.0000000000000090,2.6290967021043152,3.0011075099,707.702
1.0159311580148551,-0.0000000000000000,-0.0239269693509551,0.0000000000000018,-0.0302148928295276,0.0000000000000278,2.6272263780835572,3.0011059102,707.915
1.0159144289490332,-0.0000000000000000,-0.0239385964183728,0.0000000000000043,-0.0302055450264884,0.0000000000000510,2.6253560540627991,3.0011043247,708.127
1.0158977133509837,-0.0000000000000000,-0.0239501369812272,0.0000000000000059,-0.0301961193699528,0.0000000000001207,2.6234857300420416,3.0011027534,708.336
1.0158810110094540,-0.0000000000000000,-0.0239615917155369,0.0000000000000120,-0.0301866162266791,0.0000000000002240,2.6216154060212835,3.0011011961,708.544
1.0158643217153061,-0.0000000000000000,-0.0239729612898261,0.0000000000000012,-0.0301770359582138,-0.0000000000000042,2.6197450820005255,3.0010996528,708.749
1.0158476452613996,-0.0000000000000000,-0.0239842463651435,0.0000000000000022,-0.0301673789204663,-0.0000000000000075,2.6178747579797674,3.0010981233,708.953
1.0158309814426743,-0.0000000000000000,-0.0239954475952832,0.0000000000000002,-0.0301576454644357,0.0000000000000020,2.6160044339590098,3.0010966076,709.155
1.0158143300560563,-0.0000000000000000,-0.0240065656268226,-0.0000000000000000,-0.0301478359358978,-0.0000000000000019,2.6141341099382518,3.0010951056,709.355
1.0157976909004431,-0.0000000000000000,-0.0240176010992384,-0.0000000000000008,-0.0301379506755842,-0.0000000000000033,2.6122637859174938,3.0010936172,709.553
1.0157810637766844,-0.0000000000000000,-0.0240285546450019,0.0000000000000006,-0.0301279900192494,-0.0000000000000055,2.6103934618967362,3.0010921422,709.749
1.0157644484875397,-0.0000000000000000,-0.0240394268896863,0.0000000000000009,-0.0301179542977418,-0.0000000000000040,2.6085231378759781,3.0010906807,709.944
1.0157478448340662,-0.0000000000000009,-0.0240502184517823,-0.0000000000048607,-0.0301078438331614,0.0000000000041343,2.6066528138552201,3.0010892325,710.136
1.0157312526299820,-0.0000000000000000,-0.0240609299438911,-0.0000000000048569,-0.0300976589546030,0.0000000000041343,2.6047824898344620,3.0010877976,710.327
1.0157146716800711,-0.0000000000000005,-0.0240715619711946,-0.0000000000048105,-0.0300873999747429,0.0000000000041272,2.6029121658137044,3.0010863758,710.516
1.0156981017944384,-0.0000000000000000,-0.0240821151325201,-0.0000000000048541,-0.0300770672054461,0.0000000000041683,2.6010418417929464,3.0010849671,710.703
1.0156815427851218,-0.0000000000000003,-0.0240925900204619,-0.0000000000048561,-0.0300666609541821,0.0000000000041400,2.5991715177721884,3.0010835713,710.889
1.0156649944658107,-0.0000000000000000,-0.0241029872210751,-0.0000000000048586,-0.0300561815238083,0.0000000000041408,2.5973011937514308,3.0010821885,711.073
1.0156484566515045,-0.0000000000000000,-0.0241133073140592,-0.0000000000056146,-0.0300456292123712,0.0000000000045426,2.5954308697306727,3.0010808185,711.254
1.0156319291606088,-0.0000000000000000,-0.0241235508735462,-0.0000000000052086,-0.0300350043150768,0.0000000000043155,2.5935605457099147,3.0010794612,711.435
1.0156154118110912,-0.0000000000000000,-0.0241337184667544,-0.0000000000050727,-0.0300243071209040,0.0000000000042588,2.5916902216891566,3.0010781166,711.613
1.0155989044235825,-0.0000000000000000,-0.0241438106553795,-0.0000000000050484,-0.0300135379154831,0.0000000000042507,2.5898198976683990,3.0010767846,711.790
1.0155824068203987,-0.0000000000000009,-0.0241538279950735,-0.0000000000049688,-0.0300026969803360,0.0000000000042161,2.5879495736476410,3.0010754651,711.965
1.0155659188252117,-0.0000000000000008,-0.0241637710356528,-0.0000000000050218,-0.0299917845925419,0.0000000000042267,2.5860792496268830,3.0010741580,712.138
1.0155494402636891,-0.0000000000000008,-0.0241736403211795,-0.0000000000048516,-0.0299808010255780,0.0000000000041322,2.5842089256061254,3.0010728633,712.310
1.0155329709624215,-0.0000000000000002,-0.0241834363899609,-0.0000000000050173,-0.0299697465481536,0.0000000000042789,2.5823386015853673,3.0010715808,712.480
1.0155165107503301,-0.0000000000000014,-0.0241931597747767,-0.0000000000050231,-0.0299586214258946,0.0000000000042715,2.5804682775646093,3.0010703106,712.648
1.0155000594574226,-0.0000000000000007,-0.0242028110028150,-0.0000000000049731,-0.0299474259200182,0.0000000000042443,2.5785979535438517,3.0010690524,712.815
1.0154836169152408,-0.0000000000000001,-0.0242123905957760,-0.0000000000049592,-0.0299361602879371,0.0000000000042520,2.5767276295230936,3.0010678064,712.980
1.0154671829568815,-0.0000000000000000,-0.0242218990700095,-0.0000000000049749,-0.0299248247832864,0.0000000000042543,2.5748573055023356,3.0010665723,713.143
1.0154507574169709,-0.0000000000000000,-0.0242313369365309,-0.0000000000049546,-0.0299134196560513,0.0000000000042307,2.5729869814815780,3.0010653501,713.305
1.0154343401314705,-0.0000000000000000,-0.0242407047010696,-0.0000000000049873,-0.0299019451523767,0.0000000000042455,2.5711166574608200,3.0010641398,713.466
1.0154179309379041,-0.0000000000000008,-0.0242500028642102,-0.0000000000049799,-0.0298904015148935,0.0000000000042538,2.5692463334400619,3.0010629412,713.624
1.0154015296789125,-0.0000000000000000,-0.0242592319216159,0.0000000000000008,-0.0298787889867415,0.0000000000000024,2.5673760094193039,3.0010617544,713.781
1.0153851361835200,-0.0000000000000000,-0.0242683923629926,-0.0000000000048507,-0.0298671077908953,0.0000000000041321,2.5655056853985463,3.0010605792,713.937
1.0153687503081950,-0.0000000000000000,-0.0242774846747043,0.0000000000000006,-0.0298553581756258,-0.0000000000000004,2.5636353613777882,3.0010594155,714.091
1.0153523718812560,-0.0000000000000000,-0.0242865093362707,-0.0000000000048076,-0.0298435403531595,0.0000000000041191,2.5617650373570302,3.0010582633,714.243
1.0153360007617025,0.0000000000000000,-0.0242954668242698,0.0000000000000005,-0.0298316545647117,-0.0000000000000007,2.5598947133362726,3.0010571226,714.394
1.0153196367805009,-0.0000000000000008,-0.0243043576085810,-0.0000000000049070,-0.0298197010156767,0.0000000000041821,2.5580243893155146,3.0010559932,714.543
1.0153032797994728,-0.0000000000000000,-0.0243131821562833,0.0000000000000011,-0.0298076799408052,-0.0000000000000035,2.5561540652947565,3.0010548751,714.691
1.0152869296520128,-0.0000000000000000,-0.0243219409278088,-0.0000000000048339,-0.0297955915386806,0.0000000000041024,2.5542837412739985,3.0010537683,714.837
1.0152705861987847,-0.0000000000000008,-0.0243306343807490,-0.0000000000047323,-0.0297834360334114,0.0000000000040576,2.5524134172532409,3.0010526726,714.982
1.0152542492904144,0.0000000000000000,-0.0243392629672071,0.0000000000000002,-0.0297712136334323,-0.0000000000000093,2.5505430932324828,3.0010515880,715.125
1.0152379187717380,0.0000000000000000,-0.0243478271345593,-0.0000000000000002,-0.0297589245361757,0.0000000000000010,2.5486727692117248,3.0010505145,715.267
1.0152215944995893,-0.0000000000000000,-0.0243563273263583,-0.0000000000000009,-0.0297465689479330,0.0000000000000047,2.5468024451909672,3.0010494520,715.407
1.0152052763247206,-0.0000000000000001,-0.0243647639813209,-0.0000000000047974,-0.0297341470637879,0.0000000000040913,2.5449321211702092,3.0010484003,715.546
1.0151889641101319,-0.0000000000000001,-0.0243731375343957,-0.0000000000048073,-0.0297216590881183,0.0000000000040930,2.5430617971494511,3.0010473596,715.683
1.0151726577091611,-0.0000000000000008,-0.0243814484157453,-0.0000000000044987,-0.0297091052101914,0.0000000000038674,2.5411914731286931,3.0010463296,715.819
1.0151563569827922,-0.0000000000000000,-0.0243896970515651,-0.0000000000000007,-0.0296964856235827,0.0000000000000018,2.5393211491079355,3.0010453104,715.953
1.0151400617833539,-0.0000000000000000,-0.0243978838634595,-0.0000000000000001,-0.0296838005079484,-0.0000000000000002,2.5374508250871775,3.0010443018,716.086
1.0151237719745410,0.0000000000000000,-0.0244060092693852,0.0000000000000012,-0.0296710500514886,-0.0000000000000050,2.5355805010664194,3.0010433039,716.218
1.0151074874176682,-0.0000000000000000,-0.0244140736830586,0.0000000000000005,-0.0296582344356374,0.0000000000000002,2.5337101770456618,3.0010423165,716.348
1.0150912079751395,-0.0000000000000000,-0.0244220775141880,0.0000000000000008,-0.0296453538389867,-0.0000000000000040,2.5318398530249038,3.0010413397,716.477
1.0150749335069023,-0.0000000000000006,-0.0244300211682965,-0.0000000000045927,-0.0296324084333586,0.0000000000038487,2.5299695290041457,3.0010403732,716.604
1.0150586638845742,-0.0000000000000001,-0.0244379050475760,-0.0000000000046133,-0.0296193983996813,0.0000000000038758,2.5280992049833881,3.0010394172,716.730
1.0150423989702466,-0.0000000000000000,-0.0244457295497817,-0.0000000000046036,-0.0296063239043067,0.0000000000038661,2.5262288809626301,3.0010384715,716.855
1.0150261386305450,-0.0000000000000000,-0.0244534950690263,-0.0000000000045623,-0.0295931851147704,0.0000000000038290,2.5243585569418721,3.0010375361,716.978
1.0150098827330747,-0.0000000000000000,-0.0244612019955677,-0.0000000000046069,-0.0295799821959291,0.0000000000038451,2.5224882329211145,3.0010366110,717.100
1.0149936311501364,-0.0000000000000000,-0.0244688507162264,0.0000000000000006,-0.0295667153140729,-0.0000000000000026,2.5206179089003564,3.0010356959,717.220
1.0149773837442182,0.0000000000000000,-0.0244764416135041,0.0000000000000009,-0.0295533846207937,-0.0000000000000049,2.5187475848795984,3.0010347911,717.340
1.0149611403895280,-0.0000000000000000,-0.0244839750668354,0.0000000000000008,-0.0295399902771155,-0.0000000000000030,2.5168772608588403,3.0010338962,717.457
1.0149449009576716,-0.0000000000000000,-0.0244914514518604,0.0000000000000009,-0.0295265324375002,-0.0000000000000025,2.5150069368380827,3.0010330114,717.574
1.0149286653175151,-0.0000000000000002,-0.0244988711404595,-0.0000000000047493,-0.0295130112497359,0.0000000000039466,2.5131366128173247,3.0010321366,717.689
1.0149124333499000,-0.0000000000000006,-0.0245062345015724,-0.0000000000047893,-0.0294994268714779,0.0000000000040003,2.5112662887965667,3.0010312717,717.803
1.0148962049256438,-0.0000000000000001,-0.0245135419001180,-0.0000000000048070,-0.0294857794456639,0.0000000000039785,2.5093959647758091,3.0010304166,717.915
1.0148799799200379,-0.0000000000000000,-0.0245207936977174,-0.0000000000048358,-0.0294720691166913,0.0000000000039884,2.5075256407550510,3.0010295713,718.026
1.0148637582096958,-0.0000000000000000,-0.0245279902527190,-0.0000000000043430,-0.0294582960270218,0.0000000000036700,2.5056553167342930,3.0010287358,718.136
1.0148475396744969,-0.0000000000000000,-0.0245351319200014,-0.0000000000000004,-0.0294444603194743,0.0000000000000020,2.5037849927135349,3.0010279100,718.245
1.0148313241859499,0.0000000000000000,-0.0245422190509248,0.0000000000000015,-0.0294305621239606,0.0000000000000030,2.5019146686927773,3.0010270939,718.352
1.0148151116263604,-0.0000000000000000,-0.0245492519939416,0.0000000000000011,-0.0294166015792982,-0.0000000000000016,2.5000443446720193,3.0010262874,718.458
1.0147989018754733,-0.0000000000000000,-0.0245562310941080,0.0000000000000011,-0.0294025788181015,-0.0000000000000001,2.4981740206512613,3.0010254904,718.563
1.0147826948138703,-0.0000000000000000,-0.0245631566932856,0.0000000000000001,-0.0293884939706940,-0.0000000000000015,2.4963036966305037,3.0010247029,718.666
1.0147664903195388,-0.0000000000000000,-0.0245700291299698,-0.0000000000043978,-0.0293743471612380,0.0000000000036103,2.4944333726097456,3.0010239250,718.769
1.0147502882815733,-0.0000000000000000,-0.0245768487401075,-0.0000000000044179,-0.0293601385232562,0.0000000000036291,2.4925630485889876,3.0010231564,718.870
1.0147340885796483,-0.0000000000000001,-0.0245836158560211,-0.0000000000043581,-0.0293458681764811,0.0000000000036122,2.4906927245682295,3.0010223972,718.969
1.0147178910974548,-0.0000000000000000,-0.0245903308070327,-0.0000000000044783,-0.0293315362421153,0.0000000000036471,2.4888224005474719,3.0010216474,719.068
1.0147016957233137,-0.0000000000000000,-0.0245969939198320,0.0000000000000011,-0.0293171428434370,-0.0000000000000029,2.4869520765267139,3.0010209068,719.165
1.0146855023355665,-0.0000000000000000,-0.0246036055173638,0.0000000000000001,-0.0293026880894681,0.0000000000000006,2.4850817525059559,3.0010201755,719.261
1.0146693108238902,-0.0000000000000000,-0.0246101659202937,-0.0000000000000006,-0.0292881720989942,0.0000000000000062,2.4832114284851983,3.0010194533,719.356
1.0146531210752219,-0.0000000000000000,-0.0246166754461423,0.0000000000000006,-0.0292735949847368,-0.0000000000000001,2.4813411044644402,3.0010187403,719.450
1.0146369329772384,0.0000000000000000,-0.0246231344095545,-0.0000000000000001,-0.0292589568573068,-0.0000000000000007,2.4794707804436822,3.0010180364,719.542
1.0146207464183581,0.0000000000000000,-0.0246295431223127,0.0000000000000012,-0.0292442578252301,-0.0000000000000076,2.4776004564229241,3.0010173416,719.633
1.0146045612877197,-0.0000000000000000,-0.0246359018933785,0.0000000000000016,-0.0292294979949677,-0.0000000000000044,2.4757301324021666,3.0010166558,719.723
1.0145883774751816,-0.0000000000000000,-0.0246422110289184,0.0000000000000014,-0.0292146774709402,-0.0000000000000025,2.4738598083814085,3.0010159790,719.812
1.0145721948679747,-0.0000000000000004,-0.0246484708321835,-0.0000000000041906,-0.0291997963517518,0.0000000000034401,2.4719894843606505,3.0010153111,719.899
1.0145560133640046,-0.0000000000000000,-0.0246546816041735,-0.0000000000041894,-0.0291848547453339,0.0000000000034347,2.4701191603398929,3.0010146521,719.986
1.0145398328519213,-0.0000000000000000,-0.0246608436427049,-0.0000000000041474,-0.0291698527463530,0.0000000000034250,2.4682488363191348,3.0010140020,720.071
1.0145236532243072,-0.0000000000000004,-0.0246669572430732,-0.0000000000041132,-0.0291547904511764,0.0000000000034338,2.4663785122983768,3.0010133606,720.155
1.0145074743744245,-0.0000000000000004,-0.0246730226979729,-0.0000000000041258,-0.0291396679542566,0.0000000000034060,2.4645081882776192,3.0010127280,720.238
1.0144912961962043,-0.0000000000000000,-0.0246790402974062,-0.0000000000041877,-0.0291244853480791,0.0000000000034584,2.4626378642568612,3.0010121042,720.320
1.0144751185843661,-0.0000000000000000,-0.0246850103288826,-0.0000000000041492,-0.0291092427234392,0.0000000000033625,2.4607675402361031,3.0010114890,720.401
1.0144589414345018,-0.0000000000000000,-0.0246909330774030,-0.0000000000034596,-0.0290939401693874,0.0000000000029088,2.4588972162153455,3.0010108825,720.480
1.0144427646442764,-0.0000000000000000,-0.0246968088253817,-0.0000000000000037,-0.0290785777748943,-0.0000000000000328,2.4570268921945875,3.0010102847,720.559
1.0144265881051671,-0.0000000000000000,-0.0247026378523710,0.0000000000000002,-0.0290631556191207,0.0000000000000021,2.4551565681738294,3.0010096953,720.636
1.0144104117169612,-0.0000000000000000,-0.0247084204360968,0.0000000000000005,-0.0290476737882532,-0.0000000000000000,2.4532862441530714,3.0010091145,720.712
1.0143942353773914,-0.0000000000000000,-0.0247141568514630,0.0000000000000009,-0.0290321323635787,-0.0000000000000056,2.4514159201323138,3.0010085422,720.787
1.0143780589847355,-0.0000000000000000,-0.0247198473710332,0.0000000000000004,-0.0290165314245035,-0.0000000000000006,2.4495455961115558,3.0010079784,720.861
1.0143618824378775,-0.0000000000000000,-0.0247254922649608,0.0000000000000013,-0.0290008710486519,-0.0000000000000021,2.4476752720907977,3.0010074230,720.933
1.0143457056362599,0.0000000000000000,-0.0247310918010461,0.0000000000000004,-0.0289851513118300,0.0000000000000022,2.4458049480700401,3.0010068760,721.005
1.0143295284799059,-0.0000000000000000,-0.0247366462447419,-0.0000000000000002,-0.0289693722880655,0.0000000000000033,2.4439346240492821,3.0010063373,721.076
1.0143133508660767,-0.0000000000000000,-0.0247421558590368,-0.0000000000041211,-0.0289535340458154,0.0000000000033182,2.4420643000285240,3.0010058069,721.145
1.0142971727024925,-0.0000000000000000,-0.0247476209050544,-0.0000000000041906,-0.0289376366631493,0.0000000000033611,2.4401939760077660,3.0010052848,721.214
1.0142809938876665,-0.0000000000000000,-0.0247530416412926,-0.0000000000040856,-0.0289216802051843,0.0000000000032999,2.4383236519870084,3.0010047709,721.281
1.0142648143236768,-0.0000000000000005,-0.0247584183239605,-0.0000000000040716,-0.0289056647388438,0.0000000000032842,2.4364533279662504,3.0010042652,721.347
1.0142486339133157,-0.0000000000000000,-0.0247637512072953,-0.0000000000039845,-0.0288895903294728,0.0000000000032435,2.4345830039454923,3.0010037677,721.412
1.0142324525597981,-0.0000000000000000,-0.0247690405430536,-0.0000000000040201,-0.0288734570406868,0.0000000000032100,2.4327126799247347,3.0010032784,721.476
1.0142162701669002,-0.0000000000000000,-0.0247742865811235,-0.0000000000040410,-0.0288572649343811,0.0000000000032139,2.4308423559039767,3.0010027971,721.539
1.0142000866390888,-0.0000000000000008,-0.0247794895690764,-0.0000000000038423,-0.0288410140710217,0.0000000000030903,2.4289720318832186,3.0010023239,721.601
1.0141839018839536,0.0000000000000000,-0.0247846497524402,0.0000000000000011,-0.0288247045124729,-0.0000000000000063,2.4271017078624606,3.0010018587,721.662
1.0141677158006885,-0.0000000000000000,-0.0247897673743240,-0.0000000000000002,-0.0288083363086671,0.0000000000000028,2.4252313838417030,3.0010014015,721.722
1.0141515282981570,0.0000000000000000,-0.0247948426761258,0.0000000000000009,-0.0287919095184918,-0.0000000000000020,2.4233610598209450,3.0010009523,721.781
1.0141353392825849,-0.0000000000000000,-0.0247998758970497,0.0000000000000008,-0.0287754241956126,-0.0000000000000015,2.4214907358001869,3.0010005110,721.838
1.0141191486606640,-0.0000000000000000,-0.0248048672742616,0.0000000000000014,-0.0287588803920819,-0.0000000000000055,2.4196204117794293,3.0010000776,721.895
1.0141029563395556,0.0000000000000000,-0.0248098170428938,0.0000000000000023,-0.0287422781583453,-0.0000000000000096,2.4177500877586713,3.0009996521,721.951
1.0140867622268668,-0.0000000000000000,-0.0248147254360888,0.0000000000000022,-0.0287256175432505,-0.0000000000000051,2.4158797637379132,3.0009992344,722.005
1.0140705662306542,-0.0000000000000000,-0.0248195926850010,0.0000000000000009,-0.0287088985940634,-0.0000000000000012,2.4140094397171552,3.0009988245,722.059
1.0140543682594163,-0.0000000000000000,-0.0248244190188321,-0.0000000000000003,-0.0286921213564600,0.0000000000000070,2.4121391156963976,3.0009984223,722.112
1.0140381682220760,-0.0000000000000000,-0.0248292046648394,-0.0000000000000013,-0.0286752858745662,0.0000000000000165,2.4102687916756396,3.0009980279,722.163
1.0140219660279928,-0.0000000000000000,-0.0248339498483605,-0.0000000000000063,-0.0286583921909415,0.0000000000000482,2.4083984676548815,3.0009976412,722.214
1.0140057615869387,0.0000000000000000,-0.0248386547928330,-0.0000000000000112,-0.0286414403465986,0.0000000000000917,2.4065281436341239,3.0009972622,722.263
1.0139895548090938,-0.0000000000000000,-0.0248433197198133,-0.0000000000000232,-0.0286244303810167,0.0000000000001829,2.4046578196133659,3.0009968909,722.312
1.0139733456050479,-0.0000000000000000,-0.0248479448489971,-0.0000000000000448,-0.0286073623321338,0.0000000000003497,2.4027874955926078,3.0009965271,722.359
1.0139571338825837,-0.0000000000000008,-0.0248525303981033,-0.0000000000039520,-0.0285902362327050,0.0000000000030658,2.4009171715718503,3.0009961709,722.406
1.0139409195595352,-0.0000000000000000,-0.0248570765833782,-0.0000000000039604,-0.0285730521250677,0.0000000000030704,2.3990468475510922,3.0009958223,722.451
1.0139247025443963,-0.0000000000000008,-0.0248615836189506,-0.0000000000040029,-0.0285558100388753,0.0000000000030753,2.3971765235303342,3.0009954812,722.496
1.0139084827493621,-0.0000000000000000,-0.0248660517172267,-0.0000000000040392,-0.0285385100061227,0.0000000000030881,2.3953061995095766,3.0009951476,722.540
1.0138922600870242,-0.0000000000000000,-0.0248704810888769,-0.0000000000039700,-0.0285211520573180,0.0000000000030681,2.3934358754888185,3.0009948215,722.582
1.0138760344701925,-0.0000000000000000,-0.0248748719428032,-0.0000000000038883,-0.0285037362213378,0.0000000000030042,2.3915655514680605,3.0009945028,722.624
1.0138598058120116,-0.0000000000000008,-0.0248792244861015,-0.0000000000039687,-0.0284862625255875,0.0000000000030464,2.3896952274473025,3.0009941915,722.665
1.0138435740263250,-0.0000000000000000,-0.0248835389243387,-0.0000000000038316,-0.0284687309963301,0.0000000000028493,2.3878249034265449,3.0009938877,722.704
1.0138273390268422,-0.0000000000000003,-0.0248878154611378,-0.0000000000038416,-0.0284511416579302,0.0000000000028484,2.3859545794057868,3.0009935911,722.743
1.0138111007279782,-0.0000000000000004,-0.0248920542986053,-0.0000000000038284,-0.0284334945336483,0.0000000000028517,2.3840842553850288,3.0009933019,722.781
1.0137948590442969,-0.0000000000000002,-0.0248962556371249,-0.0000000000038616,-0.0284157896450977,0.0000000000028721,2.3822139313642712,3.0009930200,722.818
1.0137786138908511,-0.0000000000000000,-0.0249004196754362,-0.0000000000038150,-0.0283980270126660,0.0000000000028310,2.3803436073435131,3.0009927454,722.854
1.0137623651830034,-0.0000000000000008,-0.0249045466106111,-0.0000000000036227,-0.0283802066553040,0.0000000000027028,2.3784732833227551,3.0009924780,722.888
1.0137461128391108,-0.0000000000000000,-0.0249086366381819,0.0000000000000019,-0.0283623285936686,-0.0000000000000074,2.3766029593019971,3.0009922178,722.922
1.0137298567691586,-0.0000000000000000,-0.0249126899518812,0.0000000000000007,-0.0283443928368172,0.0000000000000004,2.3747326352812395,3.0009919648,722.956
1.0137135968924058,-0.0000000000000000,-0.0249167067440577,0.0000000000000001,-0.0283263994029335,0.0000000000000001,2.3728623112604814,3.0009917190,722.988
1.0136973331215138,-0.0000000000000000,-0.0249206872052094,-0.0000000000047048,-0.0283083483007504,0.0000000000033755,2.3709919872397234,3.0009914803,723.019
1.0136810653810786,-0.0000000000000008,-0.0249246315249117,-0.0000000000045891,-0.0282902395511068,0.0000000000032631,2.3691216632189658,3.0009912488,723.049
1.0136647935880037,-0.0000000000000000,-0.0249285398906542,0.0000000000000013,-0.0282720731642730,-0.0000000000000041,2.3672513391982077,3.0009910243,723.078
1.0136485176482988,-0.0000000000000000,-0.0249324124880297,-0.0000000000046750,-0.0282538491359983,0.0000000000032769,2.3653810151774497,3.0009908069,723.107
1.0136322374912190,-0.0000000000000008,-0.0249362495020838,-0.0000000000045908,-0.0282355674875065,0.0000000000032297,2.3635106911566917,3.0009905965,723.134
1.0136159530344915,-0.0000000000000000,-0.0249400511158959,0.0000000000000013,-0.0282172282248384,-0.0000000000000045,2.3616403671359341,3.0009903932,723.161
1.0135996641887943,-0.0000000000000000,-0.0249438175106593,0.0000000000000065,-0.0281988313441698,-0.0000000000000273,2.3597700431151760,3.0009901968,723.186
1.0135833708726192,-0.0000000000000001,-0.0249475488664484,-0.0000000000045614,-0.0281803768491189,0.0000000000032020,2.3578997190944180,3.0009900074,723.211
1.0135670730122408,-0.0000000000000000,-0.0249512453622323,-0.0000000000045789,-0.0281618647507443,0.0000000000032156,2.3560293950736604,3.0009898250,723.235
1.0135507705230102,-0.0000000000000008,-0.0249549071750309,-0.0000000000044072,-0.0281432950457099,0.0000000000031264,2.3541590710529023,3.0009896494,723.258
1.0135344633275054,-0.0000000000000000,-0.0249585344808099,-0.0000000000000128,-0.0281246677374901,-0.0000000000000074,2.3522887470321443,3.0009894808,723.280
1.0135181513344580,-0.0000000000000000,-0.0249621274531660,-0.0000000000043569,-0.0281059828117422,0.0000000000030366,2.3504184230113863,3.0009893190,723.301
1.0135018344743505,-0.0000000000000000,-0.0249656862658123,-0.0000000000043602,-0.0280872402779290,0.0000000000030259,2.3485480989906287,3.0009891641,723.321
1.0134855126671967,0.0000000000000000,-0.0249692110901168,-0.0000000000000006,-0.0280684401317339,0.0000000000000094,2.3466777749698706,3.0009890159,723.341
1.0134691858258567,-0.0000000000000000,-0.0249727020959348,-0.0000000000000006,-0.0280495823588279,0.0000000000000011,2.3448074509491126,3.0009888746,723.359
1.0134528538709342,-0.0000000000000001,-0.0249761594520956,-0.0000000000040382,-0.0280306669523573,0.0000000000028169,2.3429371269283550,3.0009887401,723.377
1.0134365167302875,-0.0000000000000008,-0.0249795833262851,-0.0000000000034190,-0.0280116939124387,0.0000000000024274,2.3410668029075969,3.0009886123,723.393
1.0134201743232492,0.0000000000000000,-0.0249829738845298,-0.0000000000000012,-0.0279926632276827,-0.0000000000000064,2.3391964788868389,3.0009884913,723.409
1.0134038265655108,-0.0000000000000000,-0.0249863312913501,0.0000000000000024,-0.0279735748807395,0.0000000000000192,2.3373261548660813,3.0009883769,723.424
1.0133874733775063,-0.0000000000000008,-0.0249896557101514,-0.0000000000043699,-0.0279544288584058,0.0000000000029771,2.3354558308453233,3.0009882693,723.438
1.0133711146882185,-0.0000000000000000,-0.0249929473034995,-0.0000000000039475,-0.0279352251558787,0.0000000000027000,2.3335855068245652,3.0009881683,723.451
1.0133547504182767,-0.0000000000000000,-0.0249962062320986,-0.0000000000000114,-0.0279159637571542,0.0000000000000074,2.3317151828038076,3.0009880739,723.464
1.0133383804831828,0.0000000000000000,-0.0249994326550971,0.0000000000000003,-0.0278966446386120,-0.0000000000000006,2.3298448587830496,3.0009879862,723.475
1.0133220048081180,-0.0000000000000000,-0.0250026267311120,0.0000000000000012,-0.0278772677864861,-0.0000000000000018,2.3279745347622915,3.0009879051,723.486
1.0133056233114839,-0.0000000000000001,-0.0250057886169128,-0.0000000000044697,-0.0278578331775798,0.0000000000029296,2.3261042107415335,3.0009878306,723.495
1.0132892359230978,-0.0000000000000002,-0.0250089184686285,-0.0000000000044259,-0.0278383408006337,0.0000000000029229,2.3242338867207759,3.0009877626,723.504
1.0132728425616651,-0.0000000000000000,-0.0250120164406702,-0.0000000000043111,-0.0278187906298043,0.0000000000028590,2.3223635627000179,3.0009877011,723.512
1.0132564431496640,-0.0000000000000000,-0.0250150826862636,-0.0000000000043397,-0.0277991826422642,0.0000000000028751,2.3204932386792598,3.0009876462,723.519
1.0132400376136184,-0.0000000000000000,-0.0250181173577457,0.0000000000000006,-0.0277795168184511,0.0000000000000029,2.3186229146585022,3.0009875978,723.526
1.0132236258691398,0.0000000000000000,-0.0250211206056235,-0.0000000000000009,-0.0277597931245174,-0.0000000000000028,2.3167525906377442,3.0009875558,723.531
1.0132072078392560,-0.0000000000000002,-0.0250240925795964,-0.0000000000043622,-0.0277400115338858,0.0000000000028556,2.3148822666169862,3.0009875203,723.536
1.0131907834545670,-0.0000000000000000,-0.0250270334285737,-0.0000000000042967,-0.0277201720274628,0.0000000000028090,2.3130119425962281,3.0009874913,723.540
1.0131743526347325,-0.0000000000000000,-0.0250299432996408,-0.0000000000042185,-0.0277002745718594,0.0000000000027724,2.3111416185754705,3.0009874687,723.543
1.0131579153067429,-0.0000000000000000,-0.0250328223391448,-0.0000000000000021,-0.0276803191408914,0.0000000000000072,2.3092712945547125,3.0009874524,723.545
1.0131414713870504,0.0000000000000000,-0.0250356706918492,0.0000000000000004,-0.0276603056944764,-0.0000000000000017,2.3074009705339544,3.0009874426,723.546
1.0131250208029827,0.0000000000000000,-0.0250384885017741,0.0000000000000015,-0.0276402342040027,-0.0000000000000071,2.3055306465131968,3.0009874391,723.546
1.0131085634783799,-0.0000000000000000,-0.0250412759116677,0.0000000000000010,-0.0276201046353338,-0.0000000000000071,2.3036603224924388,3.0009874419,723.546
1.0130920993371992,0.0000000000000000,-0.0250440330631556,-0.0000000000000001,-0.0275999169530681,-0.0000000000000004,2.3017899984716808,3.0009874511,723.545
1.0130756282999629,-0.0000000000000000,-0.0250467600966276,-0.0000000000041272,-0.0275796711163263,0.0000000000026616,2.2999196744509227,3.0009874665,723.543
1.0130591502978332,-0.0000000000000001,-0.0250494571517220,-0.0000000000042613,-0.0275593670955003,0.0000000000027217,2.2980493504301651,3.0009874883,723.540
1.0130426652517635,-0.0000000000000000,-0.0250521243667061,-0.0000000000041942,-0.0275390048474300,0.0000000000026760,2.2961790264094071,3.0009875163,723.536
1.0130261730860242,-0.0000000000000000,-0.0250547618787587,-0.0000000000040942,-0.0275185843315904,0.0000000000025986,2.2943087023886490,3.0009875506,723.532
1.0130096737284895,0.0000000000000000,-0.0250573698241337,0.0000000000000043,-0.0274981055103284,0.0000000000000034,2.2924383783678914,3.0009875911,723.527
1.0129931670967083,-0.0000000000000000,-0.0250599483377394,-0.0000000000000001,-0.0274775683323653,0.0000000000000002,2.2905680543471334,3.0009876378,723.520
1.0129766531152666,-0.0000000000000000,-0.0250624975535546,-0.0000000000041535,-0.0274569727534384,0.0000000000026547,2.2886977303263754,3.0009876907,723.514
1.0129601317161283,-0.0000000000000000,-0.0250650176048708,-0.0000000000040139,-0.0274363187366931,0.0000000000025745,2.2868274063056178,3.0009877498,723.506
1.0129436028202927,-0.0000000000000000,-0.0250675086234685,-0.0000000000040152,-0.0274156062309241,0.0000000000025547,2.2849570822848597,3.0009878151,723.497
1.0129270663562073,-0.0000000000000000,-0.0250699707403462,0.0000000000000023,-0.0273948351924644,-0.0000000000000096,2.2830867582641017,3.0009878864,723.488
1.0129105222417836,-0.0000000000000000,-0.0250724040852311,0.0000000000000025,-0.0273740055636674,-0.0000000000000018,2.2812164342433436,3.0009879640,723.478
1.0128939704016982,-0.0000000000000000,-0.0250748087869229,-0.0000000000044118,-0.0273531172937396,0.0000000000027097,2.2793461102225860,3.0009880476,723.467
1.0128774107686707,-0.0000000000000000,-0.0250771849736703,-0.0000000000042580,-0.0273321703400350,0.0000000000025983,2.2774757862018280,3.0009881373,723.455
1.0128608432674542,-0.0000000000000000,-0.0250795327723075,-0.0000000000000158,-0.0273111646491999,0.0000000000000825,2.2756054621810700,3.0009882331,723.443
1.0128442678159364,-0.0000000000000000,-0.0250818523083416,-0.0000000000000010,-0.0272901001583373,0.0000000000000054,2.2737351381603124,3.0009883349,723.430
1.0128276843429491,0.0000000000000000,-0.0250841437069479,0.0000000000000024,-0.0272689768162837,-0.0000000000000103,2.2718648141395543,3.0009884428,723.415
1.0128110927737100,-0.0000000000000000,-0.0250864070920236,0.0000000000000014,-0.0272477945662753,-0.0000000000000059,2.2699944901187963,3.0009885568,723.401
1.0127944930299422,-0.0000000000000000,-0.0250886425863335,-0.0000000000041196,-0.0272265533461076,0.0000000000024485,2.2681241660980387,3.0009886767,723.385
1.0127778850439968,-0.0000000000000001,-0.0250908503123187,-0.0000000000040704,-0.0272052531048582,0.0000000000024264,2.2662538420772806,3.0009888026,723.368
1.0127612687376031,-0.0000000000000000,-0.0250930303908223,-0.0000000000040488,-0.0271838937777591,0.0000000000024340,2.2643835180565226,3.0009889345,723.351
1.0127446440395798,0.0000000000000000,-0.0250951829421699,-0.0000000000000018,-0.0271624753071542,0.0000000000000143,2.2625131940357646,3.0009890724,723.333
1.0127280108683083,0.0000000000000000,-0.0250973080851620,0.0000000000000017,-0.0271409976216996,-0.0000000000000073,2.2606428700150070,3.0009892162,723.314
1.0127113691526284,-0.0000000000000000,-0.0250994059382692,0.0000000000000006,-0.0271194606612082,0.0000000000000001,2.2587725459942489,3.0009893660,723.295
1.0126947188179030,-0.0000000000000000,-0.0251014766188369,0.0000000000000006,-0.0270978643600835,-0.0000000000000031,2.2569022219734909,3.0009895216,723.275
1.0126780597860261,-0.0000000000000003,-0.0251035202431897,-0.0000000000039610,-0.0270762086472921,0.0000000000023263,2.2550318979527333,3.0009896832,723.253
1.0126613919893703,-0.0000000000000008,-0.0251055369270936,-0.0000000000038995,-0.0270544934631127,0.0000000000022811,2.2531615739319752,3.0009898506,723.232
1.0126447153497540,-0.0000000000000000,-0.0251075267850145,-0.0000000000039140,-0.0270327187339247,0.0000000000022938,2.2512912499112172,3.0009900240,723.209
1.0126280297959491,-0.0000000000000000,-0.0251094899309442,0.0000000000000023,-0.0270108843930883,-0.0000000000000086,2.2494209258904592,3.0009902032,723.186
1.0126113352465063,-0.0000000000000000,-0.0251114264774060,-0.0000000000000011,-0.0269889903605866,0.0000000000000050,2.2475506018697016,3.0009903882,723.161
1.0125946316301695,-0.0000000000000000,-0.0251133365365331,0.0000000000000023,-0.0269670365672948,-0.0000000000000111,2.2456802778489435,3.0009905790,723.137
1.0125779188722481,0.0000000000000000,-0.0251152202194535,-0.0000000000000007,-0.0269450229387234,0.0000000000000030,2.2438099538281855,3.0009907757,723.111
1.0125611968946915,-0.0000000000000002,-0.0251170776363315,-0.0000000000037547,-0.0269229493951013,0.0000000000021504,2.2419396298074279,3.0009909782,723.084
1.0125444656293805,-0.0000000000000001,-0.0251189088967068,-0.0000000000038681,-0.0269008158673940,0.0000000000022320,2.2400693057866699,3.0009911864,723.057
1.0125277249983364,-0.0000000000000000,-0.0251207141091304,-0.0000000000038477,-0.0268786222733884,0.0000000000021986,2.2381989817659118,3.0009914005,723.029
1.0125109749267096,-0.0000000000000000,-0.0251224933812873,-0.0000000000037781,-0.0268563685334507,0.0000000000021791,2.2363286577451542,3.0009916202,723.001
1.0124942153429333,0.0000000000000000,-0.0251242468201461,0.0000000000000014,-0.0268340545706800,-0.0000000000000044,2.2344583337243962,3.0009918458,722.971
1.0124774461654436,-0.0000000000000000,-0.0251259745315259,0.0000000000000023,-0.0268116802948654,-0.0000000000000111,2.2325880097036381,3.0009920770,722.941
1.0124606673226537,0.0000000000000000,-0.0251276766207732,0.0000000000000017,-0.0267892456265887,-0.0000000000000074,2.2307176856828801,3.0009923140,722.910
1.0124438787362791,-0.0000000000000002,-0.0251293531921865,-0.0000000000036951,-0.0267667504771380,0.0000000000020689,2.2288473616621225,3.0009925567,722.878
1.0124270803378168,-0.0000000000000000,-0.0251310043495545,-0.0000000000037357,-0.0267441947683792,0.0000000000020764,2.2269770376413645,3.0009928051,722.846
1.0124102720488970,-0.0000000000000000,-0.0251326301956249,-0.0000000000037305,-0.0267215784089927,0.0000000000021119,2.2251067136206064,3.0009930591,722.813
1.0123934537943617,-0.0000000000000008,-0.0251342308323444,-0.0000000000037141,-0.0266989013104195,0.0000000000020705,2.2232363895998488,3.0009933188,722.779
1.0123766255022217,-0.0000000000000000,-0.0251358063610607,0.0000000000000003,-0.0266761633866054,0.0000000000000072,2.2213660655790908,3.0009935842,722.744
1.0123597870905461,0.0000000000000000,-0.0251373568819306,0.0000000000000001,-0.0266533645383345,-0.0000000000000003,2.2194957415583327,3.0009938552,722.709
1.0123429384872495,-0.0000000000000000,-0.0251388824947134,0.0000000000000009,-0.0266305046770306,-0.0000000000000033,2.2176254175375747,3.0009941319,722.672
1.0123260796168414,-0.0000000000000000,-0.0251403832982740,0.0000000000000016,-0.0266075837088018,-0.0000000000000063,2.2157550935168171,3.0009944141,722.636
1.0123092104002722,-0.0000000000000001,-0.0251418593905427,-0.0000000000039187,-0.0265846015342594,0.0000000000020901,2.2138847694960591,3.0009947020,722.598
1.0122923307690028,-0.0000000000000001,-0.0251433108691480,-0.0000000000037576,-0.0265615580654469,0.0000000000019984,2.2120144454753010,3.0009949954,722.560
1.0122754406435057,-0.0000000000000000,-0.0251447378305631,-0.0000000000036986,-0.0265384531999327,0.0000000000019920,2.2101441214545434,3.0009952944,722.520
1.0122585399479800,-0.0000000000000000,-0.0251461403705310,-0.0000000000037471,-0.0265152868386471,0.0000000000019793,2.2082737974337854,3.0009955990,722.481
1.0122416286099021,0.0000000000000000,-0.0251475185843467,0.0000000000000007,-0.0264920588851583,-0.0000000000000028,2.2064034734130273,3.0009959092,722.440
1.0122247065465202,0.0000000000000000,-0.0251488725659740,0.0000000000000004,-0.0264687692295991,-0.0000000000000005,2.2045331493922697,3.0009962248,722.399
1.0122077736815920,-0.0000000000000000,-0.0251502024090443,-0.0000000000037882,-0.0264454177686615,0.0000000000019681,2.2026628253715117,3.0009965461,722.357
1.0121908299456102,-0.0000000000000007,-0.0251515082066859,-0.0000000000037770,-0.0264220044059888,0.0000000000019395,2.2007925013507537,3.0009968728,722.314
1.0121738752621430,-0.0000000000000000,-0.0251527900510716,0.0000000000000012,-0.0263985290356435,-0.0000000000000033,2.1989221773299956,3.0009972050,722.271
1.0121569095445497,-0.0000000000000007,-0.0251540480331376,-0.0000000000037358,-0.0263749915382064,0.0000000000018989,2.1970518533092380,3.0009975428,722.227
1.0121399327262788,-0.0000000000000006,-0.0251552822440864,-0.0000000000036673,-0.0263513918172240,0.0000000000018600,2.1951815292884800,3.0009978860,722.182