x0_n,y0_n,z0_n,xd0_n,yd0_n,zd0_n,Tp,JC,L2ExcessVelocity_mps,...,error_tol=1e-12,n_Nodes=6,stepsize=1.0
1.0204869746632119,-0.0000000000000000,0.0000000000000000,-0.0000000000006670,-0.0000000003709653,0.0000000000000000,3.0804938335501419,3.0037593017,0.000
1.0206364404331680,-0.0000000000000000,0.0000000000000000,0.0000000000036611,-0.0009700724480654,0.0000000000000000,3.0806140077661723,3.0037585550,11.920
1.0208683174975237,-0.0000000000000000,0.0000000000000000,-0.0000000000000007,-0.0024994223316427,0.0000000000000000,3.0812838992020000,3.0037543101,30.704
1.0208717657922441,-0.0000000000000000,0.0000000000000000,0.0000000000138691,-0.0025223995259167,0.0000000000000000,3.0812985422127999,3.0037542174,31.005
1.0210215293664342,-0.0000000000000000,0.0000000000000000,-0.0000000000000014,-0.0035272390229704,0.0000000000000000,3.0820739648538580,3.0037493153,43.430
1.0211369273915991,-0.0000000000000000,0.0000000000000000,0.0000000000000309,-0.0043110092425068,0.0000000000000000,3.0828640305057160,3.0037443331,53.171
1.0212327545989957,-0.0000000000000000,0.0000000000000000,-0.0000000000000158,-0.0049684127823233,0.0000000000000000,3.0836540961575736,3.0037393633,61.366
1.0213160715197169,-0.0000000000000000,0.0000000000000000,0.0000000000000010,-0.0055449947087442,0.0000000000000000,3.0844441618094316,3.0037344060,68.571
1.0213904987902909,-0.0000000000000000,0.0000000000000000,-0.0000000000000014,-0.0060641105268982,0.0000000000000000,3.0852342274612896,3.0037294611,75.073
1.0214581874966995,-0.0000000000000000,0.0000000000000000,-0.0000000000000016,-0.0065396362303237,0.0000000000000000,3.0860242931131476,3.0037245286,81.041
1.0215205395216826,-0.0000000000000000,0.0000000000000000,-0.0000000000000016,-0.0069806150085148,0.0000000000000000,3.0868143587650057,3.0037196084,86.584
1.0215785289096553,-0.0000000000000000,0.0000000000000000,0.0000000000000063,-0.0073933302533166,0.0000000000000000,3.0876044244168637,3.0037147004,91.781
1.0216328650974726,-0.0000000000000000,0.0000000000000000,-0.0000000000000003,-0.0077823584959787,0.0000000000000000,3.0883944900687212,3.0037098047,96.687
1.0216840838499408,-0.0000000000000000,0.0000000000000000,-0.0000000000000002,-0.0081511559952916,0.0000000000000000,3.0891845557205793,3.0037049211,101.345
1.0217326015623138,-0.0000000000000000,0.0000000000000000,-0.0000000000000010,-0.0085024090185790,0.0000000000000000,3.0899746213724373,3.0037000496,105.787
1.0217787495034918,-0.0000000000000000,0.0000000000000000,0.0000000000000039,-0.0088382547294948,0.0000000000000000,3.0907646870242953,3.0036951902,110.039
1.0218227963763178,-0.0000000000000000,0.0000000000000000,0.0000000000089866,-0.0091604266952908,0.0000000000000000,3.0915547526761533,3.0036903428,114.124
1.0218649637093653,0.0000000000000000,0.0000000000000000,0.0000000000000018,-0.0094703542610676,0.0000000000000000,3.0923448183280113,3.0036855074,118.057
1.0219054367346232,-0.0000000000000000,0.0000000000000000,-0.0000000000000012,-0.0097692325382152,0.0000000000000000,3.0931348839798689,3.0036806839,121.854
1.0219443721887060,-0.0000000000000000,0.0000000000000000,0.0000000000000021,-0.0100580729030953,0.0000000000000000,3.0939249496317269,3.0036758722,125.528
1.0219819041152438,-0.0000000000000000,0.0000000000000000,-0.0000000000000013,-0.0103377403363717,0.0000000000000000,3.0947150152835849,3.0036710724,129.088
1.0220181482180115,-0.0000000000000000,0.0000000000000000,0.0000000000000007,-0.0106089815203779,0.0000000000000000,3.0955050809354430,3.0036662844,132.545
1.0220532051970306,-0.0000000000000000,0.0000000000000000,0.0000000000000011,-0.0108724463580973,0.0000000000000000,3.0962951465873010,3.0036615080,135.905
1.0220871633425952,-0.0000000000000000,0.0000000000000000,-0.0000000000000002,-0.0111287047056825,0.0000000000000000,3.0970852122391590,3.0036567434,139.177
1.0221201005793377,-0.0000000000000000,0.0000000000000000,0.0000000000000011,-0.0113782595573947,0.0000000000000000,3.0978752778910170,3.0036519904,142.365
1.0221520860963902,0.0000000000000000,0.0000000000000000,-0.0000000000000013,-0.0116215575606067,0.0000000000000000,3.0986653435428746,3.0036472490,145.476
1.0221831816619764,-0.0000000000000000,0.0000000000000000,-0.0000000000000015,-0.0118589974954720,0.0000000000000000,3.0994554091947326,3.0036425192,148.515
1.0222134427129108,-0.0000000000000003,0.0000000000000000,0.0000000000497777,-0.0120909372023400,0.0000000000000000,3.1002454748465906,3.0036378008,151.485
1.0222429191385349,-0.0000000000000000,0.0000000000000000,-0.0000000000000020,-0.0123176991383517,0.0000000000000000,3.1010355404984487,3.0036330939,154.392
1.0222716562009357,-0.0000000000000000,0.0000000000000000,-0.0000000000000007,-0.0125395753132848,0.0000000000000000,3.1018256061503067,3.0036283984,157.237
1.0222996949519647,0.0000000000000000,0.0000000000000000,-0.0000000000000005,-0.0127568309792225,0.0000000000000000,3.1026156718021647,3.0036237143,160.026
1.0223270728403868,-0.0000000000000000,0.0000000000000000,-0.0000000000000037,-0.0129697080467929,0.0000000000000000,3.1034057374540223,3.0036190415,162.760
1.0223538241256629,-0.0000000000000000,0.0000000000000000,-0.0000000000000012,-0.0131784278543155,0.0000000000000000,3.1041958031058803,3.0036143799,165.443
1.0223799802462683,0.0000000000000000,0.0000000000000000,-0.0000000000000010,-0.0133831935432114,0.0000000000000000,3.1049858687577383,3.0036097296,168.076
1.0224055701352912,0.0000000000000000,0.0000000000000000,-0.0000000000000065,-0.0135841920939627,0.0000000000000000,3.1057759344095963,3.0036050905,170.663
1.0224306204920381,-0.0000000000000000,0.0000000000000000,0.0000000000000044,-0.0137815960782522,0.0000000000000000,3.1065660000614543,3.0036004625,173.205
1.0224551560153066,-0.0000000000000000,0.0000000000000000,0.0000000000000012,-0.0139755651617079,0.0000000000000000,3.1073560657133124,3.0035958457,175.704
1.0224791996102456,0.0000000000000000,0.0000000000000000,-0.0000000000000003,-0.0141662474418615,0.0000000000000000,3.1081461313651699,3.0035912399,178.162
1.0225027725809541,-0.0000000000000000,0.0000000000000000,0.0000000000459166,-0.0143537805925397,0.0000000000000000,3.1089361970170279,3.0035866451,180.581
1.0225258947181992,-0.0000000000000004,0.0000000000000000,0.0000000000486303,-0.0145382928029647,0.0000000000000000,3.1097262626688860,3.0035820612,182.962
1.0225485845190567,0.0000000000000000,0.0000000000000000,0.0000000000000019,-0.0147199037508178,0.0000000000000000,3.1105163283207440,3.0035774883,185.308
1.0225708593186418,-0.0000000000000000,0.0000000000000000,0.0000000000000011,-0.0148987253954199,0.0000000000000000,3.1113063939726020,3.0035729263,187.618
1.0225927352980495,-0.0000000000000000,0.0000000000000000,0.0000000000000009,-0.0150748625570090,0.0000000000000000,3.1120964596244600,3.0035683752,189.895
1.0226142276555044,-0.0000000000000000,0.0000000000000000,-0.0000000000000007,-0.0152484136150745,0.0000000000000000,3.1128865252763180,3.0035638348,192.140
1.0226353506725148,-0.0000000000000000,0.0000000000000000,0.0000000000000033,-0.0154194710353228,0.0000000000000000,3.1136765909281756,3.0035593052,194.353
1.0226561177889486,-0.0000000000000000,0.0000000000000000,-0.0000000000000002,-0.0155881218528921,0.0000000000000000,3.1144666565800336,3.0035547863,196.537
1.0226765416722023,0.0000000000000000,0.0000000000000000,-0.0000000000000010,-0.0157544481203927,0.0000000000000000,3.1152567222318917,3.0035502781,198.691
1.0226966342800545,-0.0000000000000004,0.0000000000000000,0.0000000000081494,-0.0159185272945237,0.0000000000000000,3.1160467878837497,3.0035457806,200.817
1.0227164068987262,-0.0000000000000000,0.0000000000000000,-0.0000000000041530,-0.0160804325757770,0.0000000000000000,3.1168368535356077,3.0035412936,202.916
1.0227358702452629,-0.0000000000000000,0.0000000000000000,0.0000000000338096,-0.0162402332854067,0.0000000000000000,3.1176269191874657,3.0035368172,204.989
1.0227550343988523,-0.0000000000000000,0.0000000000000000,0.0000000000000004,-0.0163979950311272,0.0000000000000000,3.1184169848393233,3.0035323513,207.036
1.0227739090050998,-0.0000000000000000,0.0000000000000000,-0.0000000000000005,-0.0165537801481762,0.0000000000000000,3.1192070504911813,3.0035278959,209.058
1.0227925031700136,-0.0000000000000000,0.0000000000000000,0.0000000000000011,-0.0167076477807695,0.0000000000000000,3.1199971161430393,3.0035234510,211.057
1.0228108255612549,-0.0000000000000000,0.0000000000000000,0.0000000000000018,-0.0168596541741053,0.0000000000000000,3.1207871817948973,3.0035190164,213.032
1.0228288844256181,-0.0000000000000000,0.0000000000000000,0.0000000000000007,-0.0170098528574999,0.0000000000000000,3.1215772474467554,3.0035145922,214.984
1.0228466876171607,-0.0000000000000000,0.0000000000000000,0.0000000000000002,-0.0171582948259300,0.0000000000000000,3.1223673130986134,3.0035101783,216.914
1.0228642426228916,-0.0000000000000000,0.0000000000000000,0.0000000000000020,-0.0173050287056203,0.0000000000000000,3.1231573787504709,3.0035057747,218.823
1.0228815565863643,-0.0000000000000000,0.0000000000000000,0.0000000000000071,-0.0174501009063331,0.0000000000000000,3.1239474444023290,3.0035013813,220.711
1.0228986363293571,0.0000000000000000,0.0000000000000000,-0.0000000000000014,-0.0175935557610018,0.0000000000000000,3.1247375100541870,3.0034969981,222.578
1.0229154883717739,-0.0000000000000000,0.0000000000000000,0.0000000000000020,-0.0177354356544013,0.0000000000000000,3.1255275757060450,3.0034926251,224.426
1.0229321189501264,-0.0000000000000000,0.0000000000000000,0.0000000000000036,-0.0178757811421321,0.0000000000000000,3.1263176413579030,3.0034882622,226.254
1.0229485340342124,-0.0000000000000000,0.0000000000000000,0.0000000000000009,-0.0180146310579594,0.0000000000000000,3.1271077070097610,3.0034839094,228.064
1.0229647393432686,-0.0000000000000000,0.0000000000000000,0.0000000000000004,-0.0181520226187725,0.0000000000000000,3.1278977726616191,3.0034795667,229.855
1.0229807403602953,-0.0000000000000000,0.0000000000000000,0.0000000000000323,-0.0182879915166395,0.0000000000000000,3.1286878383134766,3.0034752340,231.628
1.0229965423506293,-0.0000000000000000,0.0000000000000000,0.0000000000159174,-0.0184225720027732,0.0000000000000000,3.1294779039653347,3.0034709112,233.384
1.0230121503537655,-0.0000000000000005,0.0000000000000000,0.0000000000202767,-0.0185557969655127,0.0000000000000000,3.1302679696171927,3.0034665984,235.123
1.0230275692149411,-0.0000000000000000,0.0000000000000000,-0.0000000000000024,-0.0186876980066114,0.0000000000000000,3.1310580352690507,3.0034622955,236.845
1.0230428036301993,-0.0000000000000005,0.0000000000000000,0.0000000000394529,-0.0188183055578353,0.0000000000000000,3.1318481009209087,3.0034580024,238.550
1.0230578580365828,-0.0000000000000000,0.0000000000000000,0.0000000000196731,-0.0189476488099366,0.0000000000000000,3.1326381665727667,3.0034537192,240.240
1.0230727367915933,-0.0000000000000005,0.0000000000000000,0.0000000000434789,-0.0190757559706768,0.0000000000000000,3.1334282322246243,3.0034494458,241.914
1.0230874440064486,0.0000000000000000,0.0000000000000000,-0.0000000000000001,-0.0192026541093054,0.0000000000000000,3.1342182978764823,3.0034451821,243.572
1.0231019837348441,-0.0000000000000000,0.0000000000000000,0.0000000000121738,-0.0193283694278907,0.0000000000000000,3.1350083635283403,3.0034409281,245.216
1.0231163598195148,-0.0000000000000005,0.0000000000000000,0.0000000000363817,-0.0194529271196427,0.0000000000000000,3.1357984291801984,3.0034366839,246.845
1.0231305759548253,-0.0000000000000000,0.0000000000000000,0.0000000000000317,-0.0195763514823951,0.0000000000000000,3.1365884948320564,3.0034324492,248.460
1.0231446357718181,-0.0000000000000000,0.0000000000000000,0.0000000000000014,-0.0196986660409673,0.0000000000000000,3.1373785604839144,3.0034282242,250.061
1.0231585427238423,-0.0000000000000006,0.0000000000000000,-0.0000000000041710,-0.0198198934687230,0.0000000000000000,3.1381686261357720,3.0034240088,251.648
1.0231723001664930,-0.0000000000000000,0.0000000000000000,0.0000000000000004,-0.0199400556919447,0.0000000000000000,3.1389586917876300,3.0034198029,253.221
1.0231859113401036,-0.0000000000000006,0.0000000000000000,0.0000000000177795,-0.0200591739086016,0.0000000000000000,3.1397487574394880,3.0034156065,254.781
1.0231993793559413,-0.0000000000000000,0.0000000000000000,-0.0000000000000017,-0.0201772685995871,0.0000000000000000,3.1405388230913460,3.0034114195,256.328
1.0232127072766948,-0.0000000000000006,0.0000000000000000,0.0000000000323305,-0.0202943596419989,0.0000000000000000,3.1413288887432040,3.0034072420,257.863
1.0232258979863027,-0.0000000000000006,0.0000000000000000,-0.0000000000012948,-0.0204104661912162,0.0000000000000000,3.1421189543950621,3.0034030740,259.385
1.0232389543624256,0.0000000000000000,0.0000000000000000,-0.0000000000000003,-0.0205256068959676,0.0000000000000000,3.1429090200469201,3.0033989152,260.894
1.0232518791402245,-0.0000000000000000,0.0000000000000000,0.0000000000051307,-0.0206397997676406,0.0000000000000000,3.1436990856987777,3.0033947658,262.392
1.0232646749742966,-0.0000000000000006,0.0000000000000000,-0.0000000000048849,-0.0207530622709204,0.0000000000000000,3.1444891513506357,3.0033906257,263.878
1.0232773444569983,-0.0000000000000000,0.0000000000000000,-0.0000000000000015,-0.0208654113619167,0.0000000000000000,3.1452792170024937,3.0033864949,265.352
1.0232898900977847,-0.0000000000000006,0.0000000000000000,0.0000000000382138,-0.0209768634865025,0.0000000000000000,3.1460692826543517,3.0033823733,266.815
1.0233023142782951,-0.0000000000000006,0.0000000000000000,-0.0000000000021685,-0.0210874345452231,0.0000000000000000,3.1468593483062097,3.0033782609,268.266
1.0233146194007132,-0.0000000000000006,0.0000000000000000,-0.0000000000038448,-0.0211971400763756,0.0000000000000000,3.1476494139580677,3.0033741577,269.707
1.0233268077374116,-0.0000000000000000,0.0000000000000000,0.0000000000000021,-0.0213059951036246,0.0000000000000000,3.1484394796099253,3.0033700636,271.137
1.0233388815043012,-0.0000000000000000,0.0000000000000000,0.0000000000000316,-0.0214140142349570,0.0000000000000000,3.1492295452617833,3.0033659786,272.556
1.0233508428564830,-0.0000000000000000,0.0000000000000000,-0.0000000000044129,-0.0215212116641076,0.0000000000000000,3.1500196109136414,3.0033619027,273.964
1.0233626938938534,-0.0000000000000006,0.0000000000000000,-0.0000000000016699,-0.0216276012033772,0.0000000000000000,3.1508096765654994,3.0033578358,275.363
1.0233744366467861,-0.0000000000000000,0.0000000000000000,-0.0000000000053473,-0.0217331962688382,0.0000000000000000,3.1515997422173574,3.0033537779,276.751
1.0233860731003468,-0.0000000000000006,0.0000000000000000,-0.0000000000016456,-0.0218380099235956,0.0000000000000000,3.1523898078692154,3.0033497289,278.129
1.0233976051758742,-0.0000000000000000,0.0000000000000000,0.0000000000000003,-0.0219420548699768,0.0000000000000000,3.1531798735210730,3.0033456889,279.497
1.0234090347464970,-0.0000000000000000,0.0000000000000000,0.0000000000000011,-0.0220453434757005,0.0000000000000000,3.1539699391729310,3.0033416578,280.856
1.0234203636354411,-0.0000000000000000,0.0000000000000000,-0.0000000000000008,-0.0221478877833603,0.0000000000000000,3.1547600048247890,3.0033376356,282.205
1.0234315936168887,-0.0000000000000000,0.0000000000000000,0.0000000000000113,-0.0222496995217200,0.0000000000000000,3.1555500704766470,3.0033336222,283.545
1.0234427264145038,-0.0000000000000006,0.0000000000000000,-0.0000000000089570,-0.0223507901111884,0.0000000000000000,3.1563401361285051,3.0033296176,284.876
1.0234537637174714,-0.0000000000000000,0.0000000000000000,-0.0000000000101772,-0.0224511706945437,0.0000000000000000,3.1571302017803631,3.0033256218,286.197
1.0234647071627541,-0.0000000000000000,0.0000000000000000,-0.0000000000089385,-0.0225508521224419,0.0000000000000000,3.1579202674322211,3.0033216348,287.510
1.0234755583495627,-0.0000000000000000,0.0000000000000000,-0.0000000000000007,-0.0226498449790776,0.0000000000000000,3.1587103330840787,3.0033176565,288.813
1.0234863188279424,0.0000000000000000,0.0000000000000000,-0.0000000000000006,-0.0227481595780966,0.0000000000000000,3.1595003987359367,3.0033136868,290.108
1.0234969901192545,0.0000000000000000,0.0000000000000000,0.0000000000000025,-0.0228458059909273,0.0000000000000000,3.1602904643877947,3.0033097258,291.395
1.0235075737036057,-0.0000000000000000,0.0000000000000000,-0.0000000000000006,-0.0229427940414090,0.0000000000000000,3.1610805300396527,3.0033057734,292.673
1.0235180710211851,-0.0000000000000007,0.0000000000000000,-0.0000000000088505,-0.0230391333140489,0.0000000000000000,3.1618705956915107,3.0033018296,293.943
1.0235284834877691,-0.0000000000000000,0.0000000000000000,-0.0000000000084652,-0.0231348331762797,0.0000000000000000,3.1626606613433688,3.0032978944,295.204
1.0235388124747344,-0.0000000000000000,0.0000000000000000,-0.0000000000072162,-0.0232299027650305,0.0000000000000000,3.1634507269952263,3.0032939677,296.458
1.0235490593233119,-0.0000000000000000,0.0000000000000000,-0.0000000000063719,-0.0233243510068443,0.0000000000000000,3.1642407926470844,3.0032900495,297.703
1.0235592253364771,-0.0000000000000000,0.0000000000000000,-0.0000000000229310,-0.0234181866155522,0.0000000000000000,3.1650308582989424,3.0032861398,298.941
1.0235693118166340,-0.0000000000000000,0.0000000000000000,0.0000000000000015,-0.0235114181358422,0.0000000000000000,3.1658209239508004,3.0032822385,300.171
1.0235793199879386,-0.0000000000000000,0.0000000000000000,-0.0000000000000002,-0.0236040538709922,0.0000000000000000,3.1666109896026584,3.0032783457,301.393
1.0235892510803812,0.0000000000000000,0.0000000000000000,-0.0000000000000013,-0.0236961019721087,0.0000000000000000,3.1674010552545164,3.0032744612,302.608
1.0235991062867265,-0.0000000000000000,0.0000000000000000,-0.0000000000000005,-0.0237875703997811,0.0000000000000000,3.1681911209063740,3.0032705851,303.815
1.0236088867727304,-0.0000000000000000,0.0000000000000000,-0.0000000000000002,-0.0238784669392244,0.0000000000000000,3.1689811865582320,3.0032667173,305.015
1.0236185936780942,0.0000000000000000,0.0000000000000000,0.0000000000000304,-0.0239687992069491,0.0000000000000000,3.1697712522100900,3.0032628578,306.207
1.0236282281045848,-0.0000000000000007,0.0000000000000000,-0.0000000000295174,-0.0240585746377886,0.0000000000000000,3.1705613178619481,3.0032590065,307.393
1.0236377911683963,-0.0000000000000000,0.0000000000000000,-0.0000000000240324,-0.0241478005518873,0.0000000000000000,3.1713513835138061,3.0032551635,308.571
1.0236472839188193,-0.0000000000000000,0.0000000000000000,-0.0000000000235886,-0.0242364840677390,0.0000000000000000,3.1721414491656641,3.0032513287,309.743
1.0236567073980429,-0.0000000000000000,0.0000000000000000,-0.0000000000290821,-0.0243246321702658,0.0000000000000000,3.1729315148175217,3.0032475021,310.907
1.0236660626338576,-0.0000000000000000,0.0000000000000000,-0.0000000000215336,-0.0244122517060243,0.0000000000000000,3.1737215804693797,3.0032436836,312.065
1.0236753506249274,-0.0000000000000000,0.0000000000000000,0.0000000000000010,-0.0244993493732266,0.0000000000000000,3.1745116461212377,3.0032398733,313.216
1.0236845723338994,-0.0000000000000000,0.0000000000000000,0.0000000000000010,-0.0245859317175966,0.0000000000000000,3.1753017117730957,3.0032360710,314.360
1.0236937287260872,0.0000000000000000,0.0000000000000000,-0.0000000000000035,-0.0246720051741072,0.0000000000000000,3.1760917774249537,3.0032322769,315.498
1.0237028207380654,0.0000000000000000,0.0000000000000000,0.0000000000000019,-0.0247575760393249,0.0000000000000000,3.1768818430768118,3.0032284907,316.629
1.0237118492870234,-0.0000000000000000,0.0000000000000000,-0.0000000000000005,-0.0248426504836495,0.0000000000000000,3.1776719087286698,3.0032247126,317.754
1.0237208152620525,-0.0000000000000007,0.0000000000000000,-0.0000000000225939,-0.0249272345457926,0.0000000000000000,3.1784619743805274,3.0032209425,318.872
1.0237297195628510,-0.0000000000000000,0.0000000000000000,-0.0000000000196420,-0.0250113341737739,0.0000000000000000,3.1792520400323854,3.0032171803,319.984
1.0237385630570195,-0.0000000000000000,0.0000000000000000,0.0000000000219979,-0.0250949551856197,0.0000000000000000,3.1800421056842434,3.0032134260,321.090
1.0237473465401770,-0.0000000000000000,0.0000000000000000,-0.0000000000179827,-0.0251781032328010,0.0000000000000000,3.1808321713361014,3.0032096797,322.190
1.0237560708893698,-0.0000000000000001,0.0000000000000000,-0.0000000000198193,-0.0252607839538373,0.0000000000000000,3.1816222369879594,3.0032059412,323.284
1.0237647368996530,-0.0000000000000000,0.0000000000000000,-0.0000000000241967,-0.0253430028163176,0.0000000000000000,3.1824123026398174,3.0032022106,324.372
1.0237733453717104,-0.0000000000000001,0.0000000000000000,-0.0000000000186325,-0.0254247652043347,0.0000000000000000,3.1832023682916750,3.0031984878,325.454
1.0237818970817347,-0.0000000000000000,0.0000000000000000,-0.0000000000131995,-0.0255060763934222,0.0000000000000000,3.1839924339435330,3.0031947727,326.530
1.0237903927977898,-0.0000000000000000,0.0000000000000000,0.0000000000000020,-0.0255869415647544,0.0000000000000000,3.1847824995953911,3.0031910655,327.601
1.0237988332618377,-0.0000000000000000,0.0000000000000000,0.0000000000000012,-0.0256673657963848,0.0000000000000000,3.1855725652472491,3.0031873660,328.666
1.0238072192152528,-0.0000000000000000,0.0000000000000000,-0.0000000000000013,-0.0257473540839144,0.0000000000000000,3.1863626308991071,3.0031836742,329.725
1.0238155513800942,-0.0000000000000000,0.0000000000000000,0.0000000000000013,-0.0258269113272127,0.0000000000000000,3.1871526965509651,3.0031799901,330.778
1.0238238304648219,-0.0000000000000000,0.0000000000000000,0.0000000000000013,-0.0259060423374753,0.0000000000000000,3.1879427622028227,3.0031763137,331.826
1.0238320571646509,-0.0000000000000000,0.0000000000000000,-0.0000000000000011,-0.0259847518395070,0.0000000000000000,3.1887328278546807,3.0031726449,332.868
1.0238402321618876,-0.0000000000000000,0.0000000000000000,-0.0000000000000002,-0.0260630444739181,0.0000000000000000,3.1895228935065387,3.0031689837,333.906
1.0238483561262670,-0.0000000000000000,0.0000000000000000,0.0000000000000061,-0.0261409247993034,0.0000000000000000,3.1903129591583967,3.0031653301,334.937
1.0238564297092898,-0.0000000000000007,0.0000000000000000,-0.0000000000142740,-0.0262183972877019,0.0000000000000000,3.1911030248102548,3.0031616840,335.964
1.0238644535661658,-0.0000000000000000,0.0000000000000000,-0.0000000000193249,-0.0262954663492385,0.0000000000000000,3.1918930904621128,3.0031580455,336.985
1.0238724283302310,-0.0000000000000000,0.0000000000000000,-0.0000000000162588,-0.0263721363072439,0.0000000000000000,3.1926831561139708,3.0031544145,338.001
1.0238803546259991,-0.0000000000000000,0.0000000000000000,0.0000000000000022,-0.0264484114133006,0.0000000000000000,3.1934732217658284,3.0031507910,339.012
1.0238882330526320,0.0000000000000000,0.0000000000000000,-0.0000000000000003,-0.0265242958326874,0.0000000000000000,3.1942632874176864,3.0031471750,340.017
1.0238960642172996,-0.0000000000000000,0.0000000000000000,0.0000000000000010,-0.0265997936780164,0.0000000000000000,3.1950533530695444,3.0031435664,341.018
1.0239038487030252,-0.0000000000000008,0.0000000000000000,-0.0000000000166067,-0.0266749089796374,0.0000000000000000,3.1958434187214024,3.0031399651,342.014
1.0239115871016253,-0.0000000000000008,0.0000000000000000,-0.0000000000202308,-0.0267496457189723,0.0000000000000000,3.1966334843732604,3.0031363713,343.005
1.0239192799812205,-0.0000000000000008,0.0000000000000000,-0.0000000000139219,-0.0268240077976856,0.0000000000000000,3.1974235500251185,3.0031327849,343.991
1.0239269279006000,0.0000000000000000,0.0000000000000000,0.0000000000000097,-0.0268979990546785,0.0000000000000000,3.1982136156769760,3.0031292057,344.972
1.0239345314062616,-0.0000000000000000,0.0000000000000000,0.0000000000129497,-0.0269716232631582,0.0000000000000000,3.1990036813288341,3.0031256339,345.948
1.0239420910281443,-0.0000000000000000,0.0000000000000000,-0.0000000000000006,-0.0270448841243337,0.0000000000000000,3.1997937469806921,3.0031220694,346.920
1.0239496073142371,-0.0000000000000000,0.0000000000000000,0.0000000000000161,-0.0271177853127941,0.0000000000000000,3.2005838126325501,3.0031185121,347.887
1.0239570807823120,-0.0000000000000008,0.0000000000000000,0.0000000000021359,-0.0271903304178411,0.0000000000000000,3.2013738782844081,3.0031149621,348.849
1.0239645119378469,-0.0000000000000008,0.0000000000000000,-0.0000000000132356,-0.0272625229691768,0.0000000000000000,3.2021639439362661,3.0031114192,349.807
1.0239719013053792,-0.0000000000000000,0.0000000000000000,0.0000000000000225,-0.0273343664700850,0.0000000000000000,3.2029540095881237,3.0031078836,350.760
1.0239792493613291,-0.0000000000000000,0.0000000000000000,-0.0000000000066049,-0.0274058643261078,0.0000000000000000,3.2037440752399817,3.0031043552,351.709
1.0239865566031272,-0.0000000000000008,0.0000000000000000,-0.0000000000119703,-0.0274770199202791,0.0000000000000000,3.2045341408918397,3.0031008338,352.653
1.0239938235182038,-0.0000000000000000,0.0000000000000000,0.0000000000000295,-0.0275478365818415,0.0000000000000000,3.2053242065436978,3.0030973196,353.593
1.0240010505760426,-0.0000000000000000,0.0000000000000000,0.0000000000222563,-0.0276183175743461,0.0000000000000000,3.2061142721955558,3.0030938125,354.528
1.0240082382273885,-0.0000000000000000,0.0000000000000000,0.0000000000195398,-0.0276884661062713,0.0000000000000000,3.2069043378474138,3.0030903125,355.459
1.0240153869333566,-0.0000000000000000,0.0000000000000000,0.0000000000000378,-0.0277582853525470,0.0000000000000000,3.2076944034992714,3.0030868195,356.386
1.0240224971689240,-0.0000000000000000,0.0000000000000000,0.0000000000242166,-0.0278277784546236,0.0000000000000000,3.2084844691511294,3.0030833336,357.309
1.0240295693468422,-0.0000000000000008,0.0000000000000000,0.0000000000180005,-0.0278969484630543,0.0000000000000000,3.2092745348029874,3.0030798546,358.227
1.0240366039107782,0.0000000000000000,0.0000000000000000,0.0000000000000003,-0.0279657984126427,0.0000000000000000,3.2100646004548454,3.0030763826,359.141
1.0240436013037260,-0.0000000000000008,0.0000000000000000,0.0000000000030781,-0.0280343313010932,0.0000000000000000,3.2108546661067034,3.0030729176,360.051
1.0240505619404843,-0.0000000000000008,0.0000000000000000,0.0000000000089487,-0.0281025500599168,0.0000000000000000,3.2116447317585615,3.0030694595,360.957
1.0240574862338279,-0.0000000000000000,0.0000000000000000,0.0000000000097234,-0.0281704575838030,0.0000000000000000,3.2124347974104195,3.0030660083,361.859
1.0240643745909466,-0.0000000000000000,0.0000000000000000,0.0000000000000026,-0.0282380567242471,0.0000000000000000,3.2132248630622771,3.0030625641,362.756
1.0240712274234998,-0.0000000000000000,0.0000000000000000,0.0000000000000006,-0.0283053503023872,0.0000000000000000,3.2140149287141351,3.0030591266,363.650
1.0240780451272062,-0.0000000000000008,0.0000000000000000,0.0000000000066125,-0.0283723410887765,0.0000000000000000,3.2148049943659931,3.0030556961,364.540
1.0240848280889017,-0.0000000000000000,0.0000000000000000,0.0000000000100292,-0.0284390318117799,0.0000000000000000,3.2155950600178511,3.0030522723,365.426
1.0240915766959859,-0.0000000000000000,0.0000000000000000,0.0000000000157767,-0.0285054251669151,0.0000000000000000,3.2163851256697091,3.0030488554,366.308
1.0240982913233212,-0.0000000000000000,0.0000000000000000,0.0000000000134606,-0.0285715238048023,0.0000000000000000,3.2171751913215672,3.0030454452,367.186
1.0241049723460378,-0.0000000000000000,0.0000000000000000,0.0000000000068660,-0.0286373303444187,0.0000000000000000,3.2179652569734247,3.0030420418,368.060
1.0241116201337694,-0.0000000000000000,0.0000000000000000,0.0000000000000005,-0.0287028473679214,0.0000000000000000,3.2187553226252827,3.0030386451,368.931
1.0241182350520244,-0.0000000000000000,0.0000000000000000,0.0000000000000007,-0.0287680774228495,0.0000000000000000,3.2195453882771408,3.0030352551,369.797
1.0241248174550752,-0.0000000000000000,0.0000000000000000,-0.0000000000000007,-0.0288330230157065,0.0000000000000000,3.2203354539289988,3.0030318718,370.660
1.0241313676948200,-0.0000000000000000,0.0000000000000000,0.0000000000000019,-0.0288976866210718,0.0000000000000000,3.2211255195808568,3.0030284952,371.520
1.0241378861180301,-0.0000000000000000,0.0000000000000000,0.0000000000000062,-0.0289620706797488,0.0000000000000000,3.2219155852327148,3.0030251253,372.375
1.0241443730746365,-0.0000000000000008,0.0000000000000000,0.0000000000195746,-0.0290261776069238,0.0000000000000000,3.2227056508845724,3.0030217619,373.227
1.0241508288818879,-0.0000000000000000,0.0000000000000000,0.0000000000125129,-0.0290900097575192,0.0000000000000000,3.2234957165364304,3.0030184052,374.076
1.0241572538852046,-0.0000000000000008,0.0000000000000000,0.0000000000106619,-0.0291535694882777,0.0000000000000000,3.2242857821882884,3.0030150551,374.920
1.0241636484069134,-0.0000000000000000,0.0000000000000000,0.0000000000025688,-0.0292168591050998,0.0000000000000000,3.2250758478401464,3.0030117115,375.762
1.0241700127772657,-0.0000000000000002,0.0000000000000000,0.0000000000070853,-0.0292798808954918,0.0000000000000000,3.2258659134920045,3.0030083744,376.599
1.0241763473078767,-0.0000000000000001,0.0000000000000000,0.0000000000088322,-0.0293426371037989,0.0000000000000000,3.2266559791438625,3.0030050439,377.434
1.0241826523138327,-0.0000000000000002,0.0000000000000000,0.0000000000120075,-0.0294051299511196,0.0000000000000000,3.2274460447957205,3.0030017199,378.264
1.0241889281020609,-0.0000000000000001,0.0000000000000000,0.0000000000116299,-0.0294673616267377,0.0000000000000000,3.2282361104475781,3.0029984023,379.092
1.0241951749739768,-0.0000000000000000,0.0000000000000000,-0.0000000000000003,-0.0295293342896890,0.0000000000000000,3.2290261760994361,3.0029950913,379.916
1.0242013932396563,-0.0000000000000000,0.0000000000000000,0.0000000000000022,-0.0295910500833937,0.0000000000000000,3.2298162417512941,3.0029917866,380.736
1.0242075831904660,-0.0000000000000000,0.0000000000000000,-0.0000000000000021,-0.0296525111096764,0.0000000000000000,3.2306063074031521,3.0029884884,381.553
1.0242137451185733,-0.0000000000000000,0.0000000000000000,0.0000000000000005,-0.0297137194479188,0.0000000000000000,3.2313963730550102,3.0029851966,382.367
1.0242198793121351,-0.0000000000000000,0.0000000000000000,0.0000000000000008,-0.0297746771508681,0.0000000000000000,3.2321864387068682,3.0029819111,383.178
1.0242259860553768,-0.0000000000000000,0.0000000000000000,0.0000000000000015,-0.0298353862451302,0.0000000000000000,3.2329765043587257,3.0029786320,383.985
1.0242320656286443,-0.0000000000000000,0.0000000000000000,0.0000000000000006,-0.0298958487316245,0.0000000000000000,3.2337665700105838,3.0029753593,384.789
1.0242381183085776,-0.0000000000000000,0.0000000000000000,0.0000000000000329,-0.0299560665869539,0.0000000000000000,3.2345566356624418,3.0029720928,385.590
1.0242441443679060,-0.0000000000000000,0.0000000000000000,0.0000000000003577,-0.0300160417596530,0.0000000000000000,3.2353467013142998,3.0029688327,386.387
1.0242501440824672,-0.0000000000000000,0.0000000000000000,0.0000000000165898,-0.0300757761838562,0.0000000000000000,3.2361367669661578,3.0029655788,387.182
1.0242561176999347,-0.0000000000000009,0.0000000000000000,0.0000000000060708,-0.0301352717462709,0.0000000000000000,3.2369268326180158,3.0029623312,387.973
1.0242620654994405,-0.0000000000000001,0.0000000000000000,0.0000000000096587,-0.0301945303405991,0.0000000000000000,3.2377168982698734,3.0029590898,388.761
1.0242679877311092,-0.0000000000000001,0.0000000000000000,0.0000000000073545,-0.0302535538158765,0.0000000000000000,3.2385069639217314,3.0029558547,389.546
1.0242738846549406,-0.0000000000000001,0.0000000000000000,0.0000000000107462,-0.0303123440088366,0.0000000000000000,3.2392970295735894,3.0029526257,390.328
1.0242797565211168,-0.0000000000000002,0.0000000000000000,0.0000000000158084,-0.0303709027300204,0.0000000000000000,3.2400870952254475,3.0029494029,391.107
1.0242856035671581,-0.0000000000000003,0.0000000000000000,-0.0000000000032159,-0.0304292317574888,0.0000000000000000,3.2408771608773055,3.0029461863,391.883
1.0242914260625058,-0.0000000000000001,0.0000000000000000,0.0000000000109350,-0.0304873328806013,0.0000000000000000,3.2416672265291635,3.0029429759,392.656
1.0242972242286756,-0.0000000000000001,0.0000000000000000,0.0000000000096259,-0.0305452078275790,0.0000000000000000,3.2424572921810215,3.0029397715,393.426
1.0243029983116119,-0.0000000000000006,0.0000000000000000,0.0000000000093420,-0.0306028583293954,0.0000000000000000,3.2432473578328791,3.0029365732,394.193
1.0243087485458402,-0.0000000000000000,0.0000000000000000,0.0000000000069595,-0.0306602860897894,0.0000000000000000,3.2440374234847371,3.0029333811,394.957
1.0243144751668500,-0.0000000000000007,0.0000000000000000,0.0000000000088024,-0.0307174927954784,0.0000000000000000,3.2448274891365951,3.0029301950,395.718
1.0243201784028828,-0.0000000000000001,0.0000000000000000,0.0000000000108127,-0.0307744801104415,0.0000000000000000,3.2456175547884532,3.0029270149,396.476
1.0243258584752537,0.0000000000000000,0.0000000000000000,0.0000000000000025,-0.0308312496734648,0.0000000000000000,3.2464076204403112,3.0029238409,397.231
1.0243315156181649,-0.0000000000000000,0.0000000000000000,0.0000000000000036,-0.0308878031208678,0.0000000000000000,3.2471976860921692,3.0029206729,397.984
1.0243371500482721,0.0000000000000000,0.0000000000000000,-0.0000000000000004,-0.0309441420553442,0.0000000000000000,3.2479877517440268,3.0029175108,398.733
1.0243427619840568,-0.0000000000000000,0.0000000000000000,0.0000000000000018,-0.0310002680654196,0.0000000000000000,3.2487778173958848,3.0029143548,399.480
1.0243483516412675,-0.0000000000000000,0.0000000000000000,0.0000000000000014,-0.0310561827213318,0.0000000000000000,3.2495678830477428,3.0029112047,400.224
1.0243539192329727,-0.0000000000000000,0.0000000000000000,0.0000000000000009,-0.0311118875753737,0.0000000000000000,3.2503579486996008,3.0029080605,400.965
1.0243594649695880,-0.0000000000000000,0.0000000000000000,0.0000000000000001,-0.0311673841620660,0.0000000000000000,3.2511480143514588,3.0029049222,401.704
1.0243649890589444,-0.0000000000000000,0.0000000000000000,-0.0000000000000006,-0.0312226739986009,0.0000000000000000,3.2519380800033169,3.0029017899,402.440
1.0243704917063086,-0.0000000000000000,0.0000000000000000,-0.0000000000000026,-0.0312777585849640,0.0000000000000000,3.2527281456551744,3.0028986634,403.172
1.0243759731144348,-0.0000000000000000,0.0000000000000000,-0.0000000000000011,-0.0313326394043073,0.0000000000000000,3.2535182113070324,3.0028955428,403.903
1.0243814334835990,-0.0000000000000000,0.0000000000000000,0.0000000000000012,-0.0313873179231207,0.0000000000000000,3.2543082769588905,3.0028924280,404.630
1.0243868730116457,-0.0000000000000000,0.0000000000000000,0.0000000000000034,-0.0314417955915788,0.0000000000000000,3.2550983426107485,3.0028893190,405.355
1.0243922918940245,0.0000000000000000,0.0000000000000000,-0.0000000000000002,-0.0314960738437664,0.0000000000000000,3.2558884082626065,3.0028862159,406.078
1.0243976903238239,0.0000000000000000,0.0000000000000000,0.0000000000000018,-0.0315501540978855,0.0000000000000000,3.2566784739144645,3.0028831185,406.797
1.0244030684976784,-0.0000000000000009,0.0000000000000000,0.0000000000136312,-0.0316040377625106,0.0000000000000000,3.2574685395663225,3.0028800270,407.514
1.0244084265877420,-0.0000000000000000,0.0000000000000000,0.0000000000029301,-0.0316577262083620,0.0000000000000000,3.2582586052181801,3.0028769411,408.229
1.0244137647958691,-0.0000000000000000,0.0000000000000000,0.0000000000042432,-0.0317112208232090,0.0000000000000000,3.2590486708700381,3.0028738610,408.941
1.0244190833015638,-0.0000000000000000,0.0000000000000000,0.0000000000070609,-0.0317645229596757,0.0000000000000000,3.2598387365218962,3.0028707867,409.650
1.0244243822904842,-0.0000000000000002,0.0000000000000000,0.0000000000204236,-0.0318176339635222,0.0000000000000000,3.2606288021737542,3.0028677180,410.357
1.0244296619246727,-0.0000000000000002,0.0000000000000000,0.0000000000026089,-0.0318705551475490,0.0000000000000000,3.2614188678256122,3.0028646550,411.061
1.0244349224024374,-0.0000000000000001,0.0000000000000000,0.0000000000025228,-0.0319232878436729,0.0000000000000000,3.2622089334774702,3.0028615977,411.763
1.0244401638941338,-0.0000000000000001,0.0000000000000000,0.0000000000079866,-0.0319758333472145,0.0000000000000000,3.2629989991293278,3.0028585460,412.462
1.0244453865676757,-0.0000000000000001,0.0000000000000000,0.0000000000059843,-0.0320281929391299,0.0000000000000000,3.2637890647811858,3.0028555000,413.159
1.0244505905974786,-0.0000000000000001,0.0000000000000000,0.0000000000035107,-0.0320803678944028,0.0000000000000000,3.2645791304330438,3.0028524596,413.853
1.0244557761564332,-0.0000000000000000,0.0000000000000000,0.0000000000086252,-0.0321323594750195,0.0000000000000000,3.2653691960849018,3.0028494248,414.545
1.0244609434029561,-0.0000000000000000,0.0000000000000000,0.0000000000000021,-0.0321841689186033,0.0000000000000000,3.2661592617367599,3.0028463956,415.235
1.0244660925121727,-0.0000000000000000,0.0000000000000000,0.0000000000000026,-0.0322357974665512,0.0000000000000000,3.2669493273886179,3.0028433719,415.922
1.0244712236440712,0.0000000000000000,0.0000000000000000,-0.0000000000000002,-0.0322872463352681,0.0000000000000000,3.2677393930404754,3.0028403538,416.606
1.0244763369604595,-0.0000000000000000,0.0000000000000000,0.0000000000000010,-0.0323385167319495,0.0000000000000000,3.2685294586923335,3.0028373412,417.289
1.0244814326213061,-0.0000000000000000,0.0000000000000000,-0.0000000000000004,-0.0323896098513243,0.0000000000000000,3.2693195243441915,3.0028343341,417.969
1.0244865107847640,0.0000000000000000,0.0000000000000000,-0.0000000000000002,-0.0324405268758137,0.0000000000000000,3.2701095899960495,3.0028313325,418.646
1.0244915716071998,-0.0000000000000000,0.0000000000000000,-0.0000000000000010,-0.0324912689757202,0.0000000000000000,3.2708996556479075,3.0028283365,419.322
1.0244966152432178,-0.0000000000000000,0.0000000000000000,0.0000000000000005,-0.0325418373094314,0.0000000000000000,3.2716897212997655,3.0028253458,419.995
1.0245016418456898,0.0000000000000000,0.0000000000000000,-0.0000000000000003,-0.0325922330235306,0.0000000000000000,3.2724797869516236,3.0028223607,420.665
1.0245066515657772,-0.0000000000000000,0.0000000000000000,-0.0000000000000003,-0.0326424572529855,0.0000000000000000,3.2732698526034811,3.0028193809,421.334
1.0245116445529536,-0.0000000000000000,0.0000000000000000,0.0000000000000004,-0.0326925111213548,0.0000000000000000,3.2740599182553392,3.0028164066,422.000
1.0245166209550394,-0.0000000000000000,0.0000000000000000,0.0000000000000014,-0.0327423957408971,0.0000000000000000,3.2748499839071972,3.0028134377,422.664
1.0245215809214125,-0.0000000000000000,0.0000000000000000,0.0000000000073160,-0.0327921122161280,0.0000000000000000,3.2756400495590552,3.0028104741,423.325
1.0245265245898638,-0.0000000000000009,0.0000000000000000,0.0000000000066286,-0.0328416616295129,0.0000000000000000,3.2764301152109132,3.0028075160,423.985
1.0245314521062647,-0.0000000000000009,0.0000000000000000,0.0000000000040885,-0.0328910450648463,0.0000000000000000,3.2772201808627712,3.0028045632,424.642
1.0245363636131986,-0.0000000000000001,0.0000000000000000,0.0000000000027136,-0.0329402635908347,0.0000000000000000,3.2780102465146288,3.0028016157,425.297
1.0245412592512380,-0.0000000000000009,0.0000000000000000,0.0000000000043545,-0.0329893182661828,0.0000000000000000,3.2788003121664868,3.0027986735,425.950
1.0245461391549739,-0.0000000000000000,0.0000000000000000,-0.0000000000000001,-0.0330382101355039,0.0000000000000000,3.2795903778183448,3.0027957367,426.600
1.0245510034656837,-0.0000000000000000,0.0000000000000000,-0.0000000000000001,-0.0330869402404886,0.0000000000000000,3.2803804434702029,3.0027928051,427.249
1.0245558523168359,0.0000000000000000,0.0000000000000000,0.0000000000000016,-0.0331355096066374,0.0000000000000000,3.2811705091220609,3.0027898788,427.895
1.0245606858423268,-0.0000000000000000,0.0000000000000000,0.0000000000000008,-0.0331839192513731,0.0000000000000000,3.2819605747739189,3.0027869578,428.539
1.0245655041746198,-0.0000000000000000,0.0000000000000000,0.0000000000000007,-0.0332321701822997,0.0000000000000000,3.2827506404257765,3.0027840420,429.181
1.0245703074447665,-0.0000000000000000,0.0000000000000000,0.0000000000000038,-0.0332802633974032,0.0000000000000000,3.2835407060776345,3.0027811315,429.821
1.0245750957837250,-0.0000000000000000,0.0000000000000000,0.0000000000030349,-0.0333281998862645,0.0000000000000000,3.2843307717294925,3.0027782261,430.459
1.0245798693152957,-0.0000000000000009,0.0000000000000000,-0.0000000000010323,-0.0333759806230697,0.0000000000000000,3.2851208373813505,3.0027753260,431.095
1.0245846281725925,-0.0000000000000000,0.0000000000000000,0.0000000000018570,-0.0334236065839030,0.0000000000000000,3.2859109030332085,3.0027724310,431.728
1.0245893724735098,-0.0000000000000000,0.0000000000000000,-0.0000000000058319,-0.0334710787217073,0.0000000000000000,3.2867009686850666,3.0027695412,432.360
1.0245941023538314,-0.0000000000000001,0.0000000000000000,0.0000000000027313,-0.0335183979979484,0.0000000000000000,3.2874910343369246,3.0027666566,432.990
1.0245988179243701,-0.0000000000000002,0.0000000000000000,-0.0000000000006939,-0.0335655653444899,0.0000000000000000,3.2882810999887822,3.0027637771,433.617
1.0246035193144825,-0.0000000000000000,0.0000000000000000,0.0000000000018569,-0.0336125817015600,0.0000000000000000,3.2890711656406402,3.0027609027,434.243
1.0246082066410940,-0.0000000000000005,0.0000000000000000,0.0000000000023816,-0.0336594479908737,0.0000000000000000,3.2898612312924982,3.0027580334,434.866
1.0246128800243059,-0.0000000000000000,0.0000000000000000,0.0000000000031187,-0.0337061651294819,0.0000000000000000,3.2906512969443562,3.0027551692,435.488
1.0246175395814592,-0.0000000000000001,0.0000000000000000,0.0000000000030000,-0.0337527340243794,0.0000000000000000,3.2914413625962142,3.0027523101,436.107
1.0246221854283624,-0.0000000000000000,0.0000000000000000,0.0000000000000005,-0.0337991555738274,0.0000000000000000,3.2922314282480722,3.0027494561,436.725
1.0246268176830660,-0.0000000000000000,0.0000000000000000,-0.0000000000000001,-0.0338454306717862,0.0000000000000000,3.2930214938999298,3.0027466070,437.341
1.0246314364585007,-0.0000000000000000,0.0000000000000000,-0.0000000000000001,-0.0338915601994720,0.0000000000000000,3.2938115595517878,3.0027437631,437.954
1.0246360418677556,0.0000000000000000,0.0000000000000000,-0.0000000000000015,-0.0339375450315881,0.0000000000000000,3.2946016252036459,3.0027409241,438.566
1.0246406340227623,0.0000000000000000,0.0000000000000000,0.0000000000000012,-0.0339833860348573,0.0000000000000000,3.2953916908555039,3.0027380902,439.176
1.0246452130343138,0.0000000000000000,0.0000000000000000,0.0000000000000006,-0.0340290840681054,0.0000000000000000,3.2961817565073619,3.0027352612,439.784
1.0246497790120741,-0.0000000000000000,0.0000000000000000,0.0000000000000000,-0.0340746399824083,0.0000000000000000,3.2969718221592199,3.0027324372,440.390
1.0246543320645958,0.0000000000000000,0.0000000000000000,0.0000000000000010,-0.0341200546211678,0.0000000000000000,3.2977618878110775,3.0027296182,440.994
1.0246588722993608,-0.0000000000000000,0.0000000000000000,0.0000000000000093,-0.0341653288204665,0.0000000000000000,3.2985519534629355,3.0027268041,441.596
1.0246633998258130,-0.0000000000000000,0.0000000000000000,0.0000000000072788,-0.0342104634106759,0.0000000000000000,3.2993420191147935,3.0027239950,442.196
1.0246679147424316,-0.0000000000000000,0.0000000000000000,0.0000000000057306,-0.0342554592076025,0.0000000000000000,3.3001320847666515,3.0027211907,442.795
1.0246724171561419,-0.0000000000000010,0.0000000000000000,0.0000000000019907,-0.0343003170263008,0.0000000000000000,3.3009221504185096,3.0027183914,443.391
1.0246769071720687,-0.0000000000000000,0.0000000000000000,0.0000000000002328,-0.0343450376753121,0.0000000000000000,3.3017122160703676,3.0027155970,443.986
1.0246813848918572,-0.0000000000000000,0.0000000000000000,-0.0000000000007505,-0.0343896219535083,0.0000000000000000,3.3025022817222256,3.0027128074,444.579
1.0246858504170284,-0.0000000000000000,0.0000000000000000,-0.0000000000000020,-0.0344340706530087,0.0000000000000000,3.3032923473740832,3.0027100227,445.170
1.0246903038467505,-0.0000000000000000,0.0000000000000000,-0.0000000000000005,-0.0344783845589168,0.0000000000000000,3.3040824130259412,3.0027072428,445.759
1.0246947452804747,-0.0000000000000000,0.0000000000000000,0.0000000000000001,-0.0345225644495671,0.0000000000000000,3.3048724786777992,3.0027044678,446.347
1.0246991748163878,-0.0000000000000000,0.0000000000000000,-0.0000000000000002,-0.0345666110965660,0.0000000000000000,3.3056625443296572,3.0027016976,446.933
1.0247035925517196,0.0000000000000000,0.0000000000000000,-0.0000000000000000,-0.0346105252648543,0.0000000000000000,3.3064526099815152,3.0026989322,447.517
1.0247079985845782,-0.0000000000000010,0.0000000000000000,0.0000000000040740,-0.0346543077147877,0.0000000000000000,3.3072426756333733,3.0026961716,448.099
1.0247123930054174,-0.0000000000000000,0.0000000000000000,0.0000000000013622,-0.0346979591927459,0.0000000000000000,3.3080327412852308,3.0026934157,448.679
1.0247167759143332,-0.0000000000000000,0.0000000000000000,0.0000000000047516,-0.0347414804498193,0.0000000000000000,3.3088228069370889,3.0026906647,449.258
1.0247211473998754,-0.0000000000000000,0.0000000000000000,0.0000000000027685,-0.0347848722204782,0.0000000000000000,3.3096128725889469,3.0026879184,449.835
1.0247255075568777,-0.0000000000000000,0.0000000000000000,0.0000000000008324,-0.0348281352390230,0.0000000000000000,3.3104029382408049,3.0026851768,450.410
1.0247298564774574,-0.0000000000000000,0.0000000000000000,-0.0000000000000007,-0.0348712702319522,0.0000000000000000,3.3111930038926629,3.0026824399,450.983
1.0247341942524342,-0.0000000000000000,0.0000000000000000,-0.0000000000000019,-0.0349142779202260,0.0000000000000000,3.3119830695445209,3.0026797078,451.555
1.0247385209712985,0.0000000000000000,0.0000000000000000,-0.0000000000000006,-0.0349571590171146,0.0000000000000000,3.3127731351963785,3.0026769803,452.125
1.0247428367231286,-0.0000000000000000,0.0000000000000000,0.0000000000000062,-0.0349999142308142,0.0000000000000000,3.3135632008482365,3.0026742576,452.694
1.0247471415975213,-0.0000000000000000,0.0000000000000000,0.0000000000031981,-0.0350425442645464,0.0000000000000000,3.3143532665000945,3.0026715395,453.260
1.0247514356787826,-0.0000000000000000,0.0000000000000000,0.0000000000026175,-0.0350850498115788,0.0000000000000000,3.3151433321519526,3.0026688261,453.825
1.0247557190559378,-0.0000000000000000,0.0000000000000000,0.0000000000039419,-0.0351274315646397,0.0000000000000000,3.3159333978038106,3.0026661173,454.388
1.0247599918124131,-0.0000000000000000,0.0000000000000000,0.0000000000019250,-0.0351696902063938,0.0000000000000000,3.3167234634556686,3.0026634131,454.950
1.0247642540336028,-0.0000000000000001,0.0000000000000000,-0.0000000000024646,-0.0352118264161751,0.0000000000000000,3.3175135291075266,3.0026607136,455.510
1.0247685058089171,-0.0000000000000001,0.0000000000000000,0.0000000000031280,-0.0352538408721634,0.0000000000000000,3.3183035947593842,3.0026580186,456.068
1.0247727472154493,-0.0000000000000003,0.0000000000000000,0.0000000000044297,-0.0352957342363500,0.0000000000000000,3.3190936604112422,3.0026553283,456.625
1.0247769783338461,-0.0000000000000001,0.0000000000000000,-0.0000000000027999,-0.0353375071692404,0.0000000000000000,3.3198837260631002,3.0026526425,457.180
1.0247811992540348,-0.0000000000000000,0.0000000000000000,0.0000000000000004,-0.0353791603351493,0.0000000000000000,3.3206737917149582,3.0026499613,457.734
1.0247854100514142,0.0000000000000000,0.0000000000000000,-0.0000000000000005,-0.0354206943808086,0.0000000000000000,3.3214638573668163,3.0026472847,458.286
1.0247896108074146,0.0000000000000000,0.0000000000000000,-0.0000000000000005,-0.0354621099532363,0.0000000000000000,3.3222539230186743,3.0026446126,458.836
1.0247938016015288,-0.0000000000000000,0.0000000000000000,-0.0000000000000019,-0.0355034076933326,0.0000000000000000,3.3230439886705319,3.0026419450,459.385
1.0247979825125118,-0.0000000000000000,0.0000000000000000,-0.0000000000000003,-0.0355445882368301,0.0000000000000000,3.3238340543223899,3.0026392820,459.932
1.0248021536183862,-0.0000000000000000,0.0000000000000000,0.0000000000000004,-0.0355856522143189,0.0000000000000000,3.3246241199742479,3.0026366234,460.477
1.0248063149964597,-0.0000000000000000,0.0000000000000000,0.0000000000000000,-0.0356266002513069,0.0000000000000000,3.3254141856261059,3.0026339693,461.021
1.0248104667233382,-0.0000000000000000,0.0000000000000000,0.0000000000000056,-0.0356674329684384,0.0000000000000000,3.3262042512779639,3.0026313197,461.564
1.0248146088758148,-0.0000000000000010,0.0000000000000000,0.0000000000020777,-0.0357081509819316,0.0000000000000000,3.3269943169298219,3.0026286746,462.105
1.0248187415276466,-0.0000000000000000,0.0000000000000000,0.0000000000029127,-0.0357487549010058,0.0000000000000000,3.3277843825816795,3.0026260340,462.644
1.0248228647529700,-0.0000000000000000,0.0000000000000000,0.0000000000018891,-0.0357892453310413,0.0000000000000000,3.3285744482335375,3.0026233977,463.182
1.0248269786281230,-0.0000000000000000,0.0000000000000000,0.0000000000044480,-0.0358296228754884,0.0000000000000000,3.3293645138853956,3.0026207659,463.718
1.0248310832231506,-0.0000000000000002,0.0000000000000000,0.0000000000035348,-0.0358698881276628,0.0000000000000000,3.3301545795372536,3.0026181386,464.253
1.0248351786122276,-0.0000000000000000,0.0000000000000000,0.0000000000030422,-0.0359100416806240,0.0000000000000000,3.3309446451891116,3.0026155156,464.786
1.0248392648675135,-0.0000000000000000,0.0000000000000000,0.0000000000038307,-0.0359500841212862,0.0000000000000000,3.3317347108409696,3.0026128970,465.318
1.0248433420599348,-0.0000000000000006,0.0000000000000000,0.0000000000051147,-0.0359900160319235,0.0000000000000000,3.3325247764928276,3.0026102828,465.848
1.0248474102570104,-0.0000000000000000,0.0000000000000000,0.0000000000000007,-0.0360298379872907,0.0000000000000000,3.3333148421446852,3.0026076729,466.377
1.0248514695337001,0.0000000000000000,0.0000000000000000,-0.0000000000000002,-0.0360695505655053,0.0000000000000000,3.3341049077965432,3.0026050675,466.904
1.0248555199570399,0.0000000000000000,0.0000000000000000,0.0000000000000010,-0.0361091543330817,0.0000000000000000,3.3348949734484012,3.0026024663,467.430
1.0248595615956992,-0.0000000000000000,0.0000000000000000,0.0000000000000011,-0.0361486498543892,0.0000000000000000,3.3356850391002593,3.0025998695,467.954
1.0248635945177362,-0.0000000000000000,0.0000000000000000,-0.0000000000000006,-0.0361880376894149,0.0000000000000000,3.3364751047521173,3.0025972770,468.477
1.0248676187906016,-0.0000000000000000,0.0000000000000000,-0.0000000000000023,-0.0362273183938380,0.0000000000000000,3.3372651704039749,3.0025946888,468.998
1.0248716344811453,-0.0000000000000000,0.0000000000000000,-0.0000000000000010,-0.0362664925190831,0.0000000000000000,3.3380552360558333,3.0025921050,469.518
1.0248756416556417,0.0000000000000000,0.0000000000000000,0.0000000000000068,-0.0363055606124604,0.0000000000000000,3.3388453017076909,3.0025895254,470.037
1.0248796403825358,-0.0000000000000000,0.0000000000000000,0.0000000000062675,-0.0363445232193907,0.0000000000000000,3.3396353673595489,3.0025869500,470.554
1.0248836307199329,-0.0000000000000000,0.0000000000000000,0.0000000000028913,-0.0363833808728607,0.0000000000000000,3.3404254330114069,3.0025843790,471.070
1.0248876127389011,-0.0000000000000000,0.0000000000000000,0.0000000000051610,-0.0364221341120469,0.0000000000000000,3.3412154986632649,3.0025818121,471.584
1.0248915864985657,-0.0000000000000000,0.0000000000000000,0.0000000000017680,-0.0364607834648907,0.0000000000000000,3.3420055643151230,3.0025792496,472.097
1.0248955520665286,-0.0000000000000001,0.0000000000000000,0.0000000000019275,-0.0364993294616590,0.0000000000000000,3.3427956299669805,3.0025766912,472.608
1.0248995095049054,-0.0000000000000000,0.0000000000000000,0.0000000000045124,-0.0365377726242110,0.0000000000000000,3.3435856956188386,3.0025741371,473.118
1.0249034588724166,-0.0000000000000002,0.0000000000000000,0.0000000000012053,-0.0365761134682062,0.0000000000000000,3.3443757612706966,3.0025715871,473.627
1.0249074002360792,-0.0000000000000001,0.0000000000000000,0.0000000000040919,-0.0366143525133092,0.0000000000000000,3.3451658269225546,3.0025690414,474.134
1.0249113336536158,-0.0000000000000012,0.0000000000000000,0.0000000000049276,-0.0366524902676634,0.0000000000000000,3.3459558925744126,3.0025664998,474.640
1.0249152591846931,-0.0000000000000009,0.0000000000000000,0.0000000000016523,-0.0366905272377560,0.0000000000000000,3.3467459582262706,3.0025639624,475.145
1.0249191768938921,-0.0000000000000002,0.0000000000000000,0.0000000000043512,-0.0367284639306584,0.0000000000000000,3.3475360238781282,3.0025614292,475.648
1.0249230868353447,-0.0000000000000003,0.0000000000000000,0.0000000000003893,-0.0367663008416208,0.0000000000000000,3.3483260895299862,3.0025589001,476.150
1.0249269890740944,-0.0000000000000012,0.0000000000000000,0.0000000000031145,-0.0368040384720872,0.0000000000000000,3.3491161551818442,3.0025563751,476.651
1.0249308836635616,-0.0000000000000000,0.0000000000000000,0.0000000000008227,-0.0368416773097822,0.0000000000000000,3.3499062208337023,3.0025538543,477.150
1.0249347706647387,-0.0000000000000000,0.0000000000000000,0.0000000000000007,-0.0368792178460224,0.0000000000000000,3.3506962864855603,3.0025513376,477.648
1.0249386501349682,-0.0000000000000000,0.0000000000000000,0.0000000000000004,-0.0369166605661371,0.0000000000000000,3.3514863521374183,3.0025488250,478.144
1.0249425221310111,-0.0000000000000000,0.0000000000000000,0.0000000000000033,-0.0369540059513782,0.0000000000000000,3.3522764177892759,3.0025463164,478.639
1.0249463867095201,0.0000000000000000,0.0000000000000000,0.0000000000000026,-0.0369912544800191,0.0000000000000000,3.3530664834411339,3.0025438120,479.133
1.0249502439266607,-0.0000000000000000,0.0000000000000000,-0.0000000000000020,-0.0370284066268018,0.0000000000000000,3.3538565490929919,3.0025413116,479.626
1.0249540938381241,-0.0000000000000000,0.0000000000000000,0.0000000000000003,-0.0370654628630754,0.0000000000000000,3.3546466147448499,3.0025388153,480.117
1.0249579364991270,-0.0000000000000000,0.0000000000000000,0.0000000000000008,-0.0371024236567501,0.0000000000000000,3.3554366803967079,3.0025363230,480.607
1.0249617719644228,-0.0000000000000000,0.0000000000000000,0.0000000000000005,-0.0371392894723867,0.0000000000000000,3.3562267460485660,3.0025338348,481.096
1.0249656002883063,-0.0000000000000000,0.0000000000000000,-0.0000000000000002,-0.0371760607711968,0.0000000000000000,3.3570168117004240,3.0025313506,481.583
1.0249694215246143,-0.0000000000000000,0.0000000000000000,-0.0000000000000008,-0.0372127380110964,0.0000000000000000,3.3578068773522816,3.0025288704,482.069
1.0249732357267289,0.0000000000000000,0.0000000000000000,-0.0000000000000019,-0.0372493216467140,0.0000000000000000,3.3585969430041396,3.0025263942,482.554
1.0249770429475940,-0.0000000000000000,0.0000000000000000,0.0000000000000008,-0.0372858121294699,0.0000000000000000,3.3593870086559976,3.0025239220,483.037
1.0249808432397405,0.0000000000000000,0.0000000000000000,0.0000000000000184,-0.0373222099079485,0.0000000000000000,3.3601770743078556,3.0025214537,483.520
1.0249846366551143,0.0000000000000000,0.0000000000000000,-0.0000000000000012,-0.0373585154258930,0.0000000000000000,3.3609671399597136,3.0025189895,484.001
1.0249884232468938,-0.0000000000000000,0.0000000000000000,0.0000000000032361,-0.0373947291279642,0.0000000000000000,3.3617572056115717,3.0025165292,484.481
1.0249922030632967,-0.0000000000000000,0.0000000000000000,0.0000000000031138,-0.0374308514494604,0.0000000000000000,3.3625472712634297,3.0025140729,484.959
1.0249959761569025,-0.0000000000000000,0.0000000000000000,0.0000000000034562,-0.0374668828277741,0.0000000000000000,3.3633373369152872,3.0025116205,485.436
1.0249997425771200,-0.0000000000000001,0.0000000000000000,0.0000000000025562,-0.0375028236948271,0.0000000000000000,3.3641274025671453,3.0025091720,485.913
1.0250035023750210,-0.0000000000000003,0.0000000000000000,0.0000000000027310,-0.0375386744808826,0.0000000000000000,3.3649174682190033,3.0025067274,486.387
1.0250072555995040,-0.0000000000000002,0.0000000000000000,0.0000000000025950,-0.0375744356120475,0.0000000000000000,3.3657075338708613,3.0025042868,486.861
1.0250110023000327,-0.0000000000000000,0.0000000000000000,0.0000000000028578,-0.0376101075125706,0.0000000000000000,3.3664975995227193,3.0025018501,487.333
1.0250147425255667,-0.0000000000000011,0.0000000000000000,0.0000000000041664,-0.0376456906029904,0.0000000000000000,3.3672876651745773,3.0024994172,487.805
1.0250184763236900,-0.0000000000000003,0.0000000000000000,0.0000000000047503,-0.0376811853005421,0.0000000000000000,3.3680777308264349,3.0024969882,488.275
1.0250222037414278,-0.0000000000000000,0.0000000000000000,0.0000000000026356,-0.0377165920193155,0.0000000000000000,3.3688677964782929,3.0024945631,488.743
1.0250259248304829,-0.0000000000000006,0.0000000000000000,0.0000000000070867,-0.0377519111749893,0.0000000000000000,3.3696578621301509,3.0024921419,489.211
1.0250296396307093,-0.0000000000000000,0.0000000000000000,0.0000000000018666,-0.0377871431701764,0.0000000000000000,3.3704479277820090,3.0024897245,489.677
1.0250333482003284,-0.0000000000000000,0.0000000000000000,0.0000000000127111,-0.0378222884212618,0.0000000000000000,3.3712379934338670,3.0024873109,490.143
1.0250370505681063,-0.0000000000000000,0.0000000000000000,0.0000000000000002,-0.0378573473162868,0.0000000000000000,3.3720280590857250,3.0024849012,490.607
1.0250407467962408,-0.0000000000000000,0.0000000000000000,-0.0000000000000003,-0.0378923202707903,0.0000000000000000,3.3728181247375826,3.0024824952,491.070
1.0250444369246876,0.0000000000000000,0.0000000000000000,0.0000000000000012,-0.0379272076775808,0.0000000000000000,3.3736081903894406,3.0024800931,491.531
1.0250481209987219,-0.0000000000000000,0.0000000000000000,-0.0000000000000004,-0.0379620099320423,0.0000000000000000,3.3743982560412986,3.0024776948,491.992
1.0250517990632555,0.0000000000000000,0.0000000000000000,-0.0000000000000005,-0.0379967274269183,0.0000000000000000,3.3751883216931566,3.0024753003,492.451
1.0250554711628366,-0.0000000000000000,0.0000000000000000,-0.0000000000000007,-0.0380313605522548,0.0000000000000000,3.3759783873450147,3.0024729095,492.910
1.0250591373416607,0.0000000000000000,0.0000000000000000,-0.0000000000000007,-0.0380659096955144,0.0000000000000000,3.3767684529968727,3.0024705225,493.367
1.0250627976435691,-0.0000000000000000,0.0000000000000000,0.0000000000000010,-0.0381003752415120,0.0000000000000000,3.3775585186487307,3.0024681393,493.823
1.0250664521120476,-0.0000000000000000,0.0000000000000000,0.0000000000000024,-0.0381347575724431,0.0000000000000000,3.3783485843005883,3.0024657598,494.277
1.0250701007902561,-0.0000000000000000,0.0000000000000000,-0.0000000000000006,-0.0381690570681914,0.0000000000000000,3.3791386499524463,3.0024633841,494.731
1.0250737437209840,0.0000000000000000,0.0000000000000000,-0.0000000000000027,-0.0382032741057465,0.0000000000000000,3.3799287156043043,3.0024610121,495.184
1.0250773809466942,-0.0000000000000000,0.0000000000000000,-0.0000000000000003,-0.0382374090597756,0.0000000000000000,3.3807187812561623,3.0024586438,495.635
1.0250810125095184,-0.0000000000000000,0.0000000000000000,0.0000000000000025,-0.0382714623024885,0.0000000000000000,3.3815088469080203,3.0024562792,496.085
1.0250846384512506,-0.0000000000000000,0.0000000000000000,-0.0000000000000014,-0.0383054342035650,0.0000000000000000,3.3822989125598784,3.0024539183,496.535
1.0250882588143031,-0.0000000000000000,0.0000000000000000,0.0000000000019555,-0.0383393251314349,0.0000000000000000,3.3830889782117359,3.0024515611,496.983
1.0250918736371273,-0.0000000000000000,0.0000000000000000,0.0000000000001865,-0.0383731354482925,0.0000000000000000,3.3838790438635939,3.0024492076,497.430
1.0250954829624956,-0.0000000000000000,0.0000000000000000,-0.0000000000010226,-0.0384068655171267,0.0000000000000000,3.3846691095154520,3.0024468577,497.876
1.0250990868317387,-0.0000000000000000,0.0000000000000000,0.0000000000002212,-0.0384405157004033,0.0000000000000000,3.3854591751673100,3.0024445115,498.321
1.0251026852856757,-0.0000000000000002,0.0000000000000000,0.0000000000050491,-0.0384740863560333,0.0000000000000000,3.3862492408191680,3.0024421690,498.764
1.0251062783600891,-0.0000000000000000,0.0000000000000000,0.0000000000045487,-0.0385075778353420,0.0000000000000000,3.3870393064710260,3.0024398301,499.207
1.0251098660966405,-0.0000000000000002,0.0000000000000000,0.0000000000034052,-0.0385409904936456,0.0000000000000000,3.3878293721228836,3.0024374948,499.648
1.0251134485341800,-0.0000000000000009,0.0000000000000000,0.0000000000009633,-0.0385743246805204,0.0000000000000000,3.3886194377747416,3.0024351632,500.089
1.0251170257135529,-0.0000000000000008,0.0000000000000000,0.0000000000011315,-0.0386075807471442,0.0000000000000000,3.3894095034265996,3.0024328351,500.528
1.0251205976729312,-0.0000000000000000,0.0000000000000000,0.0000000000029704,-0.0386407590390483,0.0000000000000000,3.3901995690784577,3.0024305107,500.967
1.0251241644521758,-0.0000000000000006,0.0000000000000000,0.0000000000099427,-0.0386738599011979,0.0000000000000000,3.3909896347303157,3.0024281899,501.404
1.0251277260804688,-0.0000000000000013,0.0000000000000000,0.0000000000022265,-0.0387068836678687,0.0000000000000000,3.3917797003821732,3.0024258726,501.840
1.0251312826053620,-0.0000000000000001,0.0000000000000000,0.0000000000016430,-0.0387398306872707,0.0000000000000000,3.3925697660340317,3.0024235590,502.275
1.0251348340600395,-0.0000000000000010,0.0000000000000000,-0.0000000000010631,-0.0387727012923735,0.0000000000000000,3.3933598316858893,3.0024212489,502.710
1.0251383804844862,-0.0000000000000000,0.0000000000000000,-0.0000000000000022,-0.0388054958217423,0.0000000000000000,3.3941498973377473,3.0024189423,503.143
1.0251419219133120,-0.0000000000000000,0.0000000000000000,0.0000000000000001,-0.0388382146062113,0.0000000000000000,3.3949399629896053,3.0024166394,503.575
1.0251454583836452,-0.0000000000000000,0.0000000000000000,0.0000000000000006,-0.0388708579772033,0.0000000000000000,3.3957300286414633,3.0024143399,504.006
1.0251489899317934,-0.0000000000000000,0.0000000000000000,0.0000000000000008,-0.0389034262635496,0.0000000000000000,3.3965200942933214,3.0024120440,504.436
1.0251525165938038,-0.0000000000000000,0.0000000000000000,-0.0000000000000006,-0.0389359197920500,0.0000000000000000,3.3973101599451789,3.0024097516,504.865
1.0251560384054477,-0.0000000000000000,0.0000000000000000,0.0000000000000005,-0.0389683388874192,0.0000000000000000,3.3981002255970369,3.0024074627,505.293
1.0251595554022246,-0.0000000000000000,0.0000000000000000,0.0000000000000001,-0.0390006838723425,0.0000000000000000,3.3988902912488950,3.0024051773,505.720
1.0251630676193648,-0.0000000000000000,0.0000000000000000,0.0000000000000007,-0.0390329550674594,0.0000000000000000,3.3996803569007530,3.0024028954,506.146
1.0251665750918317,0.0000000000000000,0.0000000000000000,0.0000000000000019,-0.0390651527914012,0.0000000000000000,3.4004704225526110,3.0024006170,506.570
1.0251700778543231,-0.0000000000000000,0.0000000000000000,-0.0000000000000005,-0.0390972773608199,0.0000000000000000,3.4012604882044690,3.0023983421,506.994
1.0251735759412701,-0.0000000000000000,0.0000000000000000,0.0000000000000006,-0.0391293290903240,0.0000000000000000,3.4020505538563270,3.0023960707,507.417
1.0251770693868594,0.0000000000000000,0.0000000000000000,0.0000000000000002,-0.0391613082926571,0.0000000000000000,3.4028406195081846,3.0023938027,507.839
1.0251805582250066,0.0000000000000000,0.0000000000000000,-0.0000000000000002,-0.0391932152785835,0.0000000000000000,3.4036306851600426,3.0023915381,508.260
1.0251840424897734,-0.0000000000000000,0.0000000000000000,0.0000000000007737,-0.0392250503576357,0.0000000000000000,3.4044207508119007,3.0023892770,508.680
1.0251875222140341,-0.0000000000000011,0.0000000000000000,0.0000000000013574,-0.0392568138353552,0.0000000000000000,3.4052108164637587,3.0023870194,509.099
1.0251909974296769,-0.0000000000000000,0.0000000000000000,-0.0000000000010190,-0.0392885060157425,0.0000000000000000,3.4060008821156167,3.0023847651,509.517
1.0251944681727940,-0.0000000000000001,0.0000000000000000,0.0000000000001967,-0.0393201272059567,0.0000000000000000,3.4067909477674747,3.0023825143,509.934
1.0251979344738935,-0.0000000000000002,0.0000000000000000,0.0000000000008620,-0.0393516777036315,0.0000000000000000,3.4075810134193327,3.0023802669,510.350
1.0252013963683788,-0.0000000000000001,0.0000000000000000,0.0000000000070464,-0.0393831578123743,0.0000000000000000,3.4083710790711903,3.0023780229,510.765
1.0252048538832494,-0.0000000000000000,0.0000000000000000,0.0000000000076664,-0.0394145678239892,0.0000000000000000,3.4091611447230483,3.0023757823,511.179
1.0252083070510185,-0.0000000000000000,0.0000000000000000,0.0000000000034694,-0.0394459080355961,0.0000000000000000,3.4099512103749063,3.0023735450,511.592
1.0252117559064795,-0.0000000000000001,0.0000000000000000,0.0000000000017511,-0.0394771787433168,0.0000000000000000,3.4107412760267644,3.0023713111,512.005
1.0252152004827590,-0.0000000000000002,0.0000000000000000,0.0000000000062072,-0.0395083802407717,0.0000000000000000,3.4115313416786224,3.0023690806,512.416
1.0252186408067741,-0.0000000000000001,0.0000000000000000,0.0000000000069805,-0.0395395128146824,0.0000000000000000,3.4123214073304799,3.0023668535,512.826
1.0252220769087081,-0.0000000000000001,0.0000000000000000,0.0000000000023998,-0.0395705767532779,0.0000000000000000,3.4131114729823380,3.0023646297,513.235
1.0252255088259510,-0.0000000000000000,0.0000000000000000,0.0000000000071538,-0.0396015723485173,0.0000000000000000,3.4139015386341960,3.0023624092,513.644
1.0252289365816756,-0.0000000000000001,0.0000000000000000,0.0000000000046312,-0.0396324998799394,0.0000000000000000,3.4146916042860540,3.0023601921,514.051
1.0252323602112821,-0.0000000000000000,0.0000000000000000,0.0000000000062724,-0.0396633596347973,0.0000000000000000,3.4154816699379120,3.0023579783,514.458
1.0252357797428382,-0.0000000000000011,0.0000000000000000,0.0000000000076722,-0.0396941518927903,0.0000000000000000,3.4162717355897700,3.0023557678,514.863
1.0252391952047077,-0.0000000000000005,0.0000000000000000,0.0000000000051368,-0.0397248769336468,0.0000000000000000,3.4170618012416281,3.0023535606,515.268
1.0252426066289517,-0.0000000000000015,0.0000000000000000,0.0000000000041562,-0.0397555350370036,0.0000000000000000,3.4178518668934856,3.0023513567,515.672
1.0252460140442201,-0.0000000000000011,0.0000000000000000,0.0000000000030193,-0.0397861264788657,0.0000000000000000,3.4186419325453437,3.0023491561,516.075
1.0252494174815319,-0.0000000000000011,0.0000000000000000,0.0000000000055603,-0.0398166515361843,0.0000000000000000,3.4194319981972017,3.0023469588,516.477
1.0252528169672335,-0.0000000000000008,0.0000000000000000,0.0000000000058887,-0.0398471104797967,0.0000000000000000,3.4202220638490597,3.0023447648,516.878
1.0252562125296065,-0.0000000000000000,0.0000000000000000,0.0000000000029131,-0.0398775035808352,0.0000000000000000,3.4210121295009177,3.0023425740,517.278
1.0252596042021889,-0.0000000000000011,0.0000000000000000,0.0000000000073572,-0.0399078311143885,0.0000000000000000,3.4218021951527757,3.0023403865,517.677
1.0252629920066492,-0.0000000000000011,0.0000000000000000,0.0000000000043562,-0.0399380933429616,0.0000000000000000,3.4225922608046333,3.0023382022,518.075
1.0252663759738416,-0.0000000000000000,0.0000000000000000,0.0000000000000008,-0.0399682905351975,0.0000000000000000,3.4233823264564913,3.0023360212,518.473
1.0252697561344220,-0.0000000000000000,0.0000000000000000,0.0000000000000018,-0.0399984229597897,0.0000000000000000,3.4241723921083493,3.0023338434,518.869
1.0252731325141802,-0.0000000000000000,0.0000000000000000,0.0000000000000015,-0.0400284908784888,0.0000000000000000,3.4249624577602074,3.0023316689,519.265
1.0252765051407069,-0.0000000000000000,0.0000000000000000,0.0000000000000008,-0.0400584945536184,0.0000000000000000,3.4257525234120654,3.0023294975,519.659
1.0252798740413878,-0.0000000000000000,0.0000000000000000,-0.0000000000000008,-0.0400884342459584,0.0000000000000000,3.4265425890639234,3.0023273294,520.053
1.0252832392434155,-0.0000000000000000,0.0000000000000000,0.0000000000000005,-0.0401183102147850,0.0000000000000000,3.4273326547157810,3.0023251644,520.446
1.0252866007737926,-0.0000000000000000,0.0000000000000000,0.0000000000000009,-0.0401481227178639,0.0000000000000000,3.4281227203676390,3.0023230027,520.838
1.0252899586593178,-0.0000000000000000,0.0000000000000000,0.0000000000000006,-0.0401778720114364,0.0000000000000000,3.4289127860194970,3.0023208441,521.230
1.0252933129266089,-0.0000000000000000,0.0000000000000000,-0.0000000000000005,-0.0402075583502982,0.0000000000000000,3.4297028516713550,3.0023186887,521.620
1.0252966636020886,0.0000000000000000,0.0000000000000000,0.0000000000000010,-0.0402371819877320,0.0000000000000000,3.4304929173232130,3.0023165365,522.009
1.0253000107119921,-0.0000000000000000,0.0000000000000000,0.0000000000000005,-0.0402667431755796,0.0000000000000000,3.4312829829750711,3.0023143875,522.398
1.0253033542823673,-0.0000000000000000,0.0000000000000000,0.0000000000000006,-0.0402962421642258,0.0000000000000000,3.4320730486269291,3.0023122416,522.786
1.0253066943390798,0.0000000000000000,0.0000000000000000,-0.0000000000000004,-0.0403256792026115,0.0000000000000000,3.4328631142787867,3.0023100988,523.173
1.0253100309078109,-0.0000000000000000,0.0000000000000000,0.0000000000000007,-0.0403550545382552,0.0000000000000000,3.4336531799306447,3.0023079592,523.559
1.0253133640140557,-0.0000000000000000,0.0000000000000000,0.0000000000000011,-0.0403843684172385,0.0000000000000000,3.4344432455825027,3.0023058228,523.944
1.0253166936831406,-0.0000000000000000,0.0000000000000000,0.0000000000000021,-0.0404136210842635,0.0000000000000000,3.4352333112343607,3.0023036894,524.328
1.0253200199401999,0.0000000000000000,0.0000000000000000,0.0000000000000001,-0.0404428127826172,0.0000000000000000,3.4360233768862187,3.0023015592,524.712
1.0253233428101978,0.0000000000000000,0.0000000000000000,0.0000000000000009,-0.0404719437542130,0.0000000000000000,3.4368134425380767,3.0022994320,525.095
1.0253266623179242,-0.0000000000000000,0.0000000000000000,-0.0000000000000015,-0.0405010142395729,0.0000000000000000,3.4376035081899348,3.0022973080,525.477
1.0253299784879899,-0.0000000000000000,0.0000000000000000,0.0000000000000001,-0.0405300244778684,0.0000000000000000,3.4383935738417923,3.0022951871,525.858
1.0253332913448356,-0.0000000000000000,0.0000000000000000,0.0000000000000003,-0.0405589747069088,0.0000000000000000,3.4391836394936504,3.0022930692,526.238
1.0253366009127323,-0.0000000000000000,0.0000000000000000,-0.0000000000000005,-0.0405878651631654,0.0000000000000000,3.4399737051455084,3.0022909545,526.617
1.0253399072157845,-0.0000000000000000,0.0000000000000000,0.0000000000000034,-0.0406166960818200,0.0000000000000000,3.4407637707973664,3.0022888428,526.996
1.0253432102779054,-0.0000000000000000,0.0000000000000000,0.0000000000000053,-0.0406454676965221,0.0000000000000000,3.4415538364492244,3.0022867341,527.373
1.0253465101260983,-0.0000000000000012,0.0000000000000000,0.0000000000070631,-0.0406741802429604,0.0000000000000000,3.4423439021010820,3.0022846286,527.750
1.0253498067779603,-0.0000000000000000,0.0000000000000000,0.0000000000080521,-0.0407028339465721,0.0000000000000000,3.4431339677529400,3.0022825260,528.126
1.0253531002580896,-0.0000000000000000,0.0000000000000000,0.0000000000053990,-0.0407314290388100,0.0000000000000000,3.4439240334047980,3.0022804265,528.502
1.0253563905916911,-0.0000000000000000,0.0000000000000000,0.0000000000036304,-0.0407599657491180,0.0000000000000000,3.4447140990566560,3.0022783301,528.876
1.0253596778052549,-0.0000000000000001,0.0000000000000000,0.0000000000098886,-0.0407884443088486,0.0000000000000000,3.4455041647085141,3.0022762367,529.250
1.0253629619107054,-0.0000000000000000,0.0000000000000000,-0.0000000000000022,-0.0408168649338396,0.0000000000000000,3.4462942303603721,3.0022741462,529.623
1.0253662429426411,-0.0000000000000000,0.0000000000000000,0.0000000000000000,-0.0408452278593638,0.0000000000000000,3.4470842960122301,3.0022720589,529.995
1.0253695209192173,0.0000000000000000,0.0000000000000000,-0.0000000000000000,-0.0408735333051247,0.0000000000000000,3.4478743616640877,3.0022699745,530.366
1.0253727958629144,0.0000000000000000,0.0000000000000000,-0.0000000000000000,-0.0409017814934218,0.0000000000000000,3.4486644273159457,3.0022678931,530.736
1.0253760677960626,-0.0000000000000000,0.0000000000000000,0.0000000000000043,-0.0409299726454666,0.0000000000000000,3.4494544929678037,3.0022658147,531.106
1.0253793367408133,-0.0000000000000000,0.0000000000000000,-0.0000000000000017,-0.0409581069809062,0.0000000000000000,3.4502445586196617,3.0022637392,531.475
1.0253826027227630,-0.0000000000000000,0.0000000000000000,0.0000000000078607,-0.0409861847218373,0.0000000000000000,3.4510346242715197,3.0022616668,531.843
1.0253858657544521,-0.0000000000000000,0.0000000000000000,0.0000000000029953,-0.0410142060774696,0.0000000000000000,3.4518246899233778,3.0022595973,532.210
1.0253891258672903,-0.0000000000000000,0.0000000000000000,0.0000000000068504,-0.0410421712724617,0.0000000000000000,3.4526147555752358,3.0022575308,532.577
1.0253923830743223,-0.0000000000000000,0.0000000000000000,0.0000000000006158,-0.0410700805146202,0.0000000000000000,3.4534048212270934,3.0022554672,532.943
1.0253956374076298,-0.0000000000000001,0.0000000000000000,0.0000000000076628,-0.0410979340270839,0.0000000000000000,3.4541948868789514,3.0022534066,533.308
1.0253988888757173,-0.0000000000000000,0.0000000000000000,0.0000000000000001,-0.0411257320114673,0.0000000000000000,3.4549849525308094,3.0022513489,533.672
1.0254021375099003,-0.0000000000000000,0.0000000000000000,-0.0000000000000018,-0.0411534746884880,0.0000000000000000,3.4557750181826674,3.0022492942,534.035
1.0254053833276826,-0.0000000000000000,0.0000000000000000,-0.0000000000000006,-0.0411811622654395,0.0000000000000000,3.4565650838345254,3.0022472424,534.398
1.0254086263499076,-0.0000000000000000,0.0000000000000000,-0.0000000000000001,-0.0412087949516419,0.0000000000000000,3.4573551494863830,3.0022451935,534.760
1.0254118665972902,-0.0000000000000000,0.0000000000000000,0.0000000000000045,-0.0412363729554587,0.0000000000000000,3.4581452151382410,3.0022431475,535.121
1.0254151040903574,0.0000000000000000,0.0000000000000000,-0.0000000000000014,-0.0412638964835318,0.0000000000000000,3.4589352807900990,3.0022411044,535.482
1.0254183388536429,-0.0000000000000000,0.0000000000000000,0.0000000000088884,-0.0412913657460797,0.0000000000000000,3.4597253464419571,3.0022390643,535.841
1.0254215708979912,-0.0000000000000000,0.0000000000000000,0.0000000000060463,-0.0413187809391559,0.0000000000000000,3.4605154120938151,3.0022370270,536.200
1.0254248002500455,-0.0000000000000000,0.0000000000000000,0.0000000000058175,-0.0413461422719147,0.0000000000000000,3.4613054777456731,3.0022349926,536.559
1.0254280269304872,-0.0000000000000000,0.0000000000000000,0.0000000000094996,-0.0413734499481646,0.0000000000000000,3.4620955433975311,3.0022329611,536.916
1.0254312509551577,-0.0000000000000000,0.0000000000000000,0.0000000000082577,-0.0414007041659678,0.0000000000000000,3.4628856090493887,3.0022309324,537.273
1.0254344723428290,-0.0000000000000000,0.0000000000000000,0.0000000000000013,-0.0414279051247038,0.0000000000000000,3.4636756747012467,3.0022289066,537.629
1.0254376911200740,0.0000000000000000,0.0000000000000000,-0.0000000000000016,-0.0414550530300818,0.0000000000000000,3.4644657403531047,3.0022268837,537.984
1.0254409073026163,-0.0000000000000000,0.0000000000000000,-0.0000000000000009,-0.0414821480771120,0.0000000000000000,3.4652558060049627,3.0022248636,538.338
1.0254441209098035,0.0000000000000000,0.0000000000000000,-0.0000000000000001,-0.0415091904631398,0.0000000000000000,3.4660458716568208,3.0022228464,538.692
1.0254473319640893,-0.0000000000000012,0.0000000000000000,0.0000000000070970,-0.0415361803872975,0.0000000000000000,3.4668359373086783,3.0022208320,539.045
1.0254505404779330,-0.0000000000000012,0.0000000000000000,0.0000000000067023,-0.0415631180389582,0.0000000000000000,3.4676260029605364,3.0022188204,539.397
1.0254537464731290,-0.0000000000000000,0.0000000000000000,0.0000000000050951,-0.0415900036147191,0.0000000000000000,3.4684160686123944,3.0022168116,539.749
1.0254569499705741,-0.0000000000000001,0.0000000000000000,0.0000000000067345,-0.0416168373097280,0.0000000000000000,3.4692061342642524,3.0022148057,540.100
1.0254601509836672,-0.0000000000000000,0.0000000000000000,-0.0000000000000000,-0.0416436193113319,0.0000000000000000,3.4699961999161104,3.0022128026,540.450
1.0254633495379053,-0.0000000000000000,0.0000000000000000,0.0000000000000013,-0.0416703498169525,0.0000000000000000,3.4707862655679684,3.0022108023,540.799
1.0254665456486765,-0.0000000000000000,0.0000000000000000,-0.0000000000000019,-0.0416970290139250,0.0000000000000000,3.4715763312198265,3.0022088048,541.148
1.0254697393343235,-0.0000000000000000,0.0000000000000000,-0.0000000000000008,-0.0417236570915228,0.0000000000000000,3.4723663968716840,3.0022068100,541.496
1.0254729306157508,-0.0000000000000012,0.0000000000000000,0.0000000000058557,-0.0417502342402540,0.0000000000000000,3.4731564625235420,3.0022048181,541.843
1.0254761195075510,-0.0000000000000000,0.0000000000000000,0.0000000000098675,-0.0417767606442711,0.0000000000000000,3.4739465281754001,3.0022028289,542.190
1.0254793060252372,-0.0000000000000008,0.0000000000000000,0.0000000000067752,-0.0418032364871421,0.0000000000000000,3.4747365938272581,3.0022008426,542.536
