x0,y0,z0,xd0,yd0,zd0,Tp,JC,stabilityIndex1,stabilityIndex2,alpha,beta,impactFlag,error
1.0197497188754883,0.0,0.0000000000000000,0.0000000000000000,-0.0346993859646828,0.0000000000000000,5.3206477591334860,3.0024095802272468,11.0938,-1.5302,-9.5637,-14.9752,1,9.4e-09
1.0197422169530184,0.0,0.0000000000000000,0.0000000000000000,-0.0347504265926634,0.0000000000000000,5.3210477591334859,3.0024061330069198,11.0040,-1.5271,-9.4770,-14.8036,1,3.6e-10
1.0197349079796600,0.0,0.0000000000000000,0.0000000000000000,-0.0347999440892363,0.0000000000000000,5.3214477591334859,3.0024027851006112,10.9190,-1.5240,-9.3950,-14.6408,1,4.4e-09
1.0197277755283904,0.0,0.0000000000000000,0.0000000000000000,-0.0348480663946208,0.0000000000000000,5.3218477591334858,3.0023995281841005,10.8315,-1.5211,-9.3104,-14.4759,1,3.5e-09
1.0197208053161342,0.0,0.0000000000000000,0.0000000000000000,-0.0348949050951172,0.0000000000000000,5.3222477591334858,3.0023963549945445,10.7528,-1.5182,-9.2346,-14.3251,1,6.4e-09
1.0197139853726189,0.0,0.0000000000000000,0.0000000000000000,-0.0349405556733738,0.0000000000000000,5.3226477591334858,3.0023932593196858,10.6706,-1.5154,-9.1551,-14.1707,1,7.4e-10
1.0197073046915577,0.0,0.0000000000000000,0.0000000000000000,-0.0349851041905862,0.0000000000000000,5.3230477591334857,3.0023902355568803,10.5938,-1.5127,-9.0810,-14.0253,1,2.5e-09

1.0196756880615236,0.0,0.0000000000000000,0.0000000000000000,-0.0351936929346693,0.0000000000000000,5.3250477591334855,3.0023760407062259,10.2471,-1.4998,-8.7473,-13.3685,1,5.9e-10
1.0196464654338726,0.0,0.0000000000000000,0.0000000000000000,-0.0353832875046614,0.0000000000000000,5.3270477591334862,3.0023630866426934,9.9419,-1.4879,-8.4540,-12.7926,1,5.5e-10
1.0196190826774583,0.0,0.0000000000000000,0.0000000000000000,-0.0355582510249555,0.0000000000000000,5.3290477591334859,3.0023510892969920,9.6684,-1.4768,-8.1916,-12.2786,1,9.5e-11
1.0195931703750691,0.0,0.0000000000000000,0.0000000000000000,-0.0357214944376505,0.0000000000000000,5.3310477591334857,3.0023398591033259,9.4202,-1.4664,-7.9538,-11.8139,1,1.6e-09
1.0195684678036621,0.0,0.0000000000000000,0.0000000000000000,-0.0358750740557462,0.0000000000000000,5.3330477591334855,3.0023292621229376,9.1931,-1.4565,-7.7366,-11.3897,1,1.1e-10
1.0195447827234856,0.0,0.0000000000000000,0.0000000000000000,-0.0360205070367358,0.0000000000000000,5.3350477591334862,3.0023191995126011,8.9833,-1.4470,-7.5362,-10.9992,1,5.9e-10
1.0195219686316788,0.0,0.0000000000000000,0.0000000000000000,-0.0361589506034620,0.0000000000000000,5.3370477591334859,3.0023095958618953,8.7884,-1.4380,-7.3505,-10.6375,1,1.7e-10
1.0194999107864644,0.0,0.0000000000000000,0.0000000000000000,-0.0362913111051783,0.0000000000000000,5.3390477591334857,3.0023003920983600,8.6063,-1.4292,-7.1771,-10.3003,1,1.5e-09
1.0194785174992373,0.0,0.0000000000000000,0.0000000000000000,-0.0364183148637850,0.0000000000000000,5.3410477591334855,3.0022915408666067,8.4355,-1.4208,-7.0147,-9.9848,1,1.6e-09
1.0194577138386618,0.0,0.0000000000000000,0.0000000000000000,-0.0365405533989688,0.0000000000000000,5.3430477591334862,3.0022830036018164,8.2745,-1.4126,-6.8619,-9.6882,1,9.2e-11
1.0194374379847602,0.0,0.0000000000000000,0.0000000000000000,-0.0366585175364377,0.0000000000000000,5.3450477591334860,3.0022747482868724,8.1223,-1.4046,-6.7177,-9.4085,1,9.5e-11
1.0194176379722648,0.0,0.0000000000000000,0.0000000000000000,-0.0367726188200432,0.0000000000000000,5.3470477591334857,3.0022667480758907,7.9780,-1.3968,-6.5812,-9.1438,1,5.7e-11
1.0193982697436248,0.0,0.0000000000000000,0.0000000000000000,-0.0368832067865847,0.0000000000000000,5.3490477591334855,3.0022589801615998,7.8409,-1.3892,-6.4517,-8.8929,1,3.7e-10
1.0193792955035470,0.0,0.0000000000000000,0.0000000000000000,-0.0369905812816755,0.0000000000000000,5.3510477591334862,3.0022514249752268,7.7102,-1.3818,-6.3284,-8.6542,1,1.3e-10
1.0193606825942230,0.0,0.0000000000000000,0.0000000000000000,-0.0370950018049307,0.0000000000000000,5.3530477591334860,3.0022440655768765,7.5855,-1.3746,-6.2109,-8.4268,1,7.1e-11
1.0193424025307842,0.0,0.0000000000000000,0.0000000000000000,-0.0371966947542877,0.0000000000000000,5.3550477591334857,3.0022368871844263,7.4662,-1.3675,-6.0987,-8.2098,1,2.4e-10
1.0192980015139446,0.0,0.0000000000000000,0.0000000000000000,-0.0374402433695973,0.0000000000000000,5.3600477591334856,3.0022196515070139,7.1890,-1.3502,-5.8387,-7.7069,1,1.2e-11
1.0192552125239576,0.0,0.0000000000000000,0.0000000000000000,-0.0376704715281551,0.0000000000000000,5.3650477591334855,3.0022033036663491,6.9376,-1.3337,-5.6038,-7.2529,1,2.0e-10
1.0192137932773893,0.0,0.0000000000000000,0.0000000000000000,-0.0378893113127018,0.0000000000000000,5.3700477591334854,3.0021877173750608,6.7079,-1.3178,-5.3901,-6.8397,1,9.3e-11
1.0191735550498011,0.0,0.0000000000000000,0.0000000000000000,-0.0380982698347126,0.0000000000000000,5.3750477591334853,3.0021727940719996,6.4969,-1.3024,-5.1945,-6.4613,1,3.6e-11
1.0191343474589556,0.0,0.0000000000000000,0.0000000000000000,-0.0382985497790966,0.0000000000000000,5.3800477591334852,3.0021584550641922,6.3018,-1.2874,-5.0144,-6.1129,1,1.0e-10
1.0190960483730609,0.0,0.0000000000000000,0.0000000000000000,-0.0384911292578916,0.0000000000000000,5.3850477591334851,3.0021446363203963,6.1208,-1.2728,-4.8480,-5.7905,1,8.6e-12
1.0190585569928923,0.0,0.0000000000000000,0.0000000000000000,-0.0386768165719284,0.0000000000000000,5.3900477591334859,3.0021312849000164,5.9521,-1.2585,-4.6936,-5.4909,1,1.1e-10
1.0190217889749047,0.0,0.0000000000000000,0.0000000000000000,-0.0388562889179097,0.0000000000000000,5.3950477591334858,3.0021183564280487,5.7944,-1.2446,-4.5498,-5.2116,1,2.4e-11
1.0189856728894564,0.0,0.0000000000000000,0.0000000000000000,-0.0390301204290375,0.0000000000000000,5.4000477591334857,3.0021058132657807,5.6466,-1.2309,-4.4156,-4.9504,1,2.3e-11
1.0189501476123466,0.0,0.0000000000000000,0.0000000000000000,-0.0391988029509725,0.0000000000000000,5.4050477591334856,3.0020936231546704,5.5075,-1.2175,-4.2900,-4.7053,1,5.0e-12
1.0189151603496782,0.0,0.0000000000000000,0.0000000000000000,-0.0393627617069760,0.0000000000000000,5.4100477591334855,3.0020817581939903,5.3765,-1.2043,-4.1722,-4.4747,1,1.3e-12
1.0189151603503483,0.0,0.0000000000000000,0.0000000000000000,-0.0393627617075678,0.0000000000000000,5.4100477591334855,3.0020817581939241,5.3765,-1.2043,-4.1722,-4.4747,1,2.3e-12
1.0188806651263507,0.0,0.0000000000000000,0.0000000000000000,-0.0395223673436244,0.0000000000000000,5.4150477591334853,3.0020701940541294,5.2527,-1.1913,-4.0614,-4.2574,1,1.2e-11
1.0188466216029470,0.0,0.0000000000000000,0.0000000000000000,-0.0396779452934445,0.0000000000000000,5.4200477591334852,3.0020589093654522,5.1355,-1.1785,-3.9570,-4.0520,1,1.2e-11
1.0188129941551483,0.0,0.0000000000000000,0.0000000000000000,-0.0398297831791235,0.0000000000000000,5.4250477591334851,3.0020478852343215,5.0244,-1.1658,-3.8586,-3.8576,1,1.6e-11
1.0187797511268397,0.0,0.0000000000000000,0.0000000000000000,-0.0399781367228048,0.0000000000000000,5.4300477591334850,3.0020371048571821,4.9189,-1.1533,-3.7656,-3.6732,1,6.4e-12
1.0187468642332749,0.0,0.0000000000000000,0.0000000000000000,-0.0401232345167680,0.0000000000000000,5.4350477591334858,3.0020265532087711,4.8186,-1.1410,-3.6776,-3.4980,1,3.2e-11
1.0187143080760384,0.0,0.0000000000000000,0.0000000000000000,-0.0402652819211478,0.0000000000000000,5.4400477591334857,3.0020162167871676,4.7230,-1.1288,-3.5942,-3.3313,1,5.2e-12
1.0186820597376005,0.0,0.0000000000000000,0.0000000000000000,-0.0404044642567613,0.0000000000000000,5.4450477591334856,3.0020060834053233,4.6319,-1.1167,-3.5151,-3.1725,1,1.7e-12
1.0186500984527829,0.0,0.0000000000000000,0.0000000000000000,-0.0405409494679037,0.0000000000000000,5.4500477591334855,3.0019961420167025,4.5448,-1.1048,-3.4401,-3.0210,1,1.0e-11
1.0186184053318295,0.0,0.0000000000000000,0.0000000000000000,-0.0406748903402026,0.0000000000000000,5.4550477591334854,3.0019863825702133,4.4616,-1.0929,-3.3687,-2.8762,1,2.0e-12
1.0185869631234525,0.0,0.0000000000000000,0.0000000000000000,-0.0408064263666706,0.0000000000000000,5.4600477591334853,3.0019767958882748,4.3820,-1.0812,-3.3009,-2.7377,1,9.5e-12
1.0185557560232912,0.0,0.0000000000000000,0.0000000000000000,-0.0409356853299628,0.0000000000000000,5.4650477591334852,3.0019673735630601,4.3058,-1.0695,-3.2363,-2.6051,1,3.3e-12
1.0185247694982174,0.0,0.0000000000000000,0.0000000000000000,-0.0410627846534491,0.0000000000000000,5.4700477591334851,3.0019581078682860,4.2327,-1.0579,-3.1748,-2.4780,1,1.5e-11
1.0184939901516015,0.0,0.0000000000000000,0.0000000000000000,-0.0411878325512468,0.0000000000000000,5.4750477591334858,3.0019489916836606,4.1626,-1.0465,-3.1161,-2.3560,1,2.1e-11
1.0184634055882242,0.0,0.0000000000000000,0.0000000000000000,-0.0413109290253579,0.0000000000000000,5.4800477591334857,3.0019400184299703,4.0952,-1.0351,-3.0602,-2.2388,1,1.4e-12
1.0184330043202925,0.0,0.0000000000000000,0.0000000000000000,-0.0414321667265887,0.0000000000000000,5.4850477591334856,3.0019311820121874,4.0305,-1.0237,-3.0068,-2.1261,1,1.1e-12
1.0184027756640881,0.0,0.0000000000000000,0.0000000000000000,-0.0415516317011414,0.0000000000000000,5.4900477591334855,3.0019224767709844,3.9683,-1.0124,-2.9558,-2.0176,1,4.2e-12
1.0183727096618775,0.0,0.0000000000000000,0.0000000000000000,-0.0416694040456264,0.0000000000000000,5.4950477591334854,3.0019138974396702,3.9084,-1.0012,-2.9071,-1.9132,1,1.0e-11
1.0183427970128180,0.0,0.0000000000000000,0.0000000000000000,-0.0417855584771511,0.0000000000000000,5.5000477591334853,3.0019054391067943,3.8507,-0.9901,-2.8606,-1.8126,1,7.4e-12
1.0183130290079685,0.0,0.0000000000000000,0.0000000000000000,-0.0419001648396934,0.0000000000000000,5.5050477591334852,3.0018970971830070,3.7951,-0.9790,-2.8161,-1.7154,1,1.3e-11
1.0182833974756467,0.0,0.0000000000000000,0.0000000000000000,-0.0420132885470915,0.0000000000000000,5.5100477591334851,3.0018888673720387,3.7415,-0.9680,-2.7736,-1.6217,1,6.0e-12
1.0182538947332374,0.0,0.0000000000000000,0.0000000000000000,-0.0421249909778908,0.0000000000000000,5.5150477591334859,3.0018807456447676,3.6898,-0.9570,-2.7329,-1.5311,1,3.2e-12
1.0182245135437105,0.0,0.0000000000000000,0.0000000000000000,-0.0422353298262432,0.0000000000000000,5.5200477591334858,3.0018727282162074,3.6400,-0.9461,-2.6939,-1.4436,1,9.0e-12
1.0181952470759352,0.0,0.0000000000000000,0.0000000000000000,-0.0423443594124520,0.0000000000000000,5.5250477591334857,3.0018648115252171,3.5918,-0.9352,-2.6567,-1.3589,1,1.0e-12
1.0181660888708515,0.0,0.0000000000000000,0.0000000000000000,-0.0424521309649710,0.0000000000000000,5.5300477591334856,3.0018569922159282,3.5453,-0.9243,-2.6210,-1.2769,1,1.0e-11
1.0181370328101753,0.0,0.0000000000000000,0.0000000000000000,-0.0425586928682318,0.0000000000000000,5.5350477591334855,3.0018492671215502,3.5003,-0.9135,-2.5868,-1.1975,1,2.8e-12
1.0181080730889380,0.0,0.0000000000000000,0.0000000000000000,-0.0426640908892020,0.0000000000000000,5.5400477591334853,3.0018416332494704,3.4569,-0.9027,-2.5541,-1.1205,1,4.6e-12
1.0180792041894764,0.0,0.0000000000000000,0.0000000000000000,-0.0427683683802057,0.0000000000000000,5.5450477591334852,3.0018340877679930,3.4148,-0.8920,-2.5228,-1.0459,1,1.0e-12
1.0180504208592949,0.0,0.0000000000000000,0.0000000000000000,-0.0428715664622352,0.0000000000000000,5.5500477591334851,3.0018266279942938,3.3741,-0.8813,-2.4929,-0.9735,1,1.8e-13
1.0180217180909008,0.0,0.0000000000000000,0.0000000000000000,-0.0429737241910443,0.0000000000000000,5.5550477591334850,3.0018192513835080,3.3347,-0.8706,-2.4641,-0.9032,1,3.3e-12
1.0179930911023780,0.0,0.0000000000000000,0.0000000000000000,-0.0430748787075022,0.0000000000000000,5.5600477591334858,3.0018119555189169,3.2966,-0.8599,-2.4367,-0.8348,1,4.3e-12
1.0179645353208624,0.0,0.0000000000000000,0.0000000000000000,-0.0431750653742508,0.0000000000000000,5.5650477591334857,3.0018047381029711,3.2596,-0.8493,-2.4103,-0.7684,1,2.2e-12
1.0179360463667895,0.0,0.0000000000000000,0.0000000000000000,-0.0432743179026029,0.0000000000000000,5.5700477591334856,3.0017975969489505,3.2239,-0.8387,-2.3851,-0.7039,1,2.0e-12
1.0179076200395230,0.0,0.0000000000000000,0.0000000000000000,-0.0433726684632731,0.0000000000000000,5.5750477591334855,3.0017905299737873,3.1892,-0.8281,-2.3610,-0.6411,1,1.7e-11
1.0178792523062925,0.0,0.0000000000000000,0.0000000000000000,-0.0434701477949685,0.0000000000000000,5.5800477591334854,3.0017835351907665,3.1555,-0.8176,-2.3379,-0.5799,1,4.5e-13
1.0178509392866195,0.0,0.0000000000000000,0.0000000000000000,-0.0435667852953648,0.0000000000000000,5.5850477591334853,3.0017766107038573,3.1229,-0.8071,-2.3158,-0.5204,1,2.7e-12
1.0178226772449910,0.0,0.0000000000000000,0.0000000000000000,-0.0436626091122420,0.0000000000000000,5.5900477591334852,3.0017697547014928,3.0913,-0.7965,-2.2947,-0.4623,1,1.3e-12
1.0177944625791335,0.0,0.0000000000000000,0.0000000000000000,-0.0437576462234275,0.0000000000000000,5.5950477591334851,3.0017629654514462,3.0605,-0.7861,-2.2745,-0.4057,1,5.4e-13
1.0177662918108596,0.0,0.0000000000000000,0.0000000000000000,-0.0438519225106370,0.0000000000000000,5.6000477591334858,3.0017562412960044,3.0307,-0.7756,-2.2552,-0.3506,1,1.6e-12
1.0177381615777628,0.0,0.0000000000000000,0.0000000000000000,-0.0439454628282487,0.0000000000000000,5.6050477591334857,3.0017495806474646,3.0018,-0.7651,-2.2367,-0.2967,1,2.5e-12
1.0177100686250735,0.0,0.0000000000000000,0.0000000000000000,-0.0440382910673699,0.0000000000000000,5.6100477591334856,3.0017429819839445,2.9737,-0.7547,-2.2191,-0.2442,1,7.0e-13
1.0176820097988331,0.0,0.0000000000000000,0.0000000000000000,-0.0441304302138222,0.0000000000000000,5.6150477591334855,3.0017364438455898,2.9464,-0.7442,-2.2022,-0.1929,1,2.9e-12
1.0176539820380390,0.0,0.0000000000000000,0.0000000000000000,-0.0442219024030347,0.0000000000000000,5.6200477591334854,3.0017299648310463,2.9199,-0.7338,-2.1861,-0.1427,1,2.9e-13
1.0176259823693135,0.0,0.0000000000000000,0.0000000000000000,-0.0443127289701411,0.0000000000000000,5.6250477591334853,3.0017235435941458,2.8942,-0.7234,-2.1708,-0.0937,1,3.2e-12
1.0175980079003517,0.0,0.0000000000000000,0.0000000000000000,-0.0444029304974301,0.0000000000000000,5.6300477591334852,3.0017171788408548,2.8692,-0.7130,-2.1561,-0.0458,1,1.9e-12
1.0175700558147154,0.0,0.0000000000000000,0.0000000000000000,-0.0444925268581424,0.0000000000000000,5.6350477591334851,3.0017108693264039,2.8448,-0.7026,-2.1422,0.0011,1,5.0e-12
1.0175421233663420,0.0,0.0000000000000000,0.0000000000000000,-0.0445815372556435,0.0000000000000000,5.6400477591334859,3.0017046138528096,2.8212,-0.6923,-2.1289,0.0470,1,4.6e-12
1.0175142078755139,0.0,0.0000000000000000,0.0000000000000000,-0.0446699802644308,0.0000000000000000,5.6450477591334858,3.0016984112661023,2.7982,-0.6819,-2.1163,0.0920,1,3.6e-12
1.0174863067227551,0.0,0.0000000000000000,0.0000000000000000,-0.0447578738629993,0.0000000000000000,5.6500477591334857,3.0016922604543614,2.7758,-0.6715,-2.1043,0.1360,1,4.1e-13
1.0174584173463506,0.0,0.0000000000000000,0.0000000000000000,-0.0448452354679337,0.0000000000000000,5.6550477591334856,3.0016861603453915,2.7541,-0.6612,-2.0929,0.1791,1,3.6e-12
1.0174305372362022,0.0,0.0000000000000000,0.0000000000000000,-0.0449320819665503,0.0000000000000000,5.6600477591334855,3.0016801099047195,2.7330,-0.6508,-2.0821,0.2214,0,3.1e-12
1.0174026639331326,0.0,0.0000000000000000,0.0000000000000000,-0.0450184297430270,0.0000000000000000,5.6650477591334853,3.0016741081338041,2.7124,-0.6405,-2.0719,0.2628,0,2.2e-13
1.0173747950215659,0.0,0.0000000000000000,0.0000000000000000,-0.0451042947092854,0.0000000000000000,5.6700477591334852,3.0016681540682120,2.6924,-0.6301,-2.0622,0.3035,0,1.9e-12
1.0173469281292822,0.0,0.0000000000000000,0.0000000000000000,-0.0451896923284407,0.0000000000000000,5.6750477591334851,3.0016622467759868,2.6729,-0.6198,-2.0531,0.3434,0,5.7e-12
1.0173190609221587,0.0,0.0000000000000000,0.0000000000000000,-0.0452746376395746,0.0000000000000000,5.6800477591334850,3.0016563853561937,2.6539,-0.6095,-2.0445,0.3826,0,2.0e-12
1.0172911911021059,0.0,0.0000000000000000,0.0000000000000000,-0.0453591452823850,0.0000000000000000,5.6850477591334858,3.0016505689372548,2.6355,-0.5991,-2.0363,0.4210,0,3.1e-12
1.0172633164035869,0.0,0.0000000000000000,0.0000000000000000,-0.0454432295167310,0.0000000000000000,5.6900477591334857,3.0016447966758144,2.6175,-0.5888,-2.0287,0.4588,0,7.0e-12
1.0172354345917589,0.0,0.0000000000000000,0.0000000000000000,-0.0455269042440316,0.0000000000000000,5.6950477591334856,3.0016390677553084,2.6000,-0.5785,-2.0215,0.4960,0,9.8e-13
1.0172075434582561,0.0,0.0000000000000000,0.0000000000000000,-0.0456101830266826,0.0000000000000000,5.7000477591334855,3.0016333813848637,2.5830,-0.5681,-2.0149,0.5325,0,1.2e-12
1.0171796408200247,0.0,0.0000000000000000,0.0000000000000000,-0.0456930791064110,0.0000000000000000,5.7050477591334854,3.0016277367980631,2.5664,-0.5578,-2.0086,0.5684,0,1.2e-12
1.0171517245163160,0.0,0.0000000000000000,0.0000000000000000,-0.0457756054215544,0.0000000000000000,5.7100477591334853,3.0016221332519319,2.5503,-0.5475,-2.0028,0.6038,0,5.3e-14
1.0171237924061449,0.0,0.0000000000000000,0.0000000000000000,-0.0458577746239878,0.0000000000000000,5.7150477591334852,3.0016165700258992,2.5346,-0.5371,-1.9974,0.6386,0,1.5e-12
1.0170958423666365,0.0,0.0000000000000000,0.0000000000000000,-0.0459395990943803,0.0000000000000000,5.7200477591334851,3.0016110464208485,2.5192,-0.5268,-1.9924,0.6728,0,3.2e-13
1.0170678722899407,0.0,0.0000000000000000,0.0000000000000000,-0.0460210909578765,0.0000000000000000,5.7250477591334858,3.0016055617582156,2.5043,-0.5165,-1.9879,0.7066,0,3.9e-13
1.0170398800819844,0.0,0.0000000000000000,0.0000000000000000,-0.0461022620978308,0.0000000000000000,5.7300477591334857,3.0016001153791270,2.4898,-0.5061,-1.9837,0.7398,0,2.1e-13
1.0170118636596956,0.0,0.0000000000000000,0.0000000000000000,-0.0461831241700230,0.0000000000000000,5.7350477591334856,3.0015947066435933,2.4757,-0.4958,-1.9799,0.7726,0,5.6e-13
1.0169838209495157,0.0,0.0000000000000000,0.0000000000000000,-0.0462636886154682,0.0000000000000000,5.7400477591334855,3.0015893349297329,2.4619,-0.4855,-1.9764,0.8048,0,7.4e-13
1.0169557498851127,0.0,0.0000000000000000,0.0000000000000000,-0.0463439666732628,0.0000000000000000,5.7450477591334854,3.0015839996330462,2.4485,-0.4751,-1.9733,0.8367,0,3.2e-12
1.0169276484052769,0.0,0.0000000000000000,0.0000000000000000,-0.0464239693920565,0.0000000000000000,5.7500477591334853,3.0015787001657919,2.4354,-0.4648,-1.9706,0.8681,0,1.6e-12
1.0168995144529673,0.0,0.0000000000000000,0.0000000000000000,-0.0465037076428703,0.0000000000000000,5.7550477591334852,3.0015734359561530,2.4226,-0.4544,-1.9682,0.8991,0,3.1e-13
1.0168713459721914,0.0,0.0000000000000000,0.0000000000000000,-0.0465831921287904,0.0000000000000000,5.7600477591334851,3.0015682064478502,2.4102,-0.4441,-1.9662,0.9297,0,5.8e-13
1.0168431409071605,0.0,0.0000000000000000,0.0000000000000000,-0.0466624333970232,0.0000000000000000,5.7650477591334859,3.0015630110993570,2.3981,-0.4337,-1.9645,0.9600,0,2.3e-12
1.0168148971997639,0.0,0.0000000000000000,0.0000000000000000,-0.0467414418486090,0.0000000000000000,5.7700477591334858,3.0015578493834618,2.3864,-0.4233,-1.9630,0.9898,0,4.4e-12
1.0167866127888701,0.0,0.0000000000000000,0.0000000000000000,-0.0468202277486783,0.0000000000000000,5.7750477591334857,3.0015527207866337,2.3749,-0.4129,-1.9619,1.0193,0,2.3e-12
1.0167582856070618,0.0,0.0000000000000000,0.0000000000000000,-0.0468988012363998,0.0000000000000000,5.7800477591334856,3.0015476248086164,2.3637,-0.4026,-1.9611,1.0485,0,2.3e-13
1.0167299135800760,0.0,0.0000000000000000,0.0000000000000000,-0.0469771723343048,0.0000000000000000,5.7850477591334855,3.0015425609618678,2.3528,-0.3922,-1.9606,1.0773,0,1.4e-12
1.0167014946247070,0.0,0.0000000000000000,0.0000000000000000,-0.0470553509576741,0.0000000000000000,5.7900477591334853,3.0015375287711139,2.3422,-0.3818,-1.9604,1.1059,0,2.9e-13
1.0166730266468107,0.0,0.0000000000000000,0.0000000000000000,-0.0471333469234255,0.0000000000000000,5.7950477591334852,3.0015325277729406,2.3318,-0.3714,-1.9605,1.1341,0,1.9e-12
1.0166445075395993,0.0,0.0000000000000000,0.0000000000000000,-0.0472111699594627,0.0000000000000000,5.8000477591334851,3.0015275575153249,2.3217,-0.3609,-1.9608,1.1620,0,2.8e-13
1.0166159351824751,0.0,0.0000000000000000,0.0000000000000000,-0.0472888297122928,0.0000000000000000,5.8050477591334850,3.0015226175572796,2.3119,-0.3505,-1.9614,1.1896,0,6.8e-13
1.0165873074385290,0.0,0.0000000000000000,0.0000000000000000,-0.0473663357566089,0.0000000000000000,5.8100477591334858,3.0015177074684276,2.3024,-0.3401,-1.9623,1.2170,0,1.1e-12
1.0165586221529896,0.0,0.0000000000000000,0.0000000000000000,-0.0474436976030463,0.0000000000000000,5.8150477591334857,3.0015128268286775,2.2930,-0.3296,-1.9634,1.2441,0,5.8e-13
1.0165298771516302,0.0,0.0000000000000000,0.0000000000000000,-0.0475209247064969,0.0000000000000000,5.8200477591334856,3.0015079752278426,2.2839,-0.3192,-1.9647,1.2710,0,1.7e-13
1.0165010702385708,0.0,0.0000000000000000,0.0000000000000000,-0.0475980264746067,0.0000000000000000,5.8250477591334855,3.0015031522653088,2.2751,-0.3087,-1.9664,1.2976,0,2.9e-13
1.0164721991948151,0.0,0.0000000000000000,0.0000000000000000,-0.0476750122751303,0.0000000000000000,5.8300477591334854,3.0014983575497460,2.2665,-0.2983,-1.9682,1.3240,0,1.8e-13
1.0164432617760375,0.0,0.0000000000000000,0.0000000000000000,-0.0477518914446999,0.0000000000000000,5.8350477591334853,3.0014935906987565,2.2581,-0.2878,-1.9703,1.3501,0,1.6e-12
1.0164142557108151,0.0,0.0000000000000000,0.0000000000000000,-0.0478286732962692,0.0000000000000000,5.8400477591334852,3.0014888513386180,2.2499,-0.2773,-1.9726,1.3761,0,7.0e-13
1.0163851786985991,0.0,0.0000000000000000,0.0000000000000000,-0.0479053671273393,0.0000000000000000,5.8450477591334851,3.0014841391039817,2.2419,-0.2668,-1.9751,1.4018,0,1.0e-12
1.0163560284078343,0.0,0.0000000000000000,0.0000000000000000,-0.0479819822276344,0.0000000000000000,5.8500477591334858,3.0014794536376130,2.2342,-0.2563,-1.9779,1.4274,0,1.4e-12
1.0163268024735481,0.0,0.0000000000000000,0.0000000000000000,-0.0480585278874747,0.0000000000000000,5.8550477591334857,3.0014747945901288,2.2266,-0.2458,-1.9808,1.4527,0,2.7e-13
1.0162974984957451,0.0,0.0000000000000000,0.0000000000000000,-0.0481350134052706,0.0000000000000000,5.8600477591334856,3.0014701616197481,2.2193,-0.2352,-1.9840,1.4779,0,1.5e-12
1.0162681140367449,0.0,0.0000000000000000,0.0000000000000000,-0.0482114480959163,0.0000000000000000,5.8650477591334855,3.0014655543920639,2.2121,-0.2247,-1.9874,1.5029,0,5.0e-13
1.0162386466192903,0.0,0.0000000000000000,0.0000000000000000,-0.0482878412988204,0.0000000000000000,5.8700477591334854,3.0014609725797929,2.2051,-0.2141,-1.9910,1.5278,0,2.5e-12
1.0162090937237278,0.0,0.0000000000000000,0.0000000000000000,-0.0483642023861043,0.0000000000000000,5.8750477591334853,3.0014564158626027,2.1983,-0.2036,-1.9947,1.5525,0,1.5e-12
1.0161794527863039,0.0,0.0000000000000000,0.0000000000000000,-0.0484405407709463,0.0000000000000000,5.8800477591334852,3.0014518839268352,2.1917,-0.1930,-1.9987,1.5770,0,3.9e-12
1.0161497211963497,0.0,0.0000000000000000,0.0000000000000000,-0.0485168659160163,0.0000000000000000,5.8850477591334851,3.0014473764653369,2.1852,-0.1824,-2.0028,1.6014,0,1.2e-12
1.0161198962932403,0.0,0.0000000000000000,0.0000000000000000,-0.0485931873421463,0.0000000000000000,5.8900477591334859,3.0014428931773058,2.1790,-0.1718,-2.0072,1.6256,0,6.9e-13
1.0160899753643888,0.0,0.0000000000000000,0.0000000000000000,-0.0486695146371491,0.0000000000000000,5.8950477591334858,3.0014384337680342,2.1729,-0.1612,-2.0117,1.6498,0,2.3e-12
1.0160599556424044,0.0,0.0000000000000000,0.0000000000000000,-0.0487458574647005,0.0000000000000000,5.9000477591334857,3.0014339979487517,2.1669,-0.1506,-2.0164,1.6738,0,1.3e-13
1.0160298343015661,0.0,0.0000000000000000,0.0000000000000000,-0.0488222255738545,0.0000000000000000,5.9050477591334856,3.0014295854364810,2.1611,-0.1399,-2.0212,1.6976,0,1.5e-12
1.0159996084555072,0.0,0.0000000000000000,0.0000000000000000,-0.0488986288081657,0.0000000000000000,5.9100477591334855,3.0014251959538383,2.1555,-0.1293,-2.0263,1.7214,0,7.5e-13
1.0159692751537257,0.0,0.0000000000000000,0.0000000000000000,-0.0489750771157069,0.0000000000000000,5.9150477591334853,3.0014208292288838,2.1500,-0.1186,-2.0315,1.7450,0,1.7e-13
1.0159388313783659,0.0,0.0000000000000000,0.0000000000000000,-0.0490515805593776,0.0000000000000000,5.9200477591334852,3.0014164849949303,2.1447,-0.1079,-2.0368,1.7686,0,9.0e-12
1.0159082740403580,0.0,0.0000000000000000,0.0000000000000000,-0.0491281493265602,0.0000000000000000,5.9250477591334851,3.0014121629905177,2.1395,-0.0972,-2.0423,1.7920,0,5.8e-12
1.0158775999770433,0.0,0.0000000000000000,0.0000000000000000,-0.0492047937400821,0.0000000000000000,5.9300477591334850,3.0014078629591197,2.1345,-0.0865,-2.0480,1.8154,0,8.9e-14
1.0158468059465471,0.0,0.0000000000000000,0.0000000000000000,-0.0492815242711993,0.0000000000000000,5.9350477591334858,3.0014035846490197,2.1296,-0.0758,-2.0539,1.8387,0,6.2e-14
1.0158158886252779,0.0,0.0000000000000000,0.0000000000000000,-0.0493583515484632,0.0000000000000000,5.9400477591334857,3.0013993278132962,2.1249,-0.0650,-2.0598,1.8619,0,1.1e-13
1.0157848446031068,0.0,0.0000000000000000,0.0000000000000000,-0.0494352863715560,0.0000000000000000,5.9450477591334856,3.0013950922095911,2.1202,-0.0543,-2.0660,1.8850,0,2.9e-13
1.0157536703790628,0.0,0.0000000000000000,0.0000000000000000,-0.0495123397235689,0.0000000000000000,5.9500477591334855,3.0013908776000116,2.1157,-0.0435,-2.0722,1.9080,0,4.4e-13
1.0157223623566709,0.0,0.0000000000000000,0.0000000000000000,-0.0495895227842089,0.0000000000000000,5.9550477591334854,3.0013866837510106,2.1114,-0.0327,-2.0787,1.9310,0,8.8e-13
1.0156909168391337,0.0,0.0000000000000000,0.0000000000000000,-0.0496668469435859,0.0000000000000000,5.9600477591334853,3.0013825104332699,2.1071,-0.0219,-2.0852,1.9539,0,1.3e-13
1.0156593300240402,0.0,0.0000000000000000,0.0000000000000000,-0.0497443238168538,0.0000000000000000,5.9650477591334852,3.0013783574215829,2.1030,-0.0111,-2.0919,1.9767,0,2.1e-13
1.0156275979980387,0.0,0.0000000000000000,0.0000000000000000,-0.0498219652593009,0.0000000000000000,5.9700477591334860,3.0013742244947506,2.0990,-0.0002,-2.0988,1.9995,0,6.4e-13
1.0155957167309189,0.0,0.0000000000000000,0.0000000000000000,-0.0498997833825367,0.0000000000000000,5.9750477591334858,3.0013701114354712,2.0951,0.0106,-2.1057,2.0222,0,6.5e-13
1.0155636820696579,0.0,0.0000000000000000,0.0000000000000000,-0.0499777905712030,0.0000000000000000,5.9800477591334857,3.0013660180302404,2.0913,0.0215,-2.1128,2.0449,0,6.2e-13
1.0155314897317462,0.0,0.0000000000000000,0.0000000000000000,-0.0500559995009299,0.0000000000000000,5.9850477591334856,3.0013619440692541,2.0877,0.0324,-2.1200,2.0676,0,6.2e-13
1.0154991352984772,0.0,0.0000000000000000,0.0000000000000000,-0.0501344231570733,0.0000000000000000,5.9900477591334855,3.0013578893463051,2.0841,0.0433,-2.1274,2.0902,0,1.1e-12
1.0154666142075059,0.0,0.0000000000000000,0.0000000000000000,-0.0502130748545961,0.0000000000000000,5.9950477591334854,3.0013538536587041,2.0807,0.0542,-2.1348,2.1127,0,6.2e-14
1.0154339217451804,0.0,0.0000000000000000,0.0000000000000000,-0.0502919682592565,0.0000000000000000,6.0000477591334853,3.0013498368071696,2.0773,0.0651,-2.1424,2.1353,0,9.7e-15
1.0154010530381909,0.0,0.0000000000000000,0.0000000000000000,-0.0503711174098857,0.0000000000000000,6.0050477591334852,3.0013458385957574,2.0741,0.0761,-2.1501,2.1578,0,8.2e-14
1.0153680030447796,0.0,0.0000000000000000,0.0000000000000000,-0.0504505367422262,0.0000000000000000,6.0100477591334851,3.0013418588317684,2.0709,0.0870,-2.1580,2.1803,0,8.6e-14
1.0153347665453238,0.0,0.0000000000000000,0.0000000000000000,-0.0505302411141986,0.0000000000000000,6.0150477591334859,3.0013378973256670,2.0679,0.0980,-2.1659,2.2027,0,6.4e-13
1.0153013381322851,0.0,0.0000000000000000,0.0000000000000000,-0.0506102458328622,0.0000000000000000,6.0200477591334858,3.0013339538910024,2.0649,0.1090,-2.1740,2.2251,0,2.6e-12
1.0152677121995726,0.0,0.0000000000000000,0.0000000000000000,-0.0506905666831531,0.0000000000000000,6.0250477591334857,3.0013300283443196,2.0621,0.1201,-2.1821,2.2476,0,4.0e-13
1.0152338829307639,0.0,0.0000000000000000,0.0000000000000000,-0.0507712199586312,0.0000000000000000,6.0300477591334856,3.0013261205051145,2.0593,0.1311,-2.1904,2.2700,0,7.2e-13
1.0151998442870394,0.0,0.0000000000000000,0.0000000000000000,-0.0508522224940730,0.0000000000000000,6.0350477591334855,3.0013222301957567,2.0566,0.1422,-2.1988,2.2924,0,1.4e-11
1.0151655899939496,0.0,0.0000000000000000,0.0000000000000000,-0.0509335917020255,0.0000000000000000,6.0400477591334853,3.0013183572412840,2.0540,0.1532,-2.2072,2.3147,0,7.4e-12
1.0151311135273071,0.0,0.0000000000000000,0.0000000000000000,-0.0510153456078016,0.0000000000000000,6.0450477591334852,3.0013145014696012,2.0515,0.1643,-2.2158,2.3371,0,2.0e-13
1.0150964080971214,0.0,0.0000000000000000,0.0000000000000000,-0.0510975028930308,0.0000000000000000,6.0500477591334851,3.0013106627112154,2.0491,0.1754,-2.2245,2.3595,0,5.8e-12
1.0150614666323763,0.0,0.0000000000000000,0.0000000000000000,-0.0511800829380554,0.0000000000000000,6.0550477591334850,3.0013068407991406,2.0467,0.1866,-2.2333,2.3819,0,1.1e-12
1.0150262817622677,0.0,0.0000000000000000,0.0000000000000000,-0.0512631058685402,0.0000000000000000,6.0600477591334858,3.0013030355690113,2.0445,0.1977,-2.2422,2.4042,0,2.3e-13
1.0149908457976564,0.0,0.0000000000000000,0.0000000000000000,-0.0513465926070683,0.0000000000000000,6.0650477591334857,3.0012992468588586,2.0423,0.2089,-2.2512,2.4266,0,3.4e-12
1.0149551507098671,0.0,0.0000000000000000,0.0000000000000000,-0.0514305649282922,0.0000000000000000,6.0700477591334856,3.0012954745090870,2.0402,0.2201,-2.2603,2.4490,0,4.2e-13
1.0149336058034995,0.0,0.0000000000000000,0.0000000000000000,-0.0514811907977822,0.0000000000000000,6.0730477591334857,3.0012932188867172,2.0389,0.2268,-2.2658,2.4625,0,3.1e-13
1.0149119627215364,0.0,0.0000000000000000,0.0000000000000000,-0.0515320046911706,0.0000000000000000,6.0760477591334858,3.0012909690638767,2.0377,0.2335,-2.2713,2.4759,0,7.3e-13
1.0148902195334637,0.0,0.0000000000000000,0.0000000000000000,-0.0515830118067228,0.0000000000000000,6.0790477591334859,3.0012887250072988,2.0366,0.2403,-2.2768,2.4893,0,1.1e-11
1.0148683742559315,0.0,0.0000000000000000,0.0000000000000000,-0.0516342174788130,0.0000000000000000,6.0820477591334852,3.0012864866839464,2.0354,0.2470,-2.2824,2.5028,0,1.4e-13
1.0148464248472000,0.0,0.0000000000000000,0.0000000000000000,-0.0516856271868533,0.0000000000000000,6.0850477591334853,3.0012842540611522,2.0343,0.2538,-2.2881,2.5162,0,4.3e-13
1.0148243692081262,0.0,0.0000000000000000,0.0000000000000000,-0.0517372465584973,0.0000000000000000,6.0880477591334854,3.0012820271064689,2.0332,0.2605,-2.2937,2.5297,0,1.4e-13
1.0148022051779360,0.0,0.0000000000000000,0.0000000000000000,-0.0517890813778451,0.0000000000000000,6.0910477591334855,3.0012798057877310,2.0321,0.2673,-2.2994,2.5432,0,2.8e-14
1.0147799305316147,0.0,0.0000000000000000,0.0000000000000000,-0.0518411375928988,0.0000000000000000,6.0940477591334856,3.0012775900730038,2.0310,0.2741,-2.3051,2.5566,0,1.0e-11
1.0147575429793594,0.0,0.0000000000000000,0.0000000000000000,-0.0518934213177446,0.0000000000000000,6.0970477591334857,3.0012753799307852,2.0300,0.2808,-2.3109,2.5701,0,4.8e-13
1.0147350401590673,0.0,0.0000000000000000,0.0000000000000000,-0.0519459388507705,0.0000000000000000,6.1000477591334858,3.0012731753295738,2.0290,0.2876,-2.3166,2.5836,0,1.0e-12
1.0147124196379826,0.0,0.0000000000000000,0.0000000000000000,-0.0519986966721629,0.0000000000000000,6.1030477591334860,3.0012709762382923,2.0280,0.2944,-2.3225,2.5971,0,2.1e-13
1.0146896789069708,0.0,0.0000000000000000,0.0000000000000000,-0.0520517014578522,0.0000000000000000,6.1060477591334852,3.0012687826260822,2.0271,0.3012,-2.3283,2.6106,0,2.2e-12
1.0146668153774210,0.0,0.0000000000000000,0.0000000000000000,-0.0521049600878586,0.0000000000000000,6.1090477591334853,3.0012665944623285,2.0261,0.3080,-2.3342,2.6241,0,2.6e-13
1.0146438263782742,0.0,0.0000000000000000,0.0000000000000000,-0.0521584796550520,0.0000000000000000,6.1120477591334854,3.0012644117166518,2.0252,0.3149,-2.3401,2.6377,0,9.6e-14
1.0146207091513879,0.0,0.0000000000000000,0.0000000000000000,-0.0522122674762852,0.0000000000000000,6.1150477591334855,3.0012622343589181,2.0243,0.3217,-2.3460,2.6512,0,1.5e-13
1.0145974608478492,0.0,0.0000000000000000,0.0000000000000000,-0.0522663311027379,0.0000000000000000,6.1180477591334856,3.0012600623592269,2.0234,0.3285,-2.3520,2.6647,0,4.4e-13
1.0145740785235764,0.0,0.0000000000000000,0.0000000000000000,-0.0523206783314447,0.0000000000000000,6.1210477591334858,3.0012578956879126,2.0226,0.3354,-2.3580,2.6783,0,1.2e-13
1.0145505591347899,0.0,0.0000000000000000,0.0000000000000000,-0.0523753172175479,0.0000000000000000,6.1240477591334859,3.0012557343155195,2.0218,0.3422,-2.3640,2.6919,0,4.5e-12
1.0145268995328476,0.0,0.0000000000000000,0.0000000000000000,-0.0524302560870986,0.0000000000000000,6.1270477591334860,3.0012535782128569,2.0210,0.3491,-2.3700,2.7054,0,2.7e-13
1.0145030964595845,0.0,0.0000000000000000,0.0000000000000000,-0.0524855035509801,0.0000000000000000,6.1300477591334852,3.0012514273508972,2.0202,0.3559,-2.3761,2.7190,0,5.2e-13
1.0144791465412368,0.0,0.0000000000000000,0.0000000000000000,-0.0525410685194829,0.0000000000000000,6.1330477591334853,3.0012492817008636,2.0194,0.3628,-2.3822,2.7326,0,1.1e-13
1.0144550462829198,0.0,0.0000000000000000,0.0000000000000000,-0.0525969602177849,0.0000000000000000,6.1360477591334854,3.0012471412341823,2.0187,0.3697,-2.3883,2.7462,0,1.5e-13
1.0144307920621691,0.0,0.0000000000000000,0.0000000000000000,-0.0526531882028536,0.0000000000000000,6.1390477591334855,3.0012450059224838,2.0179,0.3766,-2.3945,2.7599,0,2.8e-13
1.0144063801224199,0.0,0.0000000000000000,0.0000000000000000,-0.0527097623814181,0.0000000000000000,6.1420477591334857,3.0012428757375469,2.0172,0.3835,-2.4007,2.7735,0,2.7e-11
1.0143818065653427,0.0,0.0000000000000000,0.0000000000000000,-0.0527666930270364,0.0000000000000000,6.1450477591334858,3.0012407506515770,2.0165,0.3904,-2.4069,2.7872,0,7.6e-14
1.0143570673437368,0.0,0.0000000000000000,0.0000000000000000,-0.0528239908050624,0.0000000000000000,6.1480477591334859,3.0012386306366277,2.0159,0.3973,-2.4131,2.8008,0,6.7e-12
1.0143321582538889,0.0,0.0000000000000000,0.0000000000000000,-0.0528816667883921,0.0000000000000000,6.1510477591334860,3.0012365156651399,2.0152,0.4042,-2.4194,2.8145,0,3.7e-12
1.0143070749250578,0.0,0.0000000000000000,0.0000000000000000,-0.0529397324832187,0.0000000000000000,6.1540477591334852,3.0012344057099591,2.0146,0.4111,-2.4257,2.8282,0,8.3e-11
1.0142818128150579,0.0,0.0000000000000000,0.0000000000000000,-0.0529981998553881,0.0000000000000000,6.1570477591334853,3.0012323007433794,2.0139,0.4180,-2.4320,2.8419,0,3.2e-13
1.0142563671883116,0.0,0.0000000000000000,0.0000000000000000,-0.0530570813598525,0.0000000000000000,6.1600477591334855,3.0012302007387825,2.0133,0.4250,-2.4383,2.8556,0,8.7e-14
1.0142307331195035,0.0,0.0000000000000000,0.0000000000000000,-0.0531163899610632,0.0000000000000000,6.1630477591334856,3.0012281056691821,2.0128,0.4319,-2.4447,2.8694,0,6.5e-13
1.0142049054734932,0.0,0.0000000000000000,0.0000000000000000,-0.0531761391706196,0.0000000000000000,6.1660477591334857,3.0012260155078847,2.0122,0.4389,-2.4511,2.8831,0,1.5e-13
1.0141788788945945,0.0,0.0000000000000000,0.0000000000000000,-0.0532363430790381,0.0000000000000000,6.1690477591334858,3.0012239302283650,2.0116,0.4459,-2.4575,2.8969,0,1.1e-13
1.0141526477931009,0.0,0.0000000000000000,0.0000000000000000,-0.0532970163918188,0.0000000000000000,6.1720477591334859,3.0012218498042524,2.0111,0.4528,-2.4639,2.9107,0,2.1e-12
1.0141262063304743,0.0,0.0000000000000000,0.0000000000000000,-0.0533581744686027,0.0000000000000000,6.1750477591334860,3.0012197742093445,2.0106,0.4598,-2.4704,2.9245,0,1.9e-12
1.0140995484030064,0.0,0.0000000000000000,0.0000000000000000,-0.0534198333659728,0.0000000000000000,6.1780477591334853,3.0012177034176228,2.0101,0.4668,-2.4769,2.9383,0,2.9e-11
1.0140726676278644,0.0,0.0000000000000000,0.0000000000000000,-0.0534820098800460,0.0000000000000000,6.1810477591334854,3.0012156374030439,2.0096,0.4738,-2.4834,2.9521,0,1.7e-13
1.0140455573178111,0.0,0.0000000000000000,0.0000000000000000,-0.0535447216027219,0.0000000000000000,6.1840477591334855,3.0012135761399632,2.0091,0.4808,-2.4899,2.9660,0,1.9e-13
1.0140182104677502,0.0,0.0000000000000000,0.0000000000000000,-0.0536079869689252,0.0000000000000000,6.1870477591334856,3.0012115196027018,2.0087,0.4878,-2.4965,2.9799,0,9.7e-13
1.0139906197291644,0.0,0.0000000000000000,0.0000000000000000,-0.0536718253189582,0.0000000000000000,6.1900477591334857,3.0012094677657588,2.0082,0.4948,-2.5031,2.9938,0,1.1e-13
1.0139627773870779,0.0,0.0000000000000000,0.0000000000000000,-0.0537362569615770,0.0000000000000000,6.1930477591334858,3.0012074206037527,2.0078,0.5019,-2.5097,3.0077,0,2.8e-13
1.0139346753336302,0.0,0.0000000000000000,0.0000000000000000,-0.0538013032442720,0.0000000000000000,6.1960477591334859,3.0012053780914232,2.0074,0.5089,-2.5163,3.0216,0,4.0e-13
1.0139063050395833,0.0,0.0000000000000000,0.0000000000000000,-0.0538669866295856,0.0000000000000000,6.1990477591334852,3.0012033402036264,2.0070,0.5160,-2.5230,3.0355,0,4.2e-13
1.0138469266858714,0.0,0.0000000000000000,0.0000000000000000,-0.0540045235475390,0.0000000000000000,6.2052330421603550,3.0011991530555808,2.0062,0.5305,-2.5368,3.0644,0,6.2e-12
1.0137853615835897,0.0,0.0000000000000000,0.0000000000000000,-0.0541472348981379,0.0000000000000000,6.2115113541427851,3.0011949227023429,2.0055,0.5453,-2.5509,3.0937,0,5.1e-12
1.0137214221559863,0.0,0.0000000000000000,0.0000000000000000,-0.0542955932048919,0.0000000000000000,6.2178853506453837,3.0011906480210655,2.0048,0.5604,-2.5653,3.1236,0,4.7e-12
1.0136548929607465,0.0,0.0000000000000000,0.0000000000000000,-0.0544501436815016,0.0000000000000000,6.2243577970947994,3.0011863278434867,2.0042,0.5758,-2.5800,3.1540,0,4.3e-12
1.0135855246833843,0.0,-0.0000000000000000,0.0000000000000000,-0.0546115202528358,0.0000000000000000,6.2309315540516810,3.0011819609667021,2.0036,0.5914,-2.5950,3.1850,0,3.8e-12
1.0135130264021799,0.0,0.0000000000000000,0.0000000000000000,-0.0547804662712572,0.0000000000000000,6.2376095484021743,3.0011775461727677,2.0031,0.6074,-2.6104,3.2166,0,4.3e-12
1.0134370554914927,0.0,0.0000000000000000,0.0000000000000000,-0.0549578616786289,0.0000000000000000,6.2443947217081996,3.0011730822624774,2.0026,0.6236,-2.6262,3.2488,0,5.5e-12
1.0133572042439940,0.0,-0.0000000000000000,0.0000000000000000,-0.0551447591694291,0.0000000000000000,6.2512899412187588,3.0011685681121589,2.0021,0.6401,-2.6423,3.2816,0,6.9e-12
1.0132729818504622,0.0,0.0000000000000000,0.0000000000000000,-0.0553424331624677,0.0000000000000000,6.2582978491697085,3.0011640027683524,2.0017,0.6570,-2.6587,3.3152,0,4.7e-12
1.0131837896765346,0.0,0.0000000000000000,0.0000000000000000,-0.0555524473853137,0.0000000000000000,6.2654206083860036,3.0011593856058223,2.0014,0.6742,-2.6756,3.3493,0,7.5e-12
1.0130888866487782,0.0,0.0000000000000000,0.0000000000000000,-0.0557767501256511,0.0000000000000000,6.2726594700163796,3.0011547165941326,2.0011,0.6917,-2.6928,3.3842,0,7.0e-12
1.0129873396790037,0.0,0.0000000000000000,0.0000000000000000,-0.0560178116909207,0.0000000000000000,6.2800140280808909,3.0011499967545960,2.0008,0.7096,-2.7104,3.4198,0,8.3e-12
1.0128779508677141,0.0,-0.0000000000000000,0.0000000000000000,-0.0562788280471932,0.0000000000000000,6.2874809052041316,3.0011452289628786,2.0006,0.7278,-2.7284,3.4561,0,6.8e-12
1.0127591476379880,0.0,0.0000000000000000,0.0000000000000000,-0.0565640314329349,0.0000000000000000,6.2950513661550280,3.0011404194021192,2.0004,0.7464,-2.7468,3.4930,0,6.7e-12
1.0126288120415885,0.0,-0.0000000000000000,0.0000000000000000,-0.0568791793605465,0.0000000000000000,6.3027068203180603,3.0011355802963839,2.0002,0.7652,-2.7654,3.5305,0,8.8e-12
1.0124840078846318,0.0,0.0000000000000000,0.0000000000000000,-0.0572323499883277,0.0000000000000000,6.3104099521345374,3.0011307352951366,2.0001,0.7842,-2.7843,3.5685,0,7.8e-12
1.0124263508156517,0.0,0.0000000000000000,0.0000000000000000,-0.0573739293434593,0.0000000000000000,6.3132411237972113,3.0011289605670450,2.0001,0.7912,-2.7913,3.5824,0,9.1e-12
1.0123656025790249,0.0,-0.0000000000000000,0.0000000000000000,-0.0575237210832674,0.0000000000000000,6.3160782704644145,3.0011271852584969,2.0001,0.7982,-2.7983,3.5965,0,1.1e-11
1.0123014350135915,0.0,0.0000000000000000,0.0000000000000000,-0.0576826624926121,0.0000000000000000,6.3189123773172629,3.0011254149719071,2.0001,0.8052,-2.8053,3.6105,0,1.1e-11
1.0122334766611853,0.0,0.0000000000000000,0.0000000000000000,-0.0578518284666906,0.0000000000000000,6.3217313777192059,3.0011236571661954,2.0000,0.8122,-2.8123,3.6245,0,1.1e-11
1.0121613106730309,0.0,0.0000000000000000,0.0000000000000000,-0.0580324448191752,0.0000000000000000,6.3245191233482059,3.0011219217815657,2.0000,0.8192,-2.8192,3.6384,0,1.1e-11
1.0120844766595496,0.0,0.0000000000000000,0.0000000000000000,-0.0582258936616444,0.0000000000000000,6.3272540246982105,3.0011202220643947,2.0000,0.8260,-2.8260,3.6520,0,1.1e-11
1.0120024803087009,0.0,-0.0000000000000000,0.0000000000000000,-0.0584337011734543,0.0000000000000000,6.3299073076523271,3.0011185756256622,2.0000,0.8326,-2.8326,3.6652,0,1.1e-11
1.0119148170513497,0.0,0.0000000000000000,0.0000000000000000,-0.0586574911183895,0.0000000000000000,6.3324408975325888,3.0011170057267886,2.0000,0.8389,-2.8389,3.6779,0,1.0e-11
1.0118210191924479,0.0,-0.0000000000000000,0.0000000000000000,-0.0588988778663056,0.0000000000000000,6.3348051190206291,3.0011155426801155,2.0000,0.8449,-2.8449,3.6897,0,1.0e-11
1.0117207384541873,0.0,0.0000000000000000,0.0000000000000000,-0.0591592632027302,0.0000000000000000,6.3369367772803429,3.0011142250235276,2.0000,0.8502,-2.8502,3.7004,0,1.2e-11
1.0116149477574676,0.0,-0.0000000000000000,0.0000000000000000,-0.0594366709442558,0.0000000000000000,6.3387428268069543,3.0011131096181733,2.0000,0.8547,-2.8547,3.7095,0,1.2e-11
1.0115041167762591,0.0,-0.0000000000000000,0.0000000000000000,-0.0597304305753607,0.0000000000000000,6.3401486406531129,3.0011122419028649,2.0000,0.8583,-2.8583,3.7165,0,1.1e-11
1.0113892281873984,0.0,-0.0000000000000000,0.0000000000000000,-0.0600384976939828,0.0000000000000000,6.3410825422058936,3.0011116656082533,2.0000,0.8606,-2.8606,3.7212,0,1.3e-11
1.0112717984862860,0.0,-0.0000000000000000,0.0000000000000000,-0.0603573008393007,0.0000000000000000,6.3414890179020702,3.0011114147514357,2.0000,0.8616,-2.8616,3.7233,0,9.0e-12
