x0_n,y0_n,z0_n,xd0_n,yd0_n,zd0_n,Tp,JC,L2ExcessVelocity_mps,...,error_tol=1e-09,n_Nodes=3,stepsize=3.0
1.0158360884892399,-0.0000000000000002,-0.0000000000000938,0.0000000000000897,-0.0180238802284476,0.0565140571072740,4.2665482487400084,3.0003148444,788.797
1.0157959363142341,-0.0000000000000003,-0.0000000000002368,0.0000000000003297,-0.0178470706955552,0.0566084254047867,4.2665482344976295,3.0003148447,788.797
1.0157518220534840,-0.0000000000000002,-0.0000000000002336,0.0000000000003213,-0.0176520227332748,0.0567118802603559,4.2665442879515059,3.0003148641,788.795
1.0157033762031602,-0.0000000000000000,-0.0000000000002300,0.0000000000002974,-0.0174368588481010,0.0568252197101937,4.2665352334930233,3.0003149086,788.789
1.0156501848286763,-0.0000000000000000,-0.0000000000002293,0.0000000000002940,-0.0171994435175270,0.0569493289473832,4.2665195959101672,3.0003149856,788.780
1.0155918038028644,-0.0000000000000002,-0.0000000000002359,0.0000000000003839,-0.0169374319122503,0.0570851430519670,4.2664955389405046,3.0003151039,788.766
1.0155277544195527,-0.0000000000000002,-0.0000000000001844,0.0000000000002156,-0.0166482334213824,0.0572336526112034,4.2664608197597218,3.0003152747,788.745
1.0154575180835910,-0.0000000000000000,-0.0000000000001012,0.0000000000001135,-0.0163289668640557,0.0573959103322775,4.2664126937838684,3.0003155115,788.717
1.0153805417107140,-0.0000000000000002,-0.0000000000001000,0.0000000000001207,-0.0159764596265198,0.0575730115688123,4.2663478254080660,3.0003158307,788.679
1.0152962288567147,-0.0000000000000002,-0.0000000000000982,0.0000000000001236,-0.0155871765497142,0.0577661062596670,4.2662621435440427,3.0003162524,788.628
1.0152039659559442,-0.0000000000000000,-0.0000000000000995,0.0000000000001440,-0.0151573046401950,0.0579763285797939,4.2661507706112154,3.0003168005,788.563
1.0151030907586547,-0.0000000000000002,-0.0000000000000774,0.0000000000000879,-0.0146825639137095,0.0582048567727477,4.2660078417053837,3.0003175041,788.478
1.0149929195503633,-0.0000000000000004,-0.0000000000000745,0.0000000000001051,-0.0141582812817170,0.0584528355881126,4.2658263118117272,3.0003183980,788.371
1.0148727514722686,-0.0000000000000000,-0.0000000000002099,0.0000000000004051,-0.0135793509019337,0.0587213482416389,4.2655978630375522,3.0003195232,788.237
1.0147418793908911,-0.0000000000000002,-0.0000000000000154,0.0000000000000477,-0.0129402158478867,0.0590113696843507,4.2653126586032455,3.0003209285,788.068
1.0145996027925022,-0.0000000000000000,0.0000000000000097,0.0000000000000177,-0.0122348498224917,0.0593237107498803,4.2649592175047530,3.0003226708,787.859
1.0144452361462677,-0.0000000000000002,-0.0000000000002062,0.0000000000003831,-0.0114567053452170,0.0596589662860162,4.2645242069833911,3.0003248164,787.602
1.0142781216004104,-0.0000000000000000,0.0000000000000477,0.0000000000000311,-0.0105986699313232,0.0600174457064387,4.2639923025249686,3.0003274420,787.287
1.0140976854698229,-0.0000000000000000,-0.0000000000000205,-0.0000000000001102,-0.0096532399972169,0.0603990013923855,4.2633461424722272,3.0003306342,786.904
1.0139034060665151,-0.0000000000000001,-0.0000000000001197,0.0000000000000566,-0.0086122310575289,0.0608030360327327,4.2625661775536861,3.0003344915,786.441
1.0136948845485534,-0.0000000000000001,-0.0000000000001669,0.0000000000001395,-0.0074670152113791,0.0612282762354168,4.2616308405822707,3.0003391231,785.885
1.0134718178418585,-0.0000000000000001,-0.0000000000002504,0.0000000000002807,-0.0062082350343068,0.0616727332245402,4.2605164533495641,3.0003446496,785.221
1.0132340365176598,-0.0000000000000001,-0.0000000000004364,0.0000000000006463,-0.0048258548596595,0.0621335023312230,4.2591975221065228,3.0003512025,784.432
1.0129814992028230,-0.0000000000000000,-0.0000000000007941,0.0000000000013115,-0.0033089640745316,0.0626066173213555,4.2576468734503710,3.0003589230,783.502
1.0127142790852308,-0.0000000000000000,-0.0000000000021372,0.0000000000039073,-0.0016455028227420,0.0630868681944163,4.2558358413154735,3.0003679627,782.412
1.0194543411941401,-0.0000000000000000,-0.0000000000007838,-0.0000000000013468,-0.0317529867331818,-0.0472404347892917,4.2537345320621771,3.0003784823,781.141
1.0197987094914311,-0.0000000000000000,-0.0000000000004838,-0.0000000000007509,-0.0328856772754617,-0.0462710636852025,4.2513121858683283,3.0003906504,779.669
1.0201642080048090,-0.0000000000000010,-0.0000000000004273,-0.0000000000005166,-0.0340631220606819,-0.0452220214962872,4.2485368927217397,3.0004046467,777.972
1.0205511925944648,-0.0000000000000000,0.0000000000000467,0.0000000000003248,-0.0352837750357227,-0.0440869151601787,4.2453759901312287,3.0004206601,776.025
1.0209600346016998,-0.0000000000000000,-0.0000000000002641,-0.0000000000004177,-0.0365462322117816,-0.0428580755224428,4.2417961244921880,3.0004388904,773.804
1.0213911165822458,-0.0000000000000011,-0.0000000000002926,-0.0000000000002878,-0.0378492304510088,-0.0415262061570820,4.2377634862815725,3.0004595479,771.279
1.0218447683241465,-0.0000000000000000,-0.0000000000007480,-0.0000000000023637,-0.0391914702899910,-0.0400800865433625,4.2332448011350152,3.0004828510,768.420
1.0223212558143251,-0.0000000000000000,-0.0000000000007299,-0.0000000000025796,-0.0405716112953751,-0.0385059290875709,4.2282078222997246,3.0005090240,765.197
1.0228205885007391,-0.0000000000000000,-0.0000000000008453,-0.0000000000027244,-0.0419877568943665,-0.0367870658097743,4.2226243229539522,3.0005382842,761.577
1.0233423720580903,-0.0000000000000012,-0.0000000000009510,-0.0000000000034548,-0.0434371256061845,-0.0349031550973351,4.2164729670726047,3.0005708283,757.531
1.0238855157314444,-0.0000000000000000,-0.0000000000011799,-0.0000000000040652,-0.0449153673906087,-0.0328293755440435,4.2097446719916443,3.0006068032,753.033
1.0244477864130317,-0.0000000000000000,-0.0000000000012036,-0.0000000000044846,-0.0464155491813562,-0.0305354603278367,4.2024508662854281,3.0006462603,748.068
1.0250251593670052,-0.0000000000000014,-0.0000000000007374,-0.0000000000026756,-0.0479267149453201,-0.0279844614835045,4.1946358616636754,3.0006890815,742.643
1.0256107019837082,-0.0000000000000014,-0.0000000000011413,-0.0000000000052353,-0.0494313842545861,-0.0251320066486324,4.1863972807220149,3.0007348528,736.800
1.0261930722556116,-0.0000000000000014,-0.0000000000003524,-0.0000000000018210,-0.0509022819101275,-0.0219254238659640,4.1779141913207178,3.0007826792,730.644
1.0267077214547529,-0.0000000000000000,-0.0000000000001578,-0.0000000000005322,-0.0521824783382198,-0.0186317707115019,4.1701960948264816,3.0008268271,724.916
1.0271482986524709,-0.0000000000000000,0.0000000000001653,0.0000000000016493,-0.0532647633301414,-0.0152502130500729,4.1634361820321031,3.0008660062,719.794
1.0275077499261316,-0.0000000000000015,-0.0000000000008210,-0.0000000000071043,-0.0541389654842785,-0.0117863603332167,4.1578238497815718,3.0008989074,715.464
1.0277790574473318,-0.0000000000000000,0.0000000000002376,0.0000000000034335,-0.0547938063482663,-0.0082533211193239,4.1535333613191590,3.0009242931,712.106
1.0279563474217752,-0.0000000000000016,-0.0000000000001948,-0.0000000000036008,-0.0552194827563246,-0.0046683961465566,4.1507055770076358,3.0009411369,709.868
1.0280378871545472,-0.0000000000000003,-0.0000000000000533,-0.0000000000072647,-0.0554146804306904,-0.0006876204668108,4.1493988115306699,3.0009489512,708.828
