x0_n,y0_n,z0_n,xd0_n,yd0_n,zd0_n,Tp,JC,L2ExcessVelocity_mps,landingVelocity_mps,stabilityIndex1,stabilityIndex2...,error_tol=1e-12,n_Nodes=6,stepsize=1.0
1.0205355246758250,0.0000000000000000,0.0000000000000000,0.0000000000000005,-0.0004788298783198,0.0000000000000000,3.0765043867879767,3.0036090094,5.857,1846.198,1936.0530,1.9508
1.0206381592420837,-0.0000000000000000,0.0000000000000000,-0.0000000000000002,-0.0011494258292299,0.0000000000000000,3.0766404353322350,3.0036081411,14.082,1846.242,1935.1478,1.9509
1.0206993791379899,-0.0000000000000000,0.0000000000000000,0.0000000000000003,-0.0015522083816367,0.0000000000000000,3.0767765473994544,3.0036072728,19.034,1846.286,1934.2430,1.9511
1.0207473738870754,-0.0000000000000000,0.0000000000000000,0.0000000000000019,-0.0018694686326450,0.0000000000000000,3.0769127188429142,3.0036064046,22.941,1846.331,1933.3385,1.9512
1.0207880973886345,-0.0000000000000000,0.0000000000000000,0.0000000000000033,-0.0021397081485150,0.0000000000000000,3.0770489498424585,3.0036055363,26.273,1846.375,1932.4342,1.9514
1.0208240454653821,-0.0000000000000000,0.0000000000000000,0.0000000000000040,-0.0023790664242716,0.0000000000000000,3.0771852403869282,3.0036046680,29.228,1846.420,1931.5303,1.9515
1.0208565471852094,-0.0000000000000000,0.0000000000000000,0.0000000000000071,-0.0025961380008584,0.0000000000000000,3.0773215905030686,3.0036037997,31.910,1846.464,1930.6267,1.9517
1.0208864101063981,-0.0000000000000000,0.0000000000000000,0.0000000000000004,-0.0027961450206631,0.0000000000000000,3.0774580013107591,3.0036029314,34.384,1846.508,1929.7234,1.9518
1.0209141684537080,-0.0000000000000000,0.0000000000000000,-0.0000000000000026,-0.0029825420867181,0.0000000000000000,3.0775944707763583,3.0036020631,36.691,1846.553,1928.8204,1.9519
1.0209401973918983,-0.0000000000000000,0.0000000000000000,-0.0000000000000022,-0.0031577552251322,0.0000000000000000,3.0777309999525277,3.0036011949,38.862,1846.597,1927.9176,1.9521
1.0209647723529069,-0.0000000000000000,0.0000000000000000,-0.0000000000000011,-0.0033235655306483,0.0000000000000000,3.0778675888662819,3.0036003266,40.917,1846.642,1927.0152,1.9522
1.0209881026232697,-0.0000000000000000,0.0000000000000000,0.0000000000000047,-0.0034813263631106,0.0000000000000000,3.0780042376513355,3.0035994583,42.874,1846.686,1926.1131,1.9524
1.0210103516525193,-0.0000000000000000,0.0000000000000000,-0.0000000000000022,-0.0036320946737879,0.0000000000000000,3.0781409463022773,3.0035985900,44.746,1846.731,1925.2113,1.9525
1.0210316499879020,-0.0000000000000000,0.0000000000000000,0.0000000000072589,-0.0037767146352033,0.0000000000000000,3.0782777141215050,3.0035977217,46.542,1846.775,1924.3098,1.9527
1.0210521038508609,-0.0000000000000001,0.0000000000000000,0.0000000000032129,-0.0039158731639196,0.0000000000000000,3.0784145425542295,3.0035968535,48.272,1846.819,1923.4086,1.9528
1.0211889999042398,-0.0000000000000000,0.0000000000000000,0.0000000000000005,-0.0048542735872738,0.0000000000000000,3.0794722046337437,3.0035901546,59.962,1847.162,1916.4658,1.9540
1.0214676930871236,-0.0000000000000000,0.0000000000000000,-0.0000000000000001,-0.0068044409670660,0.0000000000000000,3.0824400204835807,3.0035714777,84.397,1848.116,1897.2032,1.9571
1.0216736398513762,-0.0000000000000000,0.0000000000000000,0.0000000000000002,-0.0082824640305094,0.0000000000000000,3.0854078363334172,3.0035529760,103.040,1849.062,1878.2579,1.9603
1.0218417738541545,-0.0000000000000000,0.0000000000000000,0.0000000000000001,-0.0095142516667586,0.0000000000000000,3.0883756521832537,3.0035346468,118.655,1849.997,1859.6229,1.9634
1.0219857063138518,-0.0000000000000000,0.0000000000000000,-0.0000000000000007,-0.0105878350079172,0.0000000000000000,3.0913434680330907,3.0035164876,132.321,1850.924,1841.2913,1.9665
1.0221124431726258,-0.0000000000000000,0.0000000000000000,0.0000000000000004,-0.0115485341068558,0.0000000000000000,3.0943112838829272,3.0034984957,144.592,1851.842,1823.2564,1.9696
1.0222261578862868,-0.0000000000000000,0.0000000000000000,0.0000000000000083,-0.0124233537863122,0.0000000000000000,3.0972790997327637,3.0034806688,155.801,1852.751,1805.5117,1.9727
1.0223295760799651,0.0000000000000000,0.0000000000000000,-0.0000000000000000,-0.0132299370417072,0.0000000000000000,3.1002469155826007,3.0034630044,166.163,1853.651,1788.0510,1.9758
1.0224245948872974,-0.0000000000000000,0.0000000000000000,-0.0000000000000029,-0.0139805697243728,0.0000000000000000,3.1032147314324372,3.0034455000,175.830,1854.542,1770.8680,1.9788
1.0225125981584515,-0.0000000000000000,0.0000000000000000,-0.0000000000000010,-0.0146842186657692,0.0000000000000000,3.1061825472822742,3.0034281534,184.912,1855.426,1753.9569,1.9819
1.0225946323418360,-0.0000000000000000,0.0000000000000000,0.0000000000000050,-0.0153476689063893,0.0000000000000000,3.1091503631321107,3.0034109622,193.492,1856.300,1737.3118,1.9849
1.0226715116640501,-0.0000000000000000,0.0000000000000000,0.0000000000000005,-0.0159762037676529,0.0000000000000000,3.1121181789819472,3.0033939242,201.636,1857.167,1720.9270,1.9879
1.0227438845345942,-0.0000000000000000,0.0000000000000000,0.0000000000000012,-0.0165740342072464,0.0000000000000000,3.1150859948317842,3.0033770373,209.396,1858.025,1704.7972,1.9909
1.0228122773406148,-0.0000000000000000,0.0000000000000000,0.0000000000000006,-0.0171445819807913,0.0000000000000000,3.1180538106816207,3.0033602991,216.813,1858.876,1688.9168,1.9939
1.0228771243973669,-0.0000000000000005,0.0000000000000000,0.0000000000192057,-0.0176906732502646,0.0000000000000000,3.1210216265314572,3.0033437077,223.923,1859.719,1673.2807,1.9968
1.0229387890093111,-0.0000000000000000,0.0000000000000000,-0.0000000000000013,-0.0182146749596703,0.0000000000000000,3.1239894423812942,3.0033272610,230.755,1860.553,1657.8837,1.9998
1.0229975788004031,0.0000000000000000,0.0000000000000000,-0.0000000000000022,-0.0187185935491802,0.0000000000000000,3.1269572582311307,3.0033109568,237.334,1861.381,1642.7211,2.0027
1.0230537569143852,-0.0000000000000000,0.0000000000000000,0.0000000000000109,-0.0192041477781992,0.0000000000000000,3.1299250740809672,3.0032947932,243.680,1862.201,1627.7879,2.0056
1.0231075505498346,-0.0000000000000000,0.0000000000000000,0.0000000000000004,-0.0196728237064991,0.0000000000000000,3.1328928899308042,3.0032787683,249.813,1863.013,1613.0794,2.0085
1.0231591574670191,0.0000000000000000,0.0000000000000000,0.0000000000000022,-0.0201259168090527,0.0000000000000000,3.1358607057806407,3.0032628801,255.749,1863.818,1598.5911,2.0114
1.0232087510550909,-0.0000000000000000,0.0000000000000000,0.0000000000000009,-0.0205645647382065,0.0000000000000000,3.1388285216304772,3.0032471268,261.501,1864.616,1584.3184,2.0143
1.0232564843295680,-0.0000000000000000,0.0000000000000000,-0.0000000000000001,-0.0209897731728479,0.0000000000000000,3.1417963374803142,3.0032315064,267.082,1865.407,1570.2572,2.0172
1.0233024931223229,-0.0000000000000000,0.0000000000000000,-0.0000000000007553,-0.0214024364475329,0.0000000000000000,3.1447641533301507,3.0032160172,272.504,1866.191,1556.4030,2.0200
1.0233468986613188,-0.0000000000000000,0.0000000000000000,0.0000000000090512,-0.0218033542066712,0.0000000000000000,3.1477319691799872,3.0032006574,277.776,1866.968,1542.7519,2.0228
1.0233898096447920,-0.0000000000000006,0.0000000000000000,-0.0000000000051150,-0.0221932449439603,0.0000000000000000,3.1506997850298242,3.0031854252,282.907,1867.739,1529.2997,2.0256
1.0234313240174464,-0.0000000000000000,0.0000000000000000,0.0000000000000026,-0.0225727572213746,0.0000000000000000,3.1536676008796607,3.0031703190,287.905,1868.502,1516.0425,2.0284
1.0234715303413431,0.0000000000000000,0.0000000000000000,-0.0000000000000005,-0.0229424788518961,0.0000000000000000,3.1566354167294977,3.0031553370,292.778,1869.259,1502.9766,2.0312
1.0235105090306913,-0.0000000000000000,0.0000000000000000,-0.0000000000000002,-0.0233029446747842,0.0000000000000000,3.1596032325793342,3.0031404775,297.532,1870.010,1490.0981,2.0340
1.0235483333433195,-0.0000000000000000,0.0000000000000000,0.0000000000000003,-0.0236546430451172,0.0000000000000000,3.1625710484291707,3.0031257391,302.174,1870.754,1477.4034,2.0367
1.0235850702341447,-0.0000000000000000,0.0000000000000000,-0.0000000000000093,-0.0239980213441602,0.0000000000000000,3.1655388642790077,3.0031111200,306.709,1871.492,1464.8891,2.0395
1.0236207810804665,-0.0000000000000000,0.0000000000000000,0.0000000000000007,-0.0243334906722515,0.0000000000000000,3.1685066801288442,3.0030966187,311.142,1872.223,1452.5515,2.0422
1.0236555223033399,0.0000000000000000,0.0000000000000000,-0.0000000000000008,-0.0246614298698172,0.0000000000000000,3.1714744959786807,3.0030822336,315.477,1872.949,1440.3873,2.0449
1.0236893458927940,-0.0000000000000000,0.0000000000000000,-0.0000000000239478,-0.0249821889703933,0.0000000000000000,3.1744423118285177,3.0030679633,319.721,1873.668,1428.3933,2.0476
1.0237222999116298,-0.0000000000000001,0.0000000000000000,-0.0000000000197696,-0.0252960922376534,0.0000000000000000,3.1774101276783542,3.0030538063,323.875,1874.382,1416.5661,2.0502
1.0237544288331515,-0.0000000000000000,0.0000000000000000,-0.0000000000177407,-0.0256034407066888,0.0000000000000000,3.1803779435281907,3.0030397611,327.945,1875.089,1404.9027,2.0529
1.0237857739387828,-0.0000000000000000,0.0000000000000000,-0.0000000000173715,-0.0259045145057586,0.0000000000000000,3.1833457593780277,3.0030258263,331.933,1875.791,1393.4000,2.0555
1.0238163736127330,-0.0000000000000000,0.0000000000000000,-0.0000000000197967,-0.0261995748366925,0.0000000000000000,3.1863135752278642,3.0030120004,335.844,1876.487,1382.0549,2.0582
1.0238462636241308,0.0000000000000000,0.0000000000000000,0.0000000000000013,-0.0264888657405520,0.0000000000000000,3.1892813910777007,3.0029982821,339.679,1877.177,1370.8645,2.0608
1.0238754773284500,-0.0000000000000000,0.0000000000000000,-0.0000000000000001,-0.0267726156129374,0.0000000000000000,3.1922492069275377,3.0029846700,343.443,1877.862,1359.8260,2.0634
1.0239040459319728,-0.0000000000000000,0.0000000000000000,-0.0000000000000005,-0.0270510386267827,0.0000000000000000,3.1952170227773742,3.0029711629,347.137,1878.541,1348.9366,2.0660
1.0239319986469224,-0.0000000000000000,0.0000000000000000,0.0000000000000018,-0.0273243359229996,0.0000000000000000,3.1981848386272107,3.0029577593,350.764,1879.214,1338.1935,2.0685
1.0239593628672101,-0.0000000000000000,0.0000000000000000,-0.0000000000000004,-0.0275926967042462,0.0000000000000000,3.2011526544770477,3.0029444580,354.327,1879.883,1327.5941,2.0711
1.0239861643192405,-0.0000000000000000,0.0000000000000000,0.0000000000000029,-0.0278562992152956,0.0000000000000000,3.2041204703268842,3.0029312577,357.828,1880.546,1317.1358,2.0736
1.0240124271950954,-0.0000000000000008,0.0000000000000000,-0.0000000000020698,-0.0281153116100203,0.0000000000000000,3.2070882861767211,3.0029181572,361.269,1881.203,1306.8159,2.0761
1.0240381742834614,-0.0000000000000001,0.0000000000000000,0.0000000000130308,-0.0283698927478988,0.0000000000000000,3.2100561020265577,3.0029051553,364.651,1881.856,1296.6321,2.0786
1.0240634270473232,-0.0000000000000003,0.0000000000000000,0.0000000000098989,-0.0286201928746615,0.0000000000000000,3.2130239178763942,3.0028922506,367.978,1882.503,1286.5819,2.0811
1.0240882057688729,-0.0000000000000001,0.0000000000000000,0.0000000000107873,-0.0288663543030040,0.0000000000000000,3.2159917337262311,3.0028794422,371.251,1883.146,1276.6629,2.0836
1.0241125296030169,-0.0000000000000001,0.0000000000000000,0.0000000000092867,-0.0291085119607133,0.0000000000000000,3.2189595495760677,3.0028667287,374.471,1883.783,1266.8727,2.0861
1.0241364166737574,-0.0000000000000000,0.0000000000000000,0.0000000000076926,-0.0293467939304003,0.0000000000000000,3.2219273654259042,3.0028541091,377.640,1884.416,1257.2091,2.0885
1.0241598841434325,-0.0000000000000000,0.0000000000000000,0.0000000000066447,-0.0295813219238499,0.0000000000000000,3.2248951812757412,3.0028415822,380.759,1885.044,1247.6700,2.0909
1.0241829482776559,0.0000000000000000,0.0000000000000000,0.0000000000000003,-0.0298122117167168,0.0000000000000000,3.2278629971255777,3.0028291469,383.831,1885.666,1238.2530,2.0933
1.0242056245169573,-0.0000000000000000,0.0000000000000000,0.0000000000000009,-0.0300395735560897,0.0000000000000000,3.2308308129754142,3.0028168022,386.856,1886.284,1228.9561,2.0957
1.0242279275171762,-0.0000000000000000,0.0000000000000000,0.0000000000000027,-0.0302635125108558,0.0000000000000000,3.2337986288252512,3.0028045468,389.837,1886.898,1219.7771,2.0981
1.0242498712111381,-0.0000000000000000,0.0000000000000000,0.0000000000000017,-0.0304841288129985,0.0000000000000000,3.2367664446750877,3.0027923799,392.773,1887.507,1210.7142,2.1005
1.0242714688533698,0.0000000000000000,0.0000000000000000,-0.0000000000000008,-0.0307015181666464,0.0000000000000000,3.2397342605249242,3.0027803003,395.666,1888.111,1201.7651,2.1028
1.0242927330628144,-0.0000000000000000,0.0000000000000000,0.0000000000000010,-0.0309157720248273,0.0000000000000000,3.2427020763747612,3.0027683071,398.519,1888.711,1192.9281,2.1051
1.0243136758618046,-0.0000000000000009,0.0000000000000000,-0.0000000000024583,-0.0311269778507421,0.0000000000000000,3.2456698922245977,3.0027563991,401.330,1889.306,1184.2012,2.1075
1.0243343087208456,-0.0000000000000002,0.0000000000000000,0.0000000000072993,-0.0313352193630587,0.0000000000000000,3.2486377080744342,3.0027445755,404.103,1889.897,1175.5826,2.1098
1.0243546425685510,-0.0000000000000003,0.0000000000000000,0.0000000000042418,-0.0315405767369548,0.0000000000000000,3.2516055239242712,3.0027328353,406.837,1890.484,1167.0703,2.1120
1.0243746878565363,-0.0000000000000008,0.0000000000000000,0.0000000000031180,-0.0317431268386930,0.0000000000000000,3.2545733397741077,3.0027211774,409.534,1891.066,1158.6626,2.1143
1.0243944545693775,-0.0000000000000009,0.0000000000000000,0.0000000000139418,-0.0319429433959690,0.0000000000000000,3.2575411556239446,3.0027096011,412.195,1891.644,1150.3579,2.1166
1.0244139522366840,-0.0000000000000001,0.0000000000000000,0.0000000000070545,-0.0321400971638523,0.0000000000000000,3.2605089714737812,3.0026981052,414.820,1892.218,1142.1542,2.1188
1.0244331899991133,-0.0000000000000003,0.0000000000000000,0.0000000000093231,-0.0323346561222866,0.0000000000000000,3.2634767873236177,3.0026866889,417.411,1892.787,1134.0501,2.1210
1.0244521765888952,-0.0000000000000000,0.0000000000000000,0.0000000000052112,-0.0325266855893394,0.0000000000000000,3.2664446031734546,3.0026753514,419.968,1893.353,1126.0438,2.1232
1.0244709203788624,-0.0000000000000000,0.0000000000000000,0.0000000000000003,-0.0327162483899229,0.0000000000000000,3.2694124190232912,3.0026640917,422.493,1893.914,1118.1336,2.1254
1.0244894293937379,-0.0000000000000000,0.0000000000000000,0.0000000000000081,-0.0329034049778065,0.0000000000000000,3.2723802348731277,3.0026529089,424.985,1894.472,1110.3182,2.1276
1.0245077113230934,-0.0000000000000000,0.0000000000000000,0.0000000000000019,-0.0330882135488746,0.0000000000000000,3.2753480507229646,3.0026418022,427.446,1895.025,1102.5958,2.1297
1.0245257735469893,-0.0000000000000000,0.0000000000000000,-0.0000000000000000,-0.0332707301742505,0.0000000000000000,3.2783158665728012,3.0026307708,429.876,1895.575,1094.9651,2.1319
1.0245436231490299,-0.0000000000000000,0.0000000000000000,-0.0000000000000016,-0.0334510088943438,0.0000000000000000,3.2812836824226377,3.0026198137,432.276,1896.121,1087.4244,2.1340
1.0245612669320137,-0.0000000000000000,0.0000000000000000,-0.0000000000000022,-0.0336291018238895,0.0000000000000000,3.2842514982724746,3.0026089303,434.647,1896.663,1079.9724,2.1361
1.0245787114321561,0.0000000000000000,0.0000000000000000,-0.0000000000000002,-0.0338050592455569,0.0000000000000000,3.2872193141223112,3.0025981196,436.990,1897.201,1072.6076,2.1382
1.0245959629326760,-0.0000000000000000,0.0000000000000000,0.0000000000003898,-0.0339789296986275,0.0000000000000000,3.2901871299721477,3.0025873810,439.304,1897.735,1065.3287,2.1403
1.0246130274766136,-0.0000000000000001,0.0000000000000000,0.0000000000032740,-0.0341507600608052,0.0000000000000000,3.2931549458219846,3.0025767135,441.592,1898.266,1058.1343,2.1423
1.0246299108737646,-0.0000000000000002,0.0000000000000000,0.0000000000001196,-0.0343205956236573,0.0000000000000000,3.2961227616718212,3.0025661164,443.852,1898.793,1051.0229,2.1444
1.0246466187244547,-0.0000000000000004,0.0000000000000000,0.0000000000023124,-0.0344884801755157,0.0000000000000000,3.2990905775216577,3.0025555890,446.086,1899.317,1043.9935,2.1464
1.0246631564114306,-0.0000000000000003,0.0000000000000000,-0.0000000000020379,-0.0346544560546718,0.0000000000000000,3.3020583933714946,3.0025451305,448.295,1899.837,1037.0445,2.1484
1.0246795291258473,-0.0000000000000004,0.0000000000000000,-0.0000000000111491,-0.0348185642291736,0.0000000000000000,3.3050262092213312,3.0025347402,450.478,1900.353,1030.1748,2.1504
1.0246957418802578,-0.0000000000000010,0.0000000000000000,0.0000000000007204,-0.0349808443572583,0.0000000000000000,3.3079940250711681,3.0025244173,452.637,1900.866,1023.3832,2.1524
1.0247117994835422,-0.0000000000000000,0.0000000000000000,0.0000000000029183,-0.0351413348235907,0.0000000000000000,3.3109618409210047,3.0025141611,454.772,1901.375,1016.6684,2.1544
1.0247277065896512,-0.0000000000000000,0.0000000000000000,0.0000000000045926,-0.0353000728208367,0.0000000000000000,3.3139296567708412,3.0025039710,456.883,1901.882,1010.0293,2.1563
1.0247434676822802,-0.0000000000000000,0.0000000000000000,0.0000000000000006,-0.0354570943848506,0.0000000000000000,3.3168974726206781,3.0024938461,458.971,1902.384,1003.4646,2.1583
1.0247590870959316,-0.0000000000000000,0.0000000000000000,0.0000000000000089,-0.0356124344571343,0.0000000000000000,3.3198652884705147,3.0024837859,461.036,1902.884,996.9733,2.1602
1.0247745690081840,-0.0000000000000000,0.0000000000000000,0.0000000000000030,-0.0357661269120212,0.0000000000000000,3.3228331043203512,3.0024737897,463.079,1903.380,990.5542,2.1621
1.0247899174557293,-0.0000000000000000,0.0000000000000000,0.0000000000000008,-0.0359182046161554,0.0000000000000000,3.3258009201701881,3.0024638567,465.100,1903.872,984.2063,2.1640
1.0248051363380357,-0.0000000000000000,0.0000000000000000,-0.0000000000000004,-0.0360686994622294,0.0000000000000000,3.3287687360200247,3.0024539863,467.100,1904.362,977.9283,2.1658
1.0248202294233522,-0.0000000000000000,0.0000000000000000,0.0000000000000002,-0.0362176424101158,0.0000000000000000,3.3317365518698612,3.0024441780,469.079,1904.848,971.7194,2.1677
1.0248352003542331,-0.0000000000000000,0.0000000000000000,-0.0000000000000006,-0.0363650635239343,0.0000000000000000,3.3347043677196981,3.0024344309,471.037,1905.331,965.5784,2.1695
1.0248500526527859,-0.0000000000000000,0.0000000000000000,-0.0000000000000019,-0.0365109920072576,0.0000000000000000,3.3376721835695347,3.0024247446,472.975,1905.811,959.5043,2.1713
1.0248647897272383,-0.0000000000000000,0.0000000000000000,0.0000000000035004,-0.0366554562384729,0.0000000000000000,3.3406399994193712,3.0024151183,474.893,1906.288,953.4962,2.1731
1.0248794148698321,-0.0000000000000000,0.0000000000000000,0.0000000000025406,-0.0367984837943539,0.0000000000000000,3.3436078152692081,3.0024055515,476.792,1906.762,947.5530,2.1749
1.0248939312724556,-0.0000000000000006,0.0000000000000000,0.0000000000019588,-0.0369401014944098,0.0000000000000000,3.3465756311190447,3.0023960436,478.671,1907.233,941.6738,2.1767
1.0249083420230209,-0.0000000000000002,0.0000000000000000,0.0000000000022517,-0.0370803354189264,0.0000000000000000,3.3495434469688812,3.0023865939,480.532,1907.701,935.8577,2.1784
1.0249226501096691,-0.0000000000000000,0.0000000000000000,0.0000000000001364,-0.0372192109377687,0.0000000000000000,3.3525112628187181,3.0023772019,482.374,1908.166,930.1037,2.1802
1.0249368584304923,-0.0000000000000003,0.0000000000000000,0.0000000000013521,-0.0373567527419281,0.0000000000000000,3.3554790786685547,3.0023678670,484.198,1908.628,924.4109,2.1819
1.0249509697869279,-0.0000000000000011,0.0000000000000000,-0.0000000000031831,-0.0374929848598794,0.0000000000000000,3.3584468945183916,3.0023585886,486.004,1909.087,918.7785,2.1836
1.0249649868967787,-0.0000000000000000,0.0000000000000000,-0.0000000000144347,-0.0376279306887076,0.0000000000000000,3.3614147103682281,3.0023493661,487.793,1909.543,913.2054,2.1853
1.0249789124079478,-0.0000000000000014,0.0000000000000000,-0.0000000000021311,-0.0377616130239554,0.0000000000000000,3.3643825262180647,3.0023401991,489.565,1909.996,907.6910,2.1870
1.0249927488624644,-0.0000000000000001,0.0000000000000000,0.0000000000051426,-0.0378940540541613,0.0000000000000000,3.3673503420679012,3.0023310869,491.319,1910.447,902.2343,2.1886
1.0250064987374241,-0.0000000000000000,0.0000000000000000,0.0000000000080780,-0.0380252754056340,0.0000000000000000,3.3703181579177381,3.0023220290,493.057,1910.894,896.8345,2.1902
1.0250201644323558,-0.0000000000000000,0.0000000000000000,-0.0000000000000000,-0.0381552981540585,0.0000000000000000,3.3732859737675747,3.0023130249,494.779,1911.339,891.4909,2.1919
1.0250337482865199,-0.0000000000000000,0.0000000000000000,0.0000000000000146,-0.0382841428558003,0.0000000000000000,3.3762537896174116,3.0023040740,496.484,1911.781,886.2025,2.1935
1.0250472525578787,-0.0000000000000000,0.0000000000000000,0.0000000000000043,-0.0384118295417131,0.0000000000000000,3.3792216054672481,3.0022951759,498.174,1912.221,880.9686,2.1951
1.0250606794415791,-0.0000000000000000,0.0000000000000000,0.0000000000000030,-0.0385383777534134,0.0000000000000000,3.3821894213170847,3.0022863299,499.848,1912.658,875.7885,2.1966
1.0250740310685045,-0.0000000000000000,0.0000000000000000,0.0000000000000004,-0.0386638065528399,0.0000000000000000,3.3851572371669216,3.0022775357,501.506,1913.092,870.6614,2.1982
1.0250873095076687,-0.0000000000000000,0.0000000000000000,-0.0000000000000003,-0.0387881345392594,0.0000000000000000,3.3881250530167581,3.0022687927,503.150,1913.523,865.5865,2.1997
1.0251005167684095,-0.0000000000000000,0.0000000000000000,0.0000000000000026,-0.0389113798644427,0.0000000000000000,3.3910928688665947,3.0022601003,504.779,1913.952,860.5631,2.2013
1.0251136548024771,-0.0000000000000000,0.0000000000000000,0.0000000000000001,-0.0390335602471279,0.0000000000000000,3.3940606847164316,3.0022514582,506.393,1914.379,855.5906,2.2028
1.0251267255060779,-0.0000000000000000,0.0000000000000000,-0.0000000000000020,-0.0391546929870164,0.0000000000000000,3.3970285005662681,3.0022428658,507.993,1914.802,850.6681,2.2042
1.0251397307217731,0.0000000000000000,0.0000000000000000,0.0000000000000013,-0.0392747949780581,0.0000000000000000,3.3999963164161047,3.0022343227,509.579,1915.224,845.7950,2.2057
1.0251526722390303,-0.0000000000000011,0.0000000000000000,-0.0000000000028867,-0.0393938827202528,0.0000000000000000,3.4029641322659416,3.0022258284,511.150,1915.642,840.9707,2.2072
1.0251655518055465,-0.0000000000000001,0.0000000000000000,0.0000000000067027,-0.0395119723400496,0.0000000000000000,3.4059319481157782,3.0022173824,512.708,1916.059,836.1943,2.2086
1.0251783711007940,-0.0000000000000000,0.0000000000000000,0.0000000000000002,-0.0396290795774342,0.0000000000000000,3.4088997639656151,3.0022089843,514.253,1916.473,831.4654,2.2100
1.0251911317808686,0.0000000000000000,0.0000000000000000,0.0000000000000002,-0.0397452198362391,0.0000000000000000,3.4118675798154516,3.0022006336,515.784,1916.884,826.7832,2.2114
1.0252038354449886,-0.0000000000000000,0.0000000000000000,0.0000000000035375,-0.0398604081631308,0.0000000000000000,3.4148353956652882,3.0021923299,517.302,1917.293,822.1472,2.2128
1.0252164836452780,-0.0000000000000000,0.0000000000000000,0.0000000000000003,-0.0399746592645000,0.0000000000000000,3.4178032115151247,3.0021840728,518.807,1917.700,817.5566,2.2142
1.0252290779013751,-0.0000000000000000,0.0000000000000000,-0.0000000000000002,-0.0400879875314165,0.0000000000000000,3.4207710273649616,3.0021758617,520.300,1918.104,813.0108,2.2156
1.0252416196878011,-0.0000000000000000,0.0000000000000000,0.0000000000047762,-0.0402004070336101,0.0000000000000000,3.4237388432147982,3.0021676963,521.780,1918.506,808.5094,2.2169
1.0252541104367960,-0.0000000000000000,0.0000000000000000,0.0000000000094757,-0.0403119315316175,0.0000000000000000,3.4267066590646351,3.0021595762,523.247,1918.906,804.0516,2.2182
1.0252665515411443,-0.0000000000000014,0.0000000000000000,0.0000000000062092,-0.0404225744872502,0.0000000000000000,3.4296744749144716,3.0021515009,524.703,1919.303,799.6369,2.2195
1.0252789443623025,0.0000000000000000,0.0000000000000000,-0.0000000000000001,-0.0405323490773248,0.0000000000000000,3.4326422907643082,3.0021434700,526.146,1919.698,795.2648,2.2208
1.0252912902279399,-0.0000000000000000,0.0000000000000000,0.0000000000000061,-0.0406412682008147,0.0000000000000000,3.4356101066141451,3.0021354832,527.577,1920.091,790.9346,2.2221
1.0253035904274355,-0.0000000000000000,0.0000000000000000,0.0000000000076182,-0.0407493444793002,0.0000000000000000,3.4385779224639816,3.0021275399,528.997,1920.482,786.6458,2.2233
1.0253158462093799,-0.0000000000000003,0.0000000000000000,0.0000000000081121,-0.0408565902639141,0.0000000000000000,3.4415457383138182,3.0021196399,530.406,1920.870,782.3978,2.2246
1.0253280587993827,-0.0000000000000010,0.0000000000000000,0.0000000000082388,-0.0409630176551746,0.0000000000000000,3.4445135541636551,3.0021117827,531.803,1921.256,778.1902,2.2258
1.0253402293850402,0.0000000000000000,0.0000000000000000,-0.0000000000000004,-0.0410686384990312,0.0000000000000000,3.4474813700134916,3.0021039679,533.189,1921.640,774.0223,2.2270
1.0253523591344136,0.0000000000000000,0.0000000000000000,-0.0000000000000009,-0.0411734644065419,0.0000000000000000,3.4504491858633282,3.0020961952,534.564,1922.022,769.8938,2.2282
1.0253644491787328,-0.0000000000000000,0.0000000000000000,0.0000000000087782,-0.0412775067460495,0.0000000000000000,3.4534170017131651,3.0020884642,535.928,1922.402,765.8040,2.2293
1.0253765006112869,-0.0000000000000000,0.0000000000000000,0.0000000000068544,-0.0413807766464575,0.0000000000000000,3.4563848175630016,3.0020807745,537.281,1922.780,761.7524,2.2305
1.0253885145120627,-0.0000000000000003,0.0000000000000000,0.0000000000064079,-0.0414832850267621,0.0000000000000000,3.4593526334128386,3.0020731257,538.624,1923.155,757.7387,2.2316
1.0254004919279500,-0.0000000000000003,0.0000000000000000,0.0000000000064982,-0.0415850425813541,0.0000000000000000,3.4623204492626751,3.0020655174,539.956,1923.529,753.7622,2.2328
1.0254124338768698,-0.0000000000000000,0.0000000000000000,-0.0000000000000002,-0.0416860597904798,0.0000000000000000,3.4652882651125116,3.0020579494,541.278,1923.900,749.8225,2.2339
1.0254243413604918,-0.0000000000000000,0.0000000000000000,0.0000000000000012,-0.0417863469356881,0.0000000000000000,3.4682560809623482,3.0020504212,542.590,1924.270,745.9192,2.2349
1.0254362153469025,-0.0000000000000000,0.0000000000000000,0.0000000000000011,-0.0418859140894014,0.0000000000000000,3.4712238968121851,3.0020429326,543.891,1924.637,742.0517,2.2360
1.0254480567868312,-0.0000000000000000,0.0000000000000000,0.0000000000079800,-0.0419847711338832,0.0000000000000000,3.4741917126620216,3.0020354831,545.183,1925.003,738.2197,2.2371
1.0254598665961565,-0.0000000000000002,0.0000000000000000,0.0000000000065363,-0.0420829277503096,0.0000000000000000,3.4771595285118586,3.0020280724,546.466,1925.366,734.4226,2.2381
1.0254716456810660,-0.0000000000000015,0.0000000000000000,0.0000000000064098,-0.0421803934453676,0.0000000000000000,3.4801273443616951,3.0020207001,547.738,1925.728,730.6601,2.2391
1.0254833949206146,-0.0000000000000000,0.0000000000000000,0.0000000000071162,-0.0422771775397193,0.0000000000000000,3.4830951602115316,3.0020133660,549.001,1926.088,726.9317,2.2401
1.0254951151689125,-0.0000000000000000,0.0000000000000000,-0.0000000000000007,-0.0423732891745154,0.0000000000000000,3.4860629760613686,3.0020060698,550.255,1926.445,723.2369,2.2411
1.0255068072701199,-0.0000000000000000,0.0000000000000000,-0.0000000000000007,-0.0424687373281360,0.0000000000000000,3.4890307919112051,3.0019988109,551.499,1926.801,719.5754,2.2420
1.0255184720382153,-0.0000000000000000,0.0000000000000000,-0.0000000000000005,-0.0425635308021816,0.0000000000000000,3.4919986077610417,3.0019915893,552.734,1927.155,715.9468,2.2430
1.0255301102708980,0.0000000000000000,0.0000000000000000,0.0000000000000013,-0.0426576782375466,0.0000000000000000,3.4949664236108786,3.0019844045,553.960,1927.507,712.3505,2.2439
1.0255417227491539,-0.0000000000000001,0.0000000000000000,0.0000000000049748,-0.0427511881175355,0.0000000000000000,3.4979342394607151,3.0019772562,555.178,1927.857,708.7863,2.2448
1.0255533102309151,-0.0000000000000006,0.0000000000000000,0.0000000000098898,-0.0428440687654890,0.0000000000000000,3.5009020553105517,3.0019701441,556.386,1928.206,705.2538,2.2457
1.0255648734546234,-0.0000000000000000,0.0000000000000000,0.0000000000061320,-0.0429363283523891,0.0000000000000000,3.5038698711603886,3.0019630679,557.586,1928.552,701.7524,2.2466
1.0255764131513789,-0.0000000000000002,0.0000000000000000,0.0000000000075076,-0.0430279749087418,0.0000000000000000,3.5068376870102251,3.0019560273,558.777,1928.897,698.2820,2.2475
1.0255879300226809,-0.0000000000000000,0.0000000000000000,-0.0000000000000016,-0.0431190163100643,0.0000000000000000,3.5098055028600621,3.0019490219,559.960,1929.240,694.8421,2.2483
1.0255994247674383,0.0000000000000000,0.0000000000000000,-0.0000000000000005,-0.0432094603027802,0.0000000000000000,3.5127733187098986,3.0019420516,561.134,1929.581,691.4322,2.2491
1.0256108980575374,0.0000000000000000,0.0000000000000000,0.0000000000000009,-0.0432993144859033,0.0000000000000000,3.5157411345597351,3.0019351160,562.300,1929.920,688.0522,2.2499
1.0256223505526978,-0.0000000000000000,0.0000000000000000,-0.0000000000000017,-0.0433885863269328,0.0000000000000000,3.5187089504095717,3.0019282148,563.458,1930.258,684.7015,2.2507
1.0256337828974302,-0.0000000000000000,0.0000000000000000,-0.0000000000000006,-0.0434772831619959,0.0000000000000000,3.5216767662594086,3.0019213477,564.607,1930.594,681.3798,2.2515
1.0256451957235797,-0.0000000000000012,0.0000000000000000,0.0000000000045937,-0.0435654122008463,0.0000000000000000,3.5246445821092451,3.0019145144,565.749,1930.928,678.0869,2.2523
1.0256565896432788,-0.0000000000000000,0.0000000000000000,0.0000000000068204,-0.0436529805231652,0.0000000000000000,3.5276123979590821,3.0019077147,566.883,1931.261,674.8223,2.2530
1.0256679652568825,-0.0000000000000011,0.0000000000000000,0.0000000000050103,-0.0437399950872798,0.0000000000000000,3.5305802138089186,3.0019009482,568.009,1931.592,671.5858,2.2537
1.0256793231552250,-0.0000000000000015,0.0000000000000000,0.0000000000051759,-0.0438264627384570,0.0000000000000000,3.5335480296587551,3.0018942148,569.128,1931.921,668.3769,2.2544
1.0256906639108605,-0.0000000000000002,0.0000000000000000,0.0000000000040752,-0.0439123901970327,0.0000000000000000,3.5365158455085921,3.0018875141,570.238,1932.248,665.1954,2.2551
1.0257019880845877,0.0000000000000000,0.0000000000000000,-0.0000000000000006,-0.0439977840723802,0.0000000000000000,3.5394836613584286,3.0018808458,571.342,1932.574,662.0409,2.2558
1.0257132962284143,0.0000000000000000,0.0000000000000000,-0.0000000000000008,-0.0440826508644477,0.0000000000000000,3.5424514772082651,3.0018742097,572.437,1932.898,658.9131,2.2564
1.0257245888770621,-0.0000000000000000,0.0000000000000000,0.0000000000000004,-0.0441669969602585,0.0000000000000000,3.5454192930581021,3.0018676056,573.526,1933.221,655.8117,2.2571
1.0257358665551428,-0.0000000000000000,0.0000000000000000,-0.0000000000000012,-0.0442508286414843,0.0000000000000000,3.5483871089079386,3.0018610331,574.607,1933.542,652.7364,2.2577
1.0257471297782879,-0.0000000000000013,0.0000000000000000,0.0000000000057169,-0.0443341520878826,0.0000000000000000,3.5513549247577751,3.0018544920,575.681,1933.861,649.6869,2.2583
1.0257583790400833,-0.0000000000000000,0.0000000000000000,-0.0000000000000003,-0.0444169733672317,0.0000000000000000,3.5543227406076121,3.0018479821,576.748,1934.179,646.6629,2.2589
1.0257696148390938,0.0000000000000000,0.0000000000000000,-0.0000000000000009,-0.0444992984622807,0.0000000000000000,3.5572905564574486,3.0018415030,577.808,1934.496,643.6641,2.2594
1.0257808376539488,-0.0000000000000000,0.0000000000000000,0.0000000000035245,-0.0445811332490887,0.0000000000000000,3.5602583723072856,3.0018350547,578.861,1934.810,640.6901,2.2600
1.0257920479511888,-0.0000000000000011,0.0000000000000000,0.0000000000043434,-0.0446624835082429,0.0000000000000000,3.5632261881571221,3.0018286367,579.907,1935.124,637.7408,2.2605
1.0258032461906674,-0.0000000000000007,0.0000000000000000,0.0000000000042377,-0.0447433549290139,0.0000000000000000,3.5661940040069586,3.0018222489,580.946,1935.435,634.8159,2.2610
1.0258144328224439,-0.0000000000000019,0.0000000000000000,0.0000000000058492,-0.0448237531087170,0.0000000000000000,3.5691618198567956,3.0018158910,581.979,1935.745,631.9149,2.2615
1.0258256082817732,-0.0000000000000000,0.0000000000000000,0.0000000000005848,-0.0449036835506627,0.0000000000000000,3.5721296357066321,3.0018095628,583.005,1936.054,629.0378,2.2620
1.0258367730057687,-0.0000000000000002,0.0000000000000000,0.0000000000038800,-0.0449831516821825,0.0000000000000000,3.5750974515564686,3.0018032640,584.024,1936.361,626.1842,2.2624
1.0258479274077337,0.0000000000000000,0.0000000000000000,-0.0000000000000023,-0.0450621628314331,0.0000000000000000,3.5780652674063056,3.0017969945,585.037,1936.667,623.3538,2.2629
1.0258590719040150,-0.0000000000000000,0.0000000000000000,-0.0000000000000012,-0.0451407222510157,0.0000000000000000,3.5810330832561421,3.0017907539,586.043,1936.971,620.5464,2.2633
1.0258702068955927,-0.0000000000000000,0.0000000000000000,-0.0000000000000007,-0.0452188351076921,0.0000000000000000,3.5840008991059786,3.0017845421,587.043,1937.274,617.7617,2.2637
1.0258813327765335,0.0000000000000000,0.0000000000000000,-0.0000000000000004,-0.0452965064884486,0.0000000000000000,3.5869687149558156,3.0017783588,588.037,1937.576,614.9995,2.2641
1.0258924499325179,0.0000000000000000,0.0000000000000000,-0.0000000000000002,-0.0453737414013541,0.0000000000000000,3.5899365308056521,3.0017722039,589.025,1937.876,612.2595,2.2645
1.0259035587410343,0.0000000000000000,0.0000000000000000,-0.0000000000000012,-0.0454505447771556,0.0000000000000000,3.5929043466554891,3.0017660770,590.006,1938.174,609.5414,2.2648
1.0259146595715858,-0.0000000000000000,0.0000000000000000,-0.0000000000000012,-0.0455269214708513,0.0000000000000000,3.5958721625053256,3.0017599779,590.982,1938.471,606.8451,2.2651
1.0259257527886374,-0.0000000000000013,0.0000000000000000,0.0000000000058701,-0.0456028762658027,0.0000000000000000,3.5988399783551621,3.0017539065,591.951,1938.767,604.1703,2.2655
1.0259368387363907,-0.0000000000000000,0.0000000000000000,-0.0000000000032185,-0.0456784138603508,0.0000000000000000,3.6018077942049986,3.0017478626,592.914,1939.061,601.5167,2.2658
1.0259479177746571,-0.0000000000000003,0.0000000000000000,0.0000000000002138,-0.0457535389046274,0.0000000000000000,3.6047756100548356,3.0017418458,593.872,1939.354,598.8841,2.2660
1.0259589902356552,-0.0000000000000000,0.0000000000000000,0.0000000000011012,-0.0458282559583403,0.0000000000000000,3.6077434259046721,3.0017358561,594.824,1939.646,596.2723,2.2663
1.0259700564513186,-0.0000000000000011,0.0000000000000000,-0.0000000000014229,-0.0459025695197726,0.0000000000000000,3.6107112417545086,3.0017298932,595.770,1939.936,593.6810,2.2665
1.0259811167495350,-0.0000000000000013,0.0000000000000000,-0.0000000000020958,-0.0459764840225931,0.0000000000000000,3.6136790576043456,3.0017239568,596.710,1940.225,591.1101,2.2668
1.0259921714507798,-0.0000000000000013,0.0000000000000000,0.0000000000029032,-0.0460500038341313,0.0000000000000000,3.6166468734541821,3.0017180469,597.644,1940.513,588.5593,2.2670
1.0260032208607992,-0.0000000000000000,0.0000000000000000,0.0000000000000011,-0.0461231332499222,0.0000000000000000,3.6196146893040186,3.0017121631,598.573,1940.799,586.0283,2.2672
1.0260142652902053,-0.0000000000000000,0.0000000000000000,-0.0000000000000018,-0.0461958765119869,0.0000000000000000,3.6225825051538556,3.0017063054,599.497,1941.084,583.5171,2.2673
1.0260253050370485,-0.0000000000000000,0.0000000000000000,0.0000000000000001,-0.0462682377953399,0.0000000000000000,3.6255503210036921,3.0017004734,600.415,1941.368,581.0252,2.2675
1.0260363403945383,-0.0000000000000000,0.0000000000000000,-0.0000000000000001,-0.0463402212150865,0.0000000000000000,3.6285181368535291,3.0016946670,601.327,1941.650,578.5527,2.2676
1.0260473716498855,-0.0000000000000000,0.0000000000000000,0.0000000000000003,-0.0464118308266757,0.0000000000000000,3.6314859527033656,3.0016888861,602.235,1941.931,576.0991,2.2677
1.0260583990844339,-0.0000000000000000,0.0000000000000000,0.0000000000000000,-0.0464830706270414,0.0000000000000000,3.6344537685532021,3.0016831303,603.136,1942.211,573.6644,2.2678
1.0260694229738025,-0.0000000000000000,0.0000000000000000,-0.0000000000000017,-0.0465539445557229,0.0000000000000000,3.6374215844030391,3.0016773996,604.033,1942.490,571.2484,2.2679
1.0260804435868669,-0.0000000000000013,0.0000000000000000,-0.0000000000022856,-0.0466244564946321,0.0000000000000000,3.6403894002528756,3.0016716937,604.924,1942.767,568.8507,2.2680
1.0260914611916272,-0.0000000000000000,0.0000000000000000,0.0000000000002153,-0.0466946102751757,0.0000000000000000,3.6433572161027121,3.0016660124,605.811,1943.043,566.4713,2.2680
1.0261024760438675,-0.0000000000000019,0.0000000000000000,0.0000000000004096,-0.0467644096678908,0.0000000000000000,3.6463250319525491,3.0016603557,606.692,1943.318,564.1100,2.2681
1.0261134883985334,-0.0000000000000000,0.0000000000000000,-0.0000000000000014,-0.0468338583947882,0.0000000000000000,3.6492928478023856,3.0016547232,607.568,1943.592,561.7665,2.2681
1.0261244985047178,-0.0000000000000000,0.0000000000000000,0.0000000000000000,-0.0469029601231758,0.0000000000000000,3.6522606636522221,3.0016491148,608.439,1943.865,559.4407,2.2681
1.0261355066062294,-0.0000000000000000,0.0000000000000000,0.0000000000000008,-0.0469717184705870,0.0000000000000000,3.6552284795020591,3.0016435303,609.305,1944.136,557.1323,2.2680
1.0261465129423475,-0.0000000000000000,0.0000000000000000,0.0000000000008923,-0.0470401370031896,0.0000000000000000,3.6581962953518956,3.0016379696,610.166,1944.406,554.8413,2.2680
1.0261575177471898,-0.0000000000000003,0.0000000000000000,0.0000000000019857,-0.0471082192392480,0.0000000000000000,3.6611641112017326,3.0016324325,611.023,1944.675,552.5674,2.2679
1.0261685212497029,-0.0000000000000012,0.0000000000000000,0.0000000000021362,-0.0471759686466289,0.0000000000000000,3.6641319270515691,3.0016269188,611.874,1944.943,550.3104,2.2678
1.0261795236738742,-0.0000000000000002,0.0000000000000000,-0.0000000000006900,-0.0472433886453499,0.0000000000000000,3.6670997429014056,3.0016214283,612.721,1945.209,548.0702,2.2677
1.0261905252431136,-0.0000000000000005,0.0000000000000000,-0.0000000000006300,-0.0473104826127311,0.0000000000000000,3.6700675587512421,3.0016159608,613.563,1945.475,545.8466,2.2676
1.0262015261728605,-0.0000000000000013,0.0000000000000000,0.0000000000011261,-0.0473772538758011,0.0000000000000000,3.6730353746010791,3.0016105163,614.401,1945.739,543.6394,2.2675
1.0262125266731379,-0.0000000000000000,0.0000000000000000,-0.0000000000000006,-0.0474437057173098,0.0000000000000000,3.6760031904509156,3.0016050945,615.233,1946.002,541.4484,2.2673
1.0262235269532529,-0.0000000000000000,0.0000000000000000,-0.0000000000000006,-0.0475098413763667,0.0000000000000000,3.6789710063007526,3.0015996952,616.062,1946.264,539.2735,2.2671
1.0262345272164624,-0.0000000000000000,0.0000000000000000,-0.0000000000000015,-0.0475756640486487,0.0000000000000000,3.6819388221505891,3.0015943183,616.885,1946.525,537.1146,2.2670
1.0262455276624256,0.0000000000000000,0.0000000000000000,0.0000000000000002,-0.0476411768868705,0.0000000000000000,3.6849066380004256,3.0015889637,617.704,1946.785,534.9714,2.2667
1.0262565284868967,0.0000000000000000,0.0000000000000000,-0.0000000000000008,-0.0477063830017362,0.0000000000000000,3.6878744538502621,3.0015836312,618.519,1947.043,532.8438,2.2665
1.0262675298818200,-0.0000000000000000,0.0000000000000000,-0.0000000000000013,-0.0477712854627755,0.0000000000000000,3.6908422697000991,3.0015783205,619.329,1947.301,530.7316,2.2663
1.0262785320351611,-0.0000000000000000,0.0000000000000000,-0.0000000000001496,-0.0478358872980123,0.0000000000000000,3.6938100855499361,3.0015730317,620.135,1947.557,528.6348,2.2660
1.0262895351314429,-0.0000000000000014,0.0000000000000000,-0.0000000000010889,-0.0479001914975000,0.0000000000000000,3.6967779013997726,3.0015677644,620.937,1947.813,526.5530,2.2657
1.0263005393522171,-0.0000000000000014,0.0000000000000000,-0.0000000000013368,-0.0479642010114310,0.0000000000000000,3.6997457172496091,3.0015625186,621.734,1948.067,524.4862,2.2654
1.0263115448757154,-0.0000000000000000,0.0000000000000000,0.0000000000011213,-0.0480279187510891,0.0000000000000000,3.7027135330994456,3.0015572941,622.527,1948.320,522.4343,2.2651
1.0263225518737191,-0.0000000000000000,0.0000000000000000,0.0000000000011017,-0.0480913475887611,0.0000000000000000,3.7056813489492826,3.0015520907,623.316,1948.572,520.3970,2.2648
1.0263335605170698,-0.0000000000000014,0.0000000000000000,-0.0000000000007336,-0.0481544903606626,0.0000000000000000,3.7086491647991191,3.0015469084,624.101,1948.823,518.3743,2.2644
1.0263445709741275,-0.0000000000000014,0.0000000000000000,-0.0000000000026093,-0.0482173498677353,0.0000000000000000,3.7116169806489561,3.0015417469,624.881,1949.074,516.3659,2.2640
1.0263555834112281,-0.0000000000000000,0.0000000000000000,0.0000000000000005,-0.0482799288758725,0.0000000000000000,3.7145847964987926,3.0015366061,625.658,1949.323,514.3718,2.2636
1.0263665979858194,-0.0000000000000000,0.0000000000000000,-0.0000000000000008,-0.0483422301096414,0.0000000000000000,3.7175526123486291,3.0015314858,626.430,1949.571,512.3917,2.2632
1.0263776148572028,-0.0000000000000000,0.0000000000000000,0.0000000000000010,-0.0484042562644628,0.0000000000000000,3.7205204281984656,3.0015263860,627.198,1949.818,510.4257,2.2628
1.0263886341803119,-0.0000000000000000,0.0000000000000000,-0.0000000000000008,-0.0484660099999545,0.0000000000000000,3.7234882440483026,3.0015213064,627.963,1950.064,508.4734,2.2623
1.0263996561071225,-0.0000000000000000,0.0000000000000000,0.0000000000000007,-0.0485274939421318,0.0000000000000000,3.7264560598981391,3.0015162470,628.723,1950.309,506.5349,2.2619
1.0264106807867248,-0.0000000000000000,0.0000000000000000,0.0000000000000019,-0.0485887106839707,0.0000000000000000,3.7294238757479761,3.0015112075,629.480,1950.553,504.6099,2.2614
1.0264217083653777,-0.0000000000000000,0.0000000000000000,0.0000000000000008,-0.0486496627859493,0.0000000000000000,3.7323916915978126,3.0015061879,630.232,1950.796,502.6983,2.2609
1.0264327389865704,0.0000000000000000,0.0000000000000000,-0.0000000000000006,-0.0487103527765952,0.0000000000000000,3.7353595074476491,3.0015011880,630.981,1951.038,500.8000,2.2604
1.0264437727916869,-0.0000000000000001,0.0000000000000000,0.0000000000014472,-0.0487707831531914,0.0000000000000000,3.7383273232974861,3.0014962077,631.726,1951.279,498.9149,2.2598
1.0264548099178621,-0.0000000000000002,0.0000000000000000,0.0000000000018791,-0.0488309563816863,0.0000000000000000,3.7412951391473226,3.0014912469,632.467,1951.519,497.0428,2.2593
1.0264658504996838,-0.0000000000000000,0.0000000000000000,-0.0000000000002277,-0.0488908748964264,0.0000000000000000,3.7442629549971591,3.0014863053,633.204,1951.758,495.1836,2.2587
1.0264768946737641,-0.0000000000000014,0.0000000000000000,0.0000000000021931,-0.0489505411071803,0.0000000000000000,3.7472307708469961,3.0014813829,633.938,1951.996,493.3372,2.2581
1.0264879425662359,-0.0000000000000000,0.0000000000000000,0.0000000000009064,-0.0490099573851388,0.0000000000000000,3.7501985866968326,3.0014764796,634.668,1952.233,491.5035,2.2575
1.0264989943079175,-0.0000000000000023,0.0000000000000000,0.0000000000008406,-0.0490691260816518,0.0000000000000000,3.7531664025466691,3.0014715952,635.394,1952.470,489.6823,2.2568
1.0265100500234379,-0.0000000000000000,0.0000000000000000,0.0000000000006407,-0.0491280495132161,0.0000000000000000,3.7561342183965061,3.0014667296,636.117,1952.705,487.8735,2.2562
1.0265211098376237,-0.0000000000000010,0.0000000000000000,0.0000000000028463,-0.0491867299733851,0.0000000000000000,3.7591020342463426,3.0014618826,636.836,1952.939,486.0770,2.2555
1.0265321738676874,-0.0000000000000000,0.0000000000000000,0.0000000000000033,-0.0492451697209834,0.0000000000000000,3.7620698500961796,3.0014570541,637.552,1953.173,484.2927,2.2548
1.0265432422361487,-0.0000000000000000,0.0000000000000000,0.0000000000000005,-0.0493033709954201,0.0000000000000000,3.7650376659460161,3.0014522441,638.264,1953.405,482.5205,2.2541
1.0265543150582279,-0.0000000000000000,0.0000000000000000,0.0000000000000003,-0.0493613360048966,0.0000000000000000,3.7680054817958526,3.0014474524,638.972,1953.637,480.7602,2.2534
1.0265653924483005,-0.0000000000000000,0.0000000000000000,0.0000000000000021,-0.0494190669322748,0.0000000000000000,3.7709732976456891,3.0014426788,639.678,1953.868,479.0118,2.2526
1.0265764745186265,-0.0000000000000000,0.0000000000000000,-0.0000000000000001,-0.0494765659345069,0.0000000000000000,3.7739411134955261,3.0014379232,640.379,1954.097,477.2751,2.2519
1.0265875613793938,-0.0000000000000000,0.0000000000000000,0.0000000000000019,-0.0495338351430188,0.0000000000000000,3.7769089293453626,3.0014331856,641.078,1954.326,475.5500,2.2511
1.0265986531387528,-0.0000000000000000,0.0000000000000000,0.0000000000000006,-0.0495908766640997,0.0000000000000000,3.7798767451951996,3.0014284657,641.772,1954.554,473.8364,2.2503
1.0266097499028668,-0.0000000000000000,0.0000000000000000,-0.0000000000000003,-0.0496476925792999,0.0000000000000000,3.7828445610450361,3.0014237635,642.464,1954.782,472.1342,2.2495
1.0266208517759499,-0.0000000000000000,0.0000000000000000,0.0000000000000014,-0.0497042849458106,0.0000000000000000,3.7858123768948726,3.0014190789,643.152,1955.008,470.4433,2.2486
1.0266319588614721,-0.0000000000000001,0.0000000000000000,0.0000000000025804,-0.0497606557976466,0.0000000000000000,3.7887801927447091,3.0014144118,643.837,1955.233,468.7637,2.2478
1.0266430712604988,-0.0000000000000000,0.0000000000000000,0.0000000000086448,-0.0498168071456502,0.0000000000000000,3.7917480085945461,3.0014097619,644.519,1955.458,467.0950,2.2469
1.0266541890653256,-0.0000000000000006,0.0000000000000000,0.0000000000055226,-0.0498727409698807,0.0000000000000000,3.7947158244443830,3.0014051293,645.197,1955.682,465.4374,2.2460
1.0266653123766738,-0.0000000000000000,0.0000000000000000,0.0000000000013421,-0.0499284592373567,0.0000000000000000,3.7976836402942196,3.0014005138,645.872,1955.905,463.7907,2.2451
1.0266764412900951,-0.0000000000000000,0.0000000000000000,-0.0000000000027022,-0.0499839638890976,0.0000000000000000,3.8006514561440561,3.0013959152,646.544,1956.127,462.1547,2.2441
1.0266875759021159,-0.0000000000000014,0.0000000000000000,-0.0000000000002691,-0.0500392568472854,0.0000000000000000,3.8036192719938926,3.0013913335,647.213,1956.348,460.5295,2.2432
1.0266987162975743,-0.0000000000000014,0.0000000000000000,-0.0000000000052944,-0.0500943400024905,0.0000000000000000,3.8065870878437296,3.0013867686,647.879,1956.568,458.9148,2.2422
1.0267098625763311,-0.0000000000000014,0.0000000000000000,0.0000000000026716,-0.0501492152388985,0.0000000000000000,3.8095549036935661,3.0013822204,648.542,1956.788,457.3106,2.2412
1.0267210148163568,-0.0000000000000014,0.0000000000000000,0.0000000000025622,-0.0502038844005868,0.0000000000000000,3.8125227195434030,3.0013776887,649.201,1957.006,455.7168,2.2402
1.0267321731075321,-0.0000000000000021,0.0000000000000000,0.0000000000009967,-0.0502583493231500,0.0000000000000000,3.8154905353932396,3.0013731734,649.858,1957.224,454.1333,2.2392
1.0267433375362809,-0.0000000000000000,0.0000000000000000,-0.0000000000000005,-0.0503126118213103,0.0000000000000000,3.8184583512430761,3.0013686744,650.511,1957.441,452.5600,2.2381
1.0267545081861269,-0.0000000000000000,0.0000000000000000,0.0000000000000010,-0.0503666736858833,0.0000000000000000,3.8214261670929126,3.0013641917,651.161,1957.657,450.9968,2.2371
1.0267656851388107,-0.0000000000000000,0.0000000000000000,-0.0000000000000015,-0.0504205366889581,0.0000000000000000,3.8243939829427496,3.0013597251,651.809,1957.873,449.4437,2.2360
1.0267768684749690,-0.0000000000000000,0.0000000000000000,-0.0000000000000012,-0.0504742025828545,0.0000000000000000,3.8273617987925861,3.0013552745,652.453,1958.088,447.9005,2.2349
1.0267880582737952,-0.0000000000000000,0.0000000000000000,-0.0000000000000008,-0.0505276731004217,0.0000000000000000,3.8303296146424231,3.0013508398,653.095,1958.301,446.3671,2.2337
1.0267992546130615,-0.0000000000000000,0.0000000000000000,0.0000000000000019,-0.0505809499553680,0.0000000000000000,3.8332974304922596,3.0013464210,653.734,1958.514,444.8435,2.2326
1.0268104575691526,-0.0000000000000000,0.0000000000000000,-0.0000000000000000,-0.0506340348425199,0.0000000000000000,3.8362652463420961,3.0013420178,654.369,1958.727,443.3295,2.2314
1.0268216672170905,-0.0000000000000000,0.0000000000000000,0.0000000000000007,-0.0506869294380958,0.0000000000000000,3.8392330621919331,3.0013376303,655.002,1958.938,441.8252,2.2303
1.0268328836305580,-0.0000000000000000,0.0000000000000000,0.0000000000000009,-0.0507396353999717,0.0000000000000000,3.8422008780417696,3.0013332582,655.632,1959.149,440.3303,2.2291
1.0268441068819318,-0.0000000000000000,0.0000000000000000,0.0000000000000020,-0.0507921543679435,0.0000000000000000,3.8451686938916061,3.0013289016,656.259,1959.359,438.8448,2.2278
1.0268553370423010,-0.0000000000000000,0.0000000000000000,0.0000000000000009,-0.0508444879639920,0.0000000000000000,3.8481365097414431,3.0013245602,656.884,1959.568,437.3687,2.2266
1.0268665741815355,-0.0000000000000000,0.0000000000000000,0.0000000000002802,-0.0508966377923070,0.0000000000000000,3.8511043255912796,3.0013202341,657.505,1959.777,435.9018,2.2253
1.0268778183681029,-0.0000000000000000,0.0000000000000000,0.0000000000000019,-0.0509486054406418,0.0000000000000000,3.8540721414411161,3.0013159231,658.124,1959.984,434.4441,2.2241
1.0268890696695132,-0.0000000000000000,0.0000000000000000,-0.0000000000000006,-0.0510003924783643,0.0000000000000000,3.8570399572909531,3.0013116271,658.740,1960.191,432.9955,2.2228
1.0269003281523283,-0.0000000000000000,0.0000000000000000,0.0000000000010649,-0.0510520004589350,0.0000000000000000,3.8600077731407896,3.0013073461,659.354,1960.398,431.5559,2.2215
1.0269115938806570,-0.0000000000000000,0.0000000000000000,0.0000000000007783,-0.0511034309188555,0.0000000000000000,3.8629755889906265,3.0013030798,659.965,1960.603,430.1252,2.2201
1.0269228669186699,-0.0000000000000000,0.0000000000000000,0.0000000000000017,-0.0511546853782885,0.0000000000000000,3.8659434048404631,3.0012988284,660.573,1960.808,428.7033,2.2188
1.0269341473283387,-0.0000000000000000,0.0000000000000000,-0.0000000000025397,-0.0512057653400102,0.0000000000000000,3.8689112206902996,3.0012945915,661.178,1961.012,427.2903,2.2174
1.0269454351756704,-0.0000000000000002,0.0000000000000000,0.0000000000014835,-0.0512566722971203,0.0000000000000000,3.8718790365401365,3.0012903692,661.781,1961.215,425.8859,2.2160
1.0269567305152498,0.0000000000000000,0.0000000000000000,0.0000000000000013,-0.0513074077160863,0.0000000000000000,3.8748468523899731,3.0012861614,662.381,1961.418,424.4902,2.2146
1.0269680334099456,0.0000000000000000,0.0000000000000000,-0.0000000000000001,-0.0513579730569521,0.0000000000000000,3.8778146682398096,3.0012819679,662.979,1961.620,423.1030,2.2132
1.0269793439175761,-0.0000000000000000,0.0000000000000000,0.0000000000000000,-0.0514083697609593,0.0000000000000000,3.8807824840896465,3.0012777888,663.574,1961.821,421.7243,2.2117
1.0269906620938185,-0.0000000000000001,0.0000000000000000,-0.0000000000035060,-0.0514585992529420,0.0000000000000000,3.8837502999394831,3.0012736238,664.166,1962.021,420.3539,2.2102
1.0270019880018115,-0.0000000000000005,0.0000000000000000,0.0000000000024986,-0.0515086629516933,0.0000000000000000,3.8867181157893196,3.0012694729,664.756,1962.221,418.9920,2.2088
1.0270133216878332,0.0000000000000000,0.0000000000000000,0.0000000000000001,-0.0515585622447915,0.0000000000000000,3.8896859316391561,3.0012653361,665.344,1962.420,417.6382,2.2073
1.0270246632120408,-0.0000000000000000,0.0000000000000000,0.0000000000000008,-0.0516082985209025,0.0000000000000000,3.8926537474889931,3.0012612131,665.928,1962.619,416.2927,2.2057
1.0270360126267506,0.0000000000000000,0.0000000000000000,0.0000000000000011,-0.0516578731471884,0.0000000000000000,3.8956215633388296,3.0012571041,666.511,1962.816,414.9553,2.2042
1.0270473699833440,-0.0000000000000000,0.0000000000000000,-0.0000000000025129,-0.0517072874767966,0.0000000000000000,3.8985893791886665,3.0012530087,667.091,1963.013,413.6259,2.2026
1.0270587353387028,-0.0000000000000007,0.0000000000000000,0.0000000000025952,-0.0517565428554685,0.0000000000000000,3.9015571950385031,3.0012489271,667.668,1963.210,412.3045,2.2010
1.0270701087363501,-0.0000000000000014,0.0000000000000000,0.0000000000006793,-0.0518056406026805,0.0000000000000000,3.9045250108883396,3.0012448590,668.244,1963.405,410.9910,2.1994
1.0270814902304601,-0.0000000000000000,0.0000000000000000,-0.0000000000000001,-0.0518545820363187,0.0000000000000000,3.9074928267381766,3.0012408045,668.816,1963.600,409.6854,2.1978
1.0270928798698138,-0.0000000000000000,0.0000000000000000,-0.0000000000000005,-0.0519033684557442,0.0000000000000000,3.9104606425880131,3.0012367634,669.387,1963.795,408.3876,2.1962
1.0271042777024157,0.0000000000000000,0.0000000000000000,-0.0000000000000064,-0.0519520011477336,0.0000000000000000,3.9134284584378500,3.0012327356,669.955,1963.988,407.0975,2.1945
1.0271156837749826,-0.0000000000000000,0.0000000000000000,-0.0000000000013939,-0.0520004813853913,0.0000000000000000,3.9163962742876866,3.0012287211,670.520,1964.181,405.8150,2.1928
1.0271270981354641,-0.0000000000000002,0.0000000000000000,-0.0000000000019712,-0.0520488104315487,0.0000000000000000,3.9193640901375231,3.0012247198,671.084,1964.374,404.5401,2.1911
1.0271385208321513,-0.0000000000000000,0.0000000000000000,0.0000000000034953,-0.0520969895365612,0.0000000000000000,3.9223319059873596,3.0012207316,671.645,1964.566,403.2728,2.1894
1.0271499519039491,-0.0000000000000000,0.0000000000000000,0.0000000000024395,-0.0521450199307954,0.0000000000000000,3.9252997218371966,3.0012167564,672.203,1964.757,402.0129,2.1877
1.0271613913978976,-0.0000000000000000,0.0000000000000000,0.0000000000000013,-0.0521929028410351,0.0000000000000000,3.9282675376870331,3.0012127941,672.760,1964.947,400.7604,2.1859
1.0271728393592756,0.0000000000000000,0.0000000000000000,-0.0000000000000062,-0.0522406394799152,0.0000000000000000,3.9312353535368700,3.0012088448,673.314,1965.137,399.5153,2.1841
1.0271842958298036,-0.0000000000000000,0.0000000000000000,0.0000000000000013,-0.0522882310462803,0.0000000000000000,3.9342031693867066,3.0012049082,673.866,1965.326,398.2774,2.1823
1.0271957608531497,-0.0000000000000000,0.0000000000000000,0.0000000000028160,-0.0523356787298284,0.0000000000000000,3.9371709852365431,3.0012009843,674.415,1965.515,397.0468,2.1805
1.0272072344635352,-0.0000000000000000,0.0000000000000000,-0.0000000000048738,-0.0523829836980400,0.0000000000000000,3.9401388010863800,3.0011970730,674.963,1965.702,395.8233,2.1787
1.0272187167147264,-0.0000000000000010,0.0000000000000000,0.0000000000015606,-0.0524301471307080,0.0000000000000000,3.9431066169362166,3.0011931744,675.508,1965.890,394.6069,2.1768
1.0272302076324513,-0.0000000000000000,0.0000000000000000,-0.0000000000061567,-0.0524771701662743,0.0000000000000000,3.9460744327860531,3.0011892882,676.051,1966.076,393.3976,2.1750
1.0272417072699129,-0.0000000000000000,0.0000000000000000,0.0000000000000015,-0.0525240539596810,0.0000000000000000,3.9490422486358900,3.0011854144,676.592,1966.262,392.1952,2.1731
1.0272532156558596,0.0000000000000000,0.0000000000000000,-0.0000000000000005,-0.0525707996324577,0.0000000000000000,3.9520100644857266,3.0011815529,677.131,1966.448,390.9998,2.1712
1.0272647328315003,-0.0000000000000000,0.0000000000000000,-0.0000000000000007,-0.0526174083077217,0.0000000000000000,3.9549778803355631,3.0011777037,677.667,1966.633,389.8113,2.1692
1.0272762588342921,0.0000000000000000,0.0000000000000000,-0.0000000000000099,-0.0526638810947020,0.0000000000000000,3.9579456961854000,3.0011738668,678.202,1966.817,388.6296,2.1673
1.0272877936998819,-0.0000000000000015,0.0000000000000000,-0.0000000000026380,-0.0527102190912323,0.0000000000000000,3.9609135120352366,3.0011700419,678.734,1967.001,387.4546,2.1653
1.0272993374657635,-0.0000000000000002,0.0000000000000000,-0.0000000000043361,-0.0527564233849699,0.0000000000000000,3.9638813278850735,3.0011662291,679.264,1967.184,386.2864,2.1633
1.0273108901697778,-0.0000000000000000,0.0000000000000000,-0.0000000000024698,-0.0528024950583250,0.0000000000000000,3.9668491437349100,3.0011624282,679.793,1967.366,385.1248,2.1613
1.0273224518414035,-0.0000000000000026,0.0000000000000000,-0.0000000000064686,-0.0528484351706984,0.0000000000000000,3.9698169595847466,3.0011586393,680.319,1967.548,383.9698,2.1593
1.0273340225237177,-0.0000000000000000,0.0000000000000000,0.0000000000000002,-0.0528942447888955,0.0000000000000000,3.9727847754345831,3.0011548622,680.843,1967.729,382.8214,2.1572
1.0273456022421110,-0.0000000000000000,0.0000000000000000,0.0000000000000010,-0.0529399249518156,0.0000000000000000,3.9757525912844200,3.0011510968,681.365,1967.910,381.6794,2.1552
1.0273571910331520,-0.0000000000000000,0.0000000000000000,-0.0000000000000026,-0.0529854766997348,0.0000000000000000,3.9787204071342566,3.0011473432,681.885,1968.090,380.5440,2.1531
1.0273687889296639,-0.0000000000000000,0.0000000000000000,-0.0000000000000060,-0.0530309010602108,0.0000000000000000,3.9816882229840935,3.0011436012,682.403,1968.270,379.4149,2.1510
1.0273803959639352,-0.0000000000000000,0.0000000000000000,0.0000000000000011,-0.0530761990511519,0.0000000000000000,3.9846560388339300,3.0011398708,682.919,1968.449,378.2921,2.1488
1.0273920121655900,-0.0000000000000000,0.0000000000000000,-0.0000000000046512,-0.0531213716793993,0.0000000000000000,3.9876238546837666,3.0011361518,683.433,1968.627,377.1757,2.1467
1.0274036375711100,-0.0000000000000000,0.0000000000000000,-0.0000000000022215,-0.0531664199471463,0.0000000000000000,3.9905916705336031,3.0011324443,683.945,1968.805,376.0655,2.1445
1.0274152722042873,-0.0000000000000006,0.0000000000000000,-0.0000000000082364,-0.0532113448396211,0.0000000000000000,3.9935594863834400,3.0011287481,684.455,1968.982,374.9615,2.1423
1.0274269161056175,-0.0000000000000014,0.0000000000000000,-0.0000000000013068,-0.0532561473457213,0.0000000000000000,3.9965273022332766,3.0011250633,684.964,1969.159,373.8636,2.1401
1.0274385692970398,-0.0000000000000015,0.0000000000000000,0.0000000000024720,-0.0533008284300369,0.0000000000000000,3.9994951180831135,3.0011213896,685.470,1969.335,372.7719,2.1379
1.0274502318062804,-0.0000000000000000,0.0000000000000000,-0.0000000000000000,-0.0533453890535786,0.0000000000000000,4.0024629339329501,3.0011177272,685.974,1969.511,371.6862,2.1357
1.0274619036664148,-0.0000000000000000,0.0000000000000000,-0.0000000000000003,-0.0533898301735122,0.0000000000000000,4.0054307497827866,3.0011140758,686.477,1969.686,370.6065,2.1334
1.0274735849046699,-0.0000000000000000,0.0000000000000000,0.0000000000000012,-0.0534341527338642,0.0000000000000000,4.0083985656326231,3.0011104355,686.977,1969.860,369.5327,2.1311
1.0274852755489829,-0.0000000000000000,0.0000000000000000,-0.0000000000000004,-0.0534783576708978,0.0000000000000000,4.0113663814824605,3.0011068061,687.476,1970.034,368.4649,2.1288
1.0274969756231715,-0.0000000000000000,0.0000000000000000,-0.0000000000068440,-0.0535224459081995,0.0000000000000000,4.0143341973322970,3.0011031877,687.973,1970.208,367.4029,2.1265
1.0275086851620234,-0.0000000000000000,0.0000000000000000,-0.0000000000065169,-0.0535664183741294,0.0000000000000000,4.0173020131821335,3.0010995801,688.468,1970.381,366.3468,2.1242
1.0275204041868635,-0.0000000000000016,0.0000000000000000,-0.0000000000084800,-0.0536102759732147,0.0000000000000000,4.0202698290319701,3.0010959833,688.961,1970.553,365.2964,2.1218
1.0275321327265017,-0.0000000000000013,0.0000000000000000,-0.0000000000079319,-0.0536540196108782,0.0000000000000000,4.0232376448818066,3.0010923972,689.453,1970.725,364.2518,2.1194
1.0275438708054900,-0.0000000000000046,0.0000000000000000,-0.0000000000071030,-0.0536976501803046,0.0000000000000000,4.0262054607316431,3.0010888218,689.942,1970.896,363.2129,2.1170
1.0275556184521595,-0.0000000000000000,0.0000000000000000,-0.0000000000005980,-0.0537411685713216,0.0000000000000000,4.0291732765814805,3.0010852570,690.430,1971.067,362.1796,2.1146
1.0275673756857173,-0.0000000000000000,0.0000000000000000,0.0000000000000002,-0.0537845756568826,0.0000000000000000,4.0321410924313170,3.0010817027,690.916,1971.237,361.1519,2.1122
1.0275791425334058,0.0000000000000000,0.0000000000000000,-0.0000000000000005,-0.0538278723101247,0.0000000000000000,4.0351089082811535,3.0010781589,691.400,1971.407,360.1298,2.1097
1.0275909190198416,-0.0000000000000000,0.0000000000000000,-0.0000000000000002,-0.0538710593944925,0.0000000000000000,4.0380767241309901,3.0010746255,691.882,1971.576,359.1131,2.1072
1.0276027051689347,-0.0000000000000000,0.0000000000000000,0.0000000000000014,-0.0539141377653786,0.0000000000000000,4.0410445399808266,3.0010711025,692.363,1971.745,358.1020,2.1047
1.0276145010042359,0.0000000000000000,0.0000000000000000,0.0000000000000001,-0.0539571082706069,0.0000000000000000,4.0440123558306631,3.0010675898,692.842,1971.913,357.0963,2.1022
1.0276263065468210,-0.0000000000000000,0.0000000000000000,-0.0000000000042112,-0.0539999717484121,0.0000000000000000,4.0469801716805005,3.0010640874,693.319,1972.081,356.0960,2.0997
1.0276381218212303,-0.0000000000000000,0.0000000000000000,-0.0000000000093443,-0.0540427290337409,0.0000000000000000,4.0499479875303370,3.0010605952,693.795,1972.248,355.1010,2.0971
1.0276499468555322,-0.0000000000000022,0.0000000000000000,-0.0000000000042959,-0.0540853809572182,0.0000000000000000,4.0529158033801735,3.0010571130,694.269,1972.415,354.1114,2.0945
1.0276617816662470,-0.0000000000000000,0.0000000000000000,-0.0000000000000010,-0.0541279283315019,0.0000000000000000,4.0558836192300101,3.0010536410,694.741,1972.581,353.1270,2.0919
1.0276736262736588,-0.0000000000000000,0.0000000000000000,-0.0000000000000001,-0.0541703719670496,0.0000000000000000,4.0588514350798466,3.0010501790,695.211,1972.747,352.1479,2.0893
1.0276854807013653,-0.0000000000000000,0.0000000000000000,-0.0000000000000011,-0.0542127126698178,0.0000000000000000,4.0618192509296840,3.0010467269,695.680,1972.912,351.1739,2.0867
1.0276973449705731,-0.0000000000000000,0.0000000000000000,-0.0000000000000008,-0.0542549512370557,0.0000000000000000,4.0647870667795205,3.0010432848,696.147,1973.077,350.2052,2.0840
1.0277092190995025,-0.0000000000000000,0.0000000000000000,-0.0000000000053749,-0.0542970884566304,0.0000000000000000,4.0677548826293570,3.0010398525,696.612,1973.241,349.2415,2.0813
1.0277211031144846,-0.0000000000000001,0.0000000000000000,-0.0000000000047124,-0.0543391251175103,0.0000000000000000,4.0707226984791935,3.0010364300,697.076,1973.405,348.2829,2.0786
1.0277329970316715,-0.0000000000000000,0.0000000000000000,-0.0000000000059780,-0.0543810619921945,0.0000000000000000,4.0736905143290301,3.0010330173,697.538,1973.568,347.3294,2.0759
1.0277449008731128,-0.0000000000000008,0.0000000000000000,-0.0000000000054514,-0.0544228998535427,0.0000000000000000,4.0766583301788675,3.0010296142,697.999,1973.731,346.3808,2.0732
1.0277568146600580,-0.0000000000000000,0.0000000000000000,0.0000000000000004,-0.0544646394659791,0.0000000000000000,4.0796261460287031,3.0010262208,698.458,1973.893,345.4372,2.0704
1.0277687384067169,0.0000000000000000,0.0000000000000000,0.0000000000000007,-0.0545062815817563,0.0000000000000000,4.0825939618785405,3.0010228370,698.915,1974.055,344.4986,2.0677
1.0277806721349991,-0.0000000000000000,0.0000000000000000,-0.0000000000000028,-0.0545478269540858,0.0000000000000000,4.0855617777283770,3.0010194627,699.371,1974.217,343.5649,2.0649
1.0277926158637996,-0.0000000000000000,0.0000000000000000,-0.0000000000000033,-0.0545892763272310,0.0000000000000000,4.0885295935782136,3.0010160979,699.825,1974.378,342.6360,2.0621
1.0278045696090565,-0.0000000000000000,0.0000000000000000,-0.0000000000053659,-0.0546306304366687,0.0000000000000000,4.0914974094280501,3.0010127425,700.278,1974.538,341.7119,2.0592
1.0278165333939284,-0.0000000000000000,0.0000000000000000,-0.0000000000066483,-0.0546718900185717,0.0000000000000000,4.0944652252778866,3.0010093965,700.729,1974.698,340.7927,2.0564
1.0278285072341788,-0.0000000000000004,0.0000000000000000,-0.0000000000083217,-0.0547130557961645,0.0000000000000000,4.0974330411277240,3.0010060598,701.178,1974.858,339.8781,2.0535
1.0278404911492411,-0.0000000000000024,0.0000000000000000,-0.0000000000075417,-0.0547541284908130,0.0000000000000000,4.1004008569775605,3.0010027324,701.626,1975.017,338.9684,2.0506
1.0278524851587831,-0.0000000000000000,0.0000000000000000,0.0000000000000001,-0.0547951088174847,0.0000000000000000,4.1033686728273970,3.0009994142,702.073,1975.175,338.0633,2.0477
1.0278644892731132,-0.0000000000000000,0.0000000000000000,0.0000000000000024,-0.0548359974773873,0.0000000000000000,4.1063364886772336,3.0009961052,702.518,1975.334,337.1628,2.0448
1.0278765035131403,0.0000000000000000,0.0000000000000000,0.0000000000000006,-0.0548767951756092,0.0000000000000000,4.1093043045270701,3.0009928053,702.961,1975.491,336.2670,2.0418
1.0278885278957890,-0.0000000000000000,0.0000000000000000,-0.0000000000000741,-0.0549175026079681,0.0000000000000000,4.1122721203769075,3.0009895144,703.403,1975.649,335.3757,2.0388
1.0279005624338617,-0.0000000000000000,0.0000000000000000,-0.0000000000077564,-0.0549581204609434,0.0000000000000000,4.1152399362267431,3.0009862326,703.844,1975.806,334.4890,2.0358
1.0279126071507643,-0.0000000000000001,0.0000000000000000,-0.0000000000095892,-0.0549986494254226,0.0000000000000000,4.1182077520765805,3.0009829598,704.283,1975.962,333.6069,2.0328
1.0279246620614433,-0.0000000000000001,0.0000000000000000,-0.0000000000081477,-0.0550390901792473,0.0000000000000000,4.1211755679264170,3.0009796959,704.720,1976.118,332.7292,2.0298
1.0279367271812128,-0.0000000000000034,0.0000000000000000,-0.0000000000047521,-0.0550794433945606,0.0000000000000000,4.1241433837762536,3.0009764409,705.156,1976.273,331.8560,2.0267
1.0279488025205534,-0.0000000000000026,0.0000000000000000,-0.0000000000098254,-0.0551197097336903,0.0000000000000000,4.1271111996260910,3.0009731947,705.591,1976.429,330.9872,2.0237
1.0279608881071605,-0.0000000000000000,0.0000000000000000,-0.0000000000000022,-0.0551598898710610,0.0000000000000000,4.1300790154759266,3.0009699573,706.024,1976.583,330.1228,2.0206
1.0279729839439229,-0.0000000000000000,0.0000000000000000,0.0000000000000002,-0.0551999844513354,0.0000000000000000,4.1330468313257640,3.0009667286,706.456,1976.737,329.2627,2.0175
1.0279850900510432,-0.0000000000000000,0.0000000000000000,-0.0000000000000008,-0.0552399941307879,0.0000000000000000,4.1360146471756005,3.0009635086,706.886,1976.891,328.4070,2.0143
1.0279972064435907,-0.0000000000000000,0.0000000000000000,-0.0000000000000008,-0.0552799195557283,0.0000000000000000,4.1389824630254370,3.0009602973,707.315,1977.045,327.5556,2.0112
1.0280093331364448,-0.0000000000000000,0.0000000000000000,0.0000000000000050,-0.0553197613672512,0.0000000000000000,4.1419502788752736,3.0009570945,707.742,1977.198,326.7085,2.0080
1.0280214701408925,-0.0000000000000000,0.0000000000000000,-0.0000000000071158,-0.0553595201984108,0.0000000000000000,4.1449180947251101,3.0009539003,708.168,1977.350,325.8656,2.0048
1.0280336174778704,-0.0000000000000000,0.0000000000000000,-0.0000000000076904,-0.0553991966849873,0.0000000000000000,4.1478859105749475,3.0009507146,708.593,1977.502,325.0269,2.0016
1.0280457751578576,-0.0000000000000001,0.0000000000000000,-0.0000000000102030,-0.0554387914504774,0.0000000000000000,4.1508537264247840,3.0009475373,709.016,1977.654,324.1924,1.9984
1.0280579432027930,-0.0000000000000000,0.0000000000000000,0.0000000000008567,-0.0554783051224560,0.0000000000000000,4.1538215422746205,3.0009443685,709.438,1977.805,323.3621,1.9951
1.0280701216070995,-0.0000000000000017,0.0000000000000000,-0.0000000000133711,-0.0555177382983034,0.0000000000000000,4.1567893581244570,3.0009412080,709.859,1977.956,322.5358,1.9919
1.0280823104111025,0.0000000000000000,0.0000000000000000,-0.0000000000000001,-0.0555570916138751,0.0000000000000000,4.1597571739742936,3.0009380559,710.278,1978.107,321.7137,1.9886
1.0280945096080558,0.0000000000000000,0.0000000000000000,-0.0000000000000008,-0.0555963656563295,0.0000000000000000,4.1627249898241310,3.0009349120,710.696,1978.257,320.8957,1.9853
1.0281067192181548,-0.0000000000000000,0.0000000000000000,-0.0000000000000002,-0.0556355610332307,0.0000000000000000,4.1656928056739675,3.0009317764,711.113,1978.407,320.0817,1.9819
1.0281189392547809,-0.0000000000000000,0.0000000000000000,0.0000000000000010,-0.0556746783412624,0.0000000000000000,4.1686606215238040,3.0009286490,711.528,1978.556,319.2717,1.9786
1.0281311697273978,-0.0000000000000000,0.0000000000000000,-0.0000000000077680,-0.0557137181691475,0.0000000000000000,4.1716284373736405,3.0009255297,711.942,1978.705,318.4657,1.9752
1.0281434106582577,-0.0000000000000000,0.0000000000000000,-0.0000000000044089,-0.0557526811121636,0.0000000000000000,4.1745962532234770,3.0009224185,712.354,1978.853,317.6636,1.9718
1.0281556620565402,-0.0000000000000007,0.0000000000000000,0.0000000000022509,-0.0557915677499505,0.0000000000000000,4.1775640690733145,3.0009193154,712.765,1979.001,316.8655,1.9684
1.0281679239254713,-0.0000000000000000,0.0000000000000000,-0.0000000000071949,-0.0558303786520250,0.0000000000000000,4.1805318849231501,3.0009162203,713.175,1979.149,316.0712,1.9650
1.0281801962919088,-0.0000000000000000,0.0000000000000000,-0.0000000000039843,-0.0558691144051363,0.0000000000000000,4.1834997007729875,3.0009131331,713.584,1979.296,315.2809,1.9615
1.0281924791624542,-0.0000000000000000,0.0000000000000000,0.0000000000000006,-0.0559077755729638,0.0000000000000000,4.1864675166228240,3.0009100540,713.991,1979.443,314.4944,1.9581
1.0282047725472694,0.0000000000000000,0.0000000000000000,-0.0000000000000005,-0.0559463627186811,0.0000000000000000,4.1894353324726605,3.0009069827,714.398,1979.590,313.7117,1.9546
1.0282170764605463,-0.0000000000000000,0.0000000000000000,-0.0000000000000006,-0.0559848764045242,0.0000000000000000,4.1924031483224971,3.0009039192,714.802,1979.736,312.9329,1.9511
1.0282293909144389,-0.0000000000000000,0.0000000000000000,-0.0000000000000054,-0.0560233171867871,0.0000000000000000,4.1953709641723336,3.0009008636,715.206,1979.882,312.1578,1.9475
1.0282417159177950,-0.0000000000000000,0.0000000000000000,-0.0000000000065650,-0.0560616856147337,0.0000000000000000,4.1983387800221710,3.0008978157,715.608,1980.027,311.3864,1.9440
1.0282540514899183,-0.0000000000000001,0.0000000000000000,-0.0000000000040502,-0.0560999822423319,0.0000000000000000,4.2013065958720075,3.0008947756,716.009,1980.172,310.6188,1.9404
1.0282663976381119,-0.0000000000000007,0.0000000000000000,-0.0000000000030718,-0.0561382076105242,0.0000000000000000,4.2042744117218440,3.0008917432,716.409,1980.317,309.8549,1.9368
1.0282787543719745,-0.0000000000000016,0.0000000000000000,-0.0000000000062145,-0.0561763622554493,0.0000000000000000,4.2072422275716805,3.0008887184,716.808,1980.461,309.0946,1.9332
1.0282911217050867,-0.0000000000000062,0.0000000000000000,-0.0000000000105449,-0.0562144467153945,0.0000000000000000,4.2102100434215171,3.0008857012,717.205,1980.605,308.3380,1.9296
1.0283034996561913,-0.0000000000000000,0.0000000000000000,-0.0000000000000000,-0.0562524615272640,0.0000000000000000,4.2131778592713545,3.0008826916,717.601,1980.748,307.5851,1.9260
1.0283158882247623,-0.0000000000000000,0.0000000000000000,0.0000000000000019,-0.0562904072088975,0.0000000000000000,4.2161456751211910,3.0008796895,717.996,1980.891,306.8357,1.9223
1.0283282874270205,-0.0000000000000000,0.0000000000000000,0.0000000000000013,-0.0563282842878121,0.0000000000000000,4.2191134909710275,3.0008766950,718.390,1981.034,306.0899,1.9186
1.0283406972741240,-0.0000000000000000,0.0000000000000000,0.0000000000000047,-0.0563660932835645,0.0000000000000000,4.2220813068208640,3.0008737078,718.783,1981.176,305.3476,1.9149
1.0283531177773675,-0.0000000000000000,0.0000000000000000,-0.0000000000000520,-0.0564038347123596,0.0000000000000000,4.2250491226707005,3.0008707281,719.174,1981.318,304.6089,1.9112
1.0283655489395844,-0.0000000000000002,0.0000000000000000,-0.0000000000143394,-0.0564415090770052,0.0000000000000000,4.2280169385205379,3.0008677558,719.564,1981.460,303.8737,1.9074
1.0283779907933679,-0.0000000000000005,0.0000000000000000,-0.0000000000027523,-0.0564791169084483,0.0000000000000000,4.2309847543703736,3.0008647908,719.953,1981.601,303.1420,1.9036
1.0283904433275155,-0.0000000000000038,0.0000000000000000,-0.0000000000066465,-0.0565166586881952,0.0000000000000000,4.2339525702202110,3.0008618331,720.341,1981.742,302.4137,1.8999
1.0284029065595548,-0.0000000000000004,0.0000000000000000,-0.0000000000125237,-0.0565541349231358,0.0000000000000000,4.2369203860700475,3.0008588827,720.728,1981.883,301.6889,1.8960
1.0284153805112903,-0.0000000000000000,0.0000000000000000,0.0000000000000019,-0.0565915461228098,0.0000000000000000,4.2398882019198840,3.0008559395,721.113,1982.023,300.9675,1.8922
1.0284278651768346,-0.0000000000000000,0.0000000000000000,-0.0000000000000006,-0.0566288927631102,0.0000000000000000,4.2428560177697214,3.0008530035,721.498,1982.163,300.2495,1.8884
1.0284403605731807,-0.0000000000000000,0.0000000000000000,-0.0000000000000010,-0.0566661753403679,0.0000000000000000,4.2458238336195571,3.0008500746,721.881,1982.303,299.5348,1.8845
1.0284528667106994,-0.0000000000000000,0.0000000000000000,-0.0000000000000022,-0.0567033943406389,0.0000000000000000,4.2487916494693945,3.0008471529,722.263,1982.442,298.8235,1.8806
1.0284653835996811,-0.0000000000000000,0.0000000000000000,-0.0000000000000008,-0.0567405502464297,0.0000000000000000,4.2517594653192310,3.0008442382,722.644,1982.581,298.1156,1.8767
1.0284779112476417,-0.0000000000000000,0.0000000000000000,-0.0000000000054909,-0.0567776435343609,0.0000000000000000,4.2547272811690675,3.0008413306,723.024,1982.719,297.4109,1.8728
1.0284904496711524,-0.0000000000000000,0.0000000000000000,-0.0000000000036949,-0.0568146746858897,0.0000000000000000,4.2576950970189040,3.0008384300,723.403,1982.857,296.7095,1.8688
1.0285029988686405,-0.0000000000000017,0.0000000000000000,-0.0000000000171181,-0.0568516441616092,0.0000000000000000,4.2606629128687405,3.0008355364,723.780,1982.995,296.0114,1.8649
1.0285155588712800,-0.0000000000000001,0.0000000000000000,-0.0000000000046990,-0.0568885524513024,0.0000000000000000,4.2636307287185780,3.0008326497,724.157,1983.132,295.3165,1.8609
1.0285281296698319,-0.0000000000000014,0.0000000000000000,-0.0000000000038570,-0.0569254000015604,0.0000000000000000,4.2665985445684145,3.0008297699,724.532,1983.270,294.6249,1.8569
1.0285407112807012,-0.0000000000000011,0.0000000000000000,-0.0000000000019644,-0.0569621872803843,0.0000000000000000,4.2695663604182510,3.0008268969,724.907,1983.406,293.9365,1.8529
1.0285533037128693,-0.0000000000000000,0.0000000000000000,-0.0000000000000003,-0.0569989147456375,0.0000000000000000,4.2725341762680875,3.0008240308,725.280,1983.543,293.2512,1.8488
1.0285659069755495,0.0000000000000000,0.0000000000000000,0.0000000000000033,-0.0570355828529455,0.0000000000000000,4.2755019921179240,3.0008211715,725.652,1983.679,292.5691,1.8447
1.0285785210792173,0.0000000000000000,0.0000000000000000,0.0000000000000002,-0.0570721920548863,0.0000000000000000,4.2784698079677606,3.0008183190,726.023,1983.815,291.8901,1.8407
1.0285911460335104,-0.0000000000000000,0.0000000000000000,-0.0000000000000021,-0.0571087428004793,0.0000000000000000,4.2814376238175980,3.0008154732,726.393,1983.950,291.2143,1.8365
1.0286037818480143,0.0000000000000000,0.0000000000000000,-0.0000000000000019,-0.0571452355355617,0.0000000000000000,4.2844054396674345,3.0008126340,726.762,1984.085,290.5416,1.8324
1.0286164285322592,-0.0000000000000000,0.0000000000000000,-0.0000000000000007,-0.0571816707028380,0.0000000000000000,4.2873732555172710,3.0008098016,727.130,1984.220,289.8719,1.8283
1.0286290860915992,-0.0000000000000032,0.0000000000000000,-0.0000000000088763,-0.0572180487385321,0.0000000000000000,4.2903410713671075,3.0008069758,727.497,1984.355,289.2053,1.8241
1.0286417545482478,-0.0000000000000004,0.0000000000000000,0.0000000000007375,-0.0572543700895721,0.0000000000000000,4.2933088872169440,3.0008041565,727.863,1984.489,288.5418,1.8199
1.0286544338952315,-0.0000000000000020,0.0000000000000000,-0.0000000000056873,-0.0572906351760110,0.0000000000000000,4.2962767030667806,3.0008013438,728.228,1984.623,287.8812,1.8157
1.0286671241537682,-0.0000000000000011,0.0000000000000000,-0.0000000000038233,-0.0573268444384170,0.0000000000000000,4.2992445189166180,3.0007985377,728.592,1984.756,287.2237,1.8115
1.0286798253266476,-0.0000000000000033,0.0000000000000000,-0.0000000000057017,-0.0573629982974687,0.0000000000000000,4.3022123347664545,3.0007957380,728.954,1984.889,286.5692,1.8072
1.0286925374298801,-0.0000000000000000,0.0000000000000000,0.0000000000000011,-0.0573990971862484,0.0000000000000000,4.3051801506162910,3.0007929449,729.316,1985.022,285.9176,1.8030
1.0287052604651361,-0.0000000000000000,0.0000000000000000,0.0000000000000017,-0.0574351415173065,0.0000000000000000,4.3081479664661275,3.0007901581,729.677,1985.155,285.2690,1.7987
1.0287179944446927,-0.0000000000000000,0.0000000000000000,0.0000000000000018,-0.0574711317128004,0.0000000000000000,4.3111157823159640,3.0007873777,730.037,1985.287,284.6233,1.7944
1.0287307393776837,0.0000000000000000,0.0000000000000000,0.0000000000000031,-0.0575070681885207,0.0000000000000000,4.3140835981658014,3.0007846037,730.395,1985.419,283.9806,1.7901
1.0287434952732037,-0.0000000000000000,0.0000000000000000,-0.0000000000000023,-0.0575429513574091,0.0000000000000000,4.3170514140156380,3.0007818361,730.753,1985.551,283.3407,1.7857
1.0287562621403152,-0.0000000000000000,0.0000000000000000,0.0000000000000015,-0.0575787816295897,0.0000000000000000,4.3200192298654745,3.0007790747,731.110,1985.682,282.7037,1.7813
1.0287690399880829,-0.0000000000000000,0.0000000000000000,-0.0000000000004743,-0.0576145594129213,0.0000000000000000,4.3229870457153110,3.0007763196,731.466,1985.813,282.0696,1.7770
1.0287818288221164,-0.0000000000000000,0.0000000000000000,-0.0000000000060820,-0.0576502851067670,0.0000000000000000,4.3259548615651475,3.0007735708,731.821,1985.944,281.4383,1.7726
1.0287946286580187,-0.0000000000000002,0.0000000000000000,-0.0000000000061065,-0.0576859591216911,0.0000000000000000,4.3289226774149849,3.0007708282,732.174,1986.074,280.8098,1.7681
1.0288074395034419,-0.0000000000000000,0.0000000000000000,-0.0000000000032389,-0.0577215818557699,0.0000000000000000,4.3318904932648215,3.0007680917,732.527,1986.204,280.1842,1.7637
1.0288202613630630,-0.0000000000000033,0.0000000000000000,-0.0000000000035497,-0.0577571536990408,0.0000000000000000,4.3348583091146580,3.0007653614,732.879,1986.334,279.5613,1.7592
1.0288330942486084,-0.0000000000000035,0.0000000000000000,-0.0000000000022943,-0.0577926750488908,0.0000000000000000,4.3378261249644945,3.0007626372,733.230,1986.464,278.9412,1.7547
1.0288459381692021,-0.0000000000000000,0.0000000000000000,0.0000000000000011,-0.0578281462976038,0.0000000000000000,4.3407939408143310,3.0007599191,733.580,1986.593,278.3239,1.7502
1.0288587931315671,-0.0000000000000000,0.0000000000000000,-0.0000000000000012,-0.0578635678309430,0.0000000000000000,4.3437617566641675,3.0007572070,733.929,1986.722,277.7093,1.7457
1.0288716591457521,-0.0000000000000000,0.0000000000000000,0.0000000000000025,-0.0578989400361403,0.0000000000000000,4.3467295725140040,3.0007545010,734.277,1986.850,277.0974,1.7412
1.0288845362205492,-0.0000000000000000,0.0000000000000000,0.0000000000000015,-0.0579342632965649,0.0000000000000000,4.3496973883638415,3.0007518010,734.624,1986.979,276.4883,1.7366
1.0288974243647295,-0.0000000000000000,0.0000000000000000,0.0000000000000011,-0.0579695379930276,0.0000000000000000,4.3526652042136780,3.0007491069,734.971,1987.107,275.8818,1.7320
1.0289103235870503,0.0000000000000000,0.0000000000000000,0.0000000000000004,-0.0580047645038396,0.0000000000000000,4.3556330200635145,3.0007464188,735.316,1987.234,275.2780,1.7274
1.0289232338936662,-0.0000000000000033,0.0000000000000000,-0.0000000000046201,-0.0580399432018752,0.0000000000000000,4.3586008359133510,3.0007437366,735.660,1987.362,274.6769,1.7228
1.0289361552977674,-0.0000000000000033,0.0000000000000000,-0.0000000000060147,-0.0580750744655964,0.0000000000000000,4.3615686517631875,3.0007410603,736.004,1987.489,274.0784,1.7181
1.0289490878068202,-0.0000000000000004,0.0000000000000000,-0.0000000000060594,-0.0581101586645096,0.0000000000000000,4.3645364676130249,3.0007383898,736.346,1987.616,273.4825,1.7135
1.0289620314328045,-0.0000000000000000,0.0000000000000000,0.0000000000006342,-0.0581451961709522,0.0000000000000000,4.3675042834628615,3.0007357252,736.688,1987.743,272.8892,1.7088
1.0289749861738307,-0.0000000000000009,0.0000000000000000,-0.0000000000048157,-0.0581801873390250,0.0000000000000000,4.3704720993126980,3.0007330663,737.029,1987.869,272.2986,1.7041
1.0289879520467371,-0.0000000000000000,0.0000000000000000,-0.0000000000071811,-0.0582151325412385,0.0000000000000000,4.3734399151625345,3.0007304132,737.369,1987.995,271.7105,1.6994
1.0290009290632802,-0.0000000000000000,0.0000000000000000,-0.0000000000000021,-0.0582500321416444,0.0000000000000000,4.3764077310123710,3.0007277659,737.708,1988.121,271.1250,1.6946
1.0290139172240838,-0.0000000000000000,0.0000000000000000,0.0000000000000011,-0.0582848864921555,0.0000000000000000,4.3793755468622084,3.0007251242,738.046,1988.246,270.5421,1.6899
1.0290269165411949,-0.0000000000000000,0.0000000000000000,0.0000000000000036,-0.0583196959524246,0.0000000000000000,4.3823433627120441,3.0007224882,738.383,1988.371,269.9616,1.6851
1.0290399270232504,0.0000000000000000,0.0000000000000000,0.0000000000000006,-0.0583544608768572,0.0000000000000000,4.3853111785618815,3.0007198579,738.719,1988.496,269.3837,1.6803
1.0290529486788818,-0.0000000000000000,0.0000000000000000,0.0000000000000022,-0.0583891816175985,0.0000000000000000,4.3882789944117180,3.0007172332,739.055,1988.621,268.8083,1.6755
1.0290659815167200,0.0000000000000000,0.0000000000000000,0.0000000000000017,-0.0584238585245616,0.0000000000000000,4.3912468102615545,3.0007146142,739.389,1988.745,268.2354,1.6706
1.0290790255440951,-0.0000000000000001,0.0000000000000000,-0.0000000000029675,-0.0584584919444969,0.0000000000000000,4.3942146261113910,3.0007120006,739.723,1988.869,267.6650,1.6658
1.0290920807735064,-0.0000000000000000,0.0000000000000000,-0.0000000000000023,-0.0584930822256200,0.0000000000000000,4.3971824419612275,3.0007093927,740.056,1988.993,267.0970,1.6609
1.0291051472096979,0.0000000000000000,0.0000000000000000,0.0000000000000009,-0.0585276297084684,0.0000000000000000,4.4001502578110649,3.0007067902,740.388,1989.117,266.5315,1.6560
1.0291182248590656,-0.0000000000000001,0.0000000000000000,-0.0000000000064923,-0.0585621347313085,0.0000000000000000,4.4031180736609015,3.0007041933,740.719,1989.240,265.9685,1.6510
1.0291313137407800,-0.0000000000000000,0.0000000000000000,0.0000000000000007,-0.0585965976443870,0.0000000000000000,4.4060858895107380,3.0007016018,741.049,1989.363,265.4078,1.6461
1.0291444138529131,-0.0000000000000000,0.0000000000000000,-0.0000000000000002,-0.0586310187732719,0.0000000000000000,4.4090537053605745,3.0006990157,741.379,1989.486,264.8495,1.6411
1.0291575252051868,-0.0000000000000000,0.0000000000000000,-0.0000000000051512,-0.0586653984541799,0.0000000000000000,4.4120215212104110,3.0006964350,741.707,1989.608,264.2937,1.6362
1.0291706478117539,-0.0000000000000000,0.0000000000000000,-0.0000000000037340,-0.0586997370251516,0.0000000000000000,4.4149893370602484,3.0006938598,742.035,1989.731,263.7402,1.6312
1.0291837816792055,0.0000000000000000,0.0000000000000000,0.0000000000000027,-0.0587340348142592,0.0000000000000000,4.4179571529100850,3.0006912899,742.362,1989.853,263.1891,1.6261
1.0291969268133787,-0.0000000000000000,0.0000000000000000,0.0000000000000015,-0.0587682921479837,0.0000000000000000,4.4209249687599215,3.0006887253,742.688,1989.974,262.6403,1.6211
1.0292100832203095,-0.0000000000000033,0.0000000000000000,-0.0000000000079482,-0.0588025093494166,0.0000000000000000,4.4238927846097580,3.0006861660,743.014,1990.096,262.0939,1.6160
1.0292232509195618,-0.0000000000000000,0.0000000000000000,-0.0000000000044725,-0.0588366867556852,0.0000000000000000,4.4268606004595945,3.0006836121,743.338,1990.217,261.5498,1.6110
1.0292364299145087,-0.0000000000000000,0.0000000000000000,0.0000000000021233,-0.0588708246822056,0.0000000000000000,4.4298284163094319,3.0006810633,743.662,1990.338,261.0080,1.6059
1.0292496202077057,-0.0000000000000000,0.0000000000000000,-0.0000000000000002,-0.0589049234433556,0.0000000000000000,4.4327962321592675,3.0006785198,743.985,1990.458,260.4685,1.6007
1.0292628218140238,-0.0000000000000000,0.0000000000000000,0.0000000000000013,-0.0589389833648762,0.0000000000000000,4.4357640480091050,3.0006759815,744.307,1990.579,259.9313,1.5956
1.0292760347378125,-0.0000000000000000,0.0000000000000000,-0.0000000000060662,-0.0589730047588196,0.0000000000000000,4.4387318638589415,3.0006734484,744.628,1990.699,259.3964,1.5904
1.0292892589938278,-0.0000000000000000,0.0000000000000000,-0.0000000000061091,-0.0590069879457343,0.0000000000000000,4.4416996797087780,3.0006709205,744.949,1990.819,258.8637,1.5853
1.0293024945891203,-0.0000000000000001,0.0000000000000000,-0.0000000000035720,-0.0590409332368210,0.0000000000000000,4.4446674955586154,3.0006683976,745.269,1990.939,258.3333,1.5801
1.0293157415296561,-0.0000000000000014,0.0000000000000000,-0.0000000000028683,-0.0590748409395762,0.0000000000000000,4.4476353114084510,3.0006658799,745.588,1991.058,257.8051,1.5748
1.0293289998266988,-0.0000000000000000,0.0000000000000000,0.0000000000000019,-0.0591087113662138,0.0000000000000000,4.4506031272582884,3.0006633673,745.906,1991.177,257.2791,1.5696
1.0293422694865442,-0.0000000000000000,0.0000000000000000,0.0000000000000017,-0.0591425448216120,0.0000000000000000,4.4535709431081250,3.0006608597,746.223,1991.296,256.7553,1.5644
1.0293555505192531,0.0000000000000000,0.0000000000000000,-0.0000000000000015,-0.0591763416121370,0.0000000000000000,4.4565387589579615,3.0006583572,746.540,1991.415,256.2338,1.5591
1.0293688429309640,-0.0000000000000000,0.0000000000000000,-0.0000000000058270,-0.0592101020389054,0.0000000000000000,4.4595065748077980,3.0006558596,746.856,1991.533,255.7144,1.5538
1.0293821467374529,-0.0000000000000002,0.0000000000000000,-0.0000000000022107,-0.0592438264100863,0.0000000000000000,4.4624743906576345,3.0006533671,747.171,1991.651,255.1972,1.5485
1.0293954619406733,-0.0000000000000002,0.0000000000000000,-0.0000000000039661,-0.0592775150190080,0.0000000000000000,4.4654422065074719,3.0006508795,747.485,1991.769,254.6822,1.5431
1.0294087885547649,-0.0000000000000000,0.0000000000000000,0.0000000000000019,-0.0593111681688353,0.0000000000000000,4.4684100223573084,3.0006483968,747.799,1991.887,254.1693,1.5378
1.0294221265839665,-0.0000000000000000,0.0000000000000000,0.0000000000000009,-0.0593447861518315,0.0000000000000000,4.4713778382071450,3.0006459191,748.111,1992.005,253.6585,1.5324
1.0294354760390279,0.0000000000000000,0.0000000000000000,0.0000000000000109,-0.0593783692642595,0.0000000000000000,4.4743456540569815,3.0006434462,748.424,1992.122,253.1499,1.5270
1.0294488369288495,-0.0000000000000000,0.0000000000000000,0.0000000000000058,-0.0594119177990406,0.0000000000000000,4.4773134699068180,3.0006409782,748.735,1992.239,252.6434,1.5216
1.0294622092608814,-0.0000000000000000,0.0000000000000000,-0.0000000000032093,-0.0594454320461752,0.0000000000000000,4.4802812857566545,3.0006385151,749.045,1992.356,252.1389,1.5161
1.0294755930450779,-0.0000000000000034,0.0000000000000000,-0.0000000000074103,-0.0594789122959413,0.0000000000000000,4.4832491016064919,3.0006360568,749.355,1992.472,251.6366,1.5107
1.0294889882943634,-0.0000000000000003,0.0000000000000000,-0.0000000000039037,-0.0595123588394755,0.0000000000000000,4.4862169174563284,3.0006336032,749.664,1992.588,251.1364,1.5052
1.0295023950124169,-0.0000000000000011,0.0000000000000000,-0.0000000000043959,-0.0595457719585774,0.0000000000000000,4.4891847333061650,3.0006311545,749.973,1992.704,250.6382,1.4997
1.0295158132075080,-0.0000000000000002,0.0000000000000000,-0.0000000000095813,-0.0595791519363213,0.0000000000000000,4.4921525491560015,3.0006287105,750.281,1992.820,250.1421,1.4942
1.0295292428989311,-0.0000000000000000,0.0000000000000000,-0.0000000000000001,-0.0596124990666716,0.0000000000000000,4.4951203650058380,3.0006262712,750.588,1992.936,249.6480,1.4887
1.0295426840831607,-0.0000000000000000,0.0000000000000000,0.0000000000000003,-0.0596458136177009,0.0000000000000000,4.4980881808556745,3.0006238367,750.894,1993.051,249.1560,1.4831
1.0295561367741799,0.0000000000000000,0.0000000000000000,0.0000000000000021,-0.0596790958740596,0.0000000000000000,4.5010559967055119,3.0006214068,751.199,1993.166,248.6660,1.4775
1.0295696009811022,-0.0000000000000000,0.0000000000000000,0.0000000000000009,-0.0597123461137933,0.0000000000000000,4.5040238125553484,3.0006189816,751.504,1993.281,248.1780,1.4720
1.0295830767127498,-0.0000000000000034,0.0000000000000000,-0.0000000000011168,-0.0597455646134334,0.0000000000000000,4.5069916284051850,3.0006165610,751.808,1993.396,247.6920,1.4663
1.0295965639760944,-0.0000000000000001,0.0000000000000000,-0.0000000000067826,-0.0597787516449233,0.0000000000000000,4.5099594442550215,3.0006141451,752.112,1993.510,247.2080,1.4607
1.0296100627856124,-0.0000000000000002,0.0000000000000000,-0.0000000000066783,-0.0598119074870280,0.0000000000000000,4.5129272601048580,3.0006117337,752.414,1993.625,246.7259,1.4551
1.0296235731511461,-0.0000000000000000,0.0000000000000000,0.0000000000000009,-0.0598450324124049,0.0000000000000000,4.5158950759546954,3.0006093269,752.716,1993.739,246.2459,1.4494
1.0296370950753202,0.0000000000000000,0.0000000000000000,0.0000000000000018,-0.0598781266849005,0.0000000000000000,4.5188628918045319,3.0006069247,753.018,1993.852,245.7678,1.4437
1.0296506285658189,-0.0000000000000000,0.0000000000000000,-0.0000000000096508,-0.0599111905715624,0.0000000000000000,4.5218307076543685,3.0006045270,753.318,1993.966,245.2916,1.4380
1.0296641736423213,-0.0000000000000000,0.0000000000000000,-0.0000000000087525,-0.0599442243499079,0.0000000000000000,4.5247985235042050,3.0006021338,753.618,1994.079,244.8174,1.4323
1.0296777303119162,-0.0000000000000000,0.0000000000000000,-0.0000000000014836,-0.0599772282837866,0.0000000000000000,4.5277663393540415,3.0005997451,753.918,1994.192,244.3451,1.4265
1.0296912985773672,-0.0000000000000000,0.0000000000000000,0.0000000000000003,-0.0600102026298027,0.0000000000000000,4.5307341552038780,3.0005973608,754.216,1994.305,243.8748,1.4207
1.0297048784510543,0.0000000000000000,0.0000000000000000,-0.0000000000000006,-0.0600431476550353,0.0000000000000000,4.5337019710537154,3.0005949810,754.514,1994.418,243.4063,1.4150
1.0297184699428619,-0.0000000000000000,0.0000000000000000,0.0000000000000023,-0.0600760636208657,0.0000000000000000,4.5366697869035519,3.0005926057,754.811,1994.530,242.9398,1.4092
1.0297320730579516,-0.0000000000000000,0.0000000000000000,-0.0000000000081797,-0.0601089507826293,0.0000000000000000,4.5396376027533885,3.0005902347,755.108,1994.643,242.4751,1.4033
1.0297456878170113,-0.0000000000000000,0.0000000000000000,-0.0000000000035883,-0.0601418094108069,0.0000000000000000,4.5426054186032250,3.0005878681,755.404,1994.755,242.0123,1.3975
1.0297593142191475,-0.0000000000000003,0.0000000000000000,-0.0000000000058207,-0.0601746397518345,0.0000000000000000,4.5455732344530615,3.0005855059,755.699,1994.866,241.5514,1.3916
1.0297729522814520,-0.0000000000000000,0.0000000000000000,-0.0000000000000008,-0.0602074420683147,0.0000000000000000,4.5485410503028980,3.0005831480,755.994,1994.978,241.0924,1.3857
1.0297866020067870,-0.0000000000000000,0.0000000000000000,0.0000000000000024,-0.0602402166084427,0.0000000000000000,4.5515088661527354,3.0005807945,756.288,1995.090,240.6352,1.3798
1.0298002634076600,-0.0000000000000000,0.0000000000000000,-0.0000000000000020,-0.0602729636279066,0.0000000000000000,4.5544766820025719,3.0005784452,756.581,1995.201,240.1798,1.3739
1.0298139364937657,0.0000000000000000,0.0000000000000000,-0.0000000000000012,-0.0603056833783288,0.0000000000000000,4.5574444978524085,3.0005761003,756.873,1995.312,239.7263,1.3680
