x0,y0,z0,xd0,yd0,zd0,Tp,JC,stabilityIndex1,stabilityIndex2,alpha,beta,impactFlag,error
1.0195241265278157,0.0,0.0000000000000001,0.0000000000000000,-0.0039626265214589,-0.0000000000068269,8.4941462026367560,3.0044763452937646,1.999979,-0.985197,-1.0147824859480,0.0296270390096,0,2.8e-11
1.0195240974533062,0.0,-0.0000000000000000,0.0000000000000000,-0.0039624857061964,-0.0001127696833541,8.4941962026367559,3.0044763341654428,1.998585,-0.985125,-1.0134600273807,0.0311442904421,0,5.7e-13
1.0195238963569206,0.0,0.0000000000000060,0.0000000000000000,-0.0039619908249771,-0.0002463836672880,8.4942462026367558,3.0044762933691467,1.993245,-0.984415,-1.0088306691059,0.0378203315617,0,6.7e-12
1.0195236952752644,0.0,0.0000000000000700,0.0000000000000000,-0.0039614959743990,-0.0003296832058231,8.4942962026367557,3.0044762525744635,1.987905,-0.983702,-1.0042032380074,0.0444942833021,0,1.7e-10
1.0195234941957538,0.0,-0.0000000000000033,0.0000000000000000,-0.0039610011334144,-0.0003958222536374,8.4943462026367555,3.0044762117818258,1.982566,-0.982987,-0.9995790883276,0.0511626316010,0,1.1e-12
1.0195232931315323,0.0,0.0000000000000012,0.0000000000000000,-0.0039605063243175,-0.0004523910380922,8.4943962026367554,3.0044761709908236,1.977227,-0.982270,-0.9949568111564,0.0578290174826,0,3.5e-12
1.0195230920780884,0.0,0.0000000000000003,0.0000000000000000,-0.0039600115393512,-0.0005026312918828,8.4944462026367553,3.0044761302015752,1.971888,-0.981551,-0.9903368262872,0.0644923344828,0,5.9e-12
1.0195228910357821,0.0,0.0000000000000124,0.0000000000004439,-0.0039595167791504,-0.0005482854387347,8.4944962026367552,3.0044760894140996,1.966548,-0.980829,-0.9857192568256,0.0711523413469,0,1.0e-11
1.0195188724615958,0.0,-0.0000000000000004,-0.0000000000000242,-0.0039496266580575,-0.0011224095834872,8.4954962026367564,3.0044752740361860,1.859755,-0.965892,-0.8938628997047,0.2036765435812,0,1.6e-12
1.0195148582326001,0.0,-0.0000000000000219,-0.0000000000002376,-0.0039397462466958,-0.0014893793909026,8.4964962026367559,3.0044744593654120,1.752865,-0.949920,-0.8029448103614,0.3349190936258,0,1.3e-12
1.0195108483613480,0.0,-0.0000000000000111,-0.0000000000000844,-0.0039298755609004,-0.0017821222811930,8.4974962026367553,3.0044736454013341,1.645740,-0.932781,-0.7129590820215,0.4648854240868,0,7.6e-12
1.0195068428605052,0.0,-0.0000000000000517,-0.0000000000004231,-0.0039200146167876,-0.0020329608068837,8.4984962026367565,3.0044728321435081,1.538217,-0.914317,-0.6238997755214,0.5935811499699,0,1.2e-11
1.0195028417428800,0.0,-0.0000000000000580,-0.0000000000003553,-0.0039101634304735,-0.0022559167099774,8.4994962026367560,3.0044720195915104,1.430097,-0.894336,-0.5357609692771,0.7210119051606,0,4.2e-12
1.0194988450217566,0.0,-0.0000000000000234,-0.0000000000001495,-0.0039003220189871,-0.0024585872514713,8.5004962026367554,3.0044712077449094,1.321134,-0.872597,-0.4485368750596,0.8471830829532,0,2.5e-12
1.0194948527096070,0.0,0.0000000000000448,0.0000000000002375,-0.0038904903976396,-0.0026456384216256,8.5014962026367549,3.0044703966032640,1.211014,-0.848793,-0.3622216875148,0.9721001750774,0,3.2e-12
1.0194908648199079,0.0,0.0000000000000377,0.0000000000002350,-0.0038806685836298,-0.0028201798037361,8.5024962026367561,3.0044695861661315,1.099335,-0.822526,-0.2768095586403,1.0957688520693,0,4.7e-13
1.0194868813658182,0.0,0.0000000000000227,0.0000000000001326,-0.0038708565934006,-0.0029844070469700,8.5034962026367555,3.0044687764331011,0.985557,-0.793262,-0.1922947566996,1.2181945899928,0,3.4e-12
1.0194829023609537,0.0,-0.0000000000000080,-0.0000000000000515,-0.0038610544442216,-0.0031399389001892,8.5044962026367550,3.0044679674037438,0.868933,-0.760262,-0.1086715503700,1.3393829233416,0,3.6e-12
1.0194789278191043,0.0,-0.0000000000000177,-0.0000000000001088,-0.0038512621535680,-0.0032880095013380,8.5054962026367562,3.0044671590776364,0.748378,-0.722443,-0.0259342125757,1.4593394485478,0,5.8e-12
1.0194749577536699,0.0,-0.0000000000000496,-0.0000000000002388,-0.0038414797380717,-0.0034295853543842,8.5064962026367557,3.0044663514543721,-0.678125,0.622202,0.0559229832540,1.5780697933402,0,2.1e-12
1.0194709921785279,0.0,-0.0000000000001770,-0.0000000000007525,-0.0038317072151003,-0.0035654401830590,8.5074962026367551,3.0044655445335180,-0.624426,0.487521,0.1369055948627,1.6955793122841,0,7.3e-12
1.0194670311082730,0.0,-0.0000000000000103,-0.0000000000000466,-0.0038219446035558,-0.0036962048288446,8.5084962026367563,3.0044647383146832,-0.555612,0.338592,0.2170194643236,1.8118740546463,0,1.8e-12
1.0194630745565034,0.0,0.0000000000000543,0.0000000000001859,-0.0038121919199393,-0.0038224016978822,8.5094962026367558,3.0044639327974525,-0.456331,0.160061,0.2962699661597,1.9269590429675,0,8.0e-12
1.0194591225374969,0.0,-0.0000000000000116,-0.0000000000000157,-0.0038024491822372,-0.0039444691935733,8.5104962026367552,3.0044631279813987,-0.194458,-0.180204,0.3746628407989,2.0408402460851,0,1.3e-12
1.0194551750659728,0.0,0.0000000000000138,0.0000000000000526,-0.0037927164090701,-0.0040627794927482,8.5114962026367564,3.0044623238661550,-0.262043,-0.190161,0.4522035839001,2.1535230776620,0,3.1e-12
1.0194512321563423,0.0,0.0000000000000595,0.0000000000001993,-0.0037829936183931,-0.0041776517804477,8.5124962026367559,3.0044615204512994,-0.321934,-0.206964,0.5288976838632,2.2650130613017,0,3.1e-12
1.0194472938236709,0.0,0.0000000000000347,0.0000000000001412,-0.0037732808292855,-0.0042893622411206,8.5134962026367553,3.0044607177364431,-0.381001,-0.223750,0.6047508284196,2.3753161667038,0,2.4e-13
1.0194433600825796,0.0,0.0000000000000080,0.0000000000000183,-0.0037635780598943,-0.0043981517701956,8.5144962026367565,3.0044599157211702,-0.439865,-0.239903,0.6797682714398,2.4844375091453,0,9.9e-12
1.0194394309485402,0.0,-0.0000000000007606,-0.0000000000024208,-0.0037538853298334,-0.0045042319607625,8.5154962026367560,3.0044591144052322,-0.498642,-0.255314,0.7539555655279,2.5923828787114,0,1.2e-12
1.0194355064356537,0.0,-0.0000000000000202,-0.0000000000000140,-0.0037442026560030,-0.0046077899342143,8.5164962026367554,3.0044583137879490,-0.557327,-0.269991,0.8273182301864,2.6991580864493,0,2.4e-12
1.0194315865602985,0.0,-0.0000000000000141,-0.0000000000000443,-0.0037345300595744,-0.0047089920234912,8.5174962026367549,3.0044575138691987,-0.615885,-0.283977,0.8998615447847,2.8047684541692,0,7.7e-13
1.0194276713378958,0.0,0.0000000000000742,0.0000000000002226,-0.0037248675598027,-0.0048079869651959,8.5184962026367561,3.0044567146485059,-0.674267,-0.297324,0.9715909824456,2.9092198008164,0,3.9e-12
1.0194237607836325,0.0,-0.0000000000000696,-0.0000000000002081,-0.0037152151752534,-0.0049049083581599,8.5194962026367556,3.0044559161255187,-0.732429,-0.310083,1.0425117928272,3.0125174866445,0,4.1e-12
1.0194198549135252,0.0,-0.0000000000000454,-0.0000000000001553,-0.0037055729260849,-0.0049998767487262,8.5204962026367550,3.0044551182998473,-0.790328,-0.322302,1.1126292766109,3.1146670560555,0,6.0e-12
1.0194159537443834,0.0,0.0000000000001187,0.0000000000003628,-0.0036959408338947,-0.0050930013441326,8.5214962026367562,3.0044543211711328,-0.847925,-0.334024,1.1819490462126,3.2156748163836,0,1.1e-11
1.0194120572905871,0.0,-0.0000000000000809,-0.0000000000002329,-0.0036863189152558,-0.0051843814665104,8.5224962026367557,3.0044535247390054,-0.905187,-0.345289,1.2504759733742,3.3155454267697,0,5.8e-12
1.0194081655701310,0.0,-0.0000000000000612,-0.0000000000001958,-0.0036767071939279,-0.0052741077442434,8.5234962026367551,3.0044527290030949,-0.962085,-0.356131,1.3182156294283,3.4142852437509,0,4.0e-12
1.0194042785985351,0.0,-0.0000000000000048,-0.0000000000000137,-0.0036671056884669,-0.0053622631569992,8.5244962026367563,3.0044519339630598,-1.018590,-0.366583,1.3851730464961,3.5118994057947,0,3.1e-12
1.0194003963926115,0.0,-0.0000000000000097,-0.0000000000000291,-0.0036575144199660,-0.0054489239041323,8.5254962026367558,3.0044511396185398,-1.074681,-0.376672,1.4513535008613,3.6083936931689,0,5.4e-12
1.0193965189691454,0.0,-0.0000000000000542,-0.0000000000001559,-0.0036479334093055,-0.0055341601586362,8.5264962026367552,3.0044503459691785,-1.130337,-0.386425,1.5167622126867,3.7037737800491,0,1.1e-12
1.0193926463456349,0.0,0.0000000000001135,0.0000000000002765,-0.0036383626785906,-0.0056180367106109,8.5274962026367565,3.0044495530146405,-1.185541,-0.395863,1.5814043035084,3.7980452094015,0,4.8e-12
1.0193887785383891,0.0,-0.0000000000000176,-0.0000000000000418,-0.0036288022475399,-0.0057006135375224,8.5284962026367559,3.0044487607545638,-1.240276,-0.405009,1.6452849146494,3.8912135945603,0,1.6e-12
1.0193849155652386,0.0,0.0000000000000217,0.0000000000000109,-0.0036192521386441,-0.0057819462786503,8.5294962026367553,3.0044479691886297,-1.294529,-0.413880,1.7084091764469,3.9832845916346,0,1.1e-12
1.0193810574434965,0.0,-0.0000000000000884,-0.0000000000003195,-0.0036097123732999,-0.0058620866725965,8.5304962026367566,3.0044471783164903,-1.348289,-0.422493,1.7707821170595,4.0742636731177,0,1.1e-12
1.0193772041907312,0.0,-0.0000000000001414,-0.0000000000004157,-0.0036001829732387,-0.0059410829248193,8.5314962026367560,3.0044463881378154,-1.401544,-0.430865,1.8324088457092,4.1641565553289,0,1.7e-12
1.0193733558250506,0.0,-0.0000000000000187,-0.0000000000000643,-0.0035906639611079,-0.0060189800367229,8.5324962026367555,3.0044455986522802,-1.454285,-0.439009,1.8932943181493,4.2529686577464,0,3.0e-12
1.0193695123643174,0.0,-0.0000000000000664,-0.0000000000001977,-0.0035811553589537,-0.0060958200991145,8.5334962026367549,3.0044448098595566,-1.506505,-0.446939,1.9534437151169,4.3407059386820,0,2.3e-12
1.0193656738267136,0.0,0.0000000000001347,0.0000000000001716,-0.0035716571892611,-0.0061716425467731,8.5344962026367561,3.0044440217593271,-1.558196,-0.454666,2.0128618823624,4.4273736803282,0,1.4e-12
1.0193618402304960,0.0,0.0000000000000017,-0.0000000000000008,-0.0035621694746665,-0.0062464843886691,8.5354962026367556,3.0044432343512764,-1.609353,-0.462201,2.0715538211339,4.5129775492944,0,1.6e-12
1.0193580115942125,0.0,-0.0000000000000273,-0.0000000000000669,-0.0035526922380112,-0.0063203804119008,8.5364962026367550,3.0044424476350882,-1.659971,-0.469554,2.1295243939865,4.5975229646601,0,1.4e-12
1.0193541879367816,0.0,0.0000000000000503,0.0000000000001121,-0.0035432255028635,-0.0063933633626297,8.5374962026367562,3.0044416616104614,-1.710044,-0.476735,2.1867787256537,4.6810159600214,0,4.3e-12
1.0193503692767563,0.0,-0.0000000000001296,-0.0000000000003474,-0.0035337692918947,-0.0064654641133620,8.5384962026367557,3.0044408762770871,-1.759570,-0.483752,2.2433215860110,4.7634618473129,0,6.2e-12
1.0193465556338333,0.0,-0.0000000000000086,-0.0000000000001518,-0.0035243236299051,-0.0065367118056463,8.5394962026367551,3.0044400916346592,-1.808545,-0.490613,2.2991578222836,4.8448661437303,0,6.8e-12
1.0193427470271426,0.0,-0.0000000000000015,0.0000000000000060,-0.0035148885403255,-0.0066071339845667,8.5404962026367564,3.0044393076829041,-1.856966,-0.497326,2.3542923249985,4.9252345271591,0,7.9e-12
1.0193389434757676,0.0,-0.0000000000001218,-0.0000000000002104,-0.0035054640464502,-0.0066767567229771,8.5414962026367558,3.0044385244215084,-1.904832,-0.503898,2.4087299385706,5.0045726109435,0,3.4e-13
1.0193351450003458,0.0,0.0000000000002479,0.0000000000006412,-0.0034960501744580,-0.0067456047197361,8.5424962026367552,3.0044377418501966,-1.952141,-0.510335,2.4624754093232,5.0828858233354,0,1.7e-12
1.0193313516190003,0.0,-0.0000000000000944,-0.0000000000002193,-0.0034866469454556,-0.0068137014130955,8.5434962026367565,3.0044369599686744,-1.998891,-0.516642,2.5155335287388,5.1601797548201,0,1.6e-12
1.0193275633536145,0.0,0.0000000000000372,0.0000000000001065,-0.0034772543876516,-0.0068810690497810,8.5444962026367559,3.0044361787766856,-2.045082,-0.522827,2.5679090976782,5.2364600736602,0,5.1e-13
1.0193237802234474,0.0,-0.0000000000000212,-0.0000000000000844,-0.0034678725240832,-0.0069477287884222,8.5454962026367554,3.0044353982739347,-2.090713,-0.528894,2.6196068225872,5.3117322639281,0,1.4e-12
1.0193200022496085,0.0,0.0000000000000439,0.0000000000001284,-0.0034585013811741,-0.0070137007570487,8.5464962026367566,3.0044346184601682,-2.135784,-0.534847,2.6706314209988,5.3860018861675,0,2.7e-12
1.0193162294522635,0.0,-0.0000000000000428,-0.0000000000001019,-0.0034491409833984,-0.0070790041326950,8.5474962026367560,3.0044338393351078,-2.180295,-0.540692,2.7209875555518,5.4592744298153,0,2.2e-12
1.0193124618524352,0.0,-0.0000000000000863,-0.0000000000002090,-0.0034397913567457,-0.0071436571954677,8.5484962026367555,3.0044330608985024,-2.224247,-0.546433,2.7706799861818,5.5315556399740,0,1.6e-12
1.0193086994715059,0.0,-0.0000000000000579,-0.0000000000001371,-0.0034304525276353,-0.0072076773895430,8.5494962026367549,3.0044322831500994,-2.267639,-0.552074,2.8197133255628,5.6028509797263,0,5.1e-13
1.0193049423306717,0.0,-0.0000000000000548,-0.0000000000001291,-0.0034211245221398,-0.0072710813770492,8.5504962026367561,3.0044315060896363,-2.310473,-0.557620,2.8680920798196,5.6731657156638,0,5.1e-12
1.0193011904505422,0.0,0.0000000000000269,-0.0000000000002327,-0.0034118073648607,-0.0073338850860591,8.5514962026367556,3.0044307297168626,-2.352749,-0.563072,2.9158209088760,5.7425055050374,0,7.2e-12
1.0192974438546252,0.0,-0.0000000000000329,-0.0000000000000197,-0.0034025010859762,-0.0073961037440897,8.5524962026367550,3.0044299540315897,-2.394468,-0.568436,2.9629045005976,5.8108761243498,0,3.2e-12
1.0192937025632971,0.0,-0.0000000000000155,-0.0000000000000855,-0.0033932057094157,-0.0074577519450705,8.5534962026367563,3.0044291790335089,-2.435633,-0.573714,3.0093472857996,5.8782827825453,0,4.7e-12
1.0192899665996669,0.0,0.0000000000000520,0.0000000000001105,-0.0033839212641564,-0.0075188436583250,8.5544962026367557,3.0044284047224257,-2.476244,-0.578910,3.0551538337100,5.9447310747793,0,1.6e-12
1.0192862359854722,0.0,0.0000000000000661,0.0000000000001239,-0.0033746477764148,-0.0075793922828985,8.5554962026367551,3.0044276310981162,-2.516302,-0.584026,3.1003287000216,6.0102265889130,0,4.6e-12
1.0192825107434498,0.0,-0.0000000000001292,-0.0000000000007996,-0.0033653852741401,-0.0076394106752116,8.5564962026367564,3.0044268581603220,-2.555811,-0.589066,3.1448762714285,6.0747745951639,0,2.2e-12
1.0192787908969014,0.0,-0.0000000000000889,-0.0000000000002337,-0.0033561337863222,-0.0076989111702364,8.5574962026367558,3.0044260859089018,-2.594770,-0.594031,3.1888011277639,6.1383808165971,0,5.7e-12
1.0192750764687974,0.0,0.0000000000001170,0.0000000000001877,-0.0033468933409028,-0.0077579056283587,8.5584962026367553,3.0044253143435804,-2.633183,-0.598924,3.2321076687943,6.2010506371712,0,4.5e-13
1.0192713674818048,0.0,0.0000000000004381,0.0000000000004666,-0.0033376639652958,-0.0078164054477072,8.5594962026367565,3.0044245434641570,-2.671052,-0.603749,3.2748002970488,6.2627894654750,0,3.6e-12
1.0192676639597622,0.0,-0.0000000000000162,-0.0000000000000500,-0.0033284456888761,-0.0078744215882181,8.5604962026367559,3.0044237732704624,-2.708377,-0.608506,3.3168834577196,6.3236028562962,0,8.7e-13
1.0192639659269271,0.0,-0.0000000000000556,-0.0000000000001110,-0.0033192385417133,-0.0079319646018999,8.5614962026367554,3.0044230037622714,-2.745163,-0.613199,3.3583615509792,6.3834963091045,0,4.1e-12
1.0192602734062430,0.0,-0.0000000000000447,-0.0000000000000861,-0.0033100425510841,-0.0079890446506566,8.5624962026367566,3.0044222349394101,-2.781410,-0.617829,3.3992389291632,6.4424752448545,0,4.2e-12
1.0192565864226475,0.0,-0.0000000000000161,-0.0000000000000344,-0.0033008577480175,-0.0080456715237786,8.5634962026367560,3.0044214668016851,-2.817122,-0.622398,3.4395198610611,6.5005449523258,0,5.2e-12
1.0192529050007761,0.0,-0.0000000000001056,-0.0000000000002053,-0.0032916841627306,-0.0081018546588977,8.5644962026367555,3.0044206993489215,-2.852301,-0.626908,3.4792087727301,6.5577111045079,0,5.0e-12
1.0192492291643982,0.0,-0.0000000000001013,-0.0000000000002278,-0.0032825218235834,-0.0081576031617141,8.5654962026367549,3.0044199325809466,-2.886948,-0.631362,3.5183098575843,6.6139788739012,0,3.7e-12
1.0192455589394527,0.0,0.0000000000000718,0.0000000000001390,-0.0032733707629855,-0.0082129258161038,8.5664962026367562,3.0044191664975859,-2.921068,-0.635760,3.5568274850107,6.6693539052874,0,1.4e-12
1.0192418943506669,0.0,0.0000000000000804,0.0000000000001551,-0.0032642310107623,-0.0082678311052502,8.5674962026367556,3.0044184010986825,-2.954662,-0.640104,3.5947658919351,6.7238415470606,0,2.2e-12
1.0192382354235381,0.0,0.0000000000002846,0.0000000000004528,-0.0032551025980977,-0.0083223272230631,8.5684962026367550,3.0044176363840811,-2.987733,-0.644397,3.6321293319610,6.7774472538594,0,7.8e-12
1.0192345821833011,0.0,0.0000000000000268,0.0000000000000410,-0.0032459855554025,-0.0083764220896342,8.5694962026367563,3.0044168723536266,-3.020283,-0.648638,3.6689219154583,6.8301761572426,0,5.2e-13
1.0192309346566057,0.0,0.0000000000000086,-0.0000000000001263,-0.0032368799156988,-0.0084301233603994,8.5704962026367557,3.0044161090071682,-3.052317,-0.652831,3.7051479503171,6.8820339155858,0,1.2e-12
1.0192272928693031,0.0,0.0000000000000271,-0.0000000000000056,-0.0032277857102118,-0.0084834384412292,8.5714962026367552,3.0044153463445813,-3.083835,-0.656977,3.7408116125822,6.9330258997002,0,5.8e-13
1.0192236568478152,0.0,-0.0000000000001019,-0.0000000000001824,-0.0032187029711281,-0.0085363744997113,8.5724962026367564,3.0044145843657226,-3.114841,-0.661076,3.7759169543347,6.9831572409577,0,3.5e-12
1.0192200266190494,0.0,0.0000000000000871,0.0000000000001915,-0.0032096317313089,-0.0085889384734021,8.5734962026367558,3.0044138230704713,-3.145339,-0.665130,3.8104682550934,7.0324336376000,0,3.9e-12
1.0192164022097920,0.0,0.0000000000001935,0.0000000000003616,-0.0032005720232709,-0.0086411370830339,8.5744962026367553,3.0044130624586933,-3.175330,-0.669140,3.8444695575741,7.0808602634592,0,3.7e-12
1.0192127836468075,0.0,-0.0000000000003366,-0.0000000000006638,-0.0031915238792515,-0.0086929768398888,8.5754962026367565,3.0044123025302780,-3.204817,-0.673108,3.8779249172798,7.1284423675104,0,4.3e-12
1.0192091709584106,0.0,-0.0000000000002750,-0.0000000000005525,-0.0031824873342010,-0.0087444640518305,8.5764962026367559,3.0044115432851326,-3.233804,-0.677034,3.9108384616428,7.1751854102059,0,8.8e-12
1.0192055641725257,0.0,-0.0000000000001323,-0.0000000000002657,-0.0031734624221536,-0.0087956048381068,8.5774962026367554,3.0044107847231372,-3.262294,-0.680920,3.9432142665634,7.2210947696812,0,3.5e-12
1.0192019633165825,0.0,0.0000000000000595,0.0000000000001054,-0.0031644491760620,-0.0088464051341512,8.5784962026367566,3.0044100268442047,-3.290289,-0.684767,3.9750563480211,7.2661756953346,0,1.5e-13
1.0191983684189383,0.0,0.0000000000000217,0.0000000000000910,-0.0031554476303707,-0.0088968706983831,8.5794962026367561,3.0044092696482481,-3.317793,-0.688576,4.0063686793291,7.3104334043787,0,3.5e-12
1.0191947795081244,0.0,-0.0000000000000272,-0.0000000000001771,-0.0031464578197147,-0.0089470071213718,8.5804962026367555,3.0044085131351665,-3.344808,-0.692347,4.0371553193206,7.3538733310454,0,8.6e-13
1.0191911966132823,0.0,-0.0000000000001831,-0.0000000000003579,-0.0031374797795613,-0.0089968198292421,8.5814962026367549,3.0044077573048962,-3.371338,-0.696083,4.0674202137116,7.3965006911592,0,9.6e-13
1.0191876197640748,0.0,0.0000000000000254,0.0000000000000506,-0.0031285135463246,-0.0090463140921909,8.5824962026367562,3.0044070021573694,-3.397385,-0.699783,4.0971673685621,7.4383208693818,0,3.1e-12
1.0191840489887170,0.0,-0.0000000000003430,-0.0000000000005398,-0.0031195591533553,-0.0090954950344157,8.5834962026367556,3.0044062476925233,-3.422952,-0.703449,4.1264006492305,7.4793389653077,0,7.5e-13
1.0191804843180328,0.0,-0.0000000000005389,-0.0000000000005853,-0.0031106166387226,-0.0091443676313983,8.5844962026367551,3.0044054939103053,-3.448043,-0.707081,4.1551240036911,7.5195602965329,0,8.6e-13
1.0191769257811001,0.0,-0.0000000000002390,-0.0000000000002224,-0.0031016860371652,-0.0091929367245476,8.5854962026367563,3.0044047408106631,-3.472661,-0.710681,4.1833413735694,7.5589902099656,0,1.8e-12
1.0191733734088835,0.0,-0.0000000000003233,-0.0000000000006394,-0.0030927673864530,-0.0092412070203555,8.5864962026367557,3.0044039883935301,-3.496808,-0.714248,4.2110565460787,7.5976337182408,0,6.2e-12
1.0191698272326573,0.0,0.0000000000002450,0.0000000000004895,-0.0030838607249703,-0.0092891830933992,8.5874962026367552,3.0044032366589137,-3.520488,-0.717785,4.2382735477692,7.6354964391664,0,6.4e-12
1.0191662872819540,0.0,0.0000000000002003,0.0000000000003701,-0.0030749660876544,-0.0093368694027724,8.5884962026367564,3.0044024856067542,-3.543704,-0.721292,4.2649960706521,7.6725832206116,0,3.3e-12
1.0191627535883425,0.0,-0.0000000000001583,-0.0000000000003071,-0.0030660835128195,-0.0093842702826127,8.5894962026367558,3.0044017352370544,-3.566459,-0.724769,4.2912279655657,7.7088993297750,0,5.0e-12
1.0191592261842835,0.0,-0.0000000000000800,-0.0000000000001175,-0.0030572130404208,-0.0094313899536235,8.5904962026367553,3.0044009855497817,-3.588756,-0.728217,4.3169731689295,7.7444502800678,0,2.1e-12
1.0191557051006002,0.0,0.0000000000001396,0.0000000000002372,-0.0030483547070582,-0.0094782325281315,8.5914962026367565,3.0044002365449400,-3.610598,-0.731637,4.3422352972279,7.7792408405340,0,1.1e-12
1.0191521903698479,0.0,0.0000000000002221,0.0000000000003829,-0.0030395085523574,-0.0095248020097011,8.5924962026367560,3.0043994882225356,-3.631988,-0.735030,4.3670182325011,7.8132764568214,0,1.6e-12
1.0191486820242246,0.0,-0.0000000000001212,-0.0000000000002351,-0.0030306746150916,-0.0095711023010025,8.5934962026367554,3.0043987405825683,-3.652930,-0.738396,4.3913256837063,7.8465621866097,0,1.5e-12
1.0191451800969213,0.0,0.0000000000000787,0.0000000000001341,-0.0030218529356337,-0.0096171372036997,8.5944962026367566,3.0043979936250595,-3.673426,-0.741736,4.4151613935543,7.8791032132960,0,5.3e-13
1.0191416846210608,0.0,0.0000000000002671,0.0000000000005021,-0.0030130435540212,-0.0096629104244362,8.5954962026367561,3.0043972473500364,-3.693479,-0.745050,4.4385291166633,7.9109047699340,0,4.6e-12
1.0191381956297836,0.0,0.0000000000002038,0.0000000000003276,-0.0030042465100928,-0.0097084255785750,8.5964962026367555,3.0043965017575216,-3.713093,-0.748339,4.4614324825175,7.9419718252158,0,1.2e-12
1.0191347131567139,0.0,0.0000000000000947,0.0000000000001670,-0.0029954618443786,-0.0097536861903594,8.5974962026367550,3.0043957568475754,-3.732271,-0.751604,4.4838752188179,7.9723096226699,0,4.0e-12
1.0191312372359373,0.0,0.0000000000000083,0.0000000000000133,-0.0029866895979958,-0.0097986956990740,8.5984962026367562,3.0043950126202299,-3.751015,-0.754846,4.5058610103089,8.0019233189057,0,4.0e-12
1.0191277679023905,0.0,0.0000000000000453,0.0000000000000803,-0.0029779298134742,-0.0098434574587247,8.5994962026367556,3.0043942690755463,-3.769330,-0.758064,4.5273934394697,8.0308178785933,0,1.2e-12
1.0191243051905106,0.0,0.0000000000001680,0.0000000000003151,-0.0029691825321452,-0.0098879747435195,8.6004962026367551,3.0043935262136010,-3.787217,-0.761259,4.5484761893184,8.0589985232775,0,4.1e-12
1.0191208491345576,0.0,0.0000000000003595,-0.0000000000003437,-0.0029604477948524,-0.0099322507523871,8.6014962026367563,3.0043927840344384,-3.804680,-0.764433,4.5691128312196,8.0864702345631,0,5.8e-12
1.0191173997718670,0.0,-0.0000000000000953,-0.0000000000001421,-0.0029517256477543,-0.0099762886002891,8.6024962026367557,3.0043920425381838,-3.821723,-0.767584,4.5893069914606,8.1132381766931,0,1.2e-12
1.0191139571364953,0.0,-0.0000000000001504,-0.0000000000002469,-0.0029430161308165,-0.0100200913388046,8.6034962026367552,3.0043913017248993,-3.838347,-0.770715,4.6090622348633,8.1393073752516,0,4.6e-13
1.0191105212650005,0.0,0.0000000000001459,0.0000000000000634,-0.0029343192884344,-0.0100636619431383,8.6044962026367564,3.0043905615946875,-3.854557,-0.773825,4.6283820980807,8.1646828289691,0,3.6e-12
1.0191070921942300,0.0,0.0000000000000119,0.0000000000000520,-0.0029256351651781,-0.0101070033199064,8.6054962026367559,3.0043898221476617,-3.870355,-0.776915,4.6472701754039,8.1893697047080,0,2.0e-12
1.0191036699608171,0.0,0.0000000000001353,0.0000000000000500,-0.0029169638051045,-0.0101501183104320,8.6064962026367553,3.0043890833839342,-3.885745,-0.779985,4.6657299372914,8.2133729024029,0,2.7e-12
1.0191002546020982,0.0,0.0000000000002052,0.0000000000002897,-0.0029083052532391,-0.0101930096903414,8.6074962026367565,3.0043883453036404,-3.900729,-0.783036,4.6837649527915,8.2366975817335,0,4.6e-12
1.0190968461549639,0.0,0.0000000000000954,0.0000000000001698,-0.0028996595535641,-0.0102356801747029,8.6084962026367560,3.0043876079069083,-3.915311,-0.786068,4.7013786369088,8.2593485686061,0,3.3e-12
1.0190934446577549,0.0,0.0000000000000354,0.0000000000000567,-0.0028910267525421,-0.0102781324158800,8.6094962026367554,3.0043868711938764,-3.929493,-0.789082,4.7185745020422,8.2813309497610,0,2.6e-12
1.0190900501489359,0.0,-0.0000000000001098,-0.0000000000001741,-0.0028824068965497,-0.0103203690067401,8.6104962026367549,3.0043861351647174,-3.943279,-0.792078,4.7353560554385,8.3026498276112,0,3.4e-12
1.0190866626665442,0.0,0.0000000000000406,0.0000000000000761,-0.0028738000309606,-0.0103623924860184,8.6114962026367561,3.0043853998195731,-3.956671,-0.795056,4.7517266568651,8.3233099780397,0,8.4e-13
1.0190832822506337,0.0,0.0000000000000295,0.0000000000000377,-0.0028652062046253,-0.0104042053323723,8.6124962026367555,3.0043846651586330,-3.969673,-0.798017,4.7676898028477,8.3433165370811,0,1.5e-12
1.0190799089393816,0.0,0.0000000000001273,0.0000000000002280,-0.0028566254626402,-0.0104458099756217,8.6134962026367550,3.0043839311820721,-3.982288,-0.800961,4.7832488401515,8.3626743049288,0,5.8e-13
1.0190765427734094,0.0,0.0000000000002703,0.0000000000004783,-0.0028480578543805,-0.0104872087890143,8.6144962026367562,3.0043831978900881,-3.994518,-0.803889,4.7984072274975,8.3813883808278,0,3.5e-12
1.0190731837929954,0.0,0.0000000000000003,0.0000000000000341,-0.0028395034283829,-0.0105284040969593,8.6154962026367556,3.0043824652828706,-4.006367,-0.806801,4.8131683143977,8.3994636311862,0,8.5e-12
1.0190698320374494,0.0,-0.0000000000001643,-0.0000000000002446,-0.0028309622310506,-0.0105693981755116,8.6164962026367551,3.0043817333606464,-4.017838,-0.809698,4.8275354540178,8.4169049474878,0,3.4e-12
1.0190664875490081,0.0,0.0000000000002530,0.0000000000004155,-0.0028224343139224,-0.0106101932492498,8.6174962026367563,3.0043810021236323,-4.028933,-0.812579,4.8415119757214,8.4337172052702,0,1.2e-12
1.0190631503684728,0.0,-0.0000000000002020,-0.0000000000003407,-0.0028139197257412,-0.0106507914988896,8.6184962026367558,3.0043802715720624,-4.039656,-0.815445,4.8551012502952,8.4499053982537,0,1.1e-12
1.0190598205375776,0.0,0.0000000000000746,0.0000000000001207,-0.0028054185165593,-0.0106911950588542,8.6194962026367552,3.0043795417061769,-4.050010,-0.818297,4.8683065878630,8.4654744059122,0,6.1e-12
1.0190564980983892,0.0,-0.0000000000001099,-0.0000000000001810,-0.0027969307368717,-0.0107314060195990,8.6204962026367564,3.0043788125262241,-4.059997,-0.821134,4.8811312641130,8.4804290400147,0,4.3e-12
1.0190531830932190,0.0,-0.0000000000000445,-0.0000000000000570,-0.0027884564373339,-0.0107714264281330,8.6214962026367559,3.0043780840324792,-4.069621,-0.823958,4.8935785842156,8.4947742196410,0,1.8e-12
1.0190498755659421,0.0,-0.0000000000001905,-0.0000000000003173,-0.0027799956711755,-0.0108112582882851,8.6224962026367553,3.0043773562252127,-4.078884,-0.826768,4.9056518173604,8.5085148031848,0,5.5e-12
1.0190465755593019,0.0,0.0000000000002412,0.0000000000003573,-0.0027715484892739,-0.0108509035655065,8.6234962026367565,3.0043766291047116,-4.087790,-0.829565,4.9173541821220,8.5216555477231,0,2.1e-12
1.0190432831165444,0.0,0.0000000000000818,0.0000000000001412,-0.0027631149432450,-0.0108903641855046,8.6244962026367560,3.0043759026712706,-4.096341,-0.832348,4.9286889711363,8.5342014144208,0,3.3e-12
1.0190399982826297,0.0,0.0000000000002427,0.0000000000003830,-0.0027546950874515,-0.0109296420331341,8.6254962026367554,3.0043751769251967,-4.104540,-0.835119,4.9396593862514,8.5461571725385,0,1.3e-12
1.0190367211013205,0.0,-0.0000000000003100,-0.0000000000004661,-0.0027462889738881,-0.0109687389584849,8.6264962026367549,3.0043744518668030,-4.112390,-0.837878,4.9502686439329,8.5575276480170,0,5.7e-12
1.0190334516191129,0.0,0.0000000000006355,0.0000000000010966,-0.0027378966591756,-0.0110076567694654,8.6274962026367561,3.0043737274964499,-4.119895,-0.840625,4.9605199154585,8.5683175913350,0,1.6e-12
1.0190301898799452,0.0,-0.0000000000001218,-0.0000000000002283,-0.0027295181950053,-0.0110463972464223,8.6284962026367555,3.0043730038144396,-4.127057,-0.843360,4.9704164259103,8.5785318956958,0,4.1e-14
1.0190269359305979,0.0,0.0000000000002522,0.0000000000004114,-0.0027211536380755,-0.0110849621277307,8.6294962026367550,3.0043722808211522,-4.133878,-0.846083,4.9799613073337,8.5881752610145,0,5.3e-12
1.0190236898168976,0.0,-0.0000000000001244,-0.0000000000001133,-0.0027128030429784,-0.0111233531218036,8.6304962026367562,3.0043715585169419,-4.140362,-0.848796,4.9891577020024,8.5972524282763,0,2.6e-12
1.0190204515855050,0.0,-0.0000000000001574,-0.0000000000002704,-0.0027044664655146,-0.0111615719027446,8.6314962026367557,3.0043708369021860,-4.146512,-0.851497,4.9980087779437,8.6057682343365,0,5.8e-13
1.0190172212848332,0.0,0.0000000000004077,0.0000000000003793,-0.0026961439644241,-0.0111996201094195,8.6324962026367551,3.0043701159772902,-4.152330,-0.854187,5.0065176437546,8.6137273905349,0,3.8e-12
1.0190139989609479,0.0,0.0000000000003650,0.0000000000006089,-0.0026878355939933,-0.0112374993551447,8.6334962026367563,3.0043693957426414,-4.157820,-0.856868,5.0146874026815,8.6211346159633,0,6.1e-12
1.0190107846623007,0.0,-0.0000000000000703,-0.0000000000001098,-0.0026795414123788,-0.0112752112191834,8.6344962026367558,3.0043686761986383,-4.162983,-0.859538,5.0225211838635,8.6279947188999,0,8.3e-13
1.0190075784383703,0.0,0.0000000000001513,0.0000000000002497,-0.0026712614793860,-0.0113127572475717,8.6354962026367552,3.0043679573457451,-4.167824,-0.862198,5.0300220429266,8.6343123541992,0,3.4e-12
1.0190043803372408,0.0,-0.0000000000000727,-0.0000000000001421,-0.0026629958520793,-0.0113501389625717,8.6364962026367564,3.0043672391843788,-4.172345,-0.864848,5.0371930370699,8.6400921940540,0,4.4e-13
1.0190011904088860,0.0,-0.0000000000002989,-0.0000000000004743,-0.0026547445905299,-0.0113873578540882,8.6374962026367559,3.0043665217150011,-4.176548,-0.867489,5.0440372807650,8.6453390852446,0,1.1e-12
1.0189980087032278,0.0,0.0000000000002723,0.0000000000004626,-0.0026465077545005,-0.0114244153852921,8.6384962026367553,3.0043658049380784,-4.180436,-0.870121,5.0505577516985,8.6500575513293,0,3.6e-12
1.0189948352706577,0.0,-0.0000000000000690,-0.0000000000000819,-0.0026382854042763,-0.0114613129926825,8.6394962026367565,3.0043650888540725,-4.184013,-0.872744,5.0567575199377,8.6542523730225,0,3.2e-12
1.0189916701611563,0.0,-0.0000000000002513,-0.0000000000003796,-0.0026300775991427,-0.0114980520862948,8.6404962026367560,3.0043643734634866,-4.187281,-0.875358,5.0626395733635,8.6579281395139,0,3.2e-12
1.0189885134275682,0.0,-0.0000000000000968,-0.0000000000001291,-0.0026218844032451,-0.0115346340463255,8.6414962026367554,3.0043636587668345,-4.190243,-0.877964,5.0682069157737,8.6610895140567,0,4.4e-13
1.0189853651209713,0.0,-0.0000000000000473,-0.0000000000000945,-0.0026137058771876,-0.0115710602318805,8.6424962026367549,3.0043629447646256,-4.192901,-0.880562,5.0734625708085,8.6637412240738,0,2.5e-12
1.0189822252934246,0.0,-0.0000000000002949,-0.0000000000004590,-0.0026055420831180,-0.0116073319754675,8.6434962026367561,3.0043622314573994,-4.195258,-0.883151,5.0784095045708,8.6658878750068,0,1.4e-12
1.0189790939982353,0.0,-0.0000000000000694,-0.0000000000001093,-0.0025973930851050,-0.0116434505847328,8.6444962026367556,3.0043615188456965,-4.197318,-0.885733,5.0830506611295,8.6675340407204,0,2.0e-12
1.0189759712883570,0.0,-0.0000000000000842,-0.0000000000001433,-0.0025892589462833,-0.0116794173444020,8.6454962026367550,3.0043608069300776,-4.199082,-0.888307,5.0873889975397,8.6686843475471,0,1.5e-12
1.0189728572177286,0.0,0.0000000000001022,0.0000000000001204,-0.0025811397312457,-0.0117152335150114,8.6464962026367562,3.0043600957111214,-4.200554,-0.890873,5.0914274894366,8.6693434915371,0,5.7e-13
1.0189697518406162,0.0,-0.0000000000002202,-0.0000000000003326,-0.0025730355048912,-0.0117509003347032,8.6474962026367557,3.0043593851894150,-4.201736,-0.893433,5.0951690349354,8.6695159921244,0,1.0e-12
1.0189666552118104,0.0,-0.0000000000000503,-0.0000000000000855,-0.0025649463327000,-0.0117864190190273,8.6484962026367551,3.0043586753655664,-4.202632,-0.895985,5.0986165693305,8.6692064851518,0,1.7e-12
1.0189635673863957,0.0,-0.0000000000002228,-0.0000000000003695,-0.0025568722804601,-0.0118217907622705,8.6494962026367563,3.0043579662401929,-4.203242,-0.898531,5.1017729748560,8.6684194901706,0,6.6e-12
1.0189604884205070,0.0,-0.0000000000002988,-0.0000000000005188,-0.0025488134154730,-0.0118570167364493,8.6504962026367558,3.0043572578139255,-4.203572,-0.901070,5.1046411693122,8.6671596420879,0,4.5e-12
1.0189574183704313,0.0,-0.0000000000001649,-0.0000000000002588,-0.0025407698049822,-0.0118920980927295,8.6514962026367552,3.0043565500874214,-4.203622,-0.903602,5.1072240383531,8.6654315114910,0,9.4e-13
1.0189543572925330,0.0,0.0000000000001574,0.0000000000002080,-0.0025327415161494,-0.0119270359632509,8.6524962026367565,3.0043558430613340,-4.203396,-0.906128,5.1095244136051,8.6632395463885,0,1.7e-12
1.0189513052445460,0.0,-0.0000000000002793,-0.0000000000004369,-0.0025247286181957,-0.0119618314577837,8.6534962026367559,3.0043551367363555,-4.202896,-0.908649,5.1115451814887,8.6605883624895,0,3.8e-13
1.0189482622840791,0.0,0.0000000000000297,0.0000000000000640,-0.0025167311798540,-0.0119964856683697,8.6544962026367553,3.0043544311131698,-4.202126,-0.911163,5.1132891981246,8.6574825140777,0,5.6e-12
1.0189452284701961,0.0,-0.0000000000006209,-0.0000000000000396,-0.0025087492721593,-0.0120309996652199,8.6554962026367566,3.0043537261925040,-4.201087,-0.913672,5.1147592931818,8.6539265084294,0,2.5e-12
1.0189422038608595,0.0,0.0000000000002184,0.0000000000003239,-0.0025007829636449,-0.0120653745036903,8.6564962026367560,3.0043530219750654,-4.199783,-0.916175,5.1159582885347,8.6499248490127,0,8.6e-13
1.0189391885155969,0.0,-0.0000000000004313,-0.0000000000005756,-0.0024928323257395,-0.0120996112176432,8.6574962026367555,3.0043523184616077,-4.198216,-0.918673,5.1168889969522,8.6454820361288,0,2.2e-12
1.0189361824949958,0.0,-0.0000000000002733,-0.0000000000003467,-0.0024848974310963,-0.0121337108223399,8.6584962026367549,3.0043516156528960,-4.196388,-0.921166,5.1175542552582,8.6406026551899,0,1.8e-12
1.0189331858588822,0.0,0.0000000000001114,0.0000000000001283,-0.0024769783508850,-0.0121676743179241,8.6594962026367561,3.0043509135496920,-4.194303,-0.923654,5.1179568191360,8.6352910920605,0,4.3e-12
1.0189301986689567,0.0,0.0000000000002368,0.0000000000003257,-0.0024690751590896,-0.0122015026839234,8.6604962026367556,3.0043502121528052,-4.191963,-0.926137,5.1180995072711,8.6295519238461,0,4.5e-13
1.0189242528716287,0.0,-0.0000000000008858,-0.0000000000018791,-0.0024533167312690,-0.0122687578725326,8.6624962026367562,3.0043488114811945,-4.186527,-0.931089,5.1176162505259,8.6168084070982,0,1.3e-11
1.0189183456070428,0.0,-0.0000000000003546,0.0000000000000980,-0.0024376227519448,-0.0123354838926001,8.6644962026367551,3.0043474136447834,-4.180103,-0.936024,5.1161266202201,8.6024079764653,0,7.9e-12
1.0189124773773561,0.0,-0.0000000000000334,-0.0000000000000632,-0.0024219938177945,-0.0124016880073384,8.6664962026367558,3.0043460186505371,-4.172710,-0.940942,5.1136525105888,8.5863861334307,0,1.4e-12
1.0189066487024581,0.0,0.0000000000005158,0.0000000000006628,-0.0024064305524664,-0.0124673772190078,8.6684962026367547,3.0043446265056759,-4.164369,-0.945847,5.1102157136268,8.5687783978081,0,1.8e-12
1.0189008601073963,0.0,-0.0000000000003882,-0.0000000000004843,-0.0023909335823720,-0.0125325582951961,8.6704962026367554,3.0043432372177370,-4.155101,-0.950737,5.1058378577424,8.5496201178607,0,4.9e-13
1.0188951121271541,0.0,-0.0000000000000378,-0.0000000000000510,-0.0023755035470577,-0.0125972377694866,8.6724962026367560,3.0043418507945914,-4.144926,-0.955615,5.1005404449462,8.5289465673758,0,5.0e-13
1.0188894053057376,0.0,-0.0000000000005724,-0.0000000000007969,-0.0023601410963231,-0.0126614219548809,8.6744962026367549,3.0043404672443610,-4.133863,-0.960482,5.0943448578951,8.5067929559222,0,2.7e-12
1.0188837401958719,0.0,0.0000000000009887,0.0000000000012706,-0.0023448468908576,-0.0127251169482837,8.6764962026367556,3.0043390865755200,-4.121934,-0.965338,5.0872723235154,8.4831943169366,0,2.2e-12
1.0188781173605226,0.0,-0.0000000000000166,-0.0000000000000255,-0.0023296216032097,-0.0127883286401399,8.6784962026367563,3.0043377087967960,-4.109159,-0.970185,5.0793439557603,8.4581856131406,0,9.1e-13
1.0188725373706138,0.0,0.0000000000008481,0.0000000000013834,-0.0023144659158688,-0.0128510627186303,8.6804962026367551,3.0043363339173266,-4.095556,-0.975024,5.0705807741863,8.4318017858688,0,1.0e-12
1.0188670008073411,0.0,0.0000000000002107,0.0000000000002463,-0.0022993805235089,-0.0129133246804420,8.6824962026367558,3.0043349619464861,-4.081147,-0.979857,5.0610036558071,8.4040776030628,0,2.2e-12
1.0188615082609094,0.0,0.0000000000000100,0.0000000000000407,-0.0022843661315993,-0.0129751198324155,8.6844962026367547,3.0043335928940595,-2.571971,-2.478663,5.0506334154537,8.3750478823551,0,3.4e-12
1.0188560603302972,0.0,0.0000000000001365,0.0000000000002038,-0.0022694234562467,-0.0130364533026279,8.6864962026367554,3.0043322267701300,-2.585847,-2.453644,5.0394907210917,8.3447472271955,0,9.0e-13
1.0188506576249199,0.0,0.0000000000007564,0.0000000000010906,-0.0022545532263181,-0.0130973300421521,8.6884962026367560,3.0043308635851300,-2.591067,-2.436529,5.0275961937482,8.3132103193852,0,1.0e-12
1.0188453007622171,0.0,0.0000000000001264,0.0000000000001710,-0.0022397561799758,-0.0131577548338476,8.6904962026367549,3.0043295033498580,-2.591212,-2.423758,5.0149703342841,8.2804716736436,0,1.7e-12
1.0188399903701193,0.0,0.0000000000000927,0.0000000000001634,-0.0022250330686273,-0.0132177322948073,8.6924962026367556,3.0043281460754643,-2.587528,-2.414106,5.0016335954425,8.2465658666356,0,3.3e-12
1.0188347270807949,0.0,0.0000000000098407,0.0000000000146083,-0.0022103846490340,-0.0132772668911925,8.6944962026367563,3.0043267917734235,-2.580561,-2.407046,4.9876063326384,8.2115273482701,0,2.0e-11
1.0188295115531043,0.0,-0.0000000000000842,-0.0000000000001470,-0.0021958117079927,-0.0133363629066759,8.6964962026367552,3.0043254404557276,-2.570508,-2.402401,4.9729088594204,8.1753906098314,0,1.1e-12
1.0188243444287259,0.0,-0.0000000000001723,-0.0000000000002275,-0.0021813150150691,-0.0133950245186675,8.6984962026367558,3.0043240921345165,-2.557290,-2.400271,4.9575614086115,8.1381900674299,0,4.0e-12
1.0188192263751028,0.0,-0.0000000000000039,0.0000000000000063,-0.0021668953686108,-0.0134532557320343,8.7004962026367547,3.0043227468224702,-2.540458,-2.401126,4.9415841663709,8.0999601224822,0,2.1e-13
1.0188141580659344,0.0,0.0000000000007074,0.0000000000010708,-0.0021525535755434,-0.0135110604170556,8.7024962026367554,3.0043214045325950,-2.518751,-2.406246,4.9249972782745,8.0607351817454,0,3.5e-12
1.0188091401820696,0.0,-0.0000000000039548,-0.0000000000049612,-0.0021382904511496,-0.0135684423091468,8.7044962026367561,3.0043200652783204,-2.487477,-2.420344,4.9078208612718,8.0205497055397,0,3.8e-12
1.0188041734147497,0.0,-0.0000000000007545,-0.0000000000005058,-0.0021241068241630,-0.0136254050094746,8.7064962026367549,3.0043187290734763,-3.852407,-1.037668,4.8900749870496,7.9794380801210,0,2.4e-12
1.0187992584600103,0.0,0.0000000000000977,0.0000000000001225,-0.0021100035277673,-0.0136819520007732,8.7084962026367556,3.0043173959321763,-3.829277,-1.042503,4.8717797072720,7.9374347591973,0,7.9e-13
1.0187943960264170,0.0,0.0000000000007397,0.0000000000010377,-0.0020959814120690,-0.0137380866304694,8.7104962026367563,3.0043160658690953,-3.805609,-1.047346,4.8529550596307,7.8945742047842,0,1.2e-12
1.0187895868270993,0.0,0.0000000000006958,0.0000000000009254,-0.0020820413315026,-0.0137938121350408,8.7124962026367552,3.0043147388991986,-3.781422,-1.052199,4.8336210695107,7.8508909062872,0,7.0e-13
1.0187848315848222,0.0,-0.0000000000005727,-0.0000000000004630,-0.0020681841534542,-0.0138491316303241,8.7144962026367558,3.0043134150379180,-3.756734,-1.057063,4.8137977681073,7.8064194288845,0,3.3e-12
1.0187801310282421,0.0,-0.0000000000029683,-0.0000000000041039,-0.0020544107517520,-0.0139040481231023,8.7164962026367547,3.0043120943010608,-3.731565,-1.061940,4.7935051857400,7.7611943590590,0,1.8e-12
1.0187754858928777,0.0,-0.0000000000004599,-0.0000000000005724,-0.0020407220085076,-0.0139585645133282,8.7184962026367554,3.0043107767048056,-3.705932,-1.066832,4.7727633725957,7.7152503721334,0,2.4e-12
1.0187708969229412,0.0,0.0000000000001315,0.0000000000001660,-0.0020271188181538,-0.0140126835887181,8.7204962026367561,3.0043094622658630,-3.679853,-1.071739,4.7515923987157,7.6686221961629,0,1.1e-12
1.0187663648664504,0.0,-0.0000000000000727,-0.0000000000000926,-0.0020136020782133,-0.0140664080433455,8.7224962026367550,3.0043081510012368,-3.653347,-1.076665,4.7300123574162,7.6213446321831,0,1.3e-12
1.0187618904776519,0.0,-0.0000000000006029,-0.0000000000008447,-0.0020001726945301,-0.0141197404711295,8.7244962026367556,3.0043068429283819,-3.626432,-1.081612,4.7080433884373,7.5734525896270,0,1.2e-12
1.0187574745164543,0.0,0.0000000000001124,0.0000000000000492,-0.0019868315800686,-0.0141726833716913,8.7264962026367563,3.0043055380651467,-3.599125,-1.086581,4.6857056717991,7.5249810757304,0,3.1e-12
1.0187531177458589,0.0,-0.0000000000006263,-0.0000000000005333,-0.0019735796520342,-0.0142252391537936,8.7284962026367552,3.0043042364298400,-3.571444,-1.091576,4.6630194363841,7.4759651922628,0,2.7e-12
1.0187488209354041,0.0,-0.0000000000003836,-0.0000000000004009,-0.0019604178346623,-0.0142774101409071,8.7304962026367559,3.0043029380410293,-3.543406,-1.096599,4.6400049808934,7.4264401755023,0,8.2e-13
1.0187445848500816,0.0,-0.0000000000002346,-0.0000000000000396,-0.0019473470480224,-0.0143291985768059,8.7324962026367547,3.0043016429178424,-3.515029,-1.101654,4.6166826549960,7.3764413544177,0,2.4e-11
1.0187404102790725,0.0,-0.0000000000003109,-0.0000000000003908,-0.0019343682414939,-0.0143806066015891,8.7344962026367554,3.0043003510796815,-3.486330,-1.106743,4.5930729147727,7.3260042656516,0,4.3e-13
1.0187362979816712,0.0,0.0000000000004838,0.0000000000007337,-0.0019214823275601,-0.0144316363173656,8.7364962026367561,3.0042990625463841,-3.457325,-1.111871,4.5691962584387,7.2751644922483,0,3.2e-12
1.0187322487413422,0.0,-0.0000000000002419,-0.0000000000003238,-0.0019086902492298,-0.0144822897247101,8.7384962026367550,3.0042977773381225,-3.428032,-1.117042,4.5450733011907,7.2239578467272,0,2.1e-12
1.0187282633320511,0.0,0.0000000000015754,0.0000000000020788,-0.0018959929371678,-0.0145325687662483,8.7404962026367556,3.0042964954754527,-3.398465,-1.122259,4.5207247450335,7.1724202573046,0,1.0e-12
1.0187243425296044,0.0,-0.0000000000000255,-0.0000000000001582,-0.0018833913248906,-0.0145824753159114,8.7424962026367563,3.0042952169792616,-3.368642,-1.127529,4.4961713974417,7.1205878441143,0,2.2e-12
1.0187204871070135,0.0,-0.0000000000003153,-0.0000000000003944,-0.0018708863424942,-0.0146320111865392,8.7444962026367552,3.0042939418707726,-3.338578,-1.132856,4.4714341771666,7.0684969012013,0,8.2e-13
1.0187166978339555,0.0,0.0000000000004966,0.0000000000006807,-0.0018584789160542,-0.0146811781327880,8.7464962026367559,3.0042926701715365,-3.308288,-1.138246,4.4465341181102,7.0161838985900,0,4.4e-13
1.0187129754758322,0.0,0.0000000000000210,-0.0000000000000271,-0.0018461699659323,-0.0147299778559767,8.7484962026367548,3.0042914019033748,-3.277787,-1.143705,4.4214923731521,6.9636855028105,0,2.6e-12
1.0187093207931288,0.0,-0.0000000000001517,-0.0000000000003645,-0.0018339604075681,-0.0147784120051193,8.7504962026367554,3.0042901370884199,-3.247090,-1.149241,4.3963302274008,6.9110385792081,0,2.5e-13
1.0187057345366763,0.0,0.0000000000000477,0.0000000000000246,-0.0018218511430342,-0.0148264821877966,8.7524962026367561,3.0042888757490238,-3.216209,-1.154860,4.3710690962938,6.8582801885392,0,7.7e-13
1.0187022174514817,0.0,-0.0000000000011072,-0.0000000000014851,-0.0018098430683600,-0.0148741899651545,8.7544962026367550,3.0042876179078011,-3.185159,-1.160572,4.3457305294409,6.8054476035754,0,2.3e-12
1.0186987702715997,0.0,0.0000000000045784,0.0000000000047091,-0.0017979370650681,-0.0149215368642847,8.7564962026367557,3.0042863635874988,-3.153952,-1.166385,4.3203362255969,6.7525783182609,0,5.8e-12
1.0186953937205927,0.0,-0.0000000000005452,-0.0000000000006545,-0.0017861340020903,-0.0149685243725373,8.7584962026367563,3.0042851128111883,-3.122600,-1.172308,4.2949080153289,6.6997100244500,0,1.2e-12
1.0186920885048876,0.0,-0.0000000000012453,-0.0000000000013588,-0.0017744347266127,-0.0150151539600441,8.7604962026367552,3.0042838656018813,-3.091114,-1.178354,4.2694678858068,6.6468806481946,0,2.3e-12
1.0186888553205127,0.0,-0.0000000000009001,-0.0000000000011680,-0.0017628400724290,-0.0150614270635766,8.7624962026367559,3.0042826219827905,-3.059505,-1.184533,4.2440379694114,6.5941283342250,0,1.5e-12
1.0186856948434959,0.0,0.0000000000015222,0.0000000000017750,-0.0017513508493211,-0.0151073451027405,8.7644962026367548,3.0042813819772403,-3.027783,-1.190858,4.2186405539110,6.5414914453929,0,2.2e-12
1.0186826077333959,0.0,-0.0000000000003116,-0.0000000000003580,-0.0017399678448829,-0.0151529094828385,8.7664962026367554,3.0042801456084849,-2.995955,-1.197343,4.1932980670829,6.4890085664894,0,1.7e-12
1.0186795946253329,0.0,-0.0000000000001880,-0.0000000000003119,-0.0017286918160484,-0.0151981216029361,8.7684962026367561,3.0042789128997835,-2.964030,-1.204003,4.1680330957975,6.4367185068434,0,8.8e-13
1.0186766561338321,0.0,-0.0000000000027198,-0.0000000000033241,-0.0017175234938138,-0.0152429828546282,8.7704962026367550,3.0042776838743244,-2.932012,-1.210856,4.1428683516893,6.3846602782998,0,4.0e-12
1.0186737928487175,0.0,0.0000000000019066,0.0000000000023094,-0.0017064635783045,-0.0152874946286089,8.7724962026367557,3.0042764585551986,-2.899908,-1.217919,4.1178267387858,6.3328731425515,0,6.8e-13
1.0186710053321550,0.0,0.0000000000109088,0.0000000000128790,-0.0016955127331869,-0.0153316583231574,8.7744962026367563,3.0042752369652859,-2.867719,-1.225213,4.0929312447697,6.2813965293786,0,8.9e-12
1.0186682941113339,0.0,-0.0000000000000169,-0.0000000000000153,-0.0016846715777573,-0.0153754753583807,8.7764962026367552,3.0042740191271045,-2.835446,-1.232759,4.0682050273966,6.2302700782549,0,7.1e-12
1.0186656596861532,0.0,-0.0000000000005783,-0.0000000000008207,-0.0016739406960859,-0.0154189471559082,8.7784962026367559,3.0042728050631613,-2.803088,-1.240583,4.0436713621961,6.1795336387585,0,1.9e-12
1.0186631025225010,0.0,-0.0000000000004386,-0.0000000000005667,-0.0016633206294327,-0.0154620751685215,8.7804962026367548,3.0042715947953118,-2.770642,-1.248712,4.0193536413275,6.1292272300921,0,4.4e-13
1.0186606230463657,0.0,0.0000000000016626,0.0000000000019704,-0.0016528118670369,-0.0155048608768971,8.7824962026367555,3.0042703883450939,-2.738100,-1.257176,3.9952753719527,6.0793910447331,0,2.3e-12
1.0186582216437408,0.0,0.0000000000007340,0.0000000000010224,-0.0016424148459643,-0.0155473057965394,8.7844962026367561,3.0042691857335275,-2.705452,-1.266008,3.9714601455105,6.0300654166234,0,1.4e-12
1.0186558986571492,0.0,-0.0000000000015502,-0.0000000000009693,-0.0016321299475040,-0.0155894114864501,8.7864962026367550,3.0042679869809827,-2.672684,-1.275248,3.9479316604858,5.9812908409346,0,3.1e-12
1.0186536543857685,0.0,-0.0000000000003301,-0.0000000000003900,-0.0016219574967225,-0.0156311795484813,8.7884962026367557,3.0042667921071962,-2.639776,-1.284937,3.9247136639015,5.9331079186009,0,1.7e-12
1.0186514890788687,0.0,0.0000000000001915,0.0000000000002574,-0.0016118977533172,-0.0156726116387400,8.7904962026367564,3.0042656011311704,-2.606704,-1.295126,3.9018299649111,5.8855573527206,0,1.1e-12
1.0186494029360074,0.0,0.0000000000000042,-0.0000000000000706,-0.0016019509123683,-0.0157137094720183,8.7924962026367552,3.0042644140710242,-2.573434,-1.305870,3.8793044178487,5.8386799415648,0,1.2e-12
1.0186473961016336,0.0,0.0000000000000072,-0.0000000000000027,-0.0015921170967674,-0.0157544748302746,8.7944962026367559,3.0042632309439261,-2.539927,-1.317234,3.8571608612935,5.7925165023088,0,1.7e-12
1.0186454686651780,0.0,-0.0000000000008350,-0.0000000000011312,-0.0015823963571577,-0.0157949095635129,8.7964962026367548,3.0042620517660579,-2.506129,-1.329294,3.8354231565058,5.7471079168439,0,2.6e-12
1.0186436206559017,0.0,0.0000000000020230,0.0000000000024089,-0.0015727886649458,-0.0158350156007947,8.7984962026367555,3.0042608765524554,-2.471975,-1.342140,3.8141151091760,5.7024950337846,0,1.8e-12
1.0186418520428788,0.0,-0.0000000000016840,-0.0000000000022334,-0.0015632939122991,-0.0158747949519003,8.8004962026367561,3.0042597053169402,-2.437381,-1.355879,3.7932604804662,5.6587186900571,0,4.3e-13
1.0186401627281223,0.0,0.0000000000015511,0.0000000000017978,-0.0015539119024865,-0.0159142497194573,8.8024962026367550,3.0042585380719844,-2.402241,-1.370642,3.7728829359542,5.6158196433571,0,9.0e-13
1.0186385525486574,0.0,-0.0000000000004135,-0.0000000000005852,-0.0015446423524728,-0.0159533820979483,8.8044962026367557,3.0042573748286459,-2.366417,-1.386589,3.7530060158638,5.5738385395960,0,1.3e-12
1.0186370212715652,0.0,-0.0000000000016689,-0.0000000000024003,-0.0015354848865154,-0.0159921943811206,8.8064962026367564,3.0042562155964978,-2.329728,-1.403925,3.7336531433902,5.5328159217490,0,3.3e-12
1.0186355685944990,0.0,-0.0000000000007934,-0.0000000000009557,-0.0015264390357673,-0.0160306889668767,8.8084962026367553,3.0042550603834335,-2.291933,-1.422914,3.7148475031637,5.4927920913119,0,1.3e-12
1.0186341941377191,0.0,-0.0000000000017595,-0.0000000000014715,-0.0015175042278474,-0.0160688683663768,8.8104962026367559,3.0042539091956524,-2.252701,-1.443911,3.6966121067576,5.4538071728660,0,2.1e-12
1.0186328974470145,0.0,0.0000000000003682,0.0000000000004747,-0.0015086797902451,-0.0161067352054715,8.8124962026367548,3.0042527620374746,-2.211561,-1.467409,3.6789697009143,5.4159010215977,0,2.2e-12
1.0186316779913054,0.0,-0.0000000000007056,-0.0000000000008415,-0.0014999649469498,-0.0161442922265033,8.8144962026367555,3.0042516189113417,-2.167807,-1.494135,3.6619426981191,5.3791131297573,0,1.7e-12
1.0186305351608671,0.0,-0.0000000000000333,-0.0000000000000857,-0.0014913588158526,-0.0161815422948497,8.8164962026367562,3.0042504798176446,-2.120307,-1.525246,3.6455532393017,5.3434827082710,0,1.2e-12
1.0186294682630128,0.0,0.0000000000001594,0.0000000000001147,-0.0014828604014942,-0.0162184884056561,8.8184962026367550,3.0042493447546383,-2.067030,-1.562793,3.6298230146842,5.3090484670320,0,3.7e-13
1.0186284765256401,0.0,0.0000000000001048,0.0000000000001457,-0.0014744686008989,-0.0162551336807167,8.8204962026367557,3.0042482137183639,-2.003568,-1.611205,3.6147733566607,5.2758487368408,0,7.1e-13
1.0186275590936755,0.0,-0.0000000000002847,-0.0000000000003480,-0.0014661821974663,-0.0162914813737002,8.8224962026367564,3.0042470867025850,-1.915050,-1.685375,3.6004250894499,5.2439212792371,0,1.3e-12
1.0186267150266337,0.0,-0.0000000000003471,-0.0000000000004311,-0.0014579998569274,-0.0163275348768412,8.8244962026367553,3.0042459636986201,-1.847967,-1.738832,3.5867985476771,5.2133033153400,0,7.2e-13
1.0186259433033769,0.0,-0.0000000000000556,-0.0000000000000866,-0.0014499201342911,-0.0163632977131634,8.8264962026367559,3.0042448446953727,-1.882785,-1.691129,3.5739135052178,5.1840314418244,0,7.0e-13
1.0186252428178904,0.0,0.0000000000018803,0.0000000000018870,-0.0014419414666904,-0.0163987735451148,8.8284962026367548,3.0042437296791720,-1.905168,-1.656621,3.5617891518136,5.1561416031521,0,2.6e-12
1.0186246123787166,0.0,-0.0000000000017701,-0.0000000000012944,-0.0014340621728379,-0.0164339661735733,8.8304962026367555,3.0042426186337829,-1.922681,-1.627763,3.5504440057833,5.1296689776405,0,2.6e-12
1.0186237952575123,0.0,0.0000000000002028,0.0000000000002526,-0.0014224256085749,-0.0164862327529151,8.8334962026367556,3.0042409594687558,-1.944193,-1.590734,3.5349261681888,5.0926924432388,0,5.2e-13
1.0186231282276526,0.0,-0.0000000000001270,-0.0000000000001469,-0.0014110020386614,-0.0165378848630860,8.8364962026367557,3.0042393091194892,-1.962424,-1.558835,3.5212586582031,5.0590945800516,0,1.1e-12
1.0186226062524528,0.0,-0.0000000000005351,-0.0000000000006643,-0.0013997843569908,-0.0165889370312479,8.8394962026367558,3.0042376674966342,-1.978699,-1.530795,3.5094945626302,5.0289834430878,0,2.7e-12
1.0186222239071048,0.0,-0.0000000000004704,-0.0000000000005819,-0.0013887649021050,-0.0166394044353452,8.8424962026367560,3.0042360344967283,-1.993732,-1.505951,3.4996826545582,5.0024621445151,0,1.0e-12
1.0186219754013544,0.0,-0.0000000000004553,-0.0000000000005287,-0.0013779354849721,-0.0166893028714499,8.8454962026367561,3.0042344100020966,-2.007955,-1.483912,3.4918670857015,4.9796284580406,0,6.9e-13
1.0186218545952608,0.0,-0.0000000000001232,-0.0000000000000709,-0.0013672874041693,-0.0167386487261296,8.8484962026367562,3.0042327938808819,-2.021659,-1.464428,3.4860871635321,4.9605745341157,0,6.8e-13
1.0186218550343074,0.0,-0.0000000000004650,-0.0000000000004116,-0.0013568114922857,-0.0167874589179678,8.8514962026367563,3.0042311859873707,-2.035044,-1.447333,3.4823771140391,4.9453865889570,0,3.8e-12
1.0186219699691312,0.0,-0.0000000000002036,-0.0000000000002580,-0.0013464981363490,-0.0168357508622250,8.8544962026367546,3.0042295861621815,-2.048260,-1.432506,3.4807658722571,4.9341446002305,0,1.6e-12
1.0186221923969707,0.0,-0.0000000000002074,-0.0000000000002812,-0.0013363373340432,-0.0168835424016972,8.8574962026367547,3.0042279942327745,-2.061419,-1.419858,3.4812770012083,4.9269221818396,0,6.6e-13
1.0186225150924113,0.0,0.0000000000001702,0.0000000000002216,-0.0013263187307311,-0.0169308517479819,8.8604962026367549,3.0042264100140774,-2.074610,-1.409319,3.4839285126262,4.9237862913425,0,1.6e-12
1.0186229306407242,0.0,-0.0000000000001484,-0.0000000000002173,-0.0013164316621859,-0.0169776974220928,8.8634962026367550,3.0042248333090615,-2.087903,-1.400830,3.4887328282663,4.9247971118975,0,1.4e-12
1.0186234314848248,0.0,0.0000000000002471,0.0000000000003223,-0.0013066652188571,-0.0170240981712419,8.8664962026367551,3.0042232639096640,-2.101354,-1.394343,3.4956968058318,4.9300080266321,0,1.1e-12
1.0186240099526320,0.0,-0.0000000000033556,-0.0000000000037923,-0.0012970082783496,-0.0170700729135943,8.8694962026367552,3.0042217015975514,-2.115010,-1.389811,3.5048216804207,4.9394654197103,0,9.4e-12
1.0186246583154515,0.0,-0.0000000000003281,-0.0000000000003138,-0.0012874495903038,-0.0171156406389819,8.8724962026367553,3.0042201461452387,-2.128911,-1.387192,3.5161032393589,4.9532088345083,0,1.7e-12
1.0186253688000051,0.0,-0.0000000000012576,-0.0000000000014697,-0.0012779777840088,-0.0171608203723269,8.8754962026367554,3.0042185973169211,-2.143088,-1.386443,3.5295318561425,4.9712708549332,0,1.1e-12
1.0186261336498765,0.0,-0.0000000000002450,-0.0000000000002658,-0.0012685814599784,-0.0172056310695245,8.8784962026367555,3.0042170548697378,-2.157570,-1.387523,3.5450926729477,4.9936772297439,0,1.1e-12
1.0186269451555157,0.0,-0.0000000000001151,-0.0000000000001246,-0.0012592492294796,-0.0172500915566363,8.8814962026367557,3.0042155185548265,-2.172379,-1.390387,3.5627658159595,5.0204470130599,0,1.7e-12
1.0186277956864254,0.0,-0.0000000000001535,-0.0000000000001697,-0.0012499697592670,-0.0172942204661640,8.8844962026367558,3.0042139881184431,-2.187535,-1.394991,3.5825265896900,5.0515926536599,0,5.6e-13
1.0186286777277216,0.0,0.0000000000002159,0.0000000000002909,-0.0012407318244507,-0.0173380361682407,8.8874962026367559,3.0042124633031211,-2.203056,-1.401290,3.6043457432155,5.0871201738838,0,2.1e-12
1.0186295839094117,0.0,0.0000000000000460,0.0000000000000512,-0.0012315243506796,-0.0173815567124744,8.8904962026367560,3.0042109438487947,-2.218954,-1.409236,3.6281897415724,5.1270293612569,0,1.7e-12
1.0186305070355677,0.0,-0.0000000000002207,-0.0000000000002210,-0.0012223364571363,-0.0174247997712221,8.8934962026367561,3.0042094294939061,-2.235243,-1.418778,3.6540210986874,5.1713140366571,0,6.3e-13
1.0186314401110459,0.0,-0.0000000000011187,-0.0000000000011575,-0.0012131574969983,-0.0174677825868076,8.8964962026367562,3.0042079199765070,-2.251932,-1.429866,3.6817986375052,5.2199622068976,0,3.7e-12
1.0186323763553475,0.0,-0.0000000000000144,0.0000000000000204,-0.0012039770774097,-0.0175105219393799,8.8994962026367563,3.0042064150351653,-2.269031,-1.442447,3.7114778620196,5.2729563795801,0,1.1e-12
1.0186333092348927,0.0,-0.0000000000023875,-0.0000000000029104,-0.0011947851116273,-0.0175530340894946,8.9024962026367547,3.0042049144100624,-2.286547,-1.456464,3.7430112519177,5.3302737852998,0,4.4e-12
1.0186342324724302,0.0,-0.0000000000030687,-0.0000000000034020,-0.0011855718340506,-0.0175953347536575,8.9054962026367548,3.0042034178438497,-2.304486,-1.471862,3.7763486561777,5.3918867321128,0,1.4e-11
1.0186351400429348,0.0,0.0000000000006314,0.0000000000006643,-0.0011763277927390,-0.0176374391004401,8.9084962026367549,3.0042019250823024,-2.322853,-1.488584,3.8114374912758,5.4577626443678,0,1.1e-12
1.0186360262223964,0.0,0.0000000000004328,0.0000000000004706,-0.0011670439339558,-0.0176793616777300,8.9114962026367550,3.0042004358753829,-2.341653,-1.506570,3.8482232386139,5.5278646637085,0,2.5e-12
1.0186368855606598,0.0,-0.0000000000027479,-0.0000000000029963,-0.0011577115572817,-0.0177211164411799,8.9144962026367551,3.0041989499776629,-2.360889,-1.525761,3.8866496524200,5.6021517027282,0,1.9e-11
1.0186377128765092,0.0,0.0000000000014202,0.0000000000020370,-0.0011483223094535,-0.0177627167542236,8.9174962026367552,3.0041974671488854,-2.380563,-1.546096,3.9266589617480,5.6805785170520,0,3.8e-11
1.0186385033377847,0.0,0.0000000000004464,0.0000000000005584,-0.0011388683266269,-0.0178041752848511,8.9204962026367554,3.0041959871549389,-2.400679,-1.567513,3.9681925751313,5.7630967668804,0,2.0e-12
1.0186392523363816,0.0,-0.0000000000000476,-0.0000000000001282,-0.0011293420214184,-0.0178455041598643,8.9234962026367555,3.0041945097675469,-2.421238,-1.589953,4.0111907175257,5.8496540316692,0,5.1e-13
1.0186399555946553,0.0,-0.0000000000020824,-0.0000000000020911,-0.0011197362727375,-0.0178867148317416,8.9264962026367556,3.0041930347652901,-2.442241,-1.613352,4.0555932579219,5.9401951509667,0,2.3e-11
1.0186406090916165,0.0,-0.0000000000006182,-0.0000000000009711,-0.0011100443012840,-0.0179278181702574,8.9294962026367557,3.0041915619335327,-2.463689,-1.637651,4.1013395662410,6.0346617005269,0,3.2e-12
1.0186412091123545,0.0,0.0000000000003167,0.0000000000003507,-0.0011002597630160,-0.0179688244056012,8.9324962026367558,3.0041900910649151,-2.485583,-1.662786,4.1483690404683,6.1329928245806,0,1.5e-12
1.0186417521973592,0.0,0.0000000000016076,0.0000000000016282,-0.0010903766645753,-0.0180097431938802,8.9354962026367559,3.0041886219592886,-2.507923,-1.688698,4.1966210522976,6.2351249320883,0,8.8e-13
1.0186422351526550,0.0,0.0000000000002872,0.0000000000002522,-0.0010803893879460,-0.0180505836080180,8.9384962026367560,3.0041871544239771,-2.530708,-1.715327,4.2460352658860,6.3409921327361,0,5.0e-13
1.0186426550407806,0.0,0.0000000000000121,0.0000000000000422,-0.0010702926802763,-0.0180913541550561,8.9414962026367562,3.0041856882738163,-2.553939,-1.742612,4.2965517775769,6.4505263977985,0,7.2e-13
1.0186430091671002,0.0,0.0000000000000779,0.0000000000000666,-0.0010600816361932,-0.0181320627993437,8.9444962026367563,3.0041842233311380,-2.577615,-1.770496,4.3481112563741,6.5636576859871,0,1.4e-12
1.0186432950767945,0.0,-0.0000000000020050,-0.0000000000018037,-0.0010497516984929,-0.0181727169720478,8.9474962026367564,3.0041827594258281,-2.601734,-1.798921,4.4006550977285,6.6803141679783,0,1.7e-11
1.0186435105244362,0.0,-0.0000000000000800,-0.0000000000000471,-0.0010392986101140,-0.0182133236180831,8.9504962026367547,3.0041812963950512,-2.626295,-1.827831,4.4541254467288,6.8004221663175,0,3.9e-13
1.0186436534986447,0.0,0.0000000000001431,0.0000000000001781,-0.0010287184645437,-0.0182538891691801,8.9534962026367548,3.0041798340835539,-2.651295,-1.857170,4.5084654955020,6.9239067094731,0,1.1e-12
1.0186437221769247,0.0,0.0000000000000308,0.0000000000000415,-0.0010180076309620,-0.0182944196112719,8.9564962026367549,3.0041783723431705,-2.676733,-1.886887,4.5636193703451,7.0506912472593,0,7.1e-13
1.0186437149316725,0.0,-0.0000000000035989,-0.0000000000036492,-0.0010071627707215,-0.0183349204838277,8.9594962026367551,3.0041769110328396,-2.702604,-1.916928,4.6195323015466,7.1806979652964,0,6.6e-12
1.0186436303124131,0.0,0.0000000000002854,0.0000000000002789,-0.0009961808114566,-0.0183753969087462,8.9624962026367552,3.0041754500184461,-2.728906,-1.947245,4.6761506481352,7.3138478247838,0,1.4e-13
1.0186434670451980,0.0,-0.0000000000001648,-0.0000000000001684,-0.0009850589507109,-0.0184158536012509,8.9654962026367553,3.0041739891726369,-2.755633,-1.977789,4.7334220096472,7.4500607899556,0,5.2e-13
1.0186432240106096,0.0,-0.0000000000006609,-0.0000000000007744,-0.0009737946222894,-0.0184562949037056,8.9684962026367554,3.0041725283746064,-2.782780,-2.008515,4.7912952007875,7.5892557893175,0,3.5e-12
1.0186429002407285,0.0,-0.0000000000054418,-0.0000000000057021,-0.0009623854954881,-0.0184967247985777,8.9714962026367555,3.0041710675099043,-2.810342,-2.039379,4.8497203098458,7.7313508705120,0,1.7e-11
1.0186424948949440,0.0,-0.0000000000088062,-0.0000000000098949,-0.0009508294355221,-0.0185371469439251,8.9744962026367556,3.0041696064702030,-2.838310,-2.070339,4.9086486455570,7.8762630965911,0,1.9e-11
1.0186420072915463,0.0,0.0000000000005812,0.0000000000005878,-0.0009391245659415,-0.0185775646450880,8.9774962026367557,3.0041681451533093,-2.866677,-2.101356,4.9680330137760,8.0239092382175,0,5.9e-13
1.0186414368379608,0.0,0.0000000000000292,0.0000000000000466,-0.0009272691460228,-0.0186179809485542,8.9804962026367559,3.0041666834624552,-2.895433,-2.132394,5.0278273241203,8.1742049180908,0,1.7e-12
1.0186407830702167,0.0,-0.0000000000000897,-0.0000000000000906,-0.0009152616460248,-0.0186583985973265,8.9834962026367560,3.0041652213065961,-2.924568,-2.163419,5.0879869143345,8.3270654146452,0,7.9e-13
1.0186400456232727,0.0,0.0000000000002721,0.0000000000002158,-0.0009031006973501,-0.0186988200782066,8.9864962026367561,3.0041637585998919,-2.954071,-2.194397,5.1484684213208,8.4824054481215,0,3.1e-12
1.0186392242304734,0.0,-0.0000000000010404,-0.0000000000010270,-0.0008907850946008,-0.0187392476273374,8.9894962026367562,3.0041622952616316,-2.983929,-2.225300,5.2092297848589,8.6401392554318,0,1.0e-12
1.0186383187100128,0.0,-0.0000000000031680,-0.0000000000032516,-0.0008783137744136,-0.0187796832551503,8.9924962026367563,3.0041608312159127,-3.014128,-2.256102,5.2702302374307,8.8001806443860,0,2.2e-12
1.0186373289637334,0.0,-0.0000000000000749,-0.0000000000000763,-0.0008656858156823,-0.0188201287516147,8.9954962026367546,3.0041593663915864,-3.044653,-2.286777,5.3314303135925,8.9624431239488,0,4.7e-13
1.0186362549667354,0.0,0.0000000000005185,0.0000000000004705,-0.0008529004240267,-0.0188605857104529,8.9984962026367548,3.0041579007218173,-3.075488,-2.317304,5.3927917868392,9.1268398320923,0,1.2e-12
1.0186350967629825,0.0,-0.0000000000003907,-0.0000000000003954,-0.0008399569255471,-0.0189010555349546,9.0014962026367549,3.0041564341441247,-3.106616,-2.347662,5.4542777035904,9.2932837053260,0,1.8e-12
1.0186338544582147,0.0,0.0000000000011511,0.0000000000010664,-0.0008268547565887,-0.0189415394552584,9.0044962026367550,3.0041549666000535,-3.138017,-2.377835,5.5158523299989,9.4616874604514,0,3.9e-13
1.0186325282144195,0.0,-0.0000000000003050,-0.0000000000002832,-0.0008135934555722,-0.0189820385408243,9.0074962026367551,3.0041534980349884,-3.169674,-2.407807,5.5774811208428,9.6319636277972,0,2.4e-12
1.0186311182471113,0.0,-0.0000000000011262,-0.0000000000009015,-0.0008001726593971,-0.0190225537052028,9.0104962026367552,3.0041520283981344,-3.201566,-2.437565,5.6391307291003,9.8040246526505,0,2.7e-12
1.0186296248156961,0.0,0.0000000000003940,0.0000000000003871,-0.0007865920894838,-0.0190630857322983,9.0134962026367553,3.0041505576419314,-3.233671,-2.467098,5.7007689455469,9.9777828761204,0,1.9e-12
1.0186280482232097,0.0,-0.0000000000001403,-0.0000000000001955,-0.0007728515495538,-0.0191036352673441,9.0164962026367554,3.0041490857224660,-3.265969,-2.496395,5.7623646899544,10.1531505925538,0,1.7e-12
1.0186263888116571,0.0,-0.0000000000003583,-0.0000000000003925,-0.0007589509216200,-0.0191442028394137,9.0194962026367556,3.0041476125988305,-3.298438,-2.525450,5.8238880026175,10.3300401504222,0,1.8e-12
1.0186246469557338,0.0,-0.0000000000002544,-0.0000000000002393,-0.0007448901541892,-0.0191847888670284,9.0224962026367557,3.0041461382331840,-3.331055,-2.554255,5.8853099775438,10.5083638824830,0,3.2e-13
1.0186228230605276,0.0,-0.0000000000009533,-0.0000000000008734,-0.0007306692595526,-0.0192253936670045,9.0254962026367558,3.0041446625905421,-3.363797,-2.582806,5.9466027559039,10.6880342019710,0,1.3e-12
1.0186209175595036,0.0,-0.0000000000004099,-0.0000000000003762,-0.0007162883110932,-0.0192660174595036,9.0284962026367559,3.0041431856386902,-3.396642,-2.611098,6.0077395134346,10.8689636484682,0,1.5e-12
1.0186189309098874,0.0,0.0000000000020273,0.0000000000018868,-0.0007017474358798,-0.0193066603788376,9.0314962026367560,3.0041417073479746,-3.429566,-2.639128,6.0686944125281,11.0510649050799,0,1.2e-11
1.0186168635845367,0.0,-0.0000000000001801,-0.0000000000001808,-0.0006870468003254,-0.0193473224864184,9.0344962026367561,3.0041402276911309,-3.462548,-2.666895,6.1294425501071,11.2342507312126,0,8.2e-13
1.0186147160849843,0.0,0.0000000000000777,0.0000000000000794,-0.0006721866351415,-0.0193880037557940,9.0374962026367562,3.0041387466434055,-3.495563,-2.694397,6.1899600260236,11.4184342568846,0,2.1e-13
1.0186124889207684,0.0,-0.0000000000001557,-0.0000000000001581,-0.0006571671978373,-0.0194287041042264,9.0404962026367564,3.0041372641821247,-3.528591,-2.721632,6.2502238127952,11.6035287399643,0,7.6e-13
1.0186101826176566,0.0,-0.0000000000008660,-0.0000000000008721,-0.0006419887885040,-0.0194694233835393,9.0434962026367547,3.0041357802867670,-3.561610,-2.748602,6.3102117739840,11.7894477097946,0,1.5e-12
1.0186077977132122,0.0,-0.0000000000004585,-0.0000000000004486,-0.0006266517422626,-0.0195101613883883,9.0464962026367548,3.0041342949388197,-3.594597,-2.775305,6.3699026537233,11.9761050264739,0,7.8e-13
1.0186053347531339,0.0,0.0000000000000116,0.0000000000000186,-0.0006111564227302,-0.0195509178639927,9.0494962026367549,3.0041328081216365,-3.627534,-2.801743,6.4292760141626,12.1634148270076,0,8.3e-13
1.0186027942922211,0.0,0.0000000000005065,0.0000000000004493,-0.0005955032244612,-0.0195916925067814,9.0524962026367550,3.0041313198203889,-3.660398,-2.827914,6.4883122467280,12.3512916221677,0,9.0e-13
1.0186001768914925,0.0,0.0000000000005200,0.0000000000004758,-0.0005796925678779,-0.0196324849701138,9.0554962026367551,3.0041298300219594,-3.693172,-2.853821,6.5469925304306,12.5396503035106,0,8.6e-13
1.0185974831155564,0.0,-0.0000000000005939,-0.0000000000005572,-0.0005637248947374,-0.0196732948699093,9.0584962026367553,3.0041283387148372,-3.725836,-2.879463,6.6052988195371,12.7284061609288,0,1.0e-12
1.0185947135335072,0.0,0.0000000000002956,0.0000000000002215,-0.0005476006698986,-0.0197141217848922,9.0614962026367554,3.0041268458890791,-3.758373,-2.904840,6.6632138029401,12.9174748900947,0,6.9e-13
1.0185918687155995,0.0,-0.0000000000002693,-0.0000000000002916,-0.0005313203759464,-0.0197549652638448,9.0644962026367555,3.0041253515361590,-3.790767,-2.929954,6.7207209075201,13.1067726625363,0,5.3e-13
1.0185889492343987,0.0,-0.0000000000032135,-0.0000000000023217,-0.0005148845143982,-0.0197958248230278,9.0674962026367556,3.0041238556490355,-3.823001,-2.954804,6.7778042698789,13.2962161411547,0,6.9e-12
1.0185859556587629,0.0,0.0000000000030329,0.0000000000028355,-0.0004982935969043,-0.0198366999622849,9.0704962026367557,3.0041223582217440,-3.855060,-2.979389,6.8344486767494,13.4857224072099,0,5.8e-13
1.0185828885612653,0.0,0.0000000000012047,0.0000000000010612,-0.0004815481558019,-0.0198775901454227,9.0734962026367558,3.0041208592499040,-3.886930,-3.003710,6.8906396288147,13.6752091679198,0,2.2e-12
1.0185797485097279,0.0,0.0000000000003591,0.0000000000003141,-0.0004646487320013,-0.0199184948240224,9.0764962026367559,3.0041193587300956,-3.918598,-3.027765,6.9463632439505,13.8645946220421,0,4.9e-13
1.0185765360691259,0.0,0.0000000000005726,0.0000000000005110,-0.0004475958764270,-0.0199594134296666,9.0794962026367561,3.0041178566600997,-3.950053,-3.051554,7.0016062745927,14.0537975334774,0,5.8e-13
1.0185732518017152,0.0,-0.0000000000003587,-0.0000000000003322,-0.0004303901511815,-0.0200003453772543,9.0824962026367562,3.0041163530387647,-3.981282,-3.075074,7.0563560746557,14.2427372388457,0,6.1e-13
1.0185698962652516,0.0,0.0000000000096006,0.0000000000089179,-0.0004130321262965,-0.0200412900679747,9.0854962026367563,3.0041148478659578,-4.012276,-3.098325,7.1106006102825,14.4313337281483,0,6.9e-13
1.0185664700130450,0.0,-0.0000000000005787,-0.0000000000004613,-0.0003955223794108,-0.0200822468900058,9.0884962026367546,3.0041133411425380,-4.043025,-3.121303,7.1643284062494,14.6195075755391,0,2.0e-12
1.0185629735922594,0.0,-0.0000000000001381,-0.0000000000001627,-0.0003778614934294,-0.0201232152224249,9.0914962026367547,3.0041118328702598,-4.073522,-3.144007,7.2175285512799,14.8071800041173,0,5.2e-13
1.0185594075458277,0.0,0.0000000000011810,0.0000000000010676,-0.0003600500595889,-0.0201641944328584,9.0944962026367548,3.0041103230518038,-4.103759,-3.166432,7.2701906874188,14.9942729300167,0,2.9e-13
1.0185557724091663,0.0,-0.0000000000004205,-0.0000000000003846,-0.0003420886715978,-0.0202051838833201,9.0974962026367550,3.0041088116906609,-4.133729,-3.188576,7.3223049692334,15.1807089095788,0,4.4e-13
1.0185520687119636,0.0,-0.0000000000009055,-0.0000000000008681,-0.0003239779289641,-0.0202461829283818,9.1004962026367551,3.0041072987911428,-4.163428,-3.210434,7.3738620878800,15.3664112588132,0,2.2e-13
1.0185482969768651,0.0,0.0000000000004063,0.0000000000003778,-0.0003057184345668,-0.0202871909172789,9.1034962026367552,3.0041057843583419,-4.192851,-3.232002,7.4248532183906,15.5513039584626,0,2.6e-13
1.0185444577185216,0.0,-0.0000000000000939,-0.0000000000001457,-0.0002873107932120,-0.0203282071969728,9.1064962026367553,3.0041042683980477,-4.221994,-3.253276,7.4752700187097,15.7353117206985,0,2.7e-12
1.0185405514460699,0.0,-0.0000000000005419,-0.0000000000004971,-0.0002687556154343,-0.0203692311076232,9.1094962026367554,3.0041027509168350,-4.250855,-3.274249,7.5251046388362,15.9183600686809,0,2.5e-13
1.0185365786586984,0.0,0.0000000000032188,0.0000000000027574,-0.0002500535108760,-0.0204102619919777,9.1124962026367555,3.0041012319218487,-4.279433,-3.294917,7.5743496678343,16.1003752171950,0,4.0e-12
1.0185325398499292,0.0,-0.0000000000011676,-0.0000000000010563,-0.0002312050944057,-0.0204512991869294,9.1154962026367556,3.0040997114209849,-4.307726,-3.315272,7.6229981647214,16.2812842411721,0,4.4e-13
1.0185284355032562,0.0,0.0000000000015104,0.0000000000013859,-0.0002122109797307,-0.0204923420324209,9.1184962026367558,3.0040981894226957,-4.335734,-3.335309,7.6710435986501,16.4610149393652,0,2.6e-13
1.0185242660954548,0.0,0.0000000000001342,0.0000000000001136,-0.0001930717845174,-0.0205333898662372,9.1214962026367559,3.0040966659360686,-4.363459,-3.355021,7.7184798741090,16.6394959605333,0,1.2e-12
1.0185200320942813,0.0,0.0000000000009374,0.0000000000008789,-0.0001737881266233,-0.0205744420278869,9.1244962026367560,3.0040951409707635,-4.390902,-3.374399,7.7653013105750,16.8166567834272,0,3.4e-13
1.0185157339590545,0.0,-0.0000000000105811,-0.0000000000095504,-0.0001543606253705,-0.0206154978582836,9.1274962026367561,3.0040936145369947,-4.418065,-3.393437,7.8115026155713,16.9924276991761,0,1.5e-12
