x0_n,y0_n,z0_n,xd0_n,yd0_n,zd0_n,Tp,JC,L2ExcessVelocity_mps,...,error_tol=1e-12,n_Nodes=6,stepsize=1.0
1.0204869122096856,-0.0000000000000000,-0.0000000001489172,-0.0000000000009457,-0.0000001266494695,-0.0001891458408009,3.1935664462721411,3.0037592659,2.599
1.0204868361400159,-0.0000000000000000,0.0000000000656122,-0.0000000000005475,-0.0000002810551810,0.0002817666272911,3.1935724921062856,3.0037592223,4.006
1.0204866028538049,-0.0000000000000000,0.0000000000222563,-0.0000000000003322,-0.0000007545888869,0.0004616846268591,3.1935912264616708,3.0037590886,6.428
1.0204859476170731,-0.0000000000000000,-0.0000000000515578,0.0000000000014136,-0.0000020847067089,0.0007673665873375,3.1936438046352489,3.0037587129,10.596
1.0204840895736083,-0.0000000000000000,0.0000000000564809,-0.0000000000028451,-0.0000058572273874,0.0012861713219726,3.1937929101140008,3.0037576475,17.705
1.0204788076209188,-0.0000000000000000,0.0000000000052353,-0.0000000000003658,-0.0000165874943150,0.0021640358916207,3.1942171513684512,3.0037546190,29.757
1.0204639103766100,-0.0000000000000000,0.0000000000035472,-0.0000000000003480,-0.0000468985508422,0.0036369017982985,3.1954167382864584,3.0037460771,49.988
1.0204231374845909,-0.0000000000000000,-0.0000000000088546,0.0000000000019258,-0.0001302182806656,0.0060517055452609,3.1987232879859495,3.0037226973,83.153
1.0204152137895990,-0.0000000000000000,-0.0000000000000572,0.0000000000000064,-0.0001464720793520,0.0064165318477643,3.1993698787820004,3.0037181535,88.157
1.0203847967534916,0.0000000000000000,-0.0000000000001138,0.0000000000000202,-0.0002090543297389,0.0076576440968575,3.2018641907489886,3.0037007101,105.196
1.0203448070808157,0.0000000000000000,0.0000000000000254,-0.0000000000000058,-0.0002917902123099,0.0090343578821740,3.2051733112918601,3.0036777745,124.089
1.0202756582077126,-0.0000000000000000,0.0000000000010268,0.0000000000004380,-0.0004361026406604,-0.0110180805455495,3.2109767438017194,3.0036381065,151.295
1.0202077345562679,-0.0000000000000000,0.0000000000000280,-0.0000000000000031,-0.0005794301205033,0.0126698718903640,3.2167801763115786,3.0035991283,173.931
1.0201410047139914,0.0000000000000000,-0.0000000000000093,0.0000000000000031,-0.0007217926134539,0.0141074417548755,3.2225836088214379,3.0035608192,193.616
1.0200754384104569,-0.0000000000000000,0.0000000000008439,0.0000000000005607,-0.0008632093265805,-0.0153914853960540,3.2283870413312976,3.0035231596,211.187
1.0200110064641090,0.0000000000000000,-0.0000000000000122,0.0000000000000020,-0.0010036987467998,0.0165582512120471,3.2341904738411569,3.0034861307,227.142
1.0199476807311121,-0.0000000000000000,-0.0000000000000175,-0.0000000000000066,-0.0011432786773171,-0.0176314826541912,3.2399939063510161,3.0034497140,241.809
1.0198854340567951,-0.0000000000000000,-0.0000000000015130,0.0000000000010980,-0.0012819662690094,0.0186277593208379,3.2457973388608758,3.0034138924,255.416
1.0198242402298012,-0.0000000000000000,-0.0000000000000156,-0.0000000000000042,-0.0014197780503379,-0.0195592162544849,3.2516007713707351,3.0033786488,268.130
1.0197640739406078,-0.0000000000000000,-0.0000000000000039,-0.0000000000000022,-0.0015567299582962,-0.0204350622356486,3.2574042038805944,3.0033439671,280.078
1.0197049107399645,-0.0000000000000000,-0.0000000000025885,0.0000000000021749,-0.0016928373638718,0.0212624884829322,3.2632076363904536,3.0033098319,291.361
1.0196467269998373,-0.0000000000000000,0.0000000000014518,0.0000000000012797,-0.0018281150965529,-0.0220472428953110,3.2690110689003133,3.0032762280,302.056
1.0195894998795512,-0.0000000000000000,0.0000000000000168,0.0000000000000092,-0.0019625774720810,-0.0227940091807482,3.2748145014101726,3.0032431412,312.229
1.0195332072904788,-0.0000000000000000,-0.0000000000015998,0.0000000000014914,-0.0020962383133026,0.0235066663585813,3.2806179339200319,3.0032105573,321.933
1.0194778278622618,-0.0000000000000000,-0.0000000000007607,0.0000000000007295,-0.0022291109702909,0.0241884718419948,3.2864213664298916,3.0031784631,331.214
1.0194233409145985,-0.0000000000000000,-0.0000000000000068,-0.0000000000000044,-0.0023612083443269,-0.0248421939753395,3.2922247989397508,3.0031468457,340.109
1.0193697264268544,-0.0000000000000000,0.0000000000000012,0.0000000000000005,-0.0024925429050316,-0.0254702101341530,3.2980282314496101,3.0031156924,348.652
1.0193169650105909,-0.0000000000000000,-0.0000000000004433,0.0000000000004601,-0.0026231267092848,0.0260745807581560,3.3038316639594694,3.0030849914,356.870
1.0192650378834367,-0.0000000000000000,0.0000000000000190,-0.0000000000000123,-0.0027529714187170,0.0266571061780706,3.3096350964693291,3.0030547309,364.790
1.0192139268449043,-0.0000000000000000,0.0000000000000048,-0.0000000000000022,-0.0028820883167936,0.0272193708984459,3.3154385289791883,3.0030248998,372.432
1.0191636142521256,-0.0000000000000000,0.0000000000000948,0.0000000000001097,-0.0030104883239049,-0.0277627785744967,3.3212419614890476,3.0029954871,379.817
1.0191140829977692,-0.0000000000000000,0.0000000000000369,-0.0000000000000338,-0.0031381820126500,0.0282885799732234,3.3270453939989073,3.0029664825,386.961
1.0190653164889329,-0.0000000000000000,-0.0000000000000301,0.0000000000000209,-0.0032651796222330,0.0287978955721407,3.3328488265087666,3.0029378757,393.881
1.0190172986264812,-0.0000000000000000,-0.0000000000003285,-0.0000000000003707,-0.0033914910712134,-0.0292917340059162,3.3386522590186258,3.0029096570,400.589
1.0189700137863718,-0.0000000000000000,-0.0000000000004128,-0.0000000000004927,-0.0035171259715505,-0.0297710072604941,3.3444556915284851,3.0028818169,407.099
1.0189234468009214,-0.0000000000000000,-0.0000000000000053,-0.0000000000000033,-0.0036420936398903,-0.0302365432919329,3.3502591240383448,3.0028543462,413.423
1.0188775829412031,-0.0000000000000000,0.0000000000001058,0.0000000000000679,-0.0037664031093521,-0.0306890965868800,3.3560625565482041,3.0028272361,419.569
1.0188324079009423,-0.0000000000000001,-0.0000000000003372,0.0000000000004427,-0.0038900631409331,0.0311293570616321,3.3618659890580633,3.0028004779,425.549
1.0187879077800732,-0.0000000000000000,0.0000000000000077,-0.0000000000000051,-0.0040130822337641,0.0315579576117965,3.3676694215679226,3.0027740633,431.371
1.0187440690702969,-0.0000000000000000,0.0000000000000050,-0.0000000000000038,-0.0041354686357987,0.0319754805531078,3.3734728540777823,3.0027479842,437.043
1.0187008786399776,-0.0000000000000000,0.0000000000003964,0.0000000000005321,-0.0042572303524503,-0.0323824631498935,3.3792762865876416,3.0027222328,442.572
1.0186583237212441,-0.0000000000000000,-0.0000000000037421,0.0000000000049501,-0.0043783751578712,0.0327794023838419,3.3850797190975008,3.0026968016,447.966
1.0186163918936797,-0.0000000000000000,-0.0000000000000127,-0.0000000000000116,-0.0044989105969992,-0.0331667590848472,3.3908831516073605,3.0026716832,453.230
1.0185750710783521,-0.0000000000000000,-0.0000000000003137,0.0000000000004341,-0.0046188440064882,0.0335449615349652,3.3966865841172198,3.0026468704,458.371
1.0185343495187347,-0.0000000000000001,-0.0000000000003367,0.0000000000004464,-0.0047381825101420,0.0339144086118479,3.4024900166270791,3.0026223563,463.394
1.0184942157731456,-0.0000000000000000,-0.0000000000000095,0.0000000000000101,-0.0048569330332902,0.0342754725550943,3.4082934491369383,3.0025981343,468.304
1.0184546587027672,0.0000000000000000,0.0000000000000157,-0.0000000000000136,-0.0049751023080543,0.0346285014008189,3.4140968816467980,3.0025741978,473.106
1.0184156674610936,-0.0000000000000001,0.0000000000002952,0.0000000000004231,-0.0050926968808137,-0.0349738211377827,3.4199003141566573,3.0025505405,477.805
1.0183772314838120,0.0000000000000000,0.0000000000000075,-0.0000000000000063,-0.0052097231189332,0.0353117376200893,3.4257037466665166,3.0025271562,482.405
1.0183393404794985,-0.0000000000000000,-0.0000000000000055,0.0000000000000026,-0.0053261872167436,0.0356425382686331,3.4315071791763763,3.0025040390,486.909
1.0183019844200309,-0.0000000000000000,0.0000000000003874,0.0000000000006242,-0.0054420952020459,-0.0359664935937363,3.4373106116862355,3.0024811830,491.322
1.0182651535317822,-0.0000000000000000,0.0000000000005762,0.0000000000008763,-0.0055574529420645,-0.0362838585569831,3.4431140441960948,3.0024585827,495.647
1.0182288382870495,0.0000000000000000,-0.0000000000000016,0.0000000000000015,-0.0056722661478334,-0.0365948737937844,3.4489174767059541,3.0024362326,499.887
1.0181930293967234,-0.0000000000000001,-0.0000000000009992,0.0000000000014718,-0.0057865403821044,0.0368997667166301,3.4547209092158138,3.0024141273,504.046
1.0181577178005932,-0.0000000000000001,-0.0000000000001879,0.0000000000002547,-0.0059002810614559,0.0371987525095048,3.4605243417256730,3.0023922616,508.126
1.0181228946623675,0.0000000000000000,-0.0000000000000001,0.0000000000000034,-0.0060134934640661,-0.0374920350263505,3.4663277742355323,3.0023706306,512.130
1.0180885513603810,0.0000000000000000,-0.0000000000000026,-0.0000000000000012,-0.0061261827321596,-0.0377798076084855,3.4721312067453920,3.0023492292,516.061
1.0180546794817089,-0.0000000000000000,-0.0000000000004743,0.0000000000006356,-0.0062383538778620,0.0380622538262587,3.4779346392552513,3.0023280529,519.922
1.0180212708150038,-0.0000000000000000,0.0000000000000090,0.0000000000000099,-0.0063500117872362,-0.0383395481553184,3.4837380717651105,3.0023070968,523.714
1.0179883173448507,-0.0000000000000000,0.0000000000000032,-0.0000000000000033,-0.0064611612245374,0.0386118565907106,3.4895415042749698,3.0022863564,527.441
1.0179558112449072,-0.0000000000000000,0.0000000000002816,0.0000000000005289,-0.0065718068360617,-0.0388793372131117,3.4953449367848295,3.0022658275,531.104
1.0179237448723153,-0.0000000000000001,0.0000000000004291,0.0000000000007323,-0.0066819531544449,-0.0391421407035549,3.5011483692946888,3.0022455056,534.705
1.0178921107616918,-0.0000000000000000,0.0000000000000013,-0.0000000000000045,-0.0067916046009624,0.0394004108174008,3.5069518018045480,3.0022253866,538.247
1.0178609016207236,-0.0000000000000000,0.0000000000003817,0.0000000000007040,-0.0069007654918766,-0.0396542848199287,3.5127552343144077,3.0022054665,541.730
1.0178301103234553,-0.0000000000000001,0.0000000000005539,0.0000000000007918,-0.0070094400390807,-0.0399038938861200,3.5185586668242670,3.0021857412,545.158
1.0177997299060055,-0.0000000000000000,0.0000000000000042,0.0000000000000012,-0.0071176323549924,0.0401493634726095,3.5243620993341263,3.0021662069,548.531
1.0177697535623007,-0.0000000000000000,-0.0000000000000082,0.0000000000000104,-0.0072253464544179,0.0403908136523860,3.5301655318439855,3.0021468598,551.852
1.0177401746380483,-0.0000000000000000,0.0000000000005088,0.0000000000009079,-0.0073325862599982,-0.0406283594396795,3.5359689643538452,3.0021276963,555.122
1.0177109866267455,-0.0000000000000000,0.0000000000000061,-0.0000000000000070,-0.0074393556020080,0.0408621110740829,3.5417723968637045,3.0021087127,558.342
1.0176821831662297,0.0000000000000000,0.0000000000000001,-0.0000000000000003,-0.0075456582239719,0.0410921742943714,3.5475758293735637,3.0020899055,561.514
1.0176537580333080,-0.0000000000000000,0.0000000000005469,0.0000000000009942,-0.0076514977837329,-0.0413186505895957,3.5533792618834230,3.0020712714,564.639
1.0176257051398756,-0.0000000000000000,-0.0000000000005935,0.0000000000010785,-0.0077568778563949,0.0415416374328089,3.5591826943932827,3.0020528070,567.718
1.0175980185294569,0.0000000000000000,-0.0000000000000020,-0.0000000000000016,-0.0078618019369816,-0.0417612284979962,3.5649861269031420,3.0020345091,570.754
1.0175706923738699,-0.0000000000000000,-0.0000000000007314,0.0000000000013511,-0.0079662734438771,0.0419775138623817,3.5707895594130012,3.0020163744,573.747
1.0175437209681104,-0.0000000000000000,-0.0000000000018190,0.0000000000032853,-0.0080702957195258,0.0421905801969440,3.5765929919228610,3.0019983999,576.698
1.0175170987272262,0.0000000000000000,0.0000000000000071,0.0000000000000102,-0.0081738720315200,-0.0424005109400103,3.5823964244327202,3.0019805825,579.608
1.0174908201854946,0.0000000000000000,0.0000000000000021,0.0000000000000034,-0.0082770055804334,-0.0426073864642040,3.5881998569425795,3.0019629193,582.479
1.0174648799894754,-0.0000000000000000,-0.0000000000009236,0.0000000000015180,-0.0083796994960398,0.0428112842310025,3.5940032894524387,3.0019454074,585.311
1.0174392728960784,-0.0000000000000000,-0.0000000000000060,-0.0000000000000060,-0.0084819568408358,-0.0430122789344826,3.5998067219622985,3.0019280440,588.106
1.0174139937713302,-0.0000000000000000,0.0000000000000034,0.0000000000000037,-0.0085837806140971,-0.0432104426350662,3.6056101544721577,3.0019108263,590.864
1.0173890375850339,-0.0000000000000000,-0.0000000000001971,0.0000000000004145,-0.0086851737514293,0.0434058448895341,3.6114135869820170,3.0018937516,593.587
1.0173643994089934,-0.0000000000000001,0.0000000000001089,0.0000000000002381,-0.0087861391276748,-0.0435985528687687,3.6172170194918767,3.0018768173,596.275
1.0173400744142944,-0.0000000000000000,-0.0000000000000003,0.0000000000000005,-0.0088866795584012,0.0437886314702266,3.6230204520017359,3.0018600207,598.929
1.0173160578686722,-0.0000000000000000,0.0000000000008191,0.0000000000014123,-0.0089867978020458,-0.0439761434231331,3.6288238845115952,3.0018433594,601.550
1.0172923451331315,-0.0000000000000001,0.0000000000011177,0.0000000000019697,-0.0090864965609938,-0.0441611493896896,3.6346273170214545,3.0018268310,604.139
1.0172689316601351,-0.0000000000000000,-0.0000000000000023,0.0000000000000021,-0.0091857784821770,0.0443437080553481,3.6404307495313142,3.0018104329,606.697
1.0172458129922484,-0.0000000000000000,-0.0000000000000016,0.0000000000000032,-0.0092846461620637,0.0445238762197648,3.6462341820411734,3.0017941628,609.224
1.0172229847573950,-0.0000000000000001,-0.0000000000003082,-0.0000000000005227,-0.0093831021444574,-0.0447017088803622,3.6520376145510327,3.0017780184,611.722
1.0172004426687060,-0.0000000000000000,0.0000000000000006,0.0000000000000006,-0.0094811489236332,0.0448772593090244,3.6578410470608924,3.0017619975,614.190
1.0171781825208859,-0.0000000000000000,-0.0000000000000011,0.0000000000000012,-0.0095787889452684,0.0450505791283657,3.6636444795707517,3.0017460978,616.630
1.0171562001890868,-0.0000000000000001,-0.0000000000003704,-0.0000000000005888,-0.0096760246084101,-0.0452217183810458,3.6694479120806109,3.0017303172,619.042
1.0171344916266798,-0.0000000000000001,-0.0000000000001441,-0.0000000000002865,-0.0097728582660312,-0.0453907255968674,3.6752513445904702,3.0017146536,621.427
1.0171130528626406,0.0000000000000000,0.0000000000000054,-0.0000000000000053,-0.0098692922261388,0.0455576478553511,3.6810547771003299,3.0016991048,623.785
1.0170918800002196,-0.0000000000000001,-0.0000000000004043,-0.0000000000005759,-0.0099653287543592,-0.0457225308469715,3.6868582096101892,3.0016836688,626.117
1.0170709692152264,-0.0000000000000001,-0.0000000000001520,-0.0000000000002562,-0.0100609700734654,-0.0458854189272656,3.6926616421200484,3.0016683436,628.425
1.0170503167535938,0.0000000000000000,0.0000000000000014,-0.0000000000000036,-0.0101562183654917,0.0460463551731462,3.6984650746299081,3.0016531274,630.707
1.0170299189299881,-0.0000000000000000,0.0000000000000033,-0.0000000000000040,-0.0102510757725243,0.0462053814327999,3.7042685071397674,3.0016380181,632.965
1.0170097721261049,-0.0000000000000001,-0.0000000000002139,-0.0000000000003537,-0.0103455443980379,-0.0463625383747475,3.7100719396496267,3.0016230138,635.200
1.0169898727891220,0.0000000000000000,0.0000000000000004,0.0000000000000009,-0.0104396263070395,0.0465178655323255,3.7158753721594859,3.0016081128,637.411
1.0169702174297344,-0.0000000000000000,0.0000000000000172,-0.0000000000000228,-0.0105333235284836,0.0466714013504783,3.7216788046693456,3.0015933133,639.600
1.0169508026213441,-0.0000000000000002,0.0000000000003279,0.0000000000007930,-0.0106266380564446,-0.0468231832242480,3.7274822371792049,3.0015786134,641.767
1.0169316249963969,-0.0000000000000000,-0.0000000000005565,-0.0000000000009037,-0.0107195718447963,-0.0469732475431276,3.7332856696890642,3.0015640114,643.912
1.0169126812492286,-0.0000000000000000,-0.0000000000000165,-0.0000000000000022,-0.0108121268215693,0.0471216297218257,3.7390891021989239,3.0015495057,646.036
1.0168939681298685,-0.0000000000000000,-0.0000000000005050,-0.0000000000006624,-0.0109043048752978,-0.0472683642422536,3.7448925347087831,3.0015350945,648.139
1.0168754824456090,-0.0000000000000000,-0.0000000000001563,-0.0000000000002320,-0.0109961078652101,-0.0474134846872495,3.7506959672186424,3.0015207762,650.222
1.0168572210586135,-0.0000000000000000,0.0000000000000014,-0.0000000000000051,-0.0110875376181972,0.0475570237715465,3.7564993997285017,3.0015065493,652.285
1.0168391808848045,-0.0000000000000000,-0.0000000000000008,0.0000000000000015,-0.0111785959303877,0.0476990133735506,3.7623028322383614,3.0014924120,654.328
1.0168213588928585,-0.0000000000000002,0.0000000000002358,0.0000000000007811,-0.0112692845689700,-0.0478394845664631,3.7681062647482206,3.0014783630,656.353
1.0168037521022550,-0.0000000000000000,-0.0000000000000029,0.0000000000000055,-0.0113596052693812,0.0479784676439287,3.7739096972580799,3.0014644006,658.359
1.0167863575832399,-0.0000000000000000,0.0000000000000008,0.0000000000000005,-0.0114495597423229,0.0481159921523441,3.7797131297679396,3.0014505234,660.346
1.0167691724544641,-0.0000000000000002,-0.0000000000001961,-0.0000000000003479,-0.0115391496682533,-0.0482520869123429,3.7855165622777989,3.0014367298,662.316
1.0167521938829562,-0.0000000000000000,0.0000000000001967,0.0000000000005500,-0.0116283767018172,-0.0483867800457844,3.7913199947876581,3.0014230186,664.268
1.0167354190814897,-0.0000000000000000,0.0000000000000038,-0.0000000000000201,-0.0117172424701957,-0.0485200989998864,3.7971234272975174,3.0014093882,666.203
1.0167188453099074,-0.0000000000000001,-0.0000000000007300,0.0000000000013283,-0.0118057485757003,0.0486520705681260,3.8029268598073771,3.0013958372,668.121
1.0167024698710072,-0.0000000000000000,-0.0000000000003439,0.0000000000009853,-0.0118938965954294,0.0487827209172490,3.8087302923172364,3.0013823643,670.023
1.0166862901123943,-0.0000000000000000,-0.0000000000000045,0.0000000000000033,-0.0119816880815634,0.0489120756008984,3.8145337248270956,3.0013689682,671.908
1.0166703034242270,-0.0000000000000000,0.0000000000000030,0.0000000000000053,-0.0120691245632625,-0.0490401595860039,3.8203371573369553,3.0013556475,673.778
1.0166545072382487,-0.0000000000000002,-0.0000000000010123,0.0000000000019535,-0.0121562075460739,0.0491669972690336,3.8261405898468146,3.0013424009,675.632
1.0166388990257480,-0.0000000000000000,-0.0000000000000006,0.0000000000000011,-0.0122429385111102,0.0492926124960454,3.8319440223566739,3.0013292272,677.470
1.0166234762999458,-0.0000000000000000,-0.0000000000000022,-0.0000000000000032,-0.0123293189200254,-0.0494170285785943,3.8377474548665331,3.0013161251,679.294
1.0166082366118763,-0.0000000000000000,-0.0000000000006397,0.0000000000013232,-0.0124153502111678,0.0495402683126714,3.8435508873763928,3.0013030934,681.104
1.0165931775502934,-0.0000000000000000,-0.0000000000005527,0.0000000000011461,-0.0125010338014785,0.0496623539946127,3.8493543198862521,3.0012901308,682.898
1.0165782967417838,-0.0000000000000000,0.0000000000000022,-0.0000000000000276,-0.0125863710877461,0.0497833074366073,3.8551577523961114,3.0012772362,684.679
1.0165635918498328,-0.0000000000000000,-0.0000000000003185,-0.0000000000001800,-0.0126713634466028,-0.0499031499809881,3.8609611849059711,3.0012644084,686.446
1.0165490605729481,-0.0000000000000002,0.0000000000005229,0.0000000000010419,-0.0127560122342729,-0.0500219025166364,3.8667646174158303,3.0012516463,688.200
1.0165347006442165,-0.0000000000000000,-0.0000000000000047,0.0000000000000036,-0.0128403187881579,0.0501395854927147,3.8725680499256896,3.0012389486,689.940
1.0165205098319341,-0.0000000000000000,-0.0000000000000000,0.0000000000000013,-0.0129242844269195,0.0502562189301610,3.8783714824355489,3.0012263143,691.667
1.0165064859372335,-0.0000000000000002,0.0000000000005402,0.0000000000010996,-0.0130079104505767,-0.0503718224369030,3.8841749149454086,3.0012137423,693.381
1.0164926267934180,-0.0000000000000000,-0.0000000000000040,0.0000000000000063,-0.0130911981401940,0.0504864152192250,3.8899783474552678,3.0012012316,695.083
1.0164789302669393,-0.0000000000000000,-0.0000000000000015,0.0000000000000029,-0.0131741487608062,0.0506000160940839,3.8957817799651271,3.0011887809,696.773
1.0164653942550146,-0.0000000000000002,0.0000000000003901,0.0000000000012653,-0.0132567635597701,-0.0507126435012755,3.9015852124749868,3.0011763893,698.450
1.0164520166851005,-0.0000000000000000,0.0000000000003885,0.0000000000007727,-0.0133390437650916,-0.0508243155116985,3.9073886449848461,3.0011640558,700.116
1.0164387955152645,-0.0000000000000000,0.0000000000000001,-0.0000000000000223,-0.0134209905921750,0.0509350498442162,3.9131920774947053,3.0011517793,701.770
1.0164257287333076,-0.0000000000000000,0.0000000000004565,0.0000000000008732,-0.0135026052378708,-0.0510448638687061,3.9189955100045646,3.0011395589,703.412
1.0164128143548850,-0.0000000000000002,0.0000000000005669,0.0000000000011902,-0.0135838888835969,-0.0511537746217043,3.9247989425144243,3.0011273935,705.044
1.0164000504242197,-0.0000000000000000,0.0000000000000006,-0.0000000000000048,-0.0136648426953683,0.0512617988139228,3.9306023750242836,3.0011152821,706.664
1.0163874350137372,-0.0000000000000000,0.0000000000000002,0.0000000000000003,-0.0137454678242481,0.0513689528379451,3.9364058075341428,3.0011032239,708.273
1.0163749662221655,-0.0000000000000000,-0.0000000000002279,-0.0000000000004157,-0.0138257654063749,-0.0514752527806909,3.9422092400440025,3.0010912178,709.872
1.0163626421751759,0.0000000000000000,-0.0000000000000013,0.0000000000000018,-0.0139057365627156,0.0515807144286867,3.9480126725538618,3.0010792629,711.461
1.0163504610240333,0.0000000000000000,0.0000000000000016,-0.0000000000000005,-0.0139853824009883,0.0516853532798283,3.9538161050637211,3.0010673583,713.039
1.0163384209457182,-0.0000000000000002,0.0000000000000038,0.0000000000000934,-0.0140647040148892,-0.0517891845488427,3.9596195375735803,3.0010555031,714.608
1.0163265201419571,-0.0000000000000002,0.0000000000000125,-0.0000000000000174,-0.0141437024829621,0.0518922231748672,3.9654229700834396,3.0010436964,716.166
1.0163147568389685,-0.0000000000000000,0.0000000000000079,-0.0000000000000326,-0.0142223788725889,0.0519944838326863,3.9712264025932993,3.0010319373,717.715
1.0163031292868290,-0.0000000000000002,-0.0000000000002044,-0.0000000000004026,-0.0143007342365738,-0.0520959809353714,3.9770298351031586,3.0010202249,719.255
1.0162916357591865,-0.0000000000000000,0.0000000000001510,-0.0000000000002682,-0.0143787696153163,0.0521967286442951,3.9828332676130183,3.0010085584,720.785
1.0162802745524462,-0.0000000000000000,0.0000000000000014,-0.0000000000000048,-0.0144564860362791,0.0522967408751133,3.9886367001228775,3.0009969370,722.306
1.0162690439856574,-0.0000000000000000,0.0000000000000004,0.0000000000000006,-0.0145338845154015,0.0523960313047148,3.9944401326327368,3.0009853597,723.818
1.0162579423997087,-0.0000000000000004,-0.0000000000007519,-0.0000000000010725,-0.0146109660559402,-0.0524946133776784,4.0002435651425960,3.0009738258,725.321
1.0162469681577848,-0.0000000000000000,0.0000000000000024,0.0000000000000037,-0.0146877316484969,-0.0525925003101518,4.0060469976524553,3.0009623344,726.816
1.0162361196432999,-0.0000000000000000,0.0000000000000368,-0.0000000000001231,-0.0147641822739692,0.0526897051013319,4.0118504301623146,3.0009508848,728.302
1.0162253952610398,-0.0000000000000004,-0.0000000000003147,-0.0000000000003099,-0.0148403188999769,-0.0527862405329572,4.0176538626721747,3.0009394761,729.780
1.0162147934362065,-0.0000000000000000,0.0000000000001365,-0.0000000000002764,-0.0149161424836855,0.0528821191788579,4.0234572951820340,3.0009281076,731.249
1.0162043126136822,-0.0000000000000000,-0.0000000000000115,-0.0000000000000381,-0.0149916539715228,-0.0529773534100402,4.0292607276918933,3.0009167784,732.711
1.0161939512580229,-0.0000000000000004,0.0000000000000503,-0.0000000000000914,-0.0150668542986312,0.0530719553988360,4.0350641602017525,3.0009054879,734.164
1.0161837078530205,-0.0000000000000000,-0.0000000000003676,-0.0000000000005442,-0.0151417443899142,-0.0531659371246907,4.0408675927116118,3.0008942352,735.610
1.0161735809015657,0.0000000000000000,0.0000000000000046,-0.0000000000000096,-0.0152163251595250,0.0532593103783139,4.0466710252214710,3.0008830195,737.049
1.0161635689244002,-0.0000000000000000,0.0000000000000008,0.0000000000000023,-0.0152905975115510,-0.0533520867688130,4.0524744577313303,3.0008718403,738.480
1.0161536704608638,-0.0000000000000000,0.0000000000000454,-0.0000000000000860,-0.0153645623403064,0.0534442777257789,4.0582778902411896,3.0008606966,739.904
1.0161438840678929,-0.0000000000000000,-0.0000000000000004,-0.0000000000000005,-0.0154382205295686,-0.0535358945046097,4.0640813227510497,3.0008495878,741.320
1.0161342083198128,-0.0000000000000000,0.0000000000000413,-0.0000000000001244,-0.0155115729541658,0.0536269481924848,4.0698847552609090,3.0008385133,742.729
1.0161246418081424,-0.0000000000000004,-0.0000000000001366,-0.0000000000003053,-0.0155846204791547,-0.0537174497097593,4.0756881877707682,3.0008274721,744.132
1.0161151831410604,-0.0000000000000004,0.0000000000000442,0.0000000000000792,-0.0156573639595090,-0.0538074098169204,4.0814916202806275,3.0008164638,745.528
1.0161058309431492,-0.0000000000000000,0.0000000000000144,-0.0000000000000408,-0.0157298042422978,0.0538968391173586,4.0872950527904868,3.0008054875,746.917
1.0160965838553064,-0.0000000000000006,0.0000000000001260,0.0000000000002929,-0.0158019421651274,-0.0539857480611983,4.0930984853003460,3.0007945425,748.299
1.0160874405338638,-0.0000000000000004,-0.0000000000000220,-0.0000000000000814,-0.0158737785552017,0.0540741469488636,4.0989019178102062,3.0007836283,749.675
1.0160783996510787,-0.0000000000000000,-0.0000000000000017,-0.0000000000000063,-0.0159453142333135,-0.0541620459363720,4.1047053503200654,3.0007727441,751.045
1.0160694598942825,-0.0000000000000000,0.0000000000000014,0.0000000000000033,-0.0160165500104506,-0.0542494550369930,4.1105087828299247,3.0007618892,752.409
1.0160606199657276,-0.0000000000000005,-0.0000000000001769,0.0000000000003664,-0.0160874866891142,0.0543363841260758,4.1163122153397840,3.0007510631,753.766
1.0160518785821477,-0.0000000000000000,-0.0000000000000012,0.0000000000000027,-0.0161581250634658,0.0544228429435170,4.1221156478496432,3.0007402649,755.118
1.0160432344749717,-0.0000000000000000,0.0000000000000475,-0.0000000000001302,-0.0162284659197450,0.0545088410984135,4.1279190803595025,3.0007294942,756.464
1.0160346863898022,-0.0000000000000000,0.0000000000005226,0.0000000000010612,-0.0162985100361064,-0.0545943880698532,4.1337225128693618,3.0007187502,757.804
1.0160262330854151,-0.0000000000000005,0.0000000000004227,0.0000000000008364,-0.0163682581827311,-0.0546794932140430,4.1395259453792210,3.0007080323,759.138
1.0160178733345213,-0.0000000000000000,-0.0000000000000125,-0.0000000000000362,-0.0164377111206487,-0.0547641657641054,4.1453293778890812,3.0006973399,760.467
1.0160096059240378,-0.0000000000000000,-0.0000000000005909,0.0000000000013349,-0.0165068696061439,0.0548484148322841,4.1511328103989404,3.0006866724,761.791
1.0160014296523241,-0.0000000000000000,-0.0000000000002864,0.0000000000006038,-0.0165757343847778,0.0549322494165987,4.1569362429087997,3.0006760290,763.109
1.0159933433317749,-0.0000000000000000,-0.0000000000000031,-0.0000000000000083,-0.0166443061964867,-0.0550156784009910,4.1627396754186590,3.0006654093,764.422
1.0159853457873829,-0.0000000000000000,-0.0000000000004963,0.0000000000009821,-0.0167125857736538,0.0550987105584458,4.1685431079285182,3.0006548126,765.730
1.0159774358556011,-0.0000000000000000,0.0000000000005274,0.0000000000010473,-0.0167805738405378,-0.0551813545546894,4.1743465404383775,3.0006442383,767.033
1.0159696123855184,-0.0000000000000000,0.0000000000000014,-0.0000000000000023,-0.0168482711146483,0.0552636189496779,4.1801499729482376,3.0006336858,768.331
1.0159618742386185,-0.0000000000000000,0.0000000000000511,-0.0000000000001319,-0.0169156783068528,0.0553455122003112,4.1859534054580969,3.0006231545,769.624
1.0159542202875333,-0.0000000000000005,0.0000000000002537,0.0000000000007432,-0.0169827961207936,-0.0554270426633467,4.1917568379679562,3.0006126438,770.913
1.0159466494160740,0.0000000000000000,0.0000000000000008,-0.0000000000000007,-0.0170496252524648,0.0555082185978294,4.1975602704778154,3.0006021531,772.197
1.0159391605200501,0.0000000000000000,-0.0000000000000191,-0.0000000000000459,-0.0171161663924590,-0.0555890481675429,4.2033637029876747,3.0005916819,773.476
1.0159317525059002,-0.0000000000000005,-0.0000000000003092,0.0000000000008761,-0.0171824202237615,0.0556695394429189,4.2091671354975340,3.0005812296,774.752
1.0159244242905854,-0.0000000000000005,-0.0000000000002172,0.0000000000006521,-0.0172483874220901,0.0557497004033552,4.2149705680073932,3.0005707955,776.022
1.0159171748023099,-0.0000000000000000,-0.0000000000000066,-0.0000000000000136,-0.0173140686584452,-0.0558295389393893,4.2207740005172525,3.0005603791,777.289
1.0159100029798247,-0.0000000000000000,-0.0000000000004850,0.0000000000009256,-0.0173794645967162,0.0559090628553095,4.2265774330271126,3.0005499799,778.551
1.0159029077710247,-0.0000000000000002,-0.0000000000002979,0.0000000000007802,-0.0174445758930295,0.0559882798720439,4.2323808655369719,3.0005395973,779.810
1.0158958881348348,-0.0000000000000000,0.0000000000000035,-0.0000000000000053,-0.0175094031984056,0.0560671976266244,4.2381842980468312,3.0005292306,781.064
1.0158889430400311,-0.0000000000000000,0.0000000000000488,-0.0000000000001272,-0.0175739471578849,0.0561458236763611,4.2439877305566904,3.0005188795,782.314
1.0158820714649246,-0.0000000000000005,0.0000000000004879,0.0000000000009439,-0.0176382084101486,-0.0562241654997638,4.2497911630665497,3.0005085433,783.561
1.0158752723968481,-0.0000000000000000,-0.0000000000000008,0.0000000000000005,-0.0177021875881820,0.0563022304999920,4.2555945955764098,3.0004982214,784.804
1.0158685448327920,-0.0000000000000000,0.0000000000000126,-0.0000000000000357,-0.0177658853157919,0.0563800260058613,4.2613980280862691,3.0004879133,786.044
1.0158618877806600,-0.0000000000000005,0.0000000000004707,0.0000000000010823,-0.0178293022211258,-0.0564575592690556,4.2672014605961284,3.0004776186,787.279
1.0158553002527166,-0.0000000000000000,-0.0000000000003222,0.0000000000007375,-0.0178924389075489,0.0565348374798186,4.2730048931059876,3.0004673365,788.512
1.0158487812742076,-0.0000000000000000,-0.0000000000000028,-0.0000000000000077,-0.0179552959887562,-0.0566118677510142,4.2788083256158469,3.0004570666,789.741
1.0158423298791026,-0.0000000000000000,-0.0000000000006593,0.0000000000017135,-0.0180178740719903,0.0566886571291122,4.2846117581257062,3.0004468084,790.966
1.0158359451067343,-0.0000000000000000,-0.0000000000003651,0.0000000000007540,-0.0180801737496581,0.0567652125984789,4.2904151906355654,3.0004365613,792.189
1.0158296260073871,-0.0000000000000000,-0.0000000000000004,-0.0000000000000011,-0.0181421956158679,-0.0568415410769372,4.2962186231454247,3.0004263248,793.408
1.0158233716388791,0.0000000000000000,-0.0000000000000361,-0.0000000000001083,-0.0182039402570476,-0.0569176494203169,4.3020220556552839,3.0004160983,794.625
1.0158171810665111,-0.0000000000000005,-0.0000000000004027,0.0000000000008663,-0.0182654082526583,0.0569935444245220,4.3078254881651441,3.0004058813,795.838
1.0158110533636204,-0.0000000000000000,0.0000000000000010,-0.0000000000000028,-0.0183266001787942,0.0570692328253617,4.3136289206750034,3.0003956734,797.048
1.0158049876117303,0.0000000000000000,0.0000000000000080,-0.0000000000000311,-0.0183875166050079,0.0571447213014879,4.3194323531848626,3.0003854739,798.256
1.0157989828998106,-0.0000000000000005,0.0000000000006101,0.0000000000013325,-0.0184481580964180,-0.0572200164748129,4.3252357856947219,3.0003752824,799.460
1.0157930383233900,-0.0000000000000000,0.0000000000003221,0.0000000000006703,-0.0185085252115958,-0.0572951249135685,4.3310392182045812,3.0003650983,800.663
1.0157871529862483,-0.0000000000000000,-0.0000000000000040,0.0000000000000014,-0.0185686185044945,0.0573700531320098,4.3368426507144413,3.0003549211,801.862
1.0157813259997026,-0.0000000000000000,0.0000000000011141,0.0000000000025577,-0.0186284385246673,-0.0574448075922604,4.3426460832242997,3.0003447503,803.059
1.0157755564798900,-0.0000000000000000,0.0000000000003143,0.0000000000006590,-0.0186879858147251,-0.0575193947077131,4.3484495157341598,3.0003345854,804.253
1.0157698435523710,-0.0000000000000000,-0.0000000000000019,0.0000000000000021,-0.0187472609138204,0.0575938208406674,4.3542529482440191,3.0003244258,805.445
1.0157641863482973,-0.0000000000000000,-0.0000000000000103,-0.0000000000000753,-0.0188062643554308,-0.0576680923069540,4.3600563807538784,3.0003142711,806.635
1.0157585840055086,-0.0000000000000005,-0.0000000000005435,0.0000000000011054,-0.0188649966679629,0.0577422153754858,4.3658598132637376,3.0003041208,807.823
1.0157530356675875,0.0000000000000000,0.0000000000000039,0.0000000000000002,-0.0189234583742246,-0.0578161962717456,4.3716632457735969,3.0002939742,809.008
1.0157475404858287,-0.0000000000000000,-0.0000000000000001,-0.0000000000000225,-0.0189816499928419,-0.0578900411753529,4.3774666782834561,3.0002838310,810.191
1.0157420976172726,-0.0000000000000005,-0.0000000000007718,0.0000000000019193,-0.0190395720379880,0.0579637562240816,4.3832701107933154,3.0002736906,811.372
1.0157367062239131,-0.0000000000000005,-0.0000000000002944,0.0000000000006127,-0.0190972250175704,0.0580373475158540,4.3890735433031756,3.0002635525,812.551
1.0157313654753040,-0.0000000000000000,0.0000000000000028,-0.0000000000000016,-0.0191546094356278,-0.0581108211067470,4.3948769758130348,3.0002534161,813.728
1.0157260745463270,-0.0000000000000005,-0.0000000000003348,0.0000000000006956,-0.0192117257913020,0.0581841830150837,4.4006804083228941,3.0002432811,814.904
1.0157208326171887,-0.0000000000000005,0.0000000000003875,0.0000000000008364,-0.0192685745788787,-0.0582574392213190,4.4064838408327534,3.0002331468,816.077
1.0157156388738291,0.0000000000000000,0.0000000000000009,-0.0000000000000034,-0.0193251562874644,0.0583305956698080,4.4122872733426126,3.0002230127,817.249
1.0157104925082401,-0.0000000000000000,-0.0000000000000569,0.0000000000000012,-0.0193814714020597,0.0584036582693709,4.4180907058524728,3.0002128785,818.419
1.0157053927173485,-0.0000000000000005,0.0000000000004930,0.0000000000010639,-0.0194375204029960,-0.0584766328943643,4.4238941383623311,3.0002027434,819.588
1.0157003387029182,-0.0000000000000000,-0.0000000000000015,0.0000000000000015,-0.0194933037652729,0.0585495253872244,4.4296975708721913,3.0001926071,820.755
1.0156953296729743,-0.0000000000000000,-0.0000000000000478,0.0000000000000329,-0.0195488219601380,0.0586223415574901,4.4355010033820506,3.0001824691,821.921
1.0156903648404292,-0.0000000000000000,0.0000000000020619,0.0000000000047388,-0.0196040754533904,-0.0586950871836878,4.4413044358919098,3.0001723287,823.085
1.0156854434205316,-0.0000000000000000,0.0000000000003763,0.0000000000006792,-0.0196590647069105,-0.0587677680173027,4.4471078684017691,3.0001621856,824.248
1.0156805646375735,-0.0000000000000000,0.0000000000000023,0.0000000000000038,-0.0197137901781062,-0.0588403897774949,4.4529113009116283,3.0001520392,825.409
1.0156757277181567,-0.0000000000000000,-0.0000000000003374,0.0000000000006715,-0.0197682523191837,0.0589129581579144,4.4587147334214876,3.0001418890,826.570
1.0156709318937795,-0.0000000000000006,-0.0000000000007786,0.0000000000017227,-0.0198224515787683,0.0589854788253117,4.4645181659313469,3.0001317345,827.729
1.0156661763999137,-0.0000000000000000,0.0000000000000012,-0.0000000000000061,-0.0198763883996587,0.0590579574216028,4.4703215984412070,3.0001215751,828.887
1.0156614604779655,-0.0000000000000000,0.0000000000000033,0.0000000000000064,-0.0199300632218513,-0.0591303995632045,4.4761250309510663,3.0001114105,830.045
1.0156567833725991,-0.0000000000000000,-0.0000000000002144,0.0000000000004159,-0.0199834764801147,0.0592028108437123,4.4819284634609255,3.0001012400,831.201
1.0156521443326534,-0.0000000000000000,0.0000000000000035,0.0000000000000057,-0.0200366286046587,-0.0592751968342351,4.4877318959707848,3.0000910631,832.356
1.0156475426114917,-0.0000000000000000,0.0000000000001353,-0.0000000000001502,-0.0200895200213290,0.0593475630847789,4.4935353284806441,3.0000808794,833.511
1.0156429774665474,-0.0000000000000006,0.0000000000002347,0.0000000000004284,-0.0201421511524693,-0.0594199151238462,4.4993387609905042,3.0000706883,834.665
1.0156384481587246,-0.0000000000000006,0.0000000000003367,0.0000000000006030,-0.0201945224148129,-0.0594922584616490,4.5051421935003626,3.0000604893,835.818
1.0156339539529056,-0.0000000000000000,0.0000000000000337,-0.0000000000000445,-0.0202466342216077,0.0595645985900530,4.5109456260102228,3.0000502819,836.970
1.0156294941183108,-0.0000000000000006,0.0000000000002050,0.0000000000003746,-0.0202984869818767,-0.0596369409819151,4.5167490585200820,3.0000400656,838.122
1.0156250679269814,-0.0000000000000000,0.0000000000002400,0.0000000000004270,-0.0203500810996847,-0.0597092910949416,4.5225524910299413,3.0000298398,839.274
1.0156206746548502,-0.0000000000000000,0.0000000000000029,-0.0000000000000047,-0.0204014169752882,0.0597816543707337,4.5283559235398005,3.0000196040,840.425
1.0156163135815341,-0.0000000000000000,-0.0000000000000004,0.0000000000000002,-0.0204524950048134,0.0598540362361903,4.5341593560496598,3.0000093578,841.575
1.0156119839899505,-0.0000000000000006,0.0000000000005234,0.0000000000010027,-0.0205033155800458,-0.0599264421042611,4.5399627885595191,2.9999991005,842.725
1.0156076851655322,0.0000000000000000,0.0000000000000004,-0.0000000000000008,-0.0205538790882438,0.0599988773762221,4.5457662210693783,2.9999888317,843.875
1.0156034163981884,-0.0000000000000000,-0.0000000000001192,-0.0000000000001443,-0.0206041859130182,-0.0600713474399181,4.5515696535792385,2.9999785508,845.025
1.0155991769801420,-0.0000000000000006,-0.0000000000004594,0.0000000000007921,-0.0206542364332047,0.0601438576731129,4.5573730860890977,2.9999682573,846.175
1.0155949662067159,-0.0000000000000004,-0.0000000000003091,0.0000000000005505,-0.0207040310242668,0.0602164134429122,4.5631765185989570,2.9999579507,847.324
1.0155907833760125,-0.0000000000000000,-0.0000000000000235,-0.0000000000000312,-0.0207535700564496,-0.0602890201090825,4.5689799511088163,2.9999476304,848.473
1.0155866277893835,-0.0000000000000006,-0.0000000000000563,-0.0000000000003229,-0.0208028538965003,0.0603616830212577,4.5747833836186755,2.9999372959,849.623
1.0155824987513495,-0.0000000000000000,-0.0000000000002568,0.0000000000006282,-0.0208518829079413,0.0604344075213610,4.5805868161285348,2.9999269467,850.772
1.0155783955675028,-0.0000000000000000,-0.0000000000000066,-0.0000000000000095,-0.0209006574479194,-0.0605071989476952,4.5863902486383941,2.9999165821,851.922
1.0155743175476357,-0.0000000000000000,-0.0000000000002437,-0.0000000000003060,-0.0209491778713509,-0.0605800626306940,4.5921936811482542,2.9999062017,853.072
1.0155702640032622,-0.0000000000000004,0.0000000000000109,-0.0000000000001948,-0.0209974445283028,0.0606530038967473,4.5979971136581135,2.9998958050,854.222
1.0155662342487570,-0.0000000000000000,-0.0000000000000043,-0.0000000000000065,-0.0210454577654329,-0.0607260280688787,4.6038005461679727,2.9998853913,855.373
1.0155622276003076,-0.0000000000000000,-0.0000000000000840,-0.0000000000001065,-0.0210932179241456,-0.0607991404674316,4.6096039786778320,2.9998749601,856.523
1.0155582433768371,-0.0000000000000006,-0.0000000000002584,0.0000000000003870,-0.0211407253428842,0.0608723464104621,4.6154074111876913,2.9998645108,857.675
1.0155542808991924,-0.0000000000000006,0.0000000000002763,0.0000000000004408,-0.0211879803555182,-0.0609456512149086,4.6212108436975505,2.9998540430,858.827
1.0155503394902059,-0.0000000000000000,-0.0000000000000235,-0.0000000000000314,-0.0212349832920173,-0.0610190601987714,4.6270142762074098,2.9998435560,859.979
1.0155464184751393,-0.0000000000000006,-0.0000000000001332,0.0000000000000664,-0.0212817344781191,0.0610925786794540,4.6328177087172691,2.9998330492,861.132
1.0155425171810377,-0.0000000000000006,0.0000000000002357,0.0000000000004405,-0.0213282342360846,-0.0611662119768877,4.6386211412271292,2.9998225221,862.286
1.0155386349363784,-0.0000000000000000,0.0000000000000044,-0.0000000000000048,-0.0213744828834432,0.0612399654133779,4.6444245737369885,2.9998119742,863.440
1.0155347710719991,-0.0000000000000000,-0.0000000000002124,-0.0000000000002649,-0.0214204807340436,-0.0613138443150248,4.6502280062468477,2.9998014048,864.595
1.0155309249201245,-0.0000000000000006,0.0000000000000059,-0.0000000000000084,-0.0214662280980093,0.0613878540118710,4.6560314387567070,2.9997908133,865.751
1.0155270958147984,-0.0000000000000000,0.0000000000000043,-0.0000000000000057,-0.0215117252813267,0.0614619998398135,4.6618348712665663,2.9997801992,866.908
1.0155232830912999,-0.0000000000000000,0.0000000000000807,-0.0000000000001022,-0.0215569725855655,0.0615362871407993,4.6676383037764255,2.9997695619,868.066
1.0155194860864754,-0.0000000000000006,-0.0000000000000566,-0.0000000000002110,-0.0216019703085668,-0.0616107212639199,4.6734417362862857,2.9997589007,869.225
1.0155157041389187,-0.0000000000000004,0.0000000000000282,-0.0000000000000682,-0.0216467187448472,0.0616853075663346,4.6792451687961449,2.9997482152,870.385
1.0155119365880834,-0.0000000000000000,0.0000000000000206,-0.0000000000000250,-0.0216912181843102,0.0617600514144731,4.6850486013060042,2.9997375046,871.547
1.0155081827746240,-0.0000000000000000,0.0000000000000349,-0.0000000000002442,-0.0217354689125447,-0.0618349581845003,4.6908520338158635,2.9997267684,872.709
1.0155044420408730,-0.0000000000000006,0.0000000000001937,0.0000000000003446,-0.0217794712121801,-0.0619100332629905,4.6966554663257227,2.9997160060,873.873
1.0155007137294638,0.0000000000000000,-0.0000000000000033,-0.0000000000000038,-0.0218232253610805,-0.0619852820492733,4.7024588988355820,2.9997052167,875.038
1.0154969971846943,-0.0000000000000000,-0.0000000000001960,-0.0000000000002402,-0.0218667316335689,-0.0620607099548786,4.7082623313454413,2.9996943999,876.205
1.0154932917514803,-0.0000000000000006,-0.0000000000001796,0.0000000000003741,-0.0219099903000018,0.0621363224047641,4.7140657638553005,2.9996835550,877.373
1.0154895967756308,-0.0000000000000000,-0.0000000000000013,0.0000000000000014,-0.0219530016273210,0.0622121248395790,4.7198691963651598,2.9996726813,878.542
1.0154859116036543,-0.0000000000000000,-0.0000000000000728,-0.0000000000000886,-0.0219957658772718,-0.0622881227142924,4.7256726288750199,2.9996617783,879.714
1.0154822355827957,-0.0000000000000000,-0.0000000000001783,0.0000000000003339,-0.0220382833086028,0.0623643215009926,4.7314760613848792,2.9996508452,880.886
1.0154785680610650,-0.0000000000000000,-0.0000000000002409,0.0000000000004319,-0.0220805541767672,0.0624407266900382,4.7372794938947385,2.9996398815,882.061
1.0154749083865100,-0.0000000000000000,0.0000000000000216,-0.0000000000000247,-0.0221225787317530,0.0625173437890097,4.7430829264045977,2.9996288864,883.237
1.0154712559080290,-0.0000000000000000,-0.0000000000000913,-0.0000000000004573,-0.0221643572204638,-0.0625941783260170,4.7488863589144570,2.9996178593,884.416
1.0154676099753039,-0.0000000000000000,0.0000000000003202,0.0000000000003351,-0.0222058898866739,-0.0626712358490908,4.7546897914243171,2.9996067995,885.596
1.0154639699373340,0.0000000000000000,-0.0000000000000035,-0.0000000000000046,-0.0222471769696215,-0.0627485219285137,4.7604932239341764,2.9995957064,886.778
1.0154603351439087,-0.0000000000000000,-0.0000000000001949,-0.0000000000002295,-0.0222882187036946,-0.0628260421564975,4.7662966564440357,2.9995845792,887.962
1.0154567049450141,-0.0000000000000000,-0.0000000000002450,0.0000000000003667,-0.0223290153209593,0.0629038021486766,4.7721000889538949,2.9995734174,889.148
1.0154530786904246,-0.0000000000000000,0.0000000000000002,0.0000000000000008,-0.0223695670493921,-0.0629818075468776,4.7779035214637542,2.9995622201,890.337
1.0154494557301230,-0.0000000000000000,0.0000000000000763,-0.0000000000000904,-0.0224098741120653,0.0630600640164356,4.7837069539736135,2.9995509867,891.527
1.0154458354137921,-0.0000000000000006,-0.0000000000000186,-0.0000000000000230,-0.0224499367290528,-0.0631385772508066,4.7895103864834727,2.9995397165,892.720
1.0154422170912483,-0.0000000000000000,0.0000000000001916,0.0000000000001706,-0.0224897551165609,-0.0632173529708186,4.7953138189933320,2.9995284087,893.916
1.0154386001118905,-0.0000000000000000,-0.0000000000000187,-0.0000000000000203,-0.0225293294878040,-0.0632963969270003,4.8011172515031912,2.9995170626,895.114
1.0154349838243948,-0.0000000000000000,0.0000000000000749,-0.0000000000001701,-0.0225686600496126,0.0633757148986481,4.8069206840130514,2.9995056776,896.314
1.0154313675777968,-0.0000000000000000,-0.0000000000003621,0.0000000000004630,-0.0226077470074219,0.0634553126970905,4.8127241165229107,2.9994942528,897.517
1.0154277507200313,-0.0000000000000000,-0.0000000000000053,-0.0000000000000061,-0.0226465905628057,-0.0635351961657875,4.8185275490327699,2.9994827875,898.722
1.0154241325985527,-0.0000000000000000,0.0000000000001972,-0.0000000000002226,-0.0226851909114227,0.0636153711815274,4.8243309815426292,2.9994712810,899.931
1.0154205125603355,-0.0000000000000000,-0.0000000000000682,-0.0000000000000076,-0.0227235482473756,-0.0636958436555534,4.8301344140524884,2.9994597324,901.142
1.0154168899516034,0.0000000000000000,-0.0000000000000003,0.0000000000000010,-0.0227616627600990,0.0637766195355282,4.8359378465623486,2.9994481410,902.355
1.0154132641175408,-0.0000000000000000,0.0000000000000765,-0.0000000000000856,-0.0227995346350014,0.0638577048051916,4.8417412790722079,2.9994365061,903.572
1.0154096344026438,-0.0000000000000000,0.0000000000003859,0.0000000000005331,-0.0228371640539419,-0.0639391054867511,4.8475447115820671,2.9994248268,904.792
1.0154060001501946,-0.0000000000000006,0.0000000000000810,-0.0000000000000004,-0.0228745511959013,0.0640208276428218,4.8533481440919264,2.9994131023,906.015
1.0154023607028351,-0.0000000000000000,-0.0000000000000215,-0.0000000000000230,-0.0229116962348080,-0.0641028773750311,4.8591515766017856,2.9994013319,907.241
1.0153987154013095,-0.0000000000000006,-0.0000000000001735,-0.0000000000001422,-0.0229485993406593,0.0641852608280157,4.8649550091116449,2.9993895146,908.470
1.0153950635862001,-0.0000000000000002,0.0000000000002137,0.0000000000004587,-0.0229852606820554,-0.0642679841889999,4.8707584416215042,2.9993776497,909.703
1.0153914045954990,-0.0000000000000000,0.0000000000000059,-0.0000000000000070,-0.0230216804211945,0.0643510536910178,4.8765618741313634,2.9993657364,910.939
1.0153877377666365,-0.0000000000000000,0.0000000000002023,-0.0000000000002151,-0.0230578587174851,0.0644344756111992,4.8823653066412227,2.9993537737,912.178
1.0153840624353743,-0.0000000000000000,0.0000000000003030,0.0000000000003029,-0.0230937957272145,-0.0645182562747279,4.8881687391510829,2.9993417608,913.421
1.0153803779356234,0.0000000000000000,0.0000000000000009,0.0000000000000009,-0.0231294916028616,0.0646024020561881,4.8939721716609421,2.9993296968,914.667
1.0153766835998961,-0.0000000000000000,-0.0000000000000844,-0.0000000000000900,-0.0231649464922867,-0.0646869193785285,4.8997756041708014,2.9993175809,915.917
1.0153729787586567,-0.0000000000000007,-0.0000000000001348,-0.0000000000000219,-0.0232001605402215,0.0647718147169948,4.9055790366806606,2.9993054121,917.171
1.0153692627410549,-0.0000000000000007,-0.0000000000000132,0.0000000000001110,-0.0232351338893149,0.0648570946001568,4.9113824691905199,2.9992931896,918.429
1.0153655348735664,-0.0000000000000000,-0.0000000000000257,-0.0000000000000262,-0.0232698666759075,-0.0649427656099017,4.9171859017003801,2.9992809124,919.690
1.0153617944808611,-0.0000000000000000,-0.0000000000000268,0.0000000000001060,-0.0233043590338901,0.0650288343842823,4.9229893342102393,2.9992685796,920.956
1.0153580408858791,-0.0000000000000007,0.0000000000003304,0.0000000000004686,-0.0233386110943803,-0.0651153076191661,4.9287927667200986,2.9992561902,922.225
1.0153542734086154,-0.0000000000000000,0.0000000000000045,-0.0000000000000055,-0.0233726229841760,0.0652021920692515,4.9345961992299578,2.9992437434,923.499
1.0153504913672060,-0.0000000000000000,0.0000000000002129,-0.0000000000002134,-0.0234063948257337,0.0652894945488751,4.9403996317398171,2.9992312380,924.777
1.0153466940772011,-0.0000000000000000,0.0000000000000465,-0.0000000000000463,-0.0234399267393282,-0.0653772219353775,4.9462030642496764,2.9992186732,926.059
1.0153428808518563,0.0000000000000000,-0.0000000000000010,0.0000000000000000,-0.0234732188415919,0.0654653811694711,4.9520064967595356,2.9992060479,927.345
1.0153390510012563,-0.0000000000000000,-0.0000000000000836,-0.0000000000000815,-0.0235062712442852,-0.0655539792575073,4.9578099292693949,2.9991933611,928.636
1.0153352038331549,-0.0000000000000007,-0.0000000000001331,0.0000000000003378,-0.0235390840568188,0.0656430232726425,4.9636133617792542,2.9991806118,929.932
1.0153313386524556,-0.0000000000000000,-0.0000000000000796,0.0000000000001941,-0.0235716573856950,0.0657325203581326,4.9694167942891143,2.9991677990,931.232
1.0153274547609412,-0.0000000000000000,-0.0000000000000276,-0.0000000000000274,-0.0236039913323528,-0.0658224777254520,4.9752202267989736,2.9991549216,932.537
1.0153235514572709,-0.0000000000000007,-0.0000000000001908,-0.0000000000001059,-0.0236360859954443,0.0659129026610832,4.9810236593088328,2.9991419785,933.847
1.0153196280375725,-0.0000000000000007,-0.0000000000001719,0.0000000000004262,-0.0236679414717177,0.0660038025243990,4.9868270918186921,2.9991289686,935.162
1.0153156837937822,-0.0000000000000000,0.0000000000000088,-0.0000000000000092,-0.0236995578525617,0.0660951847521830,4.9926305243285514,2.9991158908,936.481
1.0153117180149929,-0.0000000000000000,0.0000000000002161,-0.0000000000001952,-0.0237309352262789,0.0661870568579146,4.9984339568384115,2.9991027441,937.806
1.0153077299868376,-0.0000000000000007,0.0000000000002309,0.0000000000004823,-0.0237620736789262,-0.0662794264361157,5.0042373893482708,2.9990895272,939.136
1.0153037189910989,0.0000000000000000,0.0000000000000042,-0.0000000000000065,-0.0237929732929152,0.0663723011640206,5.0100408218581300,2.9990762391,940.471
1.0152996843059869,-0.0000000000000000,0.0000000000000901,-0.0000000000000821,-0.0238236341465125,0.0664656888017616,5.0158442543679893,2.9990628785,941.812
1.0152956252058443,-0.0000000000000007,0.0000000000000151,0.0000000000001216,-0.0238540563157717,-0.0665595971966083,5.0216476868778486,2.9990494442,943.158
1.0152915409611549,-0.0000000000000007,-0.0000000000002184,0.0000000000002749,-0.0238842398733617,0.0666540342844943,5.0274511193877078,2.9990359351,944.510
1.0152874308380366,0.0000000000000000,-0.0000000000000337,-0.0000000000000339,-0.0239141848888752,-0.0667490080922012,5.0332545518975671,2.9990223499,945.867
1.0152832940986094,-0.0000000000000007,-0.0000000000003480,0.0000000000002354,-0.0239438914276421,0.0668445267381067,5.0390579844074264,2.9990086874,947.230
1.0152791300009316,-0.0000000000000000,-0.0000000000002078,0.0000000000002636,-0.0239733595545330,0.0669405984374494,5.0448614169172856,2.9989949463,948.599
1.0152749377979235,-0.0000000000000000,-0.0000000000000057,-0.0000000000000043,-0.0240025893287864,-0.0670372315029779,5.0506648494271458,2.9989811252,949.974
1.0152707167384940,-0.0000000000000000,-0.0000000000000000,-0.0000000000000007,-0.0240315808075435,-0.0671344343460649,5.0564682819370050,2.9989672230,951.355
1.0152664660666091,-0.0000000000000000,-0.0000000000001318,0.0000000000003792,-0.0240603340451088,0.0672322154816551,5.0622717144468643,2.9989532383,952.742
1.0152621850214214,-0.0000000000000000,0.0000000000000013,-0.0000000000000002,-0.0240888490936277,0.0673305835303473,5.0680751469567236,2.9989391697,954.135
1.0152578728370647,0.0000000000000000,0.0000000000000991,-0.0000000000000825,-0.0241171260009532,0.0674295472188081,5.0738785794665828,2.9989250159,955.535
1.0152535287426283,-0.0000000000000006,0.0000000000002322,0.0000000000002257,-0.0241451648131052,-0.0675291153847585,5.0796820119764421,2.9989107753,956.942
1.0152491519617404,-0.0000000000000006,0.0000000000001444,0.0000000000003790,-0.0241729655734973,-0.0676292969797355,5.0854854444863022,2.9988964468,958.355
1.0152447417128021,0.0000000000000000,0.0000000000000324,-0.0000000000000258,-0.0242005283224994,0.0677301010698698,5.0912888769961615,2.9988820287,959.774
1.0152402972084127,-0.0000000000000000,-0.0000000000001287,-0.0000000000002758,-0.0242278530973507,-0.0678315368399920,5.0970923095060208,2.9988675196,961.201
1.0152358176560814,-0.0000000000000007,0.0000000000002008,0.0000000000002265,-0.0242549399340787,-0.0679336135965520,5.1028957420158800,2.9988529181,962.634
1.0152313022564723,-0.0000000000000000,0.0000000000000090,-0.0000000000000102,-0.0242817888653681,0.0680363407717890,5.1086991745257393,2.9988382225,964.075
1.0152267502049213,-0.0000000000000000,-0.0000000000000014,-0.0000000000000010,-0.0243083999212236,-0.0681397279235598,5.1145026070355986,2.9988234314,965.523
1.0152221606902636,-0.0000000000000000,0.0000000000002054,-0.0000000000000552,-0.0243347731298262,0.0682437847418646,5.1203060395454578,2.9988085432,966.978
1.0152175328953961,-0.0000000000000000,0.0000000000000029,0.0000000000000045,-0.0243609085172561,-0.0683485210497478,5.1261094720553171,2.9987935563,968.440
1.0152128659960786,0.0000000000000000,-0.0000000000001064,-0.0000000000000791,-0.0243868061067661,-0.0684539468084545,5.1319129045651772,2.9987784690,969.910
1.0152081591618647,-0.0000000000000008,-0.0000000000002094,0.0000000000004702,-0.0244124659199954,0.0685600721191448,5.1377163370750365,2.9987632797,971.388
1.0152034115552300,-0.0000000000000000,-0.0000000000000026,-0.0000000000000042,-0.0244378879769800,-0.0686669072281570,5.1435197695848958,2.9987479867,972.874
1.0151986223316642,-0.0000000000000000,-0.0000000000000356,-0.0000000000000251,-0.0244630722945679,-0.0687744625280906,5.1493232020947550,2.9987325883,974.367
1.0151937906393114,-0.0000000000000000,0.0000000000000810,-0.0000000000001421,-0.0244880188885883,0.0688827485640772,5.1551266346046143,2.9987170827,975.869
1.0151889156193683,-0.0000000000000007,0.0000000000000664,0.0000000000000417,-0.0245127277736799,0.0689917760359802,5.1609300671144736,2.9987014682,977.379
1.0151839964048917,-0.0000000000000000,0.0000000000000117,-0.0000000000000120,-0.0245371989619196,0.0691015558029054,5.1667334996243337,2.9986857429,978.897
1.0151790321212104,-0.0000000000000000,-0.0000000000001740,-0.0000000000001052,-0.0245614324639694,-0.0692120988868812,5.1725369321341930,2.9986699049,980.423
1.0151740218859964,-0.0000000000000014,-0.0000000000002004,-0.0000000000002182,-0.0245854282894911,-0.0693234164770195,5.1783403646440522,2.9986539525,981.959
1.0151689648086097,-0.0000000000000000,-0.0000000000000036,0.0000000000000063,-0.0246091864469095,0.0694355199338246,5.1841437971539115,2.9986378836,983.503
1.0151638599897053,-0.0000000000000000,0.0000000000001166,-0.0000000000000734,-0.0246327069428358,0.0695484207932932,5.1899472296637708,2.9986216964,985.056
1.0151587065216530,-0.0000000000000007,-0.0000000000001508,-0.0000000000001090,-0.0246559897837341,-0.0696621307719995,5.1957506621736300,2.9986053888,986.618
1.0151535034881154,0.0000000000000000,0.0000000000000027,-0.0000000000000031,-0.0246790349745005,0.0697766617695195,5.2015540946834893,2.9985889587,988.189
1.0151482499632203,-0.0000000000000000,0.0000000000000389,-0.0000000000000234,-0.0247018425194193,0.0698920258768791,5.2073575271933485,2.9985724042,989.770
1.0151429450121219,-0.0000000000000003,-0.0000000000002219,-0.0000000000004324,-0.0247244124222537,-0.0700082353775407,5.2131609597032078,2.9985557230,991.361
1.0151375876907125,-0.0000000000000000,0.0000000000001032,-0.0000000000000854,-0.0247467446866147,0.0701253027552789,5.2189643922130680,2.9985389132,992.960
1.0151321770446053,-0.0000000000000000,-0.0000000000000139,-0.0000000000000115,-0.0247688393152563,-0.0702432406973635,5.2247678247229272,2.9985219723,994.570
1.0151267121096790,-0.0000000000000000,0.0000000000001273,-0.0000000000005073,-0.0247906963109463,0.0703620620996640,5.2305712572327865,2.9985048983,996.190
1.0151211919116656,-0.0000000000000007,-0.0000000000000028,-0.0000000000003885,-0.0248123156767503,0.0704817800745509,5.2363746897426457,2.9984876887,997.820
1.0151156154657746,-0.0000000000000000,0.0000000000000025,0.0000000000000058,-0.0248336974160911,-0.0706024079532381,5.2421781222525059,2.9984703414,999.461
1.0151099817761549,0.0000000000000000,-0.0000000000001236,-0.0000000000000603,-0.0248548415320327,-0.0707239592937661,5.2479815547623652,2.9984528539,1001.112
1.0151042898362947,-0.0000000000000000,0.0000000000001005,-0.0000000000002248,-0.0248757480292581,0.0708464478858750,5.2537849872722244,2.9984352237,1002.773
1.0150985386281985,-0.0000000000000000,-0.0000000000000010,-0.0000000000000018,-0.0248964169126981,-0.0709698877581407,5.2595884197820837,2.9984174484,1004.446
1.0150927271222308,-0.0000000000000000,-0.0000000000000403,-0.0000000000000152,-0.0249168481883276,-0.0710942931818050,5.2653918522919430,2.9983995255,1006.130
1.0150868542768796,-0.0000000000000007,0.0000000000000269,-0.0000000000005581,-0.0249370418635130,0.0712196786799554,5.2711952848018022,2.9983814524,1007.824
1.0150809190387300,-0.0000000000000006,-0.0000000000001355,-0.0000000000000732,-0.0249569979476865,-0.0713460590330687,5.2769987173116615,2.9983632264,1009.531
1.0150749203415268,-0.0000000000000000,0.0000000000000162,-0.0000000000000125,-0.0249767164512320,0.0714734492853173,5.2828021498215207,2.9983448448,1011.249
1.0150688571061957,-0.0000000000000000,0.0000000000000510,-0.0000000000001971,-0.0249961973867098,-0.0716018647520311,5.2886055823313800,2.9983263049,1012.979
1.0150627282407758,-0.0000000000000007,-0.0000000000001717,-0.0000000000003530,-0.0250154407696727,-0.0717313210276363,5.2944090148412393,2.9983076039,1014.721
1.0150565326397138,-0.0000000000000000,0.0000000000000046,-0.0000000000000051,-0.0250344466175172,0.0718618339925835,5.3002124473510994,2.9982887389,1016.475
1.0150502691835586,0.0000000000000000,0.0000000000001432,-0.0000000000000601,-0.0250532149507513,0.0719934198198646,5.3060158798609587,2.9982697070,1018.241
1.0150439367389068,-0.0000000000000000,-0.0000000000001457,-0.0000000000002397,-0.0250717457935877,-0.0721260949852886,5.3118193123708179,2.9982505052,1020.021
1.0150375341577040,-0.0000000000000000,0.0000000000000037,-0.0000000000000042,-0.0250900391731989,0.0722598762750861,5.3176227448806781,2.9982311303,1021.813
1.0150310602769459,0.0000000000000000,-0.0000000000000460,-0.0000000000000129,-0.0251080951207694,-0.0723947807921759,5.3234261773905374,2.9982115794,1023.618
1.0150245139183967,-0.0000000000000000,0.0000000000002133,-0.0000000000006094,-0.0251259136718547,0.0725308259678780,5.3292296099003966,2.9981918490,1025.437
1.0150178938884078,-0.0000000000000000,0.0000000000001261,-0.0000000000000106,-0.0251434948668549,0.0726680295702260,5.3350330424102559,2.9981719361,1027.269
1.0150111989768471,-0.0000000000000000,-0.0000000000000090,0.0000000000000001,-0.0251608387508062,-0.0728064097121548,5.3408364749201152,2.9981518372,1029.115
1.0150044279572767,-0.0000000000000007,0.0000000000002005,-0.0000000000004115,-0.0251779453742689,0.0729459848612540,5.3466399074299744,2.9981315490,1030.975
1.0149975795864206,-0.0000000000000007,0.0000000000001429,-0.0000000000003715,-0.0251948147937947,0.0730867738521154,5.3524433399398337,2.9981110678,1032.849
1.0149906526035988,0.0000000000000000,-0.0000000000000053,-0.0000000000000062,-0.0252114470723388,-0.0732287958939543,5.3582467724496929,2.9980903901,1034.738
1.0149836457301911,0.0000000000000000,-0.0000000000000299,0.0000000000000206,-0.0252278422792861,-0.0733720705819163,5.3640502049595522,2.9980695123,1036.642
1.0149765576695662,-0.0000000000000000,0.0000000000001590,-0.0000000000003824,-0.0252440004919333,0.0735166179085537,5.3698536374694115,2.9980484306,1038.560
1.0149693871061169,-0.0000000000000000,-0.0000000000000082,0.0000000000000137,-0.0252599217947942,0.0736624582768716,5.3756570699792716,2.9980271411,1040.494
1.0149621327050051,-0.0000000000000000,0.0000000000000594,-0.0000000000000171,-0.0252756062808992,0.0738096125078378,5.3814605024891309,2.9980056399,1042.444
1.0149547931116609,-0.0000000000000000,-0.0000000000002129,-0.0000000000005039,-0.0252910540523507,-0.0739581018564657,5.3872639349989893,2.9979839230,1044.409
1.0149473669514795,-0.0000000000000007,-0.0000000000000568,-0.0000000000000099,-0.0253062652209614,-0.0741079480239094,5.3930673675088494,2.9979619862,1046.391
1.0149398528284930,-0.0000000000000000,0.0000000000000167,-0.0000000000000067,-0.0253212399081580,0.0742591731687330,5.3988708000187087,2.9979398253,1048.389
1.0149322493257575,-0.0000000000000006,-0.0000000000001188,-0.0000000000002633,-0.0253359782464921,-0.0744117999208131,5.4046742325285688,2.9979174360,1050.404
1.0149245550041883,-0.0000000000000000,-0.0000000000001432,-0.0000000000001609,-0.0253504803799569,-0.0745658513979245,5.4104776650384281,2.9978948138,1052.436
1.0149167684022138,0.0000000000000000,0.0000000000000055,-0.0000000000000057,-0.0253647464648878,0.0747213512177900,5.4162810975482873,2.9978719542,1054.485
1.0149088880350243,0.0000000000000000,0.0000000000000039,-0.0000000000000051,-0.0253787766703827,0.0748783235124627,5.4220845300581466,2.9978488525,1056.552
1.0149009123939770,-0.0000000000000000,-0.0000000000001902,-0.0000000000003285,-0.0253925711793582,-0.0750367929462133,5.4278879625680059,2.9978255039,1058.637
1.0148928399461472,0.0000000000000000,-0.0000000000000228,0.0000000000000148,-0.0254061301896947,0.0751967847321827,5.4336913950778651,2.9978019035,1060.740
1.0148846691330327,0.0000000000000000,-0.0000000000000628,-0.0000000000000030,-0.0254194539137040,-0.0753583246442904,5.4394948275877244,2.9977780463,1062.862
1.0148763983706548,-0.0000000000000000,0.0000000000002624,-0.0000000000009511,-0.0254325425813442,0.0755214390408930,5.4452982600975837,2.9977539272,1065.002
1.0148680260486056,-0.0000000000000000,0.0000000000002082,-0.0000000000006398,-0.0254453964393660,0.0756861548790655,5.4511016926074429,2.9977295407,1067.163
1.0148595505286730,-0.0000000000000000,-0.0000000000000188,-0.0000000000000040,-0.0254580157524715,-0.0758524997338680,5.4569051251173022,2.9977048816,1069.343
1.0148509701447828,-0.0000000000000007,0.0000000000001670,-0.0000000000004011,-0.0254704008053348,0.0760205018179398,5.4627085576271615,2.9976799441,1071.542
1.0148422832020079,-0.0000000000000003,-0.0000000000002069,0.0000000000000584,-0.0254825519025818,0.0761901900030235,5.4685119901370216,2.9976547227,1073.763
1.0148334879757299,0.0000000000000000,-0.0000000000000097,-0.0000000000000114,-0.0254944693715776,-0.0763615938385474,5.4743154226468809,2.9976292114,1076.004
1.0148245827106410,-0.0000000000000000,-0.0000000000000063,-0.0000000000000094,-0.0255061535611516,-0.0765347435747683,5.4801188551567410,2.9976034041,1078.267
1.0148155656200253,-0.0000000000000000,0.0000000000002364,-0.0000000000003469,-0.0255176048452117,0.0767096701850649,5.4859222876666003,2.9975772947,1080.551
1.0148064348849475,0.0000000000000000,-0.0000000000000034,-0.0000000000000040,-0.0255288236231625,-0.0768864053912086,5.4917257201764587,2.9975508768,1082.857
1.0147971886528466,0.0000000000000000,0.0000000000000745,0.0000000000000066,-0.0255398103209370,0.0770649816833479,5.4975291526863188,2.9975241439,1085.186
1.0147878250370657,-0.0000000000000007,-0.0000000000003469,-0.0000000000008938,-0.0255505653934122,-0.0772454323500478,5.5033325851961781,2.9974970892,1087.538
1.0147783421158258,-0.0000000000000007,-0.0000000000002155,-0.0000000000004824,-0.0255610893253003,-0.0774277915031627,5.5091360177060373,2.9974697057,1089.913
1.0147687379304582,-0.0000000000000000,0.0000000000000226,-0.0000000000000026,-0.0255713826326250,0.0776120941041979,5.5149394502158966,2.9974419865,1092.312
1.0147590104852058,-0.0000000000000000,-0.0000000000000959,-0.0000000000004313,-0.0255814458653542,-0.0777983759934735,5.5207428827257559,2.9974139241,1094.736
1.0147491577456886,-0.0000000000000007,0.0000000000000118,-0.0000000000002640,-0.0255912796084102,-0.0779866739213359,5.5265463152356151,2.9973855111,1097.184
1.0147391776376542,-0.0000000000000000,-0.0000000000000016,0.0000000000000072,-0.0256008844840428,0.0781770255777441,5.5323497477454744,2.9973567397,1099.658
1.0147290680459069,0.0000000000000000,0.0000000000000051,-0.0000000000000185,-0.0256102611535099,0.0783694696246575,5.5381531802553345,2.9973276019,1102.157
1.0147188268129428,-0.0000000000000000,-0.0000000000001238,-0.0000000000002776,-0.0256194103193643,-0.0785640457301726,5.5439566127651929,2.9972980895,1104.683
1.0147084517378102,0.0000000000000000,0.0000000000000032,-0.0000000000000050,-0.0256283327280720,0.0787607946050921,5.5497600452750522,2.9972681941,1107.235
1.0146979405744629,-0.0000000000000000,0.0000000000000903,0.0000000000000181,-0.0256370291715896,0.0789597580353612,5.5555634777849123,2.9972379070,1109.816
1.0146872910307358,-0.0000000000000000,-0.0000000000001925,-0.0000000000003149,-0.0256455004909754,-0.0791609789251504,5.5613669102947716,2.9972072192,1112.424
1.0146765007663601,-0.0000000000000000,0.0000000000002507,-0.0000000000004540,-0.0256537475775868,0.0793645013341568,5.5671703428046317,2.9971761215,1115.060
1.0146655673919147,0.0000000000000000,-0.0000000000000257,0.0000000000000037,-0.0256617713770802,-0.0795703705197634,5.5729737753144910,2.9971446043,1117.726
1.0146544884670148,-0.0000000000000007,0.0000000000002349,-0.0000000000004630,-0.0256695728921312,0.0797786329792322,5.5787772078243503,2.9971126579,1120.422
1.0146432614985972,-0.0000000000000007,0.0000000000000961,-0.0000000000002451,-0.0256771531847467,0.0799893364986511,5.5845806403342095,2.9970802721,1123.149
1.0146318839393103,-0.0000000000000000,-0.0000000000000024,0.0000000000000034,-0.0256845133806253,-0.0802025301970755,5.5903840728440688,2.9970474366,1125.906
1.0146203531857991,-0.0000000000000000,0.0000000000000051,0.0000000000000071,-0.0256916546718720,-0.0804182645763609,5.5961875053539281,2.9970141404,1128.695
1.0146086665765310,-0.0000000000000000,0.0000000000003281,-0.0000000000004921,-0.0256985783208212,0.0806365915750693,5.6019909378637873,2.9969803726,1131.517
1.0145968213904819,-0.0000000000000000,0.0000000000000077,0.0000000000000107,-0.0257052856641928,-0.0808575646222385,5.6077943703736466,2.9969461217,1134.372
1.0145848148441092,-0.0000000000000000,0.0000000000000061,0.0000000000000353,-0.0257117781166008,-0.0810812386922507,5.6135978028835058,2.9969113757,1137.261
1.0145726440902403,-0.0000000000000007,0.0000000000002396,-0.0000000000004729,-0.0257180571754479,0.0813076703663404,5.6194012353933651,2.9968761226,1140.184
1.0145603062153354,-0.0000000000000007,-0.0000000000002368,-0.0000000000004782,-0.0257241244250645,-0.0815369178952165,5.6252046679032244,2.9968403496,1143.143
1.0145477982372568,-0.0000000000000000,0.0000000000000266,0.0000000000000175,-0.0257299815417024,0.0817690412630475,5.6310081004130845,2.9968040437,1146.139
1.0145351171031576,-0.0000000000000007,-0.0000000000000664,-0.0000000000002195,-0.0257356302990076,-0.0820041022550108,5.6368115329229438,2.9967671914,1149.171
1.0145222596864338,-0.0000000000000000,-0.0000000000002786,-0.0000000000006613,-0.0257410725727647,-0.0822421645330182,5.6426149654328039,2.9967297787,1152.241
1.0145092227848000,0.0000000000000000,0.0000000000000012,0.0000000000000071,-0.0257463103468341,0.0824832937067722,5.6484183979426632,2.9966917912,1155.351
1.0144960031169821,-0.0000000000000000,0.0000000000000018,-0.0000000000000039,-0.0257513457198626,0.0827275574147957,5.6542218304525216,2.9966532140,1158.499
1.0144825973201699,-0.0000000000000007,-0.0000000000003552,-0.0000000000007463,-0.0257561809109995,-0.0829750254073393,5.6600252629623817,2.9966140316,1161.689
1.0144690019470690,-0.0000000000000000,-0.0000000000000017,0.0000000000000018,-0.0257608182668464,0.0832257696351223,5.6658286954722410,2.9965742280,1164.920
1.0144552134625469,-0.0000000000000000,-0.0000000000000022,-0.0000000000000039,-0.0257652602693026,-0.0834798643367425,5.6716321279821003,2.9965337867,1168.194
1.0144412282405544,-0.0000000000000000,0.0000000000002095,-0.0000000000005284,-0.0257695095426008,0.0837373861396160,5.6774355604919595,2.9964926904,1171.511
1.0144270425609632,-0.0000000000000000,0.0000000000003732,-0.0000000000007863,-0.0257735688621206,0.0839984141585921,5.6832389930018188,2.9964509213,1174.874
1.0144126526053265,-0.0000000000000000,-0.0000000000000311,0.0000000000000323,-0.0257774411621868,-0.0842630301047832,5.6890424255116780,2.9964084610,1178.282
1.0143980544537254,-0.0000000000000000,0.0000000000006091,-0.0000000000006733,-0.0257811295470656,0.0845313183956997,5.6948458580215373,2.9963652905,1181.736
1.0143832440808933,-0.0000000000000007,0.0000000000001250,-0.0000000000004081,-0.0257846372985826,0.0848033662749579,5.7006492905313966,2.9963213897,1185.239
1.0143682173514132,-0.0000000000000000,-0.0000000000000022,0.0000000000000073,-0.0257879678887051,-0.0850792639377827,5.7064527230412558,2.9962767381,1188.792
1.0143529700162464,-0.0000000000000000,-0.0000000000000002,0.0000000000000004,-0.0257911249895948,0.0853591046605041,5.7122561555511151,2.9962313144,1192.395
1.0143374977076529,-0.0000000000000007,-0.0000000000003776,-0.0000000000009031,-0.0257941124858393,-0.0856429849412441,5.7180595880609753,2.9961850962,1196.049
1.0143217959348541,-0.0000000000000000,-0.0000000000000039,0.0000000000000046,-0.0257969344870490,0.0859310046473048,5.7238630205708345,2.9961380606,1199.757
1.0143058600784800,-0.0000000000000000,0.0000000000000039,0.0000000000000127,-0.0257995953418554,0.0862232671668014,5.7296664530806938,2.9960901835,1203.520
1.0142896853859198,-0.0000000000000007,-0.0000000000003868,-0.0000000000007868,-0.0258020996522370,-0.0865198795755320,5.7354698855905539,2.9960414400,1207.339
1.0142732669654071,-0.0000000000000000,-0.0000000000004312,-0.0000000000008541,-0.0258044522883638,-0.0868209528096068,5.7412733181004132,2.9959918040,1211.215
1.0142565997803725,-0.0000000000000000,0.0000000000000347,0.0000000000000566,-0.0258066584060182,0.0871266018473836,5.7470767506102725,2.9959412487,1215.150
1.0142396786433627,-0.0000000000000000,-0.0000000000003138,-0.0000000000006458,-0.0258087234647147,-0.0874369459044793,5.7528801831201317,2.9958897458,1219.146
1.0142224982092467,-0.0000000000000000,0.0000000000001472,-0.0000000000001947,-0.0258106532444978,-0.0877521086403426,5.7586836156299910,2.9958372661,1223.204
1.0142050529693318,-0.0000000000000000,0.0000000000000017,0.0000000000000191,-0.0258124538695545,-0.0880722183719659,5.7644870481398502,2.9957837790,1227.327
1.0141873372428296,-0.0000000000000000,0.0000000000000028,0.0000000000000033,-0.0258141318263333,-0.0883974083115823,5.7702904806497095,2.9957292527,1231.515
1.0141693451704530,-0.0000000000000000,0.0000000000003108,-0.0000000000007937,-0.0258156939896218,0.0887278168063321,5.7760939131595688,2.9956736540,1235.771
1.0141510707060919,-0.0000000000000000,-0.0000000000000004,-0.0000000000000014,-0.0258171476462260,-0.0890635876031619,5.7818973456694280,2.9956169483,1240.097
1.0141325076080672,-0.0000000000000000,-0.0000000000000012,-0.0000000000000014,-0.0258185005223732,-0.0894048701217201,5.7877007781792873,2.9955590993,1244.494
1.0141136494306220,-0.0000000000000007,0.0000000000003147,-0.0000000000007014,-0.0258197608123393,0.0897518197525724,5.7935042106891474,2.9955000693,1248.965
1.0140944895143564,-0.0000000000000000,0.0000000000000162,-0.0000000000002291,-0.0258209372091351,0.0901045981698525,5.7993076431990067,2.9954398187,1253.513
1.0140750209760601,-0.0000000000000000,0.0000000000000003,-0.0000000000000017,-0.0258220389388023,-0.0904633736649448,5.8051110757088669,2.9953783063,1258.138
1.0140552366984810,-0.0000000000000007,-0.0000000000001940,0.0000000000001077,-0.0258230757953971,0.0908283215023605,5.8109145082187261,2.9953154889,1262.844
1.0140351293187011,0.0000000000000000,-0.0000000000002924,0.0000000000003278,-0.0258240581803915,0.0911996243021970,5.8167179407285845,2.9952513212,1267.634
1.0140146912167816,-0.0000000000000000,0.0000000000000047,0.0000000000000198,-0.0258249971444824,0.0915774724420736,5.8225213732384447,2.9951857557,1272.509
1.0139939145024803,-0.0000000000000000,-0.0000000000000034,0.0000000000000048,-0.0258259044316388,0.0919620644947915,5.8283248057483039,2.9951187430,1277.472
1.0139727910022995,-0.0000000000000000,-0.0000000000000003,-0.0000000000003249,-0.0258267925292105,-0.0923536076885522,5.8341282382581632,2.9950502308,1282.527
1.0139513122451678,-0.0000000000000000,-0.0000000000000026,0.0000000000000032,-0.0258276747202523,0.0927523184070829,5.8399316707680224,2.9949801645,1287.676
1.0139294694470149,-0.0000000000000000,-0.0000000000000013,-0.0000000000000009,-0.0258285651398600,0.0931584227164575,5.8457351032778817,2.9949084867,1292.922
1.0139072534948552,-0.0000000000000000,0.0000000000003146,0.0000000000002596,-0.0258294788376750,-0.0935721569395816,5.8515385357877410,2.9948351373,1298.268
1.0138846549295284,-0.0000000000000007,0.0000000000002689,0.0000000000001227,-0.0258304318450980,-0.0939937682655398,5.8573419682976002,2.9947600526,1303.718
1.0138616639270481,-0.0000000000000000,-0.0000000000000084,0.0000000000000119,-0.0258314412471921,0.0944235154089821,5.8631454008074595,2.9946831662,1309.275
1.0138382702794690,-0.0000000000000007,0.0000000000003414,0.0000000000003198,-0.0258325252618377,-0.0948616693133002,5.8689488333173188,2.9946044079,1314.944
1.0138144633734167,-0.0000000000000000,-0.0000000000004080,0.0000000000003927,-0.0258337033267210,0.0953085139151298,5.8747522658271780,2.9945237035,1320.727
1.0137902321680230,0.0000000000000000,-0.0000000000000006,0.0000000000000407,-0.0258349961918462,-0.0957643469610690,5.8805556983370382,2.9944409753,1326.629
1.0137655651707473,-0.0000000000000000,-0.0000000000000032,-0.0000000000000049,-0.0258364260214543,-0.0962294808935430,5.8863591308468974,2.9943561409,1332.654
1.0137404504116279,-0.0000000000000000,-0.0000000000005090,0.0000000000007089,-0.0258380165057483,0.0967042438022749,5.8921625633567567,2.9942691134,1338.807
1.0137148754158283,-0.0000000000000000,0.0000000000000018,0.0000000000000059,-0.0258397929836838,-0.0971889804611806,5.8979659958666169,2.9941798011,1345.092
1.0136888271738091,-0.0000000000000000,0.0000000000002107,0.0000000000003001,-0.0258417825727224,-0.0976840534366328,5.9037694283764761,2.9940881070,1351.514
1.0136622921096863,-0.0000000000000000,-0.0000000000003760,0.0000000000004295,-0.0258440143174896,0.0981898443038194,5.9095728608863354,2.9939939282,1358.079
1.0136352560467474,-0.0000000000000007,-0.0000000000002479,0.0000000000002170,-0.0258465193487875,0.0987067549551071,5.9153762933961946,2.9938971558,1364.791
1.0136077041707043,-0.0000000000000000,-0.0000000000000036,-0.0000000000000062,-0.0258493310579538,-0.0992352090252386,5.9211797259060539,2.9937976746,1371.658
1.0135796209896826,-0.0000000000000000,-0.0000000000008042,0.0000000000008563,-0.0258524852898294,0.0997756534406175,5.9269831584159132,2.9936953618,1378.683
1.0135509902913182,-0.0000000000000002,0.0000000000009002,0.0000000000012977,-0.0258560205566849,-0.1003285601064049,5.9327865909257724,2.9935900874,1385.876
1.0135217950963604,-0.0000000000000000,-0.0000000000000061,0.0000000000000709,-0.0258599782703311,0.1008944277444504,5.9385900234356317,2.9934817129,1393.241
1.0134920176080937,-0.0000000000000000,-0.0000000000000033,-0.0000000000000049,-0.0258644030003146,-0.1014737839057036,5.9443934559454910,2.9933700910,1400.786
1.0134616391578786,-0.0000000000000007,-0.0000000000005840,0.0000000000009387,-0.0258693427610245,0.1020671871605866,5.9501968884553502,2.9932550646,1408.519
1.0134306401460498,-0.0000000000000000,-0.0000000000000049,-0.0000000000000053,-0.0258748493286711,-0.1026752295094915,5.9560003209652104,2.9931364662,1416.448
1.0133989999772726,-0.0000000000000000,0.0000000000000065,-0.0000000000000025,-0.0258809785896344,0.1032985390190699,5.9618037534750696,2.9930141169,1424.582
1.0133666969907142,-0.0000000000000006,0.0000000000005428,0.0000000000005989,-0.0258877909335544,-0.1039377827208580,5.9676071859849289,2.9928878253,1432.929
1.0133337083833704,-0.0000000000000007,0.0000000000002137,0.0000000000002710,-0.0258953516872565,-0.1045936698025462,5.9734106184947890,2.9927573867,1441.500
1.0133000101270455,-0.0000000000000000,0.0000000000000022,-0.0000000000000041,-0.0259037315984523,0.1052669551227536,5.9792140510046474,2.9926225815,1450.305
1.0132655768765271,-0.0000000000000007,0.0000000000005280,0.0000000000006191,-0.0259130073778742,-0.1059584430974299,5.9850174835145076,2.9924831739,1459.354
1.0132303818701438,-0.0000000000000007,-0.0000000000005890,0.0000000000008274,-0.0259232623070691,0.1066689919955299,5.9908209160243668,2.9923389109,1468.659
1.0131943968197508,-0.0000000000000000,-0.0000000000000103,-0.0000000000000128,-0.0259345869174622,-0.1073995187041335,5.9966243485342261,2.9921895196,1478.234
1.0131575917902300,0.0000000000000000,-0.0000000000000002,-0.0000000000000009,-0.0259470797558116,-0.1081510040203143,6.0024277810440854,2.9920347064,1488.091
1.0131199350665934,-0.0000000000000007,-0.0000000000014201,0.0000000000015066,-0.0259608482473608,0.1089244985429315,6.0082312135539446,2.9918741540,1498.245
1.0130813930073876,-0.0000000000000000,-0.0000000000000029,-0.0000000000000007,-0.0259760096718260,-0.1097211292438929,6.0140346460638039,2.9917075193,1508.711
1.0130419298824200,-0.0000000000000000,-0.0000000000000014,0.0000000000000010,-0.0259926922617812,0.1105421068192046,6.0198380785736632,2.9915344311,1519.507
1.0130015076931433,-0.0000000000000000,0.0000000000010543,0.0000000000013299,-0.0260110364597811,-0.1113887339228133,6.0256415110835224,2.9913544863,1530.649
1.0129600859728498,-0.0000000000000000,0.0000000000006073,0.0000000000007247,-0.0260311963428154,-0.1122624144225281,6.0314449435933817,2.9911672468,1542.158
1.0129176215645344,0.0000000000000000,0.0000000000000022,-0.0000000000000039,-0.0260533412474181,0.1131646638249267,6.0372483761032409,2.9909722358,1554.054
1.0128740683727560,-0.0000000000000001,0.0000000000013752,0.0000000000020703,-0.0260776576325222,-0.1140971210482166,6.0430518086131002,2.9907689330,1566.359
1.0128293770860812,-0.0000000000000000,0.0000000000008544,0.0000000000010156,-0.0261043512199025,-0.1150615617597739,6.0488552411229604,2.9905567693,1579.098
1.0127834948653294,-0.0000000000000000,0.0000000000000127,0.0000000000000167,-0.0261336494521809,-0.1160599135321055,6.0546586736328196,2.9903351214,1592.298
1.0127363649938854,-0.0000000000000000,0.0000000000000421,-0.0000000000000008,-0.0261658043400851,-0.1170942731016121,6.0604621061426798,2.9901033048,1605.988
1.0126879264815916,-0.0000000000000001,-0.0000000000008982,0.0000000000009073,-0.0262010957609131,0.1181669261162528,6.0662655386525390,2.9898605659,1620.198
1.0126381136177887,-0.0000000000000000,0.0000000000000289,0.0000000000000421,-0.0262398352986904,-0.1192803697795074,6.0720689711623983,2.9896060730,1634.964
1.0125868554630928,-0.0000000000000000,0.0000000000000174,0.0000000000000227,-0.0262823707262293,-0.1204373389267340,6.0778724036722576,2.9893389059,1650.324
1.0125340752703551,-0.0000000000000007,-0.0000000000008676,0.0000000000008526,-0.0263290912683225,0.1216408361583377,6.0836758361821168,2.9890580434,1666.318
1.0124796898226698,-0.0000000000000000,-0.0000000000004036,0.0000000000002464,-0.0263804337994458,0.1228941668115178,6.0894792686919761,2.9887623492,1682.992
