x0_n,y0_n,z0_n,xd0_n,yd0_n,zd0_n,Tp,JC,L2ExcessVelocity_mps,landingVelocity_mps,stabilityIndex1,stabilityIndex2...,error_tol=1e-13,n=1.000348441188872
1.0185124246252628,-0.0090992302497574,0.0000000000000000,-0.0054573645722957,0.0033911381337736,0.0000225596903370,3.1142792963020987,3.0042030183,230.736,1859.276,1671.3890,2.0000
1.0185122842671623,-0.0090994653019019,0.0000000000000000,-0.0054575157527920,0.0033912731441789,0.0001358116031343,3.1142777972080520,3.0042029852,230.750,1859.277,1671.3308,2.0000
1.0185119431656433,-0.0091000364940985,0.0000000000000000,-0.0054578831359064,0.0033916012520974,0.0002490635159316,3.1142741539687524,3.0042029047,230.783,1859.281,1671.1893,2.0000
1.0185114013152126,-0.0091009437430224,0.0000000000000000,-0.0054584666793776,0.0033921224691523,0.0003623154287289,3.1142683662686559,3.0042027769,230.835,1859.288,1670.9646,1.9999
1.0185106587071500,-0.0091021869163285,0.0000000000000000,-0.0054592663161120,0.0033928368137853,0.0004755673415262,3.1142604336025808,3.0042026018,230.907,1859.297,1670.6567,1.9999
1.0185097153295357,-0.0091037658327619,0.0000000000000000,-0.0054602819542352,0.0033937443110772,0.0005888192543235,3.1142503552813658,3.0042023793,230.998,1859.308,1670.2657,1.9998
1.0185085711670698,-0.0091056802622944,0.0000000000000000,-0.0054615134770995,0.0033948449936480,0.0007020711671208,3.1142381304238538,3.0042021094,231.108,1859.322,1669.7916,1.9997
1.0185072262014352,-0.0091079299260961,0.0000000000000000,-0.0054629607434358,0.0033961388999405,0.0008153230799181,3.1142237579671730,3.0042017922,231.237,1859.338,1669.2344,1.9996
1.0185056804109411,-0.0091105144968164,0.0000000000000000,-0.0054646235873468,0.0033976260759108,0.0009285749927154,3.1142072366584079,3.0042014276,231.386,1859.356,1668.5942,1.9994
1.0185039337706918,-0.0091134335987263,0.0000000000000000,-0.0054665018184816,0.0033993065741956,0.0010418269055127,3.1141885650549832,3.0042010158,231.554,1859.377,1667.8711,1.9993
1.0185019862525717,-0.0091166868078387,0.0000000000000000,-0.0054685952220891,0.0034011804542831,0.0011550788183100,3.1141677415304407,3.0042005565,231.741,1859.400,1667.0651,1.9991
1.0184998378252046,-0.0091202736522276,0.0000000000000000,-0.0054709035591933,0.0034032477825580,0.0012683307311073,3.1141447642668134,3.0042000500,231.947,1859.426,1666.1765,1.9989
1.0184974884539901,-0.0091241936122432,0.0000000000000000,-0.0054734265667615,0.0034055086322011,0.0013815826439046,3.1141196312585202,3.0041994961,232.173,1859.454,1665.2052,1.9987
1.0184949381010930,-0.0091284461206783,0.0000000000000000,-0.0054761639577406,0.0034079630833507,0.0014948345567019,3.1140923403103713,3.0041988948,232.417,1859.485,1664.1515,1.9985
1.0184921867254288,-0.0091330305631933,0.0000000000000000,-0.0054791154213522,0.0034106112230191,0.0016080864694992,3.1140628890382871,3.0041982463,232.680,1859.518,1663.0154,1.9983
1.0184892342826770,-0.0091379462785660,0.0000000000000000,-0.0054822806232423,0.0034134531450731,0.0017213383822965,3.1140312748674113,3.0041975505,232.962,1859.553,1661.7970,1.9980
1.0184860807252669,-0.0091431925590081,0.0000000000000000,-0.0054856592056348,0.0034164889503740,0.0018345902950938,3.1139974950326055,3.0041968073,233.263,1859.591,1660.4966,1.9978
1.0184827260024043,-0.0091487686505572,0.0000000000000000,-0.0054892507876278,0.0034197187465712,0.0019478422078911,3.1139615465780950,3.0041960168,233.582,1859.631,1659.1143,1.9975
1.0184791700600051,-0.0091546737534735,0.0000000000000000,-0.0054930549653406,0.0034231426484171,0.0020610941206884,3.1139234263538724,3.0041951790,233.921,1859.673,1657.6502,1.9972
1.0184754128407931,-0.0091609070225119,0.0000000000000000,-0.0054970713121398,0.0034267607774870,0.0021743460334857,3.1138831310211934,3.0041942940,234.277,1859.718,1656.1045,1.9968
1.0184714542841966,-0.0091674675675476,0.0000000000000000,-0.0055012993790032,0.0034305732623644,0.0022875979462830,3.1138406570438031,3.0041933616,234.653,1859.766,1654.4775,1.9965
1.0184672943264113,-0.0091743544538140,0.0000000000000000,-0.0055057386946238,0.0034345802386586,0.0024008498590803,3.1137960006949248,3.0041923820,235.046,1859.815,1652.7693,1.9961
1.0184629329003960,-0.0091815667024959,0.0000000000000000,-0.0055103887658399,0.0034387818487851,0.0025141017718776,3.1137491580528187,3.0041913551,235.458,1859.867,1650.9801,1.9958
1.0184583699358065,-0.0091891032911470,0.0000000000000000,-0.0055152490777675,0.0034431782424695,0.0026273536846749,3.1137001249971759,3.0041902809,235.888,1859.922,1649.1101,1.9954
1.0184536053590783,-0.0091969631541914,0.0000000000000000,-0.0055203190942027,0.0034477695762581,0.0027406055974722,3.1136488972155068,3.0041891594,236.337,1859.979,1647.1596,1.9949
1.0184486390933825,-0.0092051451834509,0.0000000000000000,-0.0055255982578919,0.0034525560137559,0.0028538575102695,3.1135954701941575,3.0041879908,236.803,1860.038,1645.1289,1.9945
1.0184434710586268,-0.0092136482286615,0.0000000000000000,-0.0055310859908451,0.0034575377256192,0.0029671094230668,3.1135398392246838,3.0041867748,237.287,1860.100,1643.0180,1.9940
1.0184381011713957,-0.0092224710979947,0.0000000000000000,-0.0055367816945630,0.0034627148899783,0.0030803613358641,3.1134819993962499,3.0041855117,237.789,1860.164,1640.8274,1.9936
1.0184325293450978,-0.0092316125587330,0.0000000000000000,-0.0055426847506782,0.0034680876914122,0.0031936132486614,3.1134219455998378,3.0041842013,238.308,1860.230,1638.5573,1.9931
1.0184267554898279,-0.0092410713376394,0.0000000000000000,-0.0055487945208806,0.0034736563220559,0.0033068651614587,3.1133596725253838,3.0041828437,238.845,1860.299,1636.2080,1.9925
1.0184207795123805,-0.0092508461217698,0.0000000000000000,-0.0055551103475910,0.0034794209811728,0.0034201170742560,3.1132951746586568,3.0041814389,239.400,1860.370,1633.7796,1.9920
1.0184146013163216,-0.0092609355588906,0.0000000000000000,-0.0055616315541492,0.0034853818750748,0.0035333689870533,3.1132284462830357,3.0041799870,239.971,1860.444,1631.2726,1.9914
1.0184082208018930,-0.0092713382582417,0.0000000000000000,-0.0055683574452714,0.0034915392173980,0.0036466208998506,3.1131594814755172,3.0041784878,240.560,1860.520,1628.6873,1.9909
1.0184016378660841,-0.0092820527910496,0.0000000000000000,-0.0055752873073613,0.0034978932289352,0.0037598728126479,3.1130882741099768,3.0041769415,241.166,1860.599,1626.0239,1.9903
1.0183948524025632,-0.0092930776912706,0.0000000000000000,-0.0055824204089565,0.0035044441377993,0.0038731247254453,3.1130148178494474,3.0041753480,241.789,1860.679,1623.2828,1.9896
1.0183878643017525,-0.0093044114561064,0.0000000000000000,-0.0055897560010344,0.0035111921792986,0.0039863766382426,3.1129391061509821,3.0041737074,242.428,1860.763,1620.4644,1.9890
1.0183806734507421,-0.0093160525467886,0.0000000000000000,-0.0055972933174709,0.0035181375961635,0.0040996285510399,3.1128611322620601,3.0041720196,243.084,1860.848,1617.5688,1.9883
1.0183732797333453,-0.0093279993891942,0.0000000000000000,-0.0056050315754299,0.0035252806383569,0.0042128804638372,3.1127808892138931,3.0041702848,243.757,1860.936,1614.5966,1.9876
1.0183656830300689,-0.0093402503744963,0.0000000000000000,-0.0056129699757322,0.0035326215633000,0.0043261323766345,3.1126983698304018,3.0041685028,244.446,1861.027,1611.5481,1.9869
1.0183578832181164,-0.0093528038598894,0.0000000000000000,-0.0056211077033073,0.0035401606357471,0.0044393842894318,3.1126135667168682,3.0041666737,245.151,1861.119,1608.4236,1.9862
1.0183498801713795,-0.0093656581692609,0.0000000000000000,-0.0056294439275850,0.0035478981279475,0.0045526362022291,3.1125264722656878,3.0041647976,245.872,1861.214,1605.2235,1.9854
1.0183416737604372,-0.0093788115938733,0.0000000000000000,-0.0056379778029012,0.0035558343195997,0.0046658881150264,3.1124370786487350,3.0041628744,246.609,1861.312,1601.9483,1.9846
1.0183332638525573,-0.0093922623930839,0.0000000000000000,-0.0056467084689518,0.0035639694978907,0.0047791400278237,3.1123453778208821,3.0041609041,247.362,1861.412,1598.5982,1.9838
1.0183246503116903,-0.0094060087950224,0.0000000000000000,-0.0056556350511740,0.0035723039575514,0.0048923919406210,3.1122513615126013,3.0041588868,248.130,1861.514,1595.1738,1.9830
1.0183158329984530,-0.0094200489973414,0.0000000000000000,-0.0056647566612178,0.0035808380008689,0.0050056438534183,3.1121550212358580,3.0041568225,248.914,1861.619,1591.6753,1.9821
1.0183068117701348,-0.0094343811678841,0.0000000000000000,-0.0056740723973315,0.0035895719378068,0.0051188957662156,3.1120563482741259,3.0041547112,249.713,1861.726,1588.1034,1.9812
1.0182975864807298,-0.0094490034453823,0.0000000000000000,-0.0056835813448103,0.0035985060857941,0.0052321476790129,3.1119553336854002,3.0041525529,250.527,1861.835,1584.4583,1.9803
1.0182881569807849,-0.0094639139403045,0.0000000000000000,-0.0056932825764646,0.0036076407703798,0.0053453995918102,3.1118519683009680,3.0041503477,251.357,1861.947,1580.7405,1.9794
1.0182785231176581,-0.0094791107353086,0.0000000000000000,-0.0057031751529377,0.0036169763242776,0.0054586515046075,3.1117462427194078,3.0041480955,252.201,1862.061,1576.9505,1.9784
1.0182686847352598,-0.0094945918862191,0.0000000000000000,-0.0057132581232826,0.0036265130883493,0.0055719034174048,3.1116381473073429,3.0041457964,253.060,1862.178,1573.0888,1.9774
1.0182586416741968,-0.0095103554226411,0.0000000000000000,-0.0057235305253451,0.0036362514110061,0.0056851553302021,3.1115276721960932,3.0041434503,253.933,1862.296,1569.1557,1.9764
1.0182483937716840,-0.0095263993485983,0.0000000000000000,-0.0057339913860896,0.0036461916488209,0.0057984072429994,3.1114148072827268,3.0041410574,254.821,1862.418,1565.1518,1.9754
1.0182379408616107,-0.0095427216433505,0.0000000000000000,-0.0057446397221938,0.0036563341660302,0.0059116591557967,3.1112995422228762,3.0041386176,255.723,1862.541,1561.0776,1.9743
1.0182272827744858,-0.0095593202620932,0.0000000000000000,-0.0057554745404097,0.0036666793348497,0.0060249110685940,3.1111818664305795,3.0041361309,256.639,1862.667,1556.9335,1.9732
1.0182164193374610,-0.0095761931365514,0.0000000000000000,-0.0057664948379383,0.0036772275355608,0.0061381629813913,3.1110617690796789,3.0041335974,257.569,1862.796,1552.7201,1.9721
1.0182053503743109,-0.0095933381758258,0.0000000000000000,-0.0057776996029595,0.0036879791563896,0.0062514148941886,3.1109392390947086,3.0041310171,258.512,1862.926,1548.4378,1.9709
1.0181940757054320,-0.0096107532669995,0.0000000000000000,-0.0057890878149851,0.0036989345937103,0.0063646668069859,3.1108142651533317,3.0041283900,259.470,1863.059,1544.0872,1.9697
1.0181825951478396,-0.0096284362758610,0.0000000000000000,-0.0058006584453280,0.0037100942519940,0.0064779187197832,3.1106868356818782,3.0041257161,260.440,1863.195,1539.6688,1.9685
1.0181709085151662,-0.0096463850475736,0.0000000000000000,-0.0058124104574913,0.0037214585439027,0.0065911706325805,3.1105569388534855,3.0041229955,261.424,1863.333,1535.1831,1.9672
1.0181590156176696,-0.0096645974073690,0.0000000000000000,-0.0058243428076111,0.0037330278902452,0.0067044225453778,3.1104245625866116,3.0041202282,262.421,1863.473,1530.6307,1.9659
1.0181469162621648,-0.0096830711612342,0.0000000000000000,-0.0058364544448437,0.0037448027203339,0.0068176744581751,3.1102896945386682,3.0041174141,263.431,1863.615,1526.0120,1.9646
1.0181346102521254,-0.0097018040965288,0.0000000000000000,-0.0058487443118230,0.0037567834715600,0.0069309263709724,3.1101523221081475,3.0041145534,264.454,1863.760,1521.3278,1.9632
1.0181220973875635,-0.0097207939827259,0.0000000000000000,-0.0058612113450304,0.0037689705899449,0.0070441782837697,3.1100124324280727,3.0041116460,265.490,1863.907,1516.5784,1.9619
1.0181093774651229,-0.0097400385719617,0.0000000000000000,-0.0058738544751939,0.0037813645297989,0.0071574301965670,3.1098700123643130,3.0041086919,266.538,1864.057,1511.7646,1.9604
1.0180964502780518,-0.0097595355997565,0.0000000000000000,-0.0058866726277898,0.0037939657538532,0.0072706821093643,3.1097250485130012,3.0041056913,267.598,1864.209,1506.8868,1.9590
1.0180833156161126,-0.0097792827856388,0.0000000000000000,-0.0058996647232571,0.0038067747336774,0.0073839340221616,3.1095775271974739,3.0041026441,268.670,1864.363,1501.9457,1.9575
1.0180699732656775,-0.0097992778337576,0.0000000000000000,-0.0059128296775428,0.0038197919493302,0.0074971859349589,3.1094274344659922,3.0040995503,269.755,1864.520,1496.9418,1.9559
1.0180564230097129,-0.0098195184334783,0.0000000000000000,-0.0059261664024597,0.0038330178894399,0.0076104378477562,3.1092747560860832,3.0040964100,270.851,1864.679,1491.8758,1.9544
1.0180426646277172,-0.0098400022600208,0.0000000000000000,-0.0059396738060006,0.0038464530515758,0.0077236897605535,3.1091194775430462,3.0040932232,271.959,1864.840,1486.7482,1.9528
1.0180286978957718,-0.0098607269750597,0.0000000000000000,-0.0059533507928086,0.0038600979419721,0.0078369416733508,3.1089615840388531,3.0040899899,273.079,1865.004,1481.5596,1.9511
1.0180145225865080,-0.0098816902272767,0.0000000000000000,-0.0059671962644853,0.0038739530758085,0.0079501935861481,3.1088010604839207,3.0040867101,274.210,1865.169,1476.3107,1.9495
1.0180001384691131,-0.0099028896529592,0.0000000000000000,-0.0059812091199818,0.0038880189771763,0.0080634454989454,3.1086378914977311,3.0040833840,275.352,1865.338,1471.0022,1.9477
1.0179855453093185,-0.0099243228765775,0.0000000000000000,-0.0059953882559678,0.0039022961791723,0.0081766974117427,3.1084720614032144,3.0040800114,276.506,1865.508,1465.6345,1.9460
1.0179707428694027,-0.0099459875113094,0.0000000000000000,-0.0060097325671672,0.0039167852239764,0.0082899493245400,3.1083035542234820,3.0040765925,277.670,1865.681,1460.2084,1.9442
1.0179557309081850,-0.0099678811595909,0.0000000000000000,-0.0060242409467242,0.0039314866629072,0.0084032012373373,3.1081323536810390,3.0040731272,278.845,1865.857,1454.7246,1.9423
1.0179405091810223,-0.0099900014136548,0.0000000000000000,-0.0060389122865455,0.0039464010564633,0.0085164531501346,3.1079584431889922,3.0040696156,280.031,1866.034,1449.1836,1.9404
1.0179250774397959,-0.0100123458560438,0.0000000000000000,-0.0060537454776332,0.0039615289744764,0.0086297050629319,3.1077818058511495,3.0040660578,281.227,1866.214,1443.5861,1.9385
1.0179094354329168,-0.0100349120601073,0.0000000000000000,-0.0060687394104089,0.0039768709961314,0.0087429569757292,3.1076024244553251,3.0040624537,282.434,1866.396,1437.9328,1.9365
1.0178935829053164,-0.0100576975905233,0.0000000000000000,-0.0060838929750792,0.0039924277100143,0.0088562088885265,3.1074202814740048,3.0040588035,283.651,1866.581,1432.2243,1.9345
1.0178775195984593,-0.0100807000037336,0.0000000000000000,-0.0060992050619012,0.0040081997141976,0.0089694608013238,3.1072353590546107,3.0040551070,284.878,1866.768,1426.4614,1.9325
1.0178612452502922,-0.0101039168484721,0.0000000000000000,-0.0061146745615268,0.0040241876164588,0.0090827127141211,3.1070476390185875,3.0040513644,286.116,1866.957,1420.6446,1.9304
1.0178447595953048,-0.0101273456661676,0.0000000000000000,-0.0061303003653275,0.0040403920340799,0.0091959646269184,3.1068571028567717,3.0040475757,287.362,1867.148,1414.7748,1.9282
1.0178280623644871,-0.0101509839914016,0.0000000000000000,-0.0061460813656452,0.0040568135941638,0.0093092165397157,3.1066637317242303,3.0040437409,288.619,1867.342,1408.8525,1.9260
1.0178111532853213,-0.0101748293523578,0.0000000000000000,-0.0061620164561160,0.0040734529336623,0.0094224684525130,3.1064675064386256,3.0040398600,289.885,1867.538,1402.8785,1.9238
1.0177940320817997,-0.0101988792712114,0.0000000000000000,-0.0061781045319643,0.0040903106994064,0.0095357203653103,3.1062684074712767,3.0040359332,291.161,1867.737,1396.8535,1.9215
1.0177766984744059,-0.0102231312645750,0.0000000000000000,-0.0061943444902777,0.0041073875482119,0.0096489722781076,3.1060664149458641,3.0040319604,292.446,1867.938,1390.7781,1.9191
1.0177591521801173,-0.0102475828438471,0.0000000000000000,-0.0062107352302725,0.0041246841469996,0.0097622241909049,3.1058615086318357,3.0040279417,293.739,1868.141,1384.6532,1.9167
1.0177413929124146,-0.0102722315156055,0.0000000000000000,-0.0062272756535805,0.0041422011727823,0.0098754761037022,3.1056536679432019,3.0040238770,295.042,1868.346,1378.4794,1.9143
1.0177234203812369,-0.0102970747819743,0.0000000000000000,-0.0062439646644516,0.0041599393130118,0.0099887280164995,3.1054428719285943,3.0040197665,296.354,1868.553,1372.2574,1.9118
1.0177052342930437,-0.0103221101409932,0.0000000000000000,-0.0062608011701385,0.0041778992652360,0.0101019799292968,3.1052290992696379,3.0040156102,297.675,1868.763,1365.9880,1.9093
1.0176868343507648,-0.0103473350869234,0.0000000000000000,-0.0062777840809928,0.0041960817375596,0.0102152318420941,3.1050123282749453,3.0040114081,299.004,1868.976,1359.6718,1.9067
1.0176682202537985,-0.0103727471105833,0.0000000000000000,-0.0062949123107965,0.0042144874486846,0.0103284837548914,3.1047925368750837,3.0040071603,300.342,1869.190,1353.3097,1.9040
1.0176493916980363,-0.0103983436996961,0.0000000000000000,-0.0063121847769894,0.0042331171278149,0.0104417356676887,3.1045697026167800,3.0040028668,301.688,1869.407,1346.9024,1.9013
1.0176303483758387,-0.0104241223390993,0.0000000000000000,-0.0063296004008311,0.0042519715150368,0.0105549875804860,3.1043438026596784,3.0039985276,303.042,1869.626,1340.4506,1.8985
1.0176110899760464,-0.0104500805111821,0.0000000000000000,-0.0063471581077630,0.0042710513610587,0.0106682394932833,3.1041148137672852,3.0039941428,304.404,1869.847,1333.9550,1.8957
1.0175916161839753,-0.0104762156960042,0.0000000000000000,-0.0063648568274840,0.0042903574276359,0.0107814914060806,3.1038827123041317,3.0039897124,305.775,1870.071,1327.4164,1.8928
1.0175719266814096,-0.0105025253716442,0.0000000000000000,-0.0063826954942174,0.0043098904875291,0.0108947433188779,3.1036474742282456,3.0039852365,307.153,1870.297,1320.8357,1.8899
1.0175520211466111,-0.0105290070144266,0.0000000000000000,-0.0064006730469298,0.0043296513246007,0.0110079952316752,3.1034090750884578,3.0039807152,308.539,1870.525,1314.2134,1.8868
1.0175318992543132,-0.0105556580991422,0.0000000000000000,-0.0064187884294891,0.0043496407339745,0.0111212471444725,3.1031674900142141,3.0039761483,309.933,1870.755,1307.5505,1.8838
1.0175115606757197,-0.0105824760993022,0.0000000000000000,-0.0064370405908950,0.0043698595220877,0.0112344990572698,3.1029226937122694,3.0039715361,311.334,1870.988,1300.8476,1.8807
1.0174910050785082,-0.0106094584873211,0.0000000000000000,-0.0064554284854351,0.0043903085068449,0.0113477509700671,3.1026746604596878,3.0039668785,312.742,1871.223,1294.1056,1.8775
1.0174702321268292,-0.0106366027347178,0.0000000000000000,-0.0064739510728751,0.0044109885176908,0.0114610028828645,3.1024233640970822,3.0039621757,314.158,1871.460,1287.3251,1.8742
1.0174492414813083,-0.0106639063123119,0.0000000000000000,-0.0064926073186361,0.0044319003957465,0.0115742547956618,3.1021687780249336,3.0039574275,315.581,1871.699,1280.5071,1.8709
1.0174280327990397,-0.0106913666904018,0.0000000000000000,-0.0065113961939657,0.0044530449939259,0.0116875067084591,3.1019108751919218,3.0039526342,317.011,1871.941,1273.6522,1.8675
1.0174066057336162,-0.0107189813388487,0.0000000000000000,-0.0065303166760336,0.0044744231770536,0.0118007586212564,3.1016496280939188,3.0039477957,318.448,1872.185,1266.7613,1.8641
1.0173849599350826,-0.0107467477273769,0.0000000000000000,-0.0065493677482309,0.0044960358219266,0.0119140105340537,3.1013850087617518,3.0039429121,319.892,1872.431,1259.8351,1.8605
1.0173630950499832,-0.0107746633255593,0.0000000000000000,-0.0065685484001575,0.0045178838175349,0.0120272624468510,3.1011169887590371,3.0039379835,321.343,1872.679,1252.8745,1.8569
1.0173410107213412,-0.0108027256030391,0.0000000000000000,-0.0065878576279045,0.0045399680650588,0.0121405143596483,3.1008455391709964,3.0039330098,322.800,1872.930,1245.8802,1.8533
1.0173187065886777,-0.0108309320295584,0.0000000000000000,-0.0066072944340670,0.0045622894781276,0.0122537662724456,3.1005706306017204,3.0039279912,324.264,1873.183,1238.8530,1.8496
1.0172961822879829,-0.0108592800751498,0.0000000000000000,-0.0066268578279674,0.0045848489829147,0.0123670181852429,3.1002922331622682,3.0039229277,325.734,1873.438,1231.7937,1.8458
1.0172734374517800,-0.0108877672101405,0.0000000000000000,-0.0066465468257589,0.0046076475180948,0.0124802700980402,3.1000103164654482,3.0039178194,327.211,1873.695,1224.7031,1.8419
1.0172504717090682,-0.0109163909053039,0.0000000000000000,-0.0066663604505390,0.0046306860352175,0.0125935220108375,3.0997248496185135,3.0039126662,328.694,1873.955,1217.5820,1.8379
1.0172272846853616,-0.0109451486318729,0.0000000000000000,-0.0066862977324815,0.0046539654987015,0.0127067739236348,3.0994358012136050,3.0039074683,330.183,1874.216,1210.4313,1.8339
1.0168232344774661,-0.0114244479010329,0.0000000000000000,-0.0070234967759552,0.0050627397456106,0.0145299359866228,3.0942614509611617,3.0038176852,354.917,1878.732,1091.9045,1.7578
1.0164389059201047,-0.0118449389098729,0.0000000000000000,-0.0073280450875791,0.0054572036427125,0.0160586892874274,3.0890871007087179,3.0037336770,376.592,1882.947,989.2263,1.6750
1.0160727279063111,-0.0122165693780452,0.0000000000000000,-0.0076054360266714,0.0058383967643516,0.0173787294021460,3.0839127504562747,3.0036548993,395.841,1886.891,899.7842,1.5869
1.0157232878796252,-0.0125469877272522,0.0000000000000000,-0.0078598788668843,0.0062072650053132,0.0185411530903267,3.0787384002038314,3.0035808725,413.112,1890.589,821.4664,1.4946
1.0153893139505352,-0.0128422146697242,0.0000000000000000,-0.0080946777061001,0.0065646697242858,0.0195794689427581,3.0735640499513881,3.0035111722,428.739,1894.065,752.5544,1.3992
1.0150696590166501,-0.0131070806406025,0.0000000000000000,-0.0083124773117558,0.0069113961153174,0.0205171139311410,3.0683896996989444,3.0034454226,442.974,1897.338,691.6401,1.3016
1.0147632867186036,-0.0133455224672866,0.0000000000000000,-0.0085154292239629,0.0072481608089046,0.0213712608791804,3.0632153494465011,3.0033832895,456.019,1900.426,637.5628,1.2023
1.0144692590521316,-0.0135607913513335,0.0000000000000000,-0.0087053077767603,0.0075756187325224,0.0221549422462254,3.0580409991940578,3.0033244751,468.031,1903.344,589.3601,1.1022
1.0141867254582091,-0.0137556027558595,0.0000000000000000,-0.0088835934182733,0.0078943692773650,0.0228783232283838,3.0528666489416141,3.0032687136,479.143,1906.107,546.2293,1.0017
1.0139149132232537,-0.0139322469715857,0.0000000000000000,-0.0090515339677384,0.0082049618244182,0.0235495088564604,3.0476922986891708,3.0032157665,489.460,1908.727,507.4973,0.9013
1.0136531190332041,-0.0140926723168036,0.0000000000000000,-0.0092101905658896,0.0085079006878704,0.0241750790992627,3.0425179484367275,3.0031654200,499.072,1911.214,472.5969,0.8014
1.0134007015411064,-0.0142385488291138,0.0000000000000000,-0.0093604727476175,0.0088036495316712,0.0247604568674604,3.0373435981842838,3.0031174813,508.056,1913.580,441.0479,0.7023
1.0131570748224534,-0.0143713177583985,0.0000000000000000,-0.0095031656212421,0.0090926353130527,0.0253101689314033,3.0321692479318405,3.0030717767,516.476,1915.832,412.4414,0.6043
1.0129217026068940,-0.0144922305356118,0.0000000000000000,-0.0096389512141131,0.0093752518035725,0.0258280357378663,3.0269948976793972,3.0030281490,524.387,1917.980,386.4281,0.5076
1.0126940931884303,-0.0146023798148834,0.0000000000000000,-0.0097684254366719,0.0096518627334360,0.0263173125731169,3.0218205474269539,3.0029864555,531.837,1920.030,362.7083,0.4124
1.0124737949285119,-0.0147027244596839,0.0000000000000000,-0.0098921117079066,0.0099228046010032,0.0267807965579518,3.0166461971745102,3.0029465667,538.868,1921.990,341.0236,0.3188
1.0122603922773796,-0.0147941098430997,0.0000000000000000,-0.0100104720039984,0.0101883891848158,0.0272209090998430,3.0114718469220669,3.0029083648,545.517,1923.865,321.1505,0.2271
1.0120535022481125,-0.0148772844810637,0.0000000000000000,-0.0101239158953090,0.0104489057922547,0.0276397603660750,3.0062974966696236,3.0028717420,551.816,1925.660,302.8951,0.1372
1.0118527712876797,-0.0149529137653518,0.0000000000000000,-0.0102328079958180,0.0107046232736297,0.0280392003507006,3.0011231464171799,3.0028366002,557.794,1927.382,286.0881,0.0493
1.0116578724949541,-0.0150215913822211,0.0000000000000000,-0.0103374741484763,0.0109557918291606,0.0284208597932486,2.9959487961647366,3.0028028491,563.475,1929.033,270.5819,-0.0365
1.0114685031435715,-0.0150838488676725,0.0000000000000000,-0.0104382065947341,0.0112026446316354,0.0287861833046409,2.9907744459122934,3.0027704060,568.882,1930.620,256.2468,-0.1202
1.0112843824722537,-0.0151401636510113,0.0000000000000000,-0.0105352683214586,0.0114453992856004,0.0291364564358566,2.9856000956598496,3.0027391950,574.036,1932.145,242.9688,-0.2018
1.0111052497105959,-0.0151909658630968,0.0000000000000000,-0.0106288967367984,0.0116842591412942,0.0294728279839436,2.9804257454074063,3.0027091460,578.955,1933.612,230.6472,-0.2812
1.0109308623119528,-0.0152366441284465,0.0000000000000000,-0.0107193067949512,0.0119194144792975,0.0297963285158902,2.9752513951549631,3.0026801944,583.655,1935.024,219.1930,-0.3584
1.0107609943692295,-0.0152775505162756,0.0000000000000000,-0.0108066936652285,0.0121510435804791,0.0301078858595909,2.9700770449025198,3.0026522806,588.151,1936.385,208.5271,-0.4335
1.0105954351923547,-0.0153140047913751,0.0000000000000000,-0.0108912350226334,0.0123793136928694,0.0304083381428927,2.9649026946500761,3.0026253493,592.457,1937.697,198.5793,-0.5063
1.0104339880284756,-0.0153462980792535,0.0000000000000000,-0.0109730930217831,0.0126043819077480,0.0306984448343152,2.9597283443976328,3.0025993492,596.584,1938.963,189.2869,-0.5770
1.0102764689089581,-0.0153746960383871,0.0000000000000000,-0.0110524160049170,0.0128263959537494,0.0309788961436520,2.9545539941451895,3.0025742329,600.543,1940.185,180.5938,-0.6455
1.0101227056090814,-0.0153994416162692,0.0000000000000000,-0.0111293399854689,0.0130454949175354,0.0312503210663830,2.9493796438927458,3.0025499563,604.346,1941.366,172.4498,-0.7119
1.0099725367074113,-0.0154207574519347,0.0000000000000000,-0.0112039899412187,0.0132618098997772,0.0315132943018592,2.9442052936403025,3.0025264780,608.001,1942.507,164.8099,-0.7761
1.0098258107345832,-0.0154388479774904,0.0000000000000000,-0.0112764809454160,0.0134754646117401,0.0317683422281716,2.9390309433878592,3.0025037599,611.517,1943.610,157.6334,-0.8383
1.0096823854013941,-0.0154539012619510,0.0000000000000000,-0.0113469191592704,0.0136865759196665,0.0320159480845599,2.9338565931354159,3.0024817661,614.902,1944.677,150.8837,-0.8983
1.0095421268979559,-0.0154660906338637,0.0000000000000000,-0.0114154027054445,0.0138952543413979,0.0322565564843031,2.9286822428829722,3.0024604633,618.163,1945.711,144.5277,-0.9563
1.0094049092564714,-0.0154755761132255,0.0000000000000000,-0.0114820224392419,0.0141016045005509,0.0324905773584182,2.9235078926305289,3.0024398200,621.306,1946.712,138.5356,-1.0123
1.0092706137708889,-0.0154825056786542,0.0000000000000000,-0.0115468626311265,0.0143057255421477,0.0327183894144887,2.9183335423780856,3.0024198070,624.338,1947.682,132.8800,-1.0663
1.0091391284677107,-0.0154870163914978,0.0000000000000000,-0.0116100015725120,0.0145077115135290,0.0329403431802378,2.9131591921256419,3.0024003969,627.265,1948.622,127.5364,-1.1184
1.0090103476227856,-0.0154892353956038,0.0000000000000000,-0.0116715121147705,0.0147076517138683,0.0331567636896959,2.9079848418731986,3.0023815638,630.092,1949.534,122.4822,-1.1686
1.0088841713194714,-0.0154892808085421,0.0000000000000000,-0.0117314621500049,0.0149056310152543,0.0333679528612261,2.9028104916207553,3.0023632834,632.824,1950.419,117.6969,-1.2168
1.0087605050441069,-0.0154872625178696,0.0000000000000000,-0.0117899150408217,0.0151017301580687,0.0335741916085571,2.8976361413683116,3.0023455330,635.466,1951.277,113.1619,-1.2633
1.0086392593151781,-0.0154832828941011,0.0000000000000000,-0.0118469300054438,0.0152960260229593,0.0337757417197947,2.8924617911158683,3.0023282910,638.021,1952.111,108.8601,-1.3079
1.0085203493429327,-0.0154774374304270,0.0000000000000000,-0.0119025624634818,0.0154885918815939,0.0339728475342495,2.8872874408634250,3.0023115373,640.494,1952.921,104.7756,-1.3508
1.0084036947165738,-0.0154698153178222,0.0000000000000000,-0.0119568643470131,0.0156794976281650,0.0341657374423558,2.8821130906109818,3.0022952527,642.889,1953.707,100.8942,-1.3919
1.0082892191164463,-0.0154604999631257,0.0000000000000000,-0.0120098843811352,0.0158688099931625,0.0343546252306592,2.8769387403585380,3.0022794191,645.209,1954.472,97.2026,-1.4313
1.0081768500489334,-0.0154495694565437,0.0000000000000000,-0.0120616683372416,0.0160565927412657,0.0345397112902140,2.8717643901060947,3.0022640195,647.458,1955.215,93.6887,-1.4691
1.0080665186019366,-0.0154370969943096,0.0000000000000000,-0.0121122592622780,0.0162429068545904,0.0347211837050075,2.8665900398536515,3.0022490377,649.638,1955.938,90.3411,-1.5052
1.0079581592191833,-0.0154231512614433,0.0000000000000000,-0.0121616976866073,0.0164278107024093,0.0348992192339408,2.8614156896012077,3.0022344585,651.752,1956.642,87.1498,-1.5398
1.0078517094915960,-0.0154077967789495,0.0000000000000000,-0.0122100218126660,0.0166113601988429,0.0350739841987500,2.8562413393487645,3.0022202674,653.804,1957.326,84.1049,-1.5728
1.0077471099642652,-0.0153910942192844,0.0000000000000000,-0.0122572676866526,0.0167936089491443,0.0352456352883353,2.8510669890963212,3.0022064505,655.795,1957.992,81.1978,-1.6043
1.0076443039577039,-0.0153731006934389,0.0000000000000000,-0.0123034693548588,0.0169746083859117,0.0354143202885113,2.8458926388438774,3.0021929950,657.728,1958.640,78.4203,-1.6343
1.0075432374021001,-0.0153538700124631,0.0000000000000000,-0.0123486590063927,0.0171544078956535,0.0355801787457409,2.8407182885914342,3.0021798884,659.606,1959.272,75.7647,-1.6629
1.0074438586835199,-0.0153334529263206,0.0000000000000000,-0.0123928671035071,0.0173330549368917,0.0357433425710982,2.8355439383389909,3.0021671189,661.430,1959.887,73.2240,-1.6901
1.0073461185010217,-0.0153118973420566,0.0000000000000000,-0.0124361225009190,0.0175105951501722,0.0359039365914599,2.8303695880865476,3.0021546753,663.203,1960.486,70.7918,-1.7159
1.0072499697338320,-0.0152892485235043,0.0000000000000000,-0.0124784525551374,0.0176870724607645,0.0360620790528673,2.8251952378341039,3.0021425470,664.927,1961.070,68.4619,-1.7403
1.0071553673177207,-0.0152655492743147,0.0000000000000000,-0.0125198832248214,0.0178625291745843,0.0362178820810657,2.8200208875816606,3.0021307238,666.603,1961.638,66.2287,-1.7635
1.0070622681297916,-0.0152408401058620,0.0000000000000000,-0.0125604391629008,0.0180370060679918,0.0363714521036117,2.8148465373292173,3.0021191960,668.233,1962.193,64.0870,-1.7853
1.0069706308812090,-0.0152151593915519,0.0000000000000000,-0.0126001438014441,0.0182105424716073,0.0365228902368382,2.8096721870767736,3.0021079544,669.818,1962.734,62.0317,-1.8059
1.0068804160168947,-0.0151885435087169,0.0000000000000000,-0.0126390194297170,0.0183831763491378,0.0366722926418296,2.8044978368243303,3.0020969902,671.361,1963.261,60.0583,-1.8253
1.0067915856220873,-0.0151610269692894,0.0000000000000000,-0.0126770872663418,0.0185549443708512,0.0368197508515876,2.7993234865718870,3.0020862949,672.863,1963.775,58.1626,-1.8435
1.0067041033347917,-0.0151326425403243,0.0000000000000000,-0.0127143675257085,0.0187258819829686,0.0369653520725974,2.7941491363194437,3.0020758606,674.325,1964.276,56.3405,-1.8606
1.0066179342640220,-0.0151034213551804,0.0000000000000000,-0.0127508794795489,0.0188960234724642,0.0371091794629583,2.7889747860670000,3.0020656794,675.748,1964.765,54.5883,-1.8765
1.0065330449132113,-0.0150733930162866,0.0000000000000000,-0.0127866415138339,0.0190654020281578,0.0372513123891912,2.7838004358145567,3.0020557442,677.134,1965.242,52.9024,-1.8913
1.0064494031084510,-0.0150425856901946,0.0000000000000000,-0.0128216711814907,0.0192340497980874,0.0373918266637398,2.7786260855621134,3.0020460477,678.484,1965.708,51.2795,-1.9051
1.0063669779312168,-0.0150110261955621,0.0000000000000000,-0.0128559852513608,0.0194019979435682,0.0375307947648561,2.7734517353096697,3.0020365834,679.799,1966.162,49.7166,-1.9178
1.0062857396552534,-0.0149787400847390,0.0000000000000000,-0.0128895997534986,0.0195692766900729,0.0376682860402119,2.7682773850572264,3.0020273447,681.081,1966.605,48.2108,-1.9295
1.0062056596872875,-0.0149457517194082,0.0000000000000000,-0.0129225300214515,0.0197359153752306,0.0378043668960412,2.7631030348047831,3.0020183253,682.329,1967.038,46.7593,-1.9402
1.0061267105113456,-0.0149120843408805,0.0000000000000000,-0.0129547907314922,0.0199019424940697,0.0379391009725805,2.7579286845523399,3.0020095195,683.546,1967.461,45.3595,-1.9499
1.0060488656363689,-0.0148777601353740,0.0000000000000000,-0.0129863959391284,0.0200673857418125,0.0380725493073375,2.7527543342998961,3.0020009215,684.732,1967.873,44.0090,-1.9587
1.0059720995469434,-0.0148428002947956,0.0000000000000000,-0.0130173591131740,0.0202322720542359,0.0382047704869517,2.7475799840474529,3.0019925258,685.888,1968.276,42.7056,-1.9666
1.0058963876568960,-0.0148072250732960,0.0000000000000000,-0.0130476931675314,0.0203966276458805,0.0383358207887045,2.7424056337950096,3.0019843271,687.015,1968.669,41.4472,-1.9736
1.0058217062655779,-0.0147710538399957,0.0000000000000000,-0.0130774104908202,0.0205604780462025,0.0384657543124769,2.7372312835425658,3.0019763204,688.114,1969.052,40.2315,-1.9797
1.0057480325166401,-0.0147343051281593,0.0000000000000000,-0.0131065229741214,0.0207238481338167,0.0385946231039089,2.7320569332901226,3.0019685009,689.186,1969.427,39.0569,-1.9850
1.0056753443591624,-0.0146969966810918,0.0000000000000000,-0.0131350420368849,0.0208867621689172,0.0387224772694703,2.7268825830376793,3.0019608638,690.231,1969.793,37.9214,-1.9894
1.0056036205109329,-0.0146591454950179,0.0000000000000000,-0.0131629786511846,0.0210492438240880,0.0388493650840938,2.7217082327852360,3.0019534047,691.250,1970.150,36.8233,-1.9931
1.0055328404237929,-0.0146207678591813,0.0000000000000000,-0.0131903433644514,0.0212113162134892,0.0389753330918507,2.7165338825327923,3.0019461193,692.244,1970.499,35.7611,-1.9959
1.0054629842508305,-0.0145818793933215,0.0000000000000000,-0.0132171463207398,0.0213730019207006,0.0391004262004353,2.7113595322803490,3.0019390033,693.213,1970.840,34.7332,-1.9981
1.0053940328154654,-0.0145424950828602,0.0000000000000000,-0.0132433972808242,0.0215343230248826,0.0392246877694260,2.7061851820279057,3.0019320528,694.158,1971.173,33.7382,-1.9994
1.0053259675820534,-0.0145026293117477,0.0000000000000000,-0.0132691056408274,0.0216953011261239,0.0393481596935430,2.7010108317754620,3.0019252638,695.081,1971.498,32.7746,-2.0001
1.0052587706281737,-0.0144622958933566,0.0000000000000000,-0.0132942804499534,0.0218559573691901,0.0394708824805047,2.6958364815230187,3.0019186328,695.980,1971.815,31.8412,-2.0001
1.0051924246183199,-0.0144215080994325,0.0000000000000000,-0.0133189304270251,0.0220163124662946,0.0395928953244057,2.6906621312705754,3.0019121560,696.858,1972.125,30.9368,-1.9994
1.0051269127789728,-0.0143802786872902,0.0000000000000000,-0.0133430639761011,0.0221763867188721,0.0397142361746448,2.6854877810181317,3.0019058300,697.714,1972.428,30.0602,-1.9980
1.0050622188749836,-0.0143386199253571,0.0000000000000000,-0.0133666892011650,0.0223362000382078,0.0398349418009131,2.6803134307656884,3.0018996514,698.549,1972.723,29.2102,-1.9960
1.0049983271871403,-0.0142965436172050,0.0000000000000000,-0.0133898139199612,0.0224957719652727,0.0399550478543672,2.6751390805132451,3.0018936171,699.364,1973.012,28.3859,-1.9934
1.0049352224908914,-0.0142540611241457,0.0000000000000000,-0.0134124456770551,0.0226551216895838,0.0400745889253796,2.6699647302608014,3.0018877238,700.159,1973.294,27.5862,-1.9902
1.0048728900361330,-0.0142111833865142,0.0000000000000000,-0.0134345917561509,0.0228142680672987,0.0401935985979899,2.6647903800083581,3.0018819686,700.934,1973.569,26.8101,-1.9864
1.0048113155279996,-0.0141679209437121,0.0000000000000000,-0.0134562591917030,0.0229732296385258,0.0403121095013908,2.6596160297559148,3.0018763485,701.690,1973.838,26.0568,-1.9820
1.0047504851086040,-0.0141242839531132,0.0000000000000000,-0.0134774547799038,0.0231320246438766,0.0404301533585548,2.6544416795034715,3.0018708608,702.428,1974.100,25.3254,-1.9771
1.0046903853396683,-0.0140802822078515,0.0000000000000000,-0.0134981850890876,0.0232906710403593,0.0405477610323173,2.6492673292510278,3.0018655026,703.148,1974.356,24.6151,-1.9716
1.0046310031860246,-0.0140359251536984,0.0000000000000000,-0.0135184564695196,0.0234491865166399,0.0406649625688411,2.6440929789985845,3.0018602714,703.849,1974.606,23.9250,-1.9657
1.0045723259998400,-0.0139912219048778,0.0000000000000000,-0.0135382750626904,0.0236075885076673,0.0407817872390508,2.6389186287461412,3.0018551647,704.534,1974.850,23.2545,-1.9592
1.0045143415056677,-0.0139461812591103,0.0000000000000000,-0.0135576468101434,0.0237658942087396,0.0408982635776946,2.6337442784936975,3.0018501798,705.201,1975.089,22.6028,-1.9522
1.0044570377861601,-0.0139008117117842,0.0000000000000000,-0.0135765774617915,0.0239241205890414,0.0410144194205345,2.6285699282412542,3.0018453145,705.852,1975.321,21.9692,-1.9448
1.0044004032684548,-0.0138551214693688,0.0000000000000000,-0.0135950725838196,0.0240822844046813,0.0411302819396437,2.6233955779888110,3.0018405665,706.486,1975.548,21.3532,-1.9369
1.0043444267112041,-0.0138091184621069,0.0000000000000000,-0.0136131375662101,0.0242404022112239,0.0412458776769510,2.6182212277363677,3.0018359334,707.105,1975.769,20.7540,-1.9286
1.0042890971921876,-0.0137628103560340,0.0000000000000000,-0.0136307776298115,0.0243984903758195,0.0413612325761598,2.6130468774839239,3.0018314131,707.708,1975.985,20.1711,-1.9198
1.0042344040964908,-0.0137162045643660,0.0000000000000000,-0.0136479978331500,0.0245565650888653,0.0414763720131084,2.6078725272314807,3.0018270035,708.296,1976.196,19.6039,-1.9106
1.0041803371052214,-0.0136693082582861,0.0000000000000000,-0.0136648030787944,0.0247146423753268,0.0415913208247342,2.6026981769790374,3.0018227026,708.868,1976.401,19.0519,-1.9011
1.0041268861847299,-0.0136221283771742,0.0000000000000000,-0.0136811981195235,0.0248727381056211,0.0417061033366677,2.5975238267265937,3.0018185084,709.427,1976.601,18.5145,-1.8911
1.0040740415763059,-0.0135746716383245,0.0000000000000000,-0.0136971875640483,0.0250308680062079,0.0418207433895321,2.5923494764741504,3.0018144189,709.970,1976.796,17.9914,-1.8808
1.0040217937863263,-0.0135269445461369,0.0000000000000000,-0.0137127758826232,0.0251890476698312,0.0419352643641739,2.5871751262217071,3.0018104323,710.500,1976.987,17.4819,-1.8701
1.0039701335768396,-0.0134789534008892,0.0000000000000000,-0.0137279674122320,0.0253472925654346,0.0420496892056122,2.5820007759692638,3.0018065468,711.016,1977.172,16.9856,-1.8590
1.0039190519565508,-0.0134307043070332,0.0000000000000000,-0.0137427663616332,0.0255056180478110,0.0421640404460883,2.5768264257168201,3.0018027606,711.518,1977.353,16.5021,-1.8477
1.0038685401721912,-0.0133822031810986,0.0000000000000000,-0.0137571768161034,0.0256640393669832,0.0422783402270729,2.5716520754643768,3.0017990720,712.007,1977.529,16.0311,-1.8360
1.0038185897002756,-0.0133334557592031,0.0000000000000000,-0.0137712027420279,0.0258225716772907,0.0423926103203543,2.5664777252119335,3.0017954794,712.483,1977.700,15.5720,-1.8240
1.0037691922391720,-0.0132844676042033,0.0000000000000000,-0.0137848479912041,0.0259812300462790,0.0425068721482710,2.5613033749594898,3.0017919812,712.947,1977.867,15.1245,-1.8117
1.0037203397015382,-0.0132352441124907,0.0000000000000000,-0.0137981163049983,0.0261400294633505,0.0426211468031298,2.5561290247070465,3.0017885757,713.397,1978.030,14.6883,-1.7991
1.0036720242070378,-0.0131857905204551,0.0000000000000000,-0.0138110113182664,0.0262989848482451,0.0427354550659137,2.5509546744546032,3.0017852615,713.835,1978.188,14.2629,-1.7862
1.0036242380754066,-0.0131361119106811,0.0000000000000000,-0.0138235365631816,0.0264581110591931,0.0428498174241286,2.5457803242021595,3.0017820372,714.262,1978.342,13.8481,-1.7731
1.0035769738197424,-0.0130862132178017,0.0000000000000000,-0.0138356954728040,0.0266174229010625,0.0429642540891457,2.5406059739497162,3.0017789012,714.676,1978.491,13.4435,-1.7597
1.0035302241401078,-0.0130360992341054,0.0000000000000000,-0.0138474913845394,0.0267769351332248,0.0430787850128237,2.5354316236972729,3.0017758522,715.078,1978.637,13.0488,-1.7461
1.0034839819173749,-0.0129857746148802,0.0000000000000000,-0.0138589275434266,0.0269366624773088,0.0431934299035494,2.5302572734448292,3.0017728888,715.469,1978.778,12.6638,-1.7323
1.0034382402073305,-0.0129352438835284,0.0000000000000000,-0.0138700071053146,0.0270966196247580,0.0433082082416755,2.5250829231923859,3.0017700097,715.849,1978.915,12.2880,-1.7183
1.0033929922349756,-0.0128845114363918,0.0000000000000000,-0.0138807331398366,0.0272568212443508,0.0434231392945976,2.5199085729399426,3.0017672136,716.217,1979.049,11.9214,-1.7040
1.0033482313891056,-0.0128335815474419,0.0000000000000000,-0.0138911086333734,0.0274172819894688,0.0435382421310993,2.5147342226874994,3.0017644993,716.575,1979.178,11.5635,-1.6896
1.0033039512170561,-0.0127824583726895,0.0000000000000000,-0.0139011364917320,0.0275780165053710,0.0436535356354360,2.5095598724350556,3.0017618656,716.922,1979.304,11.2141,-1.6749
1.0032601454196768,-0.0127311459544310,0.0000000000000000,-0.0139108195429086,0.0277390394362744,0.0437690385208948,2.5043855221826123,3.0017593113,717.258,1979.425,10.8730,-1.6601
1.0032168078464729,-0.0126796482253122,0.0000000000000000,-0.0139201605394827,0.0279003654324299,0.0438847693429497,2.4992111719301691,3.0017568352,717.584,1979.543,10.5400,-1.6452
1.0031739324909759,-0.0126279690121862,0.0000000000000000,-0.0139291621612402,0.0280620091569915,0.0440007465120984,2.4940368216777253,3.0017544362,717.899,1979.658,10.2148,-1.6301
1.0031315134862273,-0.0125761120398350,0.0000000000000000,-0.0139378270173270,0.0282239852929852,0.0441169883062484,2.4888624714252821,3.0017521133,718.204,1979.769,9.8972,-1.6148
1.0030895451005073,-0.0125240809345085,0.0000000000000000,-0.0139461576486746,0.0283863085499657,0.0442335128828670,2.4836881211728388,3.0017498653,718.500,1979.876,9.5871,-1.5995
1.0030480217331408,-0.0124718792273278,0.0000000000000000,-0.0139541565299997,0.0285489936709133,0.0443503382907675,2.4785137709203955,3.0017476913,718.785,1979.979,9.2841,-1.5840
1.0030069379105240,-0.0124195103575343,0.0000000000000000,-0.0139618260719779,0.0287120554388116,0.0444674824816027,2.4733394206679518,3.0017455901,719.061,1980.079,8.9881,-1.5684
1.0029662882822639,-0.0123669776755890,0.0000000000000000,-0.0139691686231911,0.0288755086833521,0.0445849633212071,2.4681650704155085,3.0017435610,719.327,1980.176,8.6989,-1.5527
1.0029260676174734,-0.0123142844461994,0.0000000000000000,-0.0139761864720599,0.0290393682875073,0.0447027986003813,2.4629907201630652,3.0017416028,719.584,1980.269,8.4164,-1.5370
1.0028862708011759,-0.0122614338511354,0.0000000000000000,-0.0139828818486714,0.0292036491941942,0.0448210060459292,2.4578163699106215,3.0017397147,719.832,1980.359,8.1403,-1.5212
1.0028468928308769,-0.0122084289919997,0.0000000000000000,-0.0139892569265466,0.0293683664127377,0.0449396033309751,2.4526420196581782,3.0017378958,720.070,1980.446,7.8706,-1.5053
1.0028079288132272,-0.0121552728928567,0.0000000000000000,-0.0139953138243513,0.0295335350255038,0.0450586080854666,2.4474676694057349,3.0017361452,720.299,1980.530,7.6070,-1.4894
1.0027693739608083,-0.0121019685027427,0.0000000000000000,-0.0140010546075312,0.0296991701944517,0.0451780379063373,2.4422933191532916,3.0017344619,720.520,1980.610,7.3494,-1.4734
1.0027312235890484,-0.0120485186981197,0.0000000000000000,-0.0140064812899027,0.0298652871676367,0.0452979103674374,2.4371189689008479,3.0017328453,720.732,1980.687,7.0976,-1.4575
1.0026934731132242,-0.0119949262851753,0.0000000000000000,-0.0140115958351620,0.0300319012858250,0.0454182430294994,2.4319446186484046,3.0017312944,720.935,1980.761,6.8515,-1.4415
1.0026561180455786,-0.0119411940020723,0.0000000000000000,-0.0140164001583423,0.0301990279890543,0.0455390534498289,2.4267702683959609,3.0017298084,721.129,1980.831,6.6110,-1.4255
1.0026191539925426,-0.0118873245211016,0.0000000000000000,-0.0140208961272602,0.0303666828232191,0.0456603591918825,2.4215959181435176,3.0017283867,721.315,1980.899,6.3759,-1.4096
1.0025825766520229,-0.0118333204507316,0.0000000000000000,-0.0140250855638309,0.0305348814467549,0.0457821778348667,2.4164215678910743,3.0017270284,721.493,1980.964,6.1461,-1.3937
1.0025463818108276,-0.0117791843376117,0.0000000000000000,-0.0140289702453985,0.0307036396372797,0.0459045269830388,2.4112472176386310,3.0017257328,721.662,1981.026,5.9215,-1.3779
1.0025105653421327,-0.0117249186684622,0.0000000000000000,-0.0140325519060521,0.0308729732982978,0.0460274242751366,2.4060728673861873,3.0017244991,721.824,1981.084,5.7020,-1.3621
1.0024751232030789,-0.0116705258719397,0.0000000000000000,-0.0140358322378044,0.0310428984659435,0.0461508873935391,2.4008985171337440,3.0017233267,721.977,1981.140,5.4875,-1.3464
1.0024400514323770,-0.0116160083203611,0.0000000000000000,-0.0140388128917121,0.0312134313159824,0.0462749340736388,2.3957241668813007,3.0017222149,722.122,1981.193,5.2778,-1.3309
1.0024053461480968,-0.0115613683314632,0.0000000000000000,-0.0140414954791818,0.0313845881703694,0.0463995821127489,2.3905498166288570,3.0017211630,722.260,1981.243,5.0729,-1.3154
1.0023710035454256,-0.0115066081699907,0.0000000000000000,-0.0140438815729364,0.0315563855045104,0.0465248493794792,2.3853754663764137,3.0017201703,722.389,1981.291,4.8726,-1.3002
1.0023370198945611,-0.0114517300493163,0.0000000000000000,-0.0140459727081237,0.0317288399541380,0.0466507538226621,2.3802011161239705,3.0017192363,722.511,1981.335,4.6770,-1.2851
1.0023033915386295,-0.0113967361328910,0.0000000000000000,-0.0140477703833368,0.0319019683226147,0.0467773134807096,2.3750267658715272,3.0017183603,722.626,1981.377,4.4858,-1.2701
1.0022701148917510,-0.0113416285358318,0.0000000000000000,-0.0140492760616583,0.0320757875878062,0.0469045464902806,2.3698524156190834,3.0017175416,722.733,1981.416,4.2990,-1.2554
1.0022371864370538,-0.0112864093262226,0.0000000000000000,-0.0140504911715956,0.0322503149097349,0.0470324710957952,2.3646780653666402,3.0017167798,722.832,1981.452,4.1166,-1.2410
1.0022046027248219,-0.0112310805265261,0.0000000000000000,-0.0140514171079716,0.0324255676378821,0.0471611056584159,2.3595037151141969,3.0017160741,722.924,1981.486,3.9385,-1.2268
1.0021723603707038,-0.0111756441149117,0.0000000000000000,-0.0140520552329224,0.0326015633186498,0.0472904686651119,2.3543293648617531,3.0017154242,723.009,1981.517,3.7645,-1.2130
1.0021404560539440,-0.0111201020264954,0.0000000000000000,-0.0140524068767187,0.0327783197031119,0.0474205787380754,2.3491550146093099,3.0017148293,723.087,1981.545,3.5948,-1.1995
1.0021088865156895,-0.0110644561545830,0.0000000000000000,-0.0140524733385951,0.0329558547547845,0.0475514546438464,2.3439806643568666,3.0017142890,723.157,1981.571,3.4291,-1.1863
1.0020776485573357,-0.0110087083518734,0.0000000000000000,-0.0140522558876634,0.0331341866574609,0.0476831153025922,2.3388063141044233,3.0017138028,723.221,1981.594,3.2675,-1.1736
1.0020467390389420,-0.0109528604315596,0.0000000000000000,-0.0140517557635884,0.0333133338234330,0.0478155797977215,2.3336319638519796,3.0017133701,723.277,1981.614,3.1099,-1.1614
1.0020161548776727,-0.0108969141684786,0.0000000000000000,-0.0140509741774847,0.0334933149015575,0.0479488673851578,2.3284576135995363,3.0017129904,723.327,1981.633,2.9562,-1.1497
1.0019858930463070,-0.0108408713001572,0.0000000000000000,-0.0140499123126110,0.0336741487857177,0.0480829975030484,2.3232832633470926,3.0017126633,723.369,1981.648,2.8066,-1.1385
1.0019559505717577,-0.0107847335278618,0.0000000000000000,-0.0140485713250643,0.0338558546233697,0.0482179897814136,2.3181089130946493,3.0017123883,723.405,1981.661,2.6609,-1.1280
1.0019263245336971,-0.0107285025175843,0.0000000000000000,-0.0140469523446207,0.0340384518242168,0.0483538640520004,2.3129345628422060,3.0017121648,723.434,1981.672,2.5191,-1.1182
1.0018970120631383,-0.0106721799010296,0.0000000000000000,-0.0140450564752667,0.0342219600691852,0.0484906403581840,2.3077602125897627,3.0017119926,723.457,1981.680,2.3812,-1.1092
1.0018680103411342,-0.0106157672765471,0.0000000000000000,-0.0140428847959770,0.0344063993195065,0.0486283389650808,2.3025858623373194,3.0017118710,723.473,1981.686,2.2473,-1.1010
1.0018393165974784,-0.0105592662100377,0.0000000000000000,-0.0140404383613580,0.0345917898260106,0.0487669803697836,2.2974115120848757,3.0017117998,723.482,1981.689,2.1174,-1.0938
1.0018109281094332,-0.0105026782358326,0.0000000000000000,-0.0140377182022206,0.0347781521387277,0.0489065853117820,2.2922371618324324,3.0017117784,723.485,1981.690,1.9915,-1.0876
1.0017828422005288,-0.0104460048575732,0.0000000000000000,-0.0140347253262961,0.0349655071165375,0.0490471747834736,2.2870628115799887,3.0017118064,723.481,1981.689,1.8696,-1.0825
1.0017550562393556,-0.0103892475490121,0.0000000000000000,-0.0140314607187527,0.0351538759372644,0.0491887700410096,2.2818884613275454,3.0017118835,723.471,1981.685,1.7518,-1.0788
1.0017275676384341,-0.0103324077548334,0.0000000000000000,-0.0140279253428343,0.0353432801078558,0.0493313926152075,2.2767141110751021,3.0017120093,723.455,1981.679,1.6381,-1.0764
1.0017003738530745,-0.0102754868914270,0.0000000000000000,-0.0140241201404359,0.0355337414748911,0.0494750643227682,2.2715397608226588,3.0017121834,723.432,1981.671,1.5287,-1.0755
1.0016734723802914,-0.0102184863476623,0.0000000000000000,-0.0140200460326068,0.0357252822353720,0.0496198072776238,2.2663654105702156,3.0017124053,723.403,1981.660,1.4237,-1.0763
1.0016468607577544,-0.0101614074856085,0.0000000000000000,-0.0140157039201868,0.0359179249477278,0.0497656439026356,2.2611910603177718,3.0017126749,723.368,1981.648,1.3230,-1.0790
1.0016205365627351,-0.0101042516412683,0.0000000000000000,-0.0140110946842574,0.0361116925431891,0.0499125969414430,2.2560167100653286,3.0017129916,723.326,1981.632,1.2269,-1.0837
1.0015944974111313,-0.0100470201252697,0.0000000000000000,-0.0140062191866974,0.0363066083374234,0.0500606894706304,2.2508423598128848,3.0017133551,723.279,1981.615,1.1355,-1.0905
1.0015687409564655,-0.0099897142235449,0.0000000000000000,-0.0140010782707277,0.0365026960424859,0.0502099449121776,2.2456680095604415,3.0017137652,723.225,1981.596,1.0489,-1.0997
1.0015432648889462,-0.0099323351979964,0.0000000000000000,-0.0139956727613159,0.0366999797791561,0.0503603870461794,2.2404936593079983,3.0017142214,723.166,1981.574,0.9671,-1.1114
1.0015180669345483,-0.0098748842871428,0.0000000000000000,-0.0139900034657922,0.0368984840895280,0.0505120400238716,2.2353193090555550,3.0017147235,723.100,1981.550,0.8904,-1.1258
1.0014931448540962,-0.0098173627067460,0.0000000000000000,-0.0139840711742156,0.0370982339500715,0.0506649283810219,2.2301449588031113,3.0017152712,723.029,1981.524,0.8187,-1.1429
1.0014684964424010,-0.0097597716504328,0.0000000000000000,-0.0139778766598925,0.0372992547849601,0.0508190770515891,2.2249706085506680,3.0017158641,722.952,1981.496,0.7522,-1.1631
1.0014441195273853,-0.0097021122902783,0.0000000000000000,-0.0139714206797871,0.0375015724800221,0.0509745113818943,2.2197962582982247,3.0017165019,722.868,1981.465,0.6910,-1.1862
1.0014200119692871,-0.0096443857774201,0.0000000000000000,-0.0139647039751170,0.0377052133965783,0.0511312571448785,2.2146219080457810,3.0017171845,722.779,1981.433,0.6349,-1.2124
1.0013961716598090,-0.0095865932426032,0.0000000000000000,-0.0139577272716246,0.0379102043864336,0.0512893405551161,2.2094475577933377,3.0017179113,722.684,1981.398,0.5840,-1.2416
1.0013725965213442,-0.0095287357967592,0.0000000000000000,-0.0139504912800897,0.0381165728067277,0.0514487882839557,2.2042732075408944,3.0017186823,722.584,1981.361,0.5382,-1.2739
1.0013492845062102,-0.0094708145315549,0.0000000000000000,-0.0139429966967801,0.0383243465355181,0.0516096274752028,2.1990988572884507,3.0017194971,722.477,1981.323,0.4973,-1.3090
1.0013262335958761,-0.0094128305199158,0.0000000000000000,-0.0139352442038011,0.0385335539878354,0.0517718857613160,2.1939245070360074,3.0017203555,722.365,1981.282,0.4612,-1.3469
1.0013034418002456,-0.0093547848165876,0.0000000000000000,-0.0139272344695406,0.0387442241321149,0.0519355912798631,2.1887501567835641,3.0017212572,722.247,1981.239,0.4295,-1.3874
1.0012809071569442,-0.0092966784586055,0.0000000000000000,-0.0139189681491947,0.0389563865072977,0.0521007726908142,2.1835758065311208,3.0017222020,722.124,1981.194,0.4022,-1.4302
1.0012586277306097,-0.0092385124658656,0.0000000000000000,-0.0139104458849944,0.0391700712403664,0.0522674591939195,2.1784014562786771,3.0017231896,721.995,1981.147,0.3788,-1.4751
1.0012366016121981,-0.0091802878415637,0.0000000000000000,-0.0139016683066565,0.0393853090646591,0.0524356805470881,2.1732271060262338,3.0017242199,721.860,1981.098,0.3591,-1.5219
1.0012148269183481,-0.0091220055727400,0.0000000000000000,-0.0138926360318725,0.0396021313384251,0.0526054670849240,2.1680527557737905,3.0017252924,721.720,1981.047,0.3429,-1.5704
1.0011933017907031,-0.0090636666307300,0.0000000000000000,-0.0138833496666017,0.0398205700643593,0.0527768497381536,2.1628784055213472,3.0017264072,721.574,1980.993,0.3297,-1.6201
1.0011720243952920,-0.0090052719716771,0.0000000000000000,-0.0138738098054763,0.0400406579095587,0.0529498600534376,2.1577040552689035,3.0017275638,721.423,1980.938,0.3194,-1.6710
1.0011509929219011,-0.0089468225369731,0.0000000000000000,-0.0138640170322485,0.0402624282262641,0.0531245302140643,2.1525297050164602,3.0017287622,721.266,1980.881,0.3116,-1.7227
1.0011302055834674,-0.0088883192537549,0.0000000000000000,-0.0138539719200619,0.0404859150732721,0.0533008930610820,2.1473553547640170,3.0017300021,721.104,1980.822,0.3062,-1.7751
1.0011096606154810,-0.0088297630353559,0.0000000000000000,-0.0138436750318949,0.0407111532380807,0.0534789821153056,2.1421810045115732,3.0017312834,720.936,1980.761,0.3029,-1.8279
1.0010893562754273,-0.0087711547817628,0.0000000000000000,-0.0138331269210268,0.0409381782597789,0.0536588316000173,2.1370066542591299,3.0017326057,720.763,1980.698,0.3015,-1.8810
1.0010692908421865,-0.0087124953800801,0.0000000000000000,-0.0138223281312143,0.0411670264528354,0.0538404764643823,2.1318323040066867,3.0017339691,720.584,1980.633,0.3017,-1.9342
1.0010494626155086,-0.0086537857049877,0.0000000000000000,-0.0138112791972728,0.0413977349315619,0.0540239524076933,2.1266579537542429,3.0017353731,720.400,1980.566,0.3035,-1.9874
1.0010298699154501,-0.0085950266191690,0.0000000000000000,-0.0137999806452666,0.0416303416356661,0.0542092959045831,2.1214836035017997,3.0017368178,720.211,1980.497,0.3067,-2.0404
1.0010105110818517,-0.0085362189737865,0.0000000000000000,-0.0137884329930525,0.0418648853564699,0.0543965442308950,2.1163092532493564,3.0017383029,720.017,1980.427,0.3110,-2.0932
1.0009913844738219,-0.0084773636089145,0.0000000000000000,-0.0137766367505341,0.0421014057642924,0.0545857354906426,2.1111349029969126,3.0017398283,719.817,1980.354,0.3165,-2.1456
1.0009724884692233,-0.0084184613539914,0.0000000000000000,-0.0137645924201170,0.0423399434366908,0.0547769086438717,2.1059605527444694,3.0017413937,719.611,1980.279,0.3230,-2.1975
1.0009538214641691,-0.0083595130282668,0.0000000000000000,-0.0137523004970188,0.0425805398878229,0.0549701035355323,2.1007862024920261,3.0017429991,719.401,1980.203,0.3303,-2.2489
1.0009353818725468,-0.0083005194412423,0.0000000000000000,-0.0137397614697407,0.0428232375988453,0.0551653609254438,2.0956118522395828,3.0017446443,719.185,1980.125,0.3385,-2.2997
1.0009171681255313,-0.0082414813931336,0.0000000000000000,-0.0137269758203608,0.0430680800494612,0.0553627225192655,2.0904375019871395,3.0017463292,718.964,1980.044,0.3473,-2.3498
1.0008991786711159,-0.0081823996753079,0.0000000000000000,-0.0137139440249686,0.0433151117506788,0.0555622310007460,2.0852631517346958,3.0017480536,718.737,1979.962,0.3569,-2.3993
1.0008814119736518,-0.0081232750707481,0.0000000000000000,-0.0137006665540409,0.0435643782787750,0.0557639300650732,2.0800888014822521,3.0017498173,718.506,1979.878,0.3669,-2.4480
1.0008638665134064,-0.0080641083545012,0.0000000000000000,-0.0136871438728785,0.0438159263105655,0.0559678644535658,2.0749144512298088,3.0017516204,718.269,1979.792,0.3776,-2.4959
1.0008465407861069,-0.0080049002941458,0.0000000000000000,-0.0136733764419285,0.0440698036600585,0.0561740799896163,2.0697401009773655,3.0017534625,718.027,1979.704,0.3887,-2.5431
1.0008294333025185,-0.0079456516502496,0.0000000000000000,-0.0136593647173146,0.0443260593164749,0.0563826236161082,2.0645657507249222,3.0017553437,717.780,1979.615,0.4002,-2.5893
1.0008125425880072,-0.0078863631768494,0.0000000000000000,-0.0136451091510950,0.0445847434838344,0.0565935434341670,2.0593914004724789,3.0017572638,717.527,1979.523,0.4121,-2.6348
1.0007958671821269,-0.0078270356219226,0.0000000000000000,-0.0136306101917698,0.0448459076220360,0.0568068887435374,2.0542170502200352,3.0017592226,717.269,1979.430,0.4243,-2.6794
1.0007794056382202,-0.0077676697278663,0.0000000000000000,-0.0136158682848158,0.0451096044895146,0.0570227100845217,2.0490426999675919,3.0017612202,717.007,1979.334,0.4369,-2.7231
1.0007631565229840,-0.0077082662320038,0.0000000000000000,-0.0136008838728686,0.0453758881878013,0.0572410592815105,2.0438683497151486,3.0017632563,716.739,1979.237,0.4497,-2.7659
1.0007471184161050,-0.0076488258670701,0.0000000000000000,-0.0135856573964206,0.0456448142076262,0.0574619894883930,2.0386939994627049,3.0017653309,716.465,1979.138,0.4628,-2.8077
1.0007312899098564,-0.0075893493617270,0.0000000000000000,-0.0135701892941919,0.0459164394770562,0.0576855552357082,2.0335196492102616,3.0017674440,716.187,1979.038,0.4761,-2.8487
1.0007156696087129,-0.0075298374410869,0.0000000000000000,-0.0135544800035938,0.0461908224115439,0.0579118124797296,2.0283452989578183,3.0017695953,715.903,1978.935,0.4896,-2.8888
1.0007002561289546,-0.0074702908272311,0.0000000000000000,-0.0135385299610010,0.0464680229661410,0.0581408186536172,2.0231709487053751,3.0017717849,715.615,1978.831,0.5033,-2.9280
1.0006850480983669,-0.0074107102398198,0.0000000000000000,-0.0135223396029473,0.0467481026893384,0.0583726327204289,2.0179965984529318,3.0017740126,715.321,1978.724,0.5172,-2.9662
1.0006700441557643,-0.0073510963965153,0.0000000000000000,-0.0135059093656622,0.0470311247803572,0.0586073152290558,2.0128222482004881,3.0017762784,715.022,1978.616,0.5312,-3.0035
1.0006552429507254,-0.0072914500136908,0.0000000000000000,-0.0134892396863752,0.0473171541473498,0.0588449283714919,2.0076478979480443,3.0017785823,714.718,1978.506,0.5453,-3.0399
1.0006406431431991,-0.0072317718069533,0.0000000000000000,-0.0134723310036051,0.0476062574691066,0.0590855360433211,2.0024735476956010,3.0017809241,714.409,1978.395,0.5596,-3.0754
1.0006262434031483,-0.0071720624917723,0.0000000000000000,-0.0134551837575690,0.0478985032590748,0.0593292039063832,1.9972991974431578,3.0017833038,714.094,1978.281,0.5739,-3.1100
1.0006120424102289,-0.0071123227840847,0.0000000000000000,-0.0134377983910996,0.0481939619320349,0.0595759994544054,1.9921248471907143,3.0017857213,713.775,1978.166,0.5884,-3.1437
1.0005980388534290,-0.0070525534009606,0.0000000000000000,-0.0134201753499913,0.0484927058738105,0.0598259920811874,1.9869504969382710,3.0017881766,713.450,1978.049,0.6029,-3.1764
1.0005842314307483,-0.0069927550612646,0.0000000000000000,-0.0134023150837801,0.0487948095139007,0.0600792531519646,1.9817761466858275,3.0017906696,713.120,1977.930,0.6174,-3.2083
1.0005706188488566,-0.0069329284863373,0.0000000000000000,-0.0133842180464035,0.0491003494013676,0.0603358560778735,1.9766017964333840,3.0017932003,712.785,1977.809,0.6321,-3.2393
1.0005571998227747,-0.0068730744007279,0.0000000000000000,-0.0133658846967958,0.0494094042840474,0.0605958763935792,1.9714274461809407,3.0017957687,712.445,1977.687,0.6467,-3.2694
1.0005439730755510,-0.0068131935329228,0.0000000000000000,-0.0133473154997840,0.0497220551912410,0.0608593918385623,1.9662530959284972,3.0017983747,712.100,1977.562,0.6615,-3.2986
1.0005309373379350,-0.0067532866161135,0.0000000000000000,-0.0133285109266791,0.0500383855202688,0.0611264824419726,1.9610787456760539,3.0018010184,711.749,1977.436,0.6762,-3.3269
1.0005180913480727,-0.0066933543890159,0.0000000000000000,-0.0133094714562241,0.0503584811266024,0.0613972306111683,1.9559043954236106,3.0018036995,711.394,1977.308,0.6910,-3.3543
1.0005054338511932,-0.0066333975966977,0.0000000000000000,-0.0132901975753256,0.0506824304184477,0.0616717212245024,1.9507300451711671,3.0018064183,711.033,1977.178,0.7057,-3.3809
1.0004929635992879,-0.0065734169914281,0.0000000000000000,-0.0132706897799901,0.0510103244554858,0.0619500417283728,1.9455556949187238,3.0018091745,710.667,1977.047,0.7205,-3.4067
1.0004806793508232,-0.0065134133336133,0.0000000000000000,-0.0132509485762618,0.0513422570520753,0.0622322822385091,1.9403813446662803,3.0018119683,710.296,1976.913,0.7353,-3.4316
1.0004685798704200,-0.0064533873927244,0.0000000000000000,-0.0132309744811054,0.0516783248854415,0.0625185356462281,1.9352069944138368,3.0018147996,709.920,1976.778,0.7501,-3.4556
1.0004566639285761,-0.0063933399483130,0.0000000000000000,-0.0132107680235899,0.0520186276086272,0.0628088977294423,1.9300326441613935,3.0018176684,709.538,1976.641,0.7648,-3.4788
1.0004449303013443,-0.0063332717910018,0.0000000000000000,-0.0131903297458604,0.0523632679691525,0.0631034672692376,1.9248582939089500,3.0018205747,709.152,1976.503,0.7796,-3.5012
1.0004333777700523,-0.0062731837236193,0.0000000000000000,-0.0131696602043076,0.0527123519328553,0.0634023461715336,1.9196839436565065,3.0018235185,708.760,1976.362,0.7943,-3.5228
1.0004220051210164,-0.0062130765623066,0.0000000000000000,-0.0131487599708988,0.0530659888139150,0.0637056395949500,1.9145095934040632,3.0018264999,708.363,1976.220,0.8091,-3.5435
1.0004108111452232,-0.0061529511377358,0.0000000000000000,-0.0131276296342161,0.0534242914109684,0.0640134560845461,1.9093352431516197,3.0018295187,707.960,1976.075,0.8237,-3.5635
1.0003997946380756,-0.0060928082963327,0.0000000000000000,-0.0131062698011549,0.0537873761499052,0.0643259077123453,1.9041608928991762,3.0018325752,707.553,1975.929,0.8384,-3.5827
1.0003889543990889,-0.0060326489016575,0.0000000000000000,-0.0130846810981223,0.0541553632335061,0.0646431102241737,1.8989865426467329,3.0018356692,707.140,1975.782,0.8530,-3.6010
1.0003782892315922,-0.0059724738356829,0.0000000000000000,-0.0130628641726844,0.0545283767984922,0.0649651831947277,1.8938121923942894,3.0018388008,706.722,1975.632,0.8676,-3.6186
1.0003677979424657,-0.0059122840003966,0.0000000000000000,-0.0130408196951405,0.0549065450800004,0.0652922501887530,1.8886378421418459,3.0018419701,706.299,1975.481,0.8821,-3.6355
1.0003574793418808,-0.0058520803192602,0.0000000000000000,-0.0130185483606818,0.0552900005845219,0.0656244389317334,1.8834634918894027,3.0018451770,705.870,1975.328,0.8966,-3.6515
1.0003473322429357,-0.0057918637388556,0.0000000000000000,-0.0129960508905763,0.0556788802716899,0.0659618814882645,1.8782891416369591,3.0018484217,705.436,1975.173,0.9111,-3.6669
1.0003373554614596,-0.0057316352305813,0.0000000000000000,-0.0129733280345637,0.0560733257441832,0.0663047144498110,1.8731147913845159,3.0018517041,704.997,1975.016,0.9254,-3.6814
1.0003275478156826,-0.0056713957924873,0.0000000000000000,-0.0129503805730605,0.0564734834490332,0.0666530791318863,1.8679404411320726,3.0018550243,704.552,1974.857,0.9398,-3.6952
1.0003179081259999,-0.0056111464512763,0.0000000000000000,-0.0129272093195217,0.0568795048862151,0.0670071217803446,1.8627660908796291,3.0018583824,704.103,1974.697,0.9541,-3.7083
1.0003084352146463,-0.0055508882642086,0.0000000000000000,-0.0129038151225588,0.0572915468312234,0.0673669937902158,1.8575917406271856,3.0018617785,703.647,1974.534,0.9683,-3.7207
1.0002991279054361,-0.0054906223213465,0.0000000000000000,-0.0128801988687427,0.0577097715668407,0.0677328519340478,1.8524173903747423,3.0018652125,703.186,1974.370,0.9824,-3.7324
1.0002899850234934,-0.0054303497478201,0.0000000000000000,-0.0128563614855632,0.0581343471273894,0.0681048586027821,1.8472430401222988,3.0018686847,702.720,1974.204,0.9965,-3.7433
1.0002810053949578,-0.0053700717062597,0.0000000000000000,-0.0128323039443488,0.0585654475560260,0.0684831820592098,1.8420686898698553,3.0018721949,702.249,1974.036,1.0105,-3.7536
1.0002721878467133,-0.0053097893993866,0.0000000000000000,-0.0128080272635657,0.0590032531750144,0.0688679967044343,1.8368943396174120,3.0018757435,701.772,1973.867,1.0245,-3.7631
1.0002635312061039,-0.0052495040727581,0.0000000000000000,-0.0127835325123475,0.0594479508703283,0.0692594833585103,1.8317199893649685,3.0018793303,701.289,1973.695,1.0384,-3.7720
1.0002550343006509,-0.0051892170176680,0.0000000000000000,-0.0127588208142570,0.0598997343913813,0.0696578295560636,1.8265456391125252,3.0018829556,700.801,1973.522,1.0522,-3.7802
1.0002466959577778,-0.0051289295743105,0.0000000000000000,-0.0127338933515784,0.0603588046659642,0.0700632298569781,1.8213712888600817,3.0018866194,700.308,1973.347,1.0659,-3.7877
1.0002385150045201,-0.0050686431350361,0.0000000000000000,-0.0127087513695575,0.0608253701329672,0.0704758861745635,1.8161969386076382,3.0018903218,699.809,1973.170,1.0796,-3.7945
1.0002304902672408,-0.0050083591479258,0.0000000000000000,-0.0126833961812998,0.0612996470915214,0.0708960081204752,1.8110225883551949,3.0018940629,699.304,1972.991,1.0932,-3.8007
1.0002226205713447,-0.0049480791205976,0.0000000000000000,-0.0126578291729082,0.0617818600699345,0.0713238133681622,1.8058482381027514,3.0018978430,698.794,1972.810,1.1067,-3.8063
1.0002149047409925,-0.0048878046241809,0.0000000000000000,-0.0126320518092811,0.0622722422136009,0.0717595280366101,1.8006738878503079,3.0019016620,698.278,1972.627,1.1201,-3.8112
1.0002073415988091,-0.0048275372976786,0.0000000000000000,-0.0126060656400682,0.0627710356941615,0.0722033870939101,1.7954995375978646,3.0019055201,697.756,1972.443,1.1335,-3.8155
1.0001999299655830,-0.0047672788525759,0.0000000000000000,-0.0125798723063857,0.0632784921404805,0.0726556347830512,1.7903251873454213,3.0019094175,697.229,1972.256,1.1467,-3.8191
1.0001926686599814,-0.0047070310777926,0.0000000000000000,-0.0125534735480406,0.0637948730928242,0.0731165250705919,1.7851508370929778,3.0019133543,696.696,1972.068,1.1599,-3.8221
1.0001855564982465,-0.0046467958449901,0.0000000000000000,-0.0125268712114832,0.0643204504815643,0.0735863221196568,1.7799764868405346,3.0019173307,696.157,1971.877,1.1730,-3.8245
1.0001785922938902,-0.0045865751142699,0.0000000000000000,-0.0125000672581437,0.0648555071316727,0.0740653007883842,1.7748021365880911,3.0019213469,695.612,1971.685,1.1859,-3.8263
1.0001717748573937,-0.0045263709402782,0.0000000000000000,-0.0124730637740330,0.0654003372942633,0.0745537471554967,1.7696277863356475,3.0019254029,695.062,1971.491,1.1988,-3.8275
1.0001651029958956,-0.0044661854787851,0.0000000000000000,-0.0124458629798847,0.0659552472067360,0.0750519590739950,1.7644534360832043,3.0019294990,694.506,1971.295,1.2117,-3.8281
1.0001585755128857,-0.0044060209937494,0.0000000000000000,-0.0124184672423841,0.0665205556827970,0.0755602467546604,1.7592790858307608,3.0019336354,693.943,1971.097,1.2244,-3.8282
1.0001521912078635,-0.0043458798649257,0.0000000000000000,-0.0123908790859442,0.0670965947342947,0.0760789333807826,1.7541047355783173,3.0019378123,693.375,1970.897,1.2370,-3.8276
1.0001459488760522,-0.0042857645960730,0.0000000000000000,-0.0123631012069345,0.0676837102249776,0.0766083557553784,1.7489303853258740,3.0019420299,692.801,1970.695,1.2495,-3.8265
1.0001398473080347,-0.0042256778237791,0.0000000000000000,-0.0123351364874395,0.0682822625600175,0.0771488649828340,1.7437560350734305,3.0019462885,692.220,1970.491,1.2619,-3.8248
1.0001338852894368,-0.0041656223270123,0.0000000000000000,-0.0123069880118849,0.0688926274102141,0.0777008271858677,1.7385816848209870,3.0019505881,691.634,1970.285,1.2742,-3.8225
1.0001280616005939,-0.0041056010374111,0.0000000000000000,-0.0122786590848556,0.0695151964739808,0.0782646242597856,1.7334073345685437,3.0019549292,691.041,1970.077,1.2864,-3.8197
1.0001223750161801,-0.0040456170504450,0.0000000000000000,-0.0122501532498900,0.0701503782778648,0.0788406546645139,1.7282329843161002,3.0019593119,690.443,1969.867,1.2986,-3.8163
1.0001168243048808,-0.0039856736374420,0.0000000000000000,-0.0122214743117313,0.0707985990168569,0.0794293342570262,1.7230586340636567,3.0019637366,689.838,1969.655,1.3106,-3.8124
1.0001114082290055,-0.0039257742586474,0.0000000000000000,-0.0121926263592679,0.0714603034355285,0.0800310971635621,1.7178842838112134,3.0019682034,689.226,1969.441,1.3225,-3.8079
1.0001061255441401,-0.0038659225773575,0.0000000000000000,-0.0121636137921013,0.0721359557510722,0.0806463966940165,1.7127099335587699,3.0019727128,688.609,1969.225,1.3343,-3.8030
1.0001009749987457,-0.0038061224752550,0.0000000000000000,-0.0121344413489058,0.0728260406186291,0.0812757062979771,1.7075355833063266,3.0019772649,687.985,1969.007,1.3459,-3.7974
1.0000959553337823,-0.0037463780690445,0.0000000000000000,-0.0121051141396436,0.0735310641390847,0.0819195205633358,1.7023612330538833,3.0019818603,687.354,1968.787,1.3575,-3.7914
1.0000910652823016,-0.0036866937285150,0.0000000000000000,-0.0120756376805203,0.0742515549094711,0.0825783562569047,1.6971868828014398,3.0019864991,686.717,1968.564,1.3690,-3.7849
1.0000863035690379,-0.0036270740962022,0.0000000000000000,-0.0120460179331421,0.0749880651141920,0.0832527534059400,1.6920125325489965,3.0019911818,686.073,1968.340,1.3803,-3.7778
1.0000816689099798,-0.0035675241087150,0.0000000000000000,-0.0120162613478210,0.0757411716569128,0.0839432764199385,1.6868381822965530,3.0019959087,685.422,1968.113,1.3915,-3.7703
1.0000771600119289,-0.0035080490200090,0.0000000000000000,-0.0119863749114321,0.0765114773289844,0.0846505152487366,1.6816638320441095,3.0020006804,684.765,1967.885,1.4026,-3.7623
1.0000727755720502,-0.0034486544266746,0.0000000000000000,-0.0119563662011554,0.0772996120119012,0.0853750865747447,1.6764894817916662,3.0020054971,684.101,1967.654,1.4136,-3.7537
1.0000685142773860,-0.0033893462955010,0.0000000000000000,-0.0119262434431727,0.0781062339083754,0.0861176350332145,1.6713151315392227,3.0020103593,683.430,1967.420,1.4244,-3.7447
1.0000643748043894,-0.0033301309935724,0.0000000000000000,-0.0118960155796942,0.0789320307939199,0.0868788344536045,1.6661407812867792,3.0020152676,682.752,1967.185,1.4351,-3.7352
1.0000603558183887,-0.0032710153209613,0.0000000000000000,-0.0118656923413180,0.0797777212831799,0.0876593891146917,1.6609664310343359,3.0020202224,682.067,1966.947,1.4457,-3.7253
1.0000564559730685,-0.0032120065465387,0.0000000000000000,-0.0118352843301253,0.0806440560944813,0.0884600349992088,1.6557920807818924,3.0020252242,681.374,1966.707,1.4562,-3.7148
1.0000526739099063,-0.0031531124468981,0.0000000000000000,-0.0118048031101856,0.0815318193034326,0.0892815410362736,1.6506177305294489,3.0020302737,680.675,1966.465,1.4665,-3.7040
1.0000490082575910,-0.0030943413488914,0.0000000000000000,-0.0117742613102572,0.0824418295625840,0.0901247103113466,1.6454433802770057,3.0020353715,679.968,1966.220,1.4766,-3.6926
1.0000454576313946,-0.0030357021760183,0.0000000000000000,-0.0117436727369537,0.0833749412666182,0.0909903812210831,1.6402690300245621,3.0020405181,679.253,1965.973,1.4867,-3.6808
1.0000420206325338,-0.0029772044989809,0.0000000000000000,-0.0117130525023561,0.0843320456339249,0.0918794285456626,1.6350946797721186,3.0020457143,678.531,1965.724,1.4965,-3.6686
1.0000386958474823,-0.0029188585907756,0.0000000000000000,-0.0116824171659057,0.0853140716700253,0.0927927644034154,1.6299203295196754,3.0020509608,677.801,1965.472,1.5063,-3.6559
1.0000354818472201,-0.0028606754867575,0.0000000000000000,-0.0116517848926205,0.0863219869688906,0.0937313390442006,1.6247459792672319,3.0020562583,677.063,1965.218,1.5158,-3.6427
1.0000323771864679,-0.0028026670498771,0.0000000000000000,-0.0116211756302121,0.0873567983032433,0.0946961414327442,1.6195716290147886,3.0020616078,676.317,1964.961,1.5252,-3.6292
1.0000293804028566,-0.0027448460416073,0.0000000000000000,-0.0115906113070225,0.0884195519388105,0.0956881995577766,1.6143972787623453,3.0020670099,675.562,1964.701,1.5345,-3.6152
1.0000264900160152,-0.0026872261988660,0.0000000000000000,-0.0115601160519611,0.0895113335989384,0.0967085803927290,1.6092229285099018,3.0020724658,674.800,1964.439,1.5435,-3.6008
1.0000237045266098,-0.0026298223171911,0.0000000000000000,-0.0115297164398261,0.0906332679907684,0.0977583894202695,1.6040485782574583,3.0020779763,674.029,1964.174,1.5524,-3.5860
1.0000210224153225,-0.0025726503404646,0.0000000000000000,-0.0114994417656940,0.0917865177861145,0.0988387696148246,1.5988742280050150,3.0020835426,673.249,1963.907,1.5611,-3.5708
1.0000184421416891,-0.0025157274573819,0.0000000000000000,-0.0114693243473369,0.0929722819323602,0.0999508997573433,1.5936998777525715,3.0020891658,672.460,1963.637,1.5696,-3.5552
1.0000159621428886,-0.0024590722046105,0.0000000000000000,-0.0114393998623716,0.0941917931476364,0.1010959919387933,1.5885255275001282,3.0020948470,671.663,1963.364,1.5779,-3.5392
1.0000135808324031,-0.0024027045765638,0.0000000000000000,-0.0114097077203913,0.0954463144290618,0.1022752880814311,1.5833511772476847,3.0021005877,670.855,1963.088,1.5860,-3.5227
1.0000112965985561,-0.0023466461413471,0.0000000000000000,-0.0113802914728616,0.0967371343788865,0.1034900552834073,1.5781768269952412,3.0021063891,670.039,1962.809,1.5938,-3.5060
1.0000091078029019,-0.0022909201621799,0.0000000000000000,-0.0113511992622693,0.0980655611244612,0.1047415797635061,1.5730024767427979,3.0021122528,669.213,1962.527,1.6015,-3.4888
1.0000070127784939,-0.0022355517230633,0.0000000000000000,-0.0113224843140164,0.0994329145809165,0.1060311591577161,1.5678281264903544,3.0021181803,668.376,1962.242,1.6089,-3.4712
1.0000050098279356,-0.0021805678570782,0.0000000000000000,-0.0112942054659036,0.1008405167777098,0.1073600928865103,1.5626537762379109,3.0021241735,667.529,1961.954,1.6160,-3.4533
1.0000030972213045,-0.0021259976747985,0.0000000000000000,-0.0112664277416264,0.1022896799451316,0.1087296702958027,1.5574794259854676,3.0021302340,666.672,1961.662,1.6229,-3.4350
1.0000012731938366,-0.0020718724896112,0.0000000000000000,-0.0112392229577165,0.1037816920412626,0.1101411562488362,1.5523050757330241,3.0021363638,665.804,1961.367,1.6295,-3.4163
0.9999995359434395,-0.0020182259356289,0.0000000000000000,-0.0112126703624963,0.1053177993888393,0.1115957738430381,1.5471307254805806,3.0021425651,664.924,1961.069,1.6358,-3.3973
0.9999978836279920,-0.0019650940726107,0.0000000000000000,-0.0111868572977726,0.1068991861023740,0.1130946839352736,1.5419563752281373,3.0021488399,664.033,1960.767,1.6418,-3.3780
0.9999963143624044,-0.0019125154710397,0.0000000000000000,-0.0111618798636267,0.1085269500154975,0.1146389611832239,1.5367820249756940,3.0021551907,663.130,1960.461,1.6474,-3.3583
0.9999948262155652,-0.0018605312687019,0.0000000000000000,-0.0111378435783342,0.1102020748817372,0.1162295663847488,1.5316076747232505,3.0021616198,662.214,1960.152,1.6527,-3.3383
0.9999934172070581,-0.0018091851887262,0.0000000000000000,-0.0111148639965849,0.1119253987237891,0.1178673149872468,1.5264333244708073,3.0021681300,661.286,1959.838,1.6577,-3.3179
0.9999920853038491,-0.0017585235070842,0.0000000000000000,-0.0110930672632883,0.1136975783643039,0.1195528418054042,1.5212589742183638,3.0021747239,660.344,1959.521,1.6622,-3.2973
0.9999908284168925,-0.0017085949563550,0.0000000000000000,-0.0110725905537507,0.1155190503808248,0.1212865621888604,1.5160846239659203,3.0021814044,659.389,1959.199,1.6663,-3.2763
0.9999896443979036,-0.0016594505511250,0.0000000000000000,-0.0110535823630938,0.1173899890158753,0.1230686301760500,1.5109102737134770,3.0021881745,658.419,1958.873,1.6700,-3.2550
0.9999885310363420,-0.0016111433202193,0.0000000000000000,-0.0110362025789192,0.1193102619228958,0.1248988945095824,1.5057359234610335,3.0021950371,657.435,1958.542,1.6733,-3.2334
0.9999874860568717,-0.0015637279314656,0.0000000000000000,-0.0110206222836819,0.1212793850410251,0.1267768538098775,1.5005615732085900,3.0022019954,656.436,1958.207,1.6760,-3.2116
0.9999865071175436,-0.0015172601966859,0.0000000000000000,-0.0110070232222744,0.1232964783569072,0.1287016126592463,1.4953872229561467,3.0022090525,655.420,1957.867,1.6782,-3.1895
0.9999855918089509,-0.0014717964486181,0.0000000000000000,-0.0109955968695473,0.1253602247726594,0.1306718408107066,1.4902128727037032,3.0022162114,654.389,1957.522,1.6799,-3.1670
0.9999847376547271,-0.0014273927873306,0.0000000000000000,-0.0109865430502637,0.1274688347274599,0.1326857381617831,1.4850385224512597,3.0022234752,653.340,1957.171,1.6810,-3.1444
0.9999839421137106,-0.0013841042019288,0.0000000000000000,-0.0109800680723757,0.1296200195299897,0.1347410084402627,1.4798641721988164,3.0022308468,652.275,1956.816,1.6816,-3.1215
0.9999832025841039,-0.0013419835835238,0.0000000000000000,-0.0109763823614736,0.1318109764781959,0.1368348446635946,1.4746898219463729,3.0022383289,651.191,1956.455,1.6815,-3.0983
0.9999825164099306,-0.0013010806569951,0.0000000000000000,-0.0109756976187538,0.1340383886837973,0.1389639292752468,1.4695154716939296,3.0022459239,650.090,1956.089,1.6808,-3.0749
0.9999818808899887,-0.0012614408708314,0.0000000000000000,-0.0109782235644585,0.1362984420291177,0.1411244513682845,1.4643411214414861,3.0022536340,648.970,1955.717,1.6794,-3.0513
0.9999812932893656,-0.0012231042950157,0.0000000000000000,-0.0109841643668985,0.1385868608213094,0.1433121425415143,1.4591667711890426,3.0022614608,647.830,1955.339,1.6773,-3.0274
0.9999807508534632,-0.0011861045844244,0.0000000000000000,-0.0109937149100145,0.1408989625168948,0.1455223317492428,1.4539924209365993,3.0022694057,646.672,1954.955,1.6746,-3.0034
0.9999802508242204,-0.0011504680682570,0.0000000000000000,-0.0110070570692987,0.1432297304541547,0.1477500180641803,1.4488180706841560,3.0022774694,645.494,1954.566,1.6712,-2.9791
0.9999797904580595,-0.0011162130231803,0.0000000000000000,-0.0110243561939208,0.1455739020029449,0.1499899587541290,1.4436437204317125,3.0022856523,644.297,1954.171,1.6671,-2.9546
0.9999793670449723,-0.0010833491784195,0.0000000000000000,-0.0110457580020115,0.1479260681460922,0.1522367686897367,1.4384693701792692,3.0022939540,643.080,1953.770,1.6623,-2.9300
0.9999789779278885,-0.0010518774863031,0.0000000000000000,-0.0110713860521339,0.1502807794182656,0.1544850260036877,1.4332950199268257,3.0023023737,641.843,1953.363,1.6568,-2.9051
0.9999786205215671,-0.0010217901726057,0.0000000000000000,-0.0111013399376592,0.1526326525327168,0.1567293783482508,1.4281206696743822,3.0023109101,640.587,1952.951,1.6507,-2.8800
0.9999782923301559,-0.0009930710602546,0.0000000000000000,-0.0111356942865702,0.1549764720271300,0.1589646440983806,1.4229463194219389,3.0023195612,639.311,1952.533,1.6440,-2.8547
0.9999779909627287,-0.0009656961404300,0.0000000000000000,-0.0111744985877579,0.1573072818212189,0.1611859034106475,1.4177719691694954,3.0023283248,638.016,1952.109,1.6366,-2.8293
0.9999777141461771,-0.0009396343488315,0.0000000000000000,-0.0112177778011364,0.1596204626370799,0.1633885751136614,1.4125976189170519,3.0023371981,636.702,1951.680,1.6287,-2.8036
0.9999774597351866,-0.0009148484940001,0.0000000000000000,-0.0112655336726436,0.1619117925968574,0.1655684767691948,1.4074232686646087,3.0023461780,635.370,1951.246,1.6202,-2.7777
0.9999772257190175,-0.0008912962800159,0.0000000000000000,-0.0113177466092006,0.1641774897673557,0.1677218666911190,1.4022489184121651,3.0023552613,634.019,1950.807,1.6111,-2.7516
0.9999770102252310,-0.0008689313666816,0.0000000000000000,-0.0113743779779980,0.1664142368208671,0.1698454681147489,1.3970745681597216,3.0023644445,632.651,1950.362,1.6016,-2.7253
0.9999768115205148,-0.0008477044163686,0.0000000000000000,-0.0114353726645072,0.1686191891187819,0.1719364768322284,1.3919002179072784,3.0023737239,631.265,1949.913,1.5917,-2.6987
0.9999766280089802,-0.0008275640856670,0.0000000000000000,-0.0115006617513517,0.1707899683642548,0.1739925544538496,1.3867258676548349,3.0023830959,629.863,1949.460,1.5813,-2.6720
0.9999764582282854,-0.0008084579307101,0.0000000000000000,-0.0115701651759925,0.1729246444654897,0.1760118099358017,1.3815515174023916,3.0023925568,628.444,1949.002,1.5706,-2.6449
