x0_n,y0_n,z0_n,xd0_n,yd0_n,zd0_n,Tp,JC,L2ExcessVelocity_mps
1.0204615558402901,0.0000000000000000,-0.0000000000058694,-0.0000000000000359,-0.0000002953849930,-0.0002889556251230,3.1893730280606909,3.0036091075,3.971
1.0204615558402901,0.0000000000000000,-0.0000000000058694,-0.0000000000000359,-0.0000002953849930,-0.0002889556251230,3.1893730280606909,3.0036091075,3.971
1.0204616203949455,-0.0000000000000000,0.0000000000090684,0.0000000000000403,-0.0000001644969587,-0.0002156338051524,3.1893682952002500,3.0036091445,2.963
1.0204616731318650,-0.0000000000000000,0.0000000000008308,0.0000000000000018,-0.0000000575709993,-0.0001275676560263,3.1893645015760375,3.0036091748,1.753
1.0204616998885510,-0.0000000000000000,-0.0000000595678126,-0.0000000000342474,-0.0000000033523233,-0.0000306681941365,3.1893627094861454,3.0036091901,0.421
1.0204616914715445,-0.0000000000000000,0.0000000354887517,-0.0000000000505689,-0.0000000204323684,0.0000759294878852,3.1893629832498696,3.0036091853,1.043
1.0204616364115919,-0.0000000000000000,-0.0000000000025313,0.0000000000000112,-0.0000001320225643,0.0001931800241008,3.1893661526847423,3.0036091537,2.655
1.0204615205239260,-0.0000000000000000,-0.0000000000035178,0.0000000000000237,-0.0000003669913736,0.0003220804319832,3.1893755650472895,3.0036090873,4.426
1.0204613262815876,-0.0000000000000000,0.0000000000024181,-0.0000000000000222,-0.0000007608381426,0.0004637454506966,3.1893911279897926,3.0036089760,6.373
1.0204610322135952,-0.0000000000000000,-0.0000000000006275,0.0000000000000070,-0.0000013571144186,0.0006193517635484,3.1894146360301763,3.0036088074,8.512
1.0204606121543451,-0.0000000000000000,0.0000000000002032,-0.0000000000000034,-0.0000022089077371,0.0007901538991427,3.1894481305017068,3.0036085667,10.859
1.0204600344401586,-0.0000000000000000,-0.0000000000017158,0.0000000000000341,-0.0000033804829401,0.0009774705393155,3.1894942018802399,3.0036082356,13.433
1.0204592610173084,-0.0000000000000000,-0.0000000000003277,0.0000000000000089,-0.0000049491089741,0.0011826774114667,3.1895558886014572,3.0036077923,16.253
1.0204582465294094,-0.0000000000000000,0.0000000000008564,-0.0000000000000233,-0.0000070069377289,0.0014071870352013,3.1896368164583935,3.0036072109,19.339
1.0204569374164743,-0.0000000000000000,0.0000000000002750,-0.0000000000000093,-0.0000096628723604,0.0016524233890591,3.1897412731382704,3.0036064606,22.709
1.0204552710990469,-0.0000000000000000,0.0000000000008125,-0.0000000000000315,-0.0000130442820947,0.0019197889966730,3.1898742769944688,3.0036055056,26.383
1.0204531753385426,-0.0000000000000000,0.0000000000000998,-0.0000000000000038,-0.0000172983844053,0.0022106244770134,3.1900416334331987,3.0036043045,30.379
1.0204505678670159,-0.0000000000000000,-0.0000000000005584,0.0000000000000291,-0.0000225931130441,0.0025261632127206,3.1902499570963023,3.0036028101,34.715
1.0204473564795251,-0.0000000000000000,-0.0000000000001460,0.0000000000000098,-0.0000291170872524,0.0028674740035966,3.1905067382494985,3.0036009696,39.405
1.0204434394392334,-0.0000000000000000,0.0000000000000464,-0.0000000000000024,-0.0000370789937777,0.0032354233533341,3.1908202097001972,3.0035987246,44.461
1.0204387066500886,-0.0000000000000000,-0.0000000000002811,0.0000000000000226,-0.0000467054631917,0.0036306168273392,3.1911993921750401,3.0035960121,49.891
1.0204330410312015,-0.0000000000000000,-0.0000000000000762,0.0000000000000079,-0.0000582385931490,0.0040533815101549,3.1916538983387981,3.0035927650,55.699
1.0204263205287634,0.0000000000000000,0.0000000000000354,-0.0000000000000027,-0.0000719322316367,0.0045037416861762,3.1921938786798951,3.0035889132,61.886
1.0204184200275874,-0.0000000000000000,-0.0000000000001262,0.0000000000000135,-0.0000880485173427,0.0049814374106613,3.1928298424500534,3.0035843850,68.448
1.0204092133505593,-0.0000000000000000,0.0000000000000523,-0.0000000000000060,-0.0001068542884589,0.0054859510929752,3.1935725759586608,3.0035791081,75.377
1.0203985745444386,-0.0000000000000000,-0.0000000000002596,0.0000000000000326,-0.0001286189901643,0.0060165731717446,3.1944330167801276,3.0035730103,82.665
1.0203863787868186,-0.0000000000000000,-0.0000000000003667,0.0000000000000492,-0.0001536134003773,0.0065724662013753,3.1954222504051311,3.0035660200,90.298
1.0203725025778312,-0.0000000000000000,-0.0000000000000410,0.0000000000000119,-0.0001821098679279,0.0071527361521573,3.1965515569349439,3.0035580662,98.265
1.0203568228451196,-0.0000000000000000,-0.0000000000000675,0.0000000000000096,-0.0002143848469821,0.0077565159918445,3.1978324735265815,3.0035490783,106.553
1.0203392160348144,-0.0000000000000000,-0.0000000000000114,0.0000000000000017,-0.0002507215561114,0.0083830139681753,3.1992769835437112,3.0035389852,115.151
1.0203195561649367,-0.0000000000000000,0.0000000000000757,-0.0000000000000160,-0.0002914149021696,0.0090315725009617,3.2008976770971937,3.0035277147,124.050
1.0202977133004016,-0.0000000000000000,0.0000000000001166,-0.0000000000000241,-0.0003367757083159,0.0097016873256862,3.2027079958318012,3.0035151918,133.242
1.0202735516461219,-0.0000000000000000,-0.0000000000000521,0.0000000000000137,-0.0003871359442504,0.0103930253500864,3.2047224571458113,3.0035013383,142.724
1.0202469276830775,-0.0000000000000000,0.0000000000001448,-0.0000000000000356,-0.0004428541380326,0.0111054303873818,3.2069568891268152,3.0034860714,152.491
1.0202176890845374,-0.0000000000000000,-0.0000000000000956,0.0000000000000247,-0.0005043194743397,0.0118389036998280,3.2094286901133637,3.0034693030,162.544
1.0201856732339571,-0.0000000000000000,0.0000000000000811,-0.0000000000000204,-0.0005719570909500,0.0125935968034217,3.2121570538914574,3.0034509390,172.884
1.0201507066729605,-0.0000000000000000,-0.0000000000000484,0.0000000000000123,-0.0006462318475203,0.0133697837305371,3.2151632267926478,3.0034308786,183.515
1.0201126044434330,-0.0000000000000000,0.0000000000000484,-0.0000000000000157,-0.0007276527967808,0.0141678421759404,3.2184707626511155,3.0034090141,194.441
1.0200711697964768,-0.0000000000000000,-0.0000000000000441,0.0000000000000132,-0.0008167774388582,0.0149882319525941,3.2221057749320843,3.0033852307,205.668
1.0200261948360954,-0.0000000000000000,0.0000000000000785,-0.0000000000000242,-0.0009142145949534,0.0158314620021894,3.2260972107142574,3.0033594063,217.202
1.0199774606049226,-0.0000000000000000,0.0000000000000979,-0.0000000000000362,-0.0010206291802987,0.0166980766005522,3.2304771457128330,3.0033314118,229.050
1.0199247382136536,-0.0000000000000000,0.0000000000000225,-0.0000000000000088,-0.0011367455277124,0.0175886287159240,3.2352811232803229,3.0033011113,241.219
1.0198677902511217,0.0000000000000000,0.0000000000000182,-0.0000000000000070,-0.0012633509724173,0.0185036573713836,3.2405484584480488,3.0032683626,253.716
1.0198063725932038,-0.0000000000000000,-0.0000000000000349,0.0000000000000255,-0.0014012995401536,0.0194436667961963,3.2463226591175425,3.0032330181,266.547
1.0197402370728312,-0.0000000000000000,-0.0000000000000245,0.0000000000000274,-0.0015515147840635,0.0204091009923921,3.2526517696822212,3.0031949257,279.718
1.0196691370050572,-0.0000000000000000,0.0000000000000395,-0.0000000000000185,-0.0017149871744242,0.0214002887327515,3.2595885911944809,3.0031539311,293.231
1.0195928173423814,-0.0000000000000000,0.0000000000000181,-0.0000000000000051,-0.0018928083387247,0.0224176064737295,3.2671925083835274,3.0031098721,307.093
1.0195110409170374,-0.0000000000000000,-0.0000000000000117,0.0000000000000053,-0.0020861234523095,0.0234611533569325,3.2755278624431652,3.0030625924,321.303
1.0194235778624805,-0.0000000000000000,-0.0000000000000197,0.0000000000000125,-0.0022961695800511,0.0245309501195604,3.2846660904453007,3.0030119344,335.862
1.0193302156821991,-0.0000000000000000,-0.0000000000000066,0.0000000000000007,-0.0025242679791137,0.0256268589241622,3.2946859757928344,3.0029577438,350.768
1.0192307658174586,-0.0000000000000000,-0.0000000000000032,0.0000000000000262,-0.0027718255941023,0.0267485651404168,3.3056743503216675,3.0028998717,366.017
1.0191250723146916,-0.0000000000000000,-0.0000000000000038,0.0000000000000896,-0.0030403324055975,0.0278955462499685,3.3177267738588352,3.0028381778,381.603
1.0190130120401029,-0.0000000000000000,-0.0000000000000016,-0.0000000000000052,-0.0033313815274479,0.0290671398791345,3.3309492901533018,3.0027725281,397.517
1.0188945227938266,-0.0000000000000000,0.0000000000000131,-0.0000000000000163,-0.0036466178109150,0.0302623268631819,3.3454571876862955,3.0027028085,413.748
1.0187695898654985,-0.0000000000000000,0.0000000000000154,-0.0000000000000258,-0.0039877937343143,0.0314799616967801,3.3613786603005140,3.0026289135,430.284
1.0186382688436819,-0.0000000000000000,-0.0000000000000146,0.0000000000000334,-0.0043567311140148,0.0327186275681638,3.3788545024658871,3.0025507561,447.108
1.0185006922566089,-0.0000000000000000,-0.0000000000000114,0.0000000000000665,-0.0047553229080438,0.0339766690268817,3.3980397761955534,3.0024682668,464.204
1.0183570790607013,-0.0000000000000000,-0.0000000000000383,0.0000000000000516,-0.0051855251651629,0.0352521987047211,3.4191053196724601,3.0023813945,481.553
1.0182077506222282,-0.0000000000000000,-0.0000000000000180,0.0000000000000018,-0.0056493243946031,0.0365430519278973,3.4422383808215158,3.0022901099,499.133
1.0180531286069781,-0.0000000000000000,0.0000000000000050,-0.0000000000000254,-0.0061487533454720,0.0378469024143030,3.4676459488734821,3.0021943977,516.924
1.0178937495523428,-0.0000000000000000,0.0000000000000499,-0.0000000000000772,-0.0066858489555080,0.0391612291474827,3.4955557773291654,3.0020942579,534.906
1.0177300372975893,-0.0000000000000000,0.0000000000000104,0.0000000000000298,-0.0072634681647595,0.0404852324567929,3.5262639817215966,3.0019895505,553.082
1.0175633326756033,-0.0000000000000000,-0.0000000000000295,0.0000000000000624,-0.0078815722919549,0.0418116517930576,3.5599403315868750,3.0018806495,571.374
1.0173942178489079,-0.0000000000000000,-0.0000000000000277,0.0000000000000492,-0.0085431277474418,0.0431403596410750,3.5969477870061257,3.0017673592,589.801
1.0172237192221483,-0.0000000000000000,-0.0000000000000219,0.0000000000000435,-0.0092498409336195,0.0444686981970162,3.6376232082063904,3.0016496695,608.353
1.0170529919034119,-0.0000000000000000,0.0000000000000305,-0.0000000000000268,-0.0100031456333598,0.0457941467650524,3.6823364086337285,3.0015275447,627.024
1.0168833026603668,-0.0000000000000001,0.0000000000000392,0.0000000000000347,-0.0108041330612000,0.0471145485514947,3.7314952715500871,3.0014008998,645.816
1.0167160082561173,-0.0000000000000000,0.0000000000000408,0.0000000000000059,-0.0116534619419268,0.0484283813552468,3.7855518095581346,3.0012695708,664.742
1.0165525291881403,-0.0000000000000001,0.0000000000000290,-0.0000000000000362,-0.0125512350971871,0.0497350850372330,3.8450088638536530,3.0011332791,683.830
1.0163943192916027,-0.0000000000000001,0.0000000000000170,-0.0000000000000251,-0.0134968126203242,0.0510354550249600,3.9104259038280231,3.0009915894,703.125
1.0162428337058165,-0.0000000000000001,0.0000000000000102,0.0000000000000067,-0.0144884868061164,0.0523320824507769,3.9824185429017476,3.0008438655,722.693
1.0160994922279023,-0.0000000000000000,-0.0000000000001123,0.0000000000001642,-0.0155229103965427,0.0536298211454054,4.0616412153786650,3.0006892309,742.624
1.0159655435409090,-0.0000000000000001,0.0000000000001388,-0.0000000000002024,-0.0165948354130839,0.0549370762269473,4.1487924024303116,3.0005264426,763.044
1.0158418764979280,-0.0000000000000000,0.0000000000002192,-0.0000000000003309,-0.0176969273824737,0.0562676560431317,4.2446319175190457,3.0003536925,784.132
1.0157289323383469,-0.0000000000000001,0.0000000000002304,-0.0000000000003532,-0.0188179127013533,0.0576413133106788,4.3498484869254241,3.0001685851,806.117
