x0,y0,z0,xd0,yd0,zd0,Tp,JC,stabilityIndex1,stabilityIndex2,alpha,beta,impactFlag,error
1.0196444254187695,0.0,0.0000000000001696,0.0000000000000000,-0.0039303920957419,-0.0000000000000000,8.6811640744471923,3.0044747830327818,2.000024,-1.537701,-0.4623232857130,-1.0754401895556,0,1.3e-12
1.0196442348252317,0.0,0.0001014678505353,0.0000000000000000,-0.0039299439270936,0.0000000000000079,8.6812640744471938,3.0044747452942322,2.005295,-1.538878,-0.4664170311066,-1.0859031600072,0,9.1e-12
1.0196438544550044,0.0,0.0001682346909622,0.0000000000000000,-0.0039291665779893,-0.0000000000000028,8.6813640744471936,3.0044746798935384,2.014549,-1.540726,-0.4738227080921,-1.1038672787308,0,1.1e-11
1.0196434740752756,0.0,0.0002151964670193,0.0000000000000000,-0.0039283892025266,0.0000000000000038,8.6814640744471934,3.0044746144944003,2.023794,-1.542564,-0.4812299836083,-1.1218317678222,0,3.4e-12
1.0196430936837606,0.0,0.0002536052805967,0.0000000000000000,-0.0039276117968850,-0.0000000000000349,8.6815640744471931,3.0044745490964968,2.033031,-1.544392,-0.4886390982075,-1.1397971559105,0,5.5e-12
1.0196427132816539,0.0,0.0002869167697892,0.0000000000000000,-0.0039268343626119,0.0000000000000079,8.6816640744471929,3.0044744836999508,2.042260,-1.546210,-0.4960499054880,-1.1577631125710,0,1.3e-12
1.0196423328678414,0.0,0.0003167432930292,0.0000000000000000,-0.0039260568979542,0.0000000000000059,8.6817640744471927,3.0044744183047447,2.051481,-1.548018,-0.5034623440308,-1.1757295057765,0,5.1e-12
1.0196419524432927,0.0,0.0003439925692119,0.0000000000000000,-0.0039252794050151,0.0000000000000017,8.6818640744471924,3.0044743529108189,2.060693,-1.549817,-0.5108765660075,-1.1936966780371,0,1.1e-12
1.0196415720081140,0.0,0.0003692355788906,0.0000000000000000,-0.0039245018835896,-0.0000000000000054,8.6819640744471922,3.0044742875183541,2.069898,-1.551605,-0.5182924922372,-1.2116644546021,0,3.3e-12
1.0196411915617478,0.0,0.0003928592940995,0.0000000000000000,-0.0039237243327395,0.0000000000000094,8.6820640744471937,3.0044742221272096,2.079094,-1.553384,-0.5257101147529,-1.2296328122647,0,4.2e-12
1.0196408111042818,0.0,0.0004151402400052,0.0000000000000000,-0.0039229467523845,0.0000000000000084,8.6821640744471935,3.0044741567374094,2.088283,-1.555154,-0.5331294937297,-1.2476018868147,0,3.0e-12
1.0196404306359734,0.0,0.0004362841862997,0.0000000000000000,-0.0039221691433522,-0.0000000000000138,8.6822640744471933,3.0044740913489569,2.097464,-1.556914,-0.5405504405319,-1.2655712426027,0,1.6e-11
1.0196400501573548,0.0,0.0004564491575285,0.0000000000000000,-0.0039213915062696,-0.0000000000000207,8.6823640744471930,3.0044740259618750,2.106638,-1.558665,-0.5479731801479,-1.2835414063713,0,2.4e-11
1.0196396696661163,0.0,0.0004757596798330,0.0000000000000000,-0.0039206138373647,-0.0000000000000690,8.6824640744471928,3.0044739605761088,2.115804,-1.560406,-0.5553977034106,-1.3015123573052,0,9.1e-12
1.0196392891639270,0.0,0.0004943158845511,0.0000000000000000,-0.0039198361396383,-0.0000000000000634,8.6825640744471926,3.0044738951916798,2.124962,-1.562138,-0.5628239482646,-1.3194839537687,0,3.5e-12
1.0196389086519015,0.0,0.0005121997393386,0.0000000000000000,-0.0039190584140239,0.0000000000000146,8.6826640744471923,3.0044738298086626,2.134113,-1.563861,-0.5702518736134,-1.3374560817524,0,3.0e-12
1.0196385281284104,0.0,0.0005294794038866,0.0000000000000000,-0.0039182806587957,-0.0000000000000200,8.6827640744471921,3.0044737644269706,2.143256,-1.565575,-0.5776814179464,-1.3554286231140,0,5.5e-12
1.0196381475940466,0.0,0.0005462122148009,0.0000000000000000,-0.0039175028746554,-0.0000000000000202,8.6828640744471937,3.0044736990466281,2.152393,-1.567280,-0.5851127400128,-1.3734019305531,0,8.0e-12
1.0196377670482797,0.0,0.0005624469787577,0.0000000000000000,-0.0039167250603377,0.0000000000000280,8.6829640744471934,3.0044736336676601,2.161522,-1.568976,-0.5925458257562,-1.3913759775876,0,8.8e-12
1.0196373864919224,0.0,0.0005782256485327,0.0000000000000000,-0.0039159472176043,-0.0000000000000033,8.6830640744471932,3.0044735682900425,2.170644,-1.570663,-0.5999805418420,-1.4093504554684,0,1.2e-11
1.0196370059243731,0.0,0.0005935845994012,-0.0000000000000285,-0.0039151693453027,-0.0000000000000190,8.6831640744471930,3.0044735029137777,2.179759,-1.572342,-0.6074170047651,-1.4273256294040,0,8.0e-12
1.0196331996463039,0.0,0.0007295831719569,0.0000000000000276,-0.0039073890136069,0.0000000000000015,8.6841640744471924,3.0044728492260226,2.270537,-1.588661,-0.6818760278999,-1.6071119142185,0,1.2e-13
1.0196293922714597,0.0,0.0008439123129685,0.0000000000001113,-0.0038996057444661,0.0000000000000303,8.6851640744471919,3.0044721956748983,2.360685,-1.604179,-0.7565063066041,-1.7869602358255,0,3.3e-12
1.0196255838026809,0.0,0.0009444742545772,-0.0000000000000478,-0.0038918195282532,-0.0000000000000090,8.6861640744471931,3.0044715422611539,2.450264,-1.618956,-0.8313080642080,-1.9668711743409,0,7.0e-12
1.0196217742422187,0.0,0.0010352884941430,-0.0000000000003329,-0.0038840303541652,-0.0000000000001268,8.6871640744471925,3.0044708889855340,2.539329,-1.633048,-0.9062813597433,-2.1468449404929,0,4.3e-12
1.0196179635929561,0.0,0.0011187312978553,0.0000000000002046,-0.0038762382130311,0.0000000000000793,8.6881640744471920,3.0044702358487809,2.627926,-1.646500,-0.9814260679294,-2.3268813507790,0,1.6e-11
1.0196141518561157,0.0,0.0011963460067179,-0.0000000000005590,-0.0038684430921588,-0.0000000000002164,8.6891640744471932,3.0044695828516077,2.716100,-1.659358,-1.0567426555975,-2.5069815899836,0,1.9e-11
1.0196103390356654,0.0,0.0012692021866458,-0.0000000000001472,-0.0038606449849673,-0.0000000000000789,8.6901640744471926,3.0044689299947569,2.803889,-1.671658,-1.1322306586594,-2.6871446938911,0,2.8e-12
1.0196065251326694,0.0,0.0013380772732403,-0.0000000000003209,-0.0038528438787748,-0.0000000000001086,8.6911640744471921,3.0044682772789164,2.891328,-1.683438,-1.2078904364402,-2.8673716220936,0,1.7e-12
1.0196027101503176,0.0,0.0014035573913816,-0.0000000000000055,-0.0038450397657120,-0.0000000000000164,8.6921640744471933,3.0044676247047795,2.978450,-1.694728,-1.2837219140331,-3.0476623399518,0,4.6e-13
1.0195988940908607,0.0,0.0014660974228868,-0.0000000000002720,-0.0038372326357719,-0.0000000000001395,8.6931640744471927,3.0044669722731094,3.065283,-1.705558,-1.3597252211992,-3.2280172872560,0,3.4e-12
1.0195950769567250,0.0,0.0015260588122441,-0.0000000000003308,-0.0038294224796847,-0.0000000000001546,8.6941640744471922,3.0044663199845583,3.151854,-1.715954,-1.4359004137832,-3.4084367456339,0,1.3e-12
1.0195912587505267,0.0,0.0015837344085980,-0.0000000000000422,-0.0038216092887616,-0.0000000000000244,8.6951640744471934,3.0044656678398161,3.238188,-1.725941,-1.5122473546508,-3.5889205804501,0,2.2e-12
1.0195874394748967,0.0,0.0016393654210129,0.0000000000000616,-0.0038137930543554,0.0000000000000272,8.6961640744471929,3.0044650158395569,3.324307,-1.735541,-1.5887662264582,-3.7694693670913,0,1.1e-11
1.0195836191321721,0.0,0.0016931533343421,0.0000000000001937,-0.0038059737673796,0.0000000000001469,8.6971640744471923,3.0044643639844582,3.410231,-1.744774,-1.6654569846532,-3.9500832130160,0,1.1e-11
1.0195797977246213,0.0,0.0017452685081844,0.0000000000000774,-0.0037981514188800,0.0000000000000452,8.6981640744471918,3.0044637122751823,3.495980,-1.753661,-1.7423197307441,-4.1307625286762,0,2.6e-12
1.0195759752552309,0.0,0.0017958565178440,-0.0000000000001668,-0.0037903260012970,-0.0000000000000943,8.6991640744471930,3.0044630607123963,3.581572,-1.762217,-1.8193544303026,-4.3115074347048,0,6.2e-12
1.0195721517267806,0.0,0.0018450429295030,-0.0000000000001635,-0.0037824975069772,-0.0000000000001030,8.7001640744471924,3.0044624092967527,3.667022,-1.770461,-1.8965610333060,-4.4923180517008,0,1.1e-11
1.0195683271413147,0.0,0.0018929369526389,-0.0000000000001240,-0.0037746659267642,-0.0000000000000856,8.7011640744471919,3.0044617580288939,3.752346,-1.778406,-1.9739399004512,-4.6731953913668,0,5.4e-12
1.0195645015014387,0.0,0.0019396342746184,-0.0000000000004481,-0.0037668312529309,-0.0000000000003033,8.7021640744471931,3.0044611069094551,3.837558,-1.786068,-2.0514906588174,-4.8541388752648,0,1.4e-11
1.0195606748106969,0.0,0.0019852192921548,-0.0000000000000224,-0.0037589934795958,-0.0000000000000047,8.7031640744471925,3.0044604559390997,3.922672,-1.793458,-2.1292134838110,-5.0351491104640,0,1.6e-12
1.0195568470708849,0.0,0.0020297669025041,-0.0000000000000689,-0.0037511525976812,-0.0000000000000503,8.7041640744471920,3.0044598051184224,4.007699,-1.800591,-2.2071083796837,-5.2162263734163,0,5.3e-12
1.0195530182847703,0.0,0.0020733439268345,-0.0000000000002197,-0.0037433086000256,-0.0000000000001488,8.7051640744471932,3.0044591544480648,4.092652,-1.807476,-2.2851753420661,-5.3973709047568,0,3.5e-12
1.0195491884554266,0.0,0.0021160102839911,0.0000000000004120,-0.0037354614803568,0.0000000000003235,8.7061640744471926,3.0044585039286398,4.177540,-1.814126,-2.3634144338856,-5.5785831071945,0,1.7e-11
1.0195453575851428,0.0,0.0021578199499166,0.0000000000003674,-0.0037276112308768,0.0000000000002395,8.7071640744471921,3.0044578535607536,4.262375,-1.820549,-2.4418255486851,-5.7598630434989,0,1.9e-12
1.0195415256769504,0.0,0.0021988217490825,0.0000000000000765,-0.0037197578453797,0.0000000000000507,8.7081640744471933,3.0044572033450185,4.347165,-1.826756,-2.5204089005251,-5.9412114395109,0,2.4e-12
1.0195376927334572,0.0,0.0022390600202946,-0.0000000000001003,-0.0037119013170342,-0.0000000000000817,8.7091640744471928,3.0044565532820302,4.431920,-1.832756,-2.5991643432916,-6.1226282800280,0,6.6e-12
1.0195338587570608,0.0,0.0022785751729520,-0.0000000000006385,-0.0037040416386255,-0.0000000000005156,8.7101640744471922,3.0044559033723761,4.516648,-1.838557,-2.6780918944784,-6.3041139071425,0,1.3e-11
1.0195300237515019,0.0,0.0023174041546908,0.0000000000000411,-0.0036961788057999,0.0000000000000193,8.7111640744471934,3.0044552536166580,4.601358,-1.844166,-2.7571915293810,-6.4856685536572,0,4.0e-13
1.0195261877186328,0.0,0.0023555808598772,-0.0000000000000450,-0.0036883128105666,-0.0000000000000287,8.7121640744471929,3.0044546040154385,4.686056,-1.849592,-2.8364632312979,-6.6672925181834,0,3.6e-12
1.0195223506614346,0.0,0.0023931364648357,-0.0000000000001861,-0.0036804436472398,-0.0000000000001375,8.7131640744471923,3.0044539545693052,4.770749,-1.854842,-2.9159071491973,-6.8489864441847,0,1.0e-11
1.0195185125833197,0.0,0.0024300997258518,0.0000000000001551,-0.0036725713111926,0.0000000000001232,8.7141640744471918,3.0044533052788389,4.855445,-1.859922,-2.9955230920014,-7.0307502296858,0,2.5e-12
1.0195146734863263,0.0,0.0024664972381433,-0.0000000000000691,-0.0036646957951585,-0.0000000000000517,8.7151640744471930,3.0044526561445801,4.940150,-1.864839,-3.0753110934950,-7.2125843108373,0,1.1e-11
1.0195108333740652,0.0,0.0025023536492104,-0.0000000000000248,-0.0036568170950819,-0.0000000000000247,8.7161640744471924,3.0044520071671164,5.024870,-1.869599,-3.1552711456150,-7.3944889937821,0,4.1e-12
1.0195069922489470,0.0,0.0025376918607771,0.0000000000003027,-0.0036489352047260,0.0000000000002281,8.7171640744471919,3.0044513583469810,5.109610,-1.874207,-3.2354033131093,-7.5764647781245,0,1.1e-12
1.0195031501136063,0.0,0.0025725331922454,-0.0000000000003557,-0.0036410501182819,-0.0000000000002905,8.7181640744471931,3.0044507096847268,5.194376,-1.878669,-3.3157074920434,-7.7585117982807,0,6.3e-12
1.0194993069717326,0.0,0.0026068975295122,0.0000000000001671,-0.0036331618322948,0.0000000000001375,8.7191640744471925,3.0044500611809086,5.279174,-1.882990,-3.3961837251486,-7.9406305064838,0,5.3e-12
1.0194954628253938,0.0,0.0026408034604542,-0.0000000000000724,-0.0036252703399906,0.0000000000001649,8.7201640744471920,3.0044494128360588,5.364007,-1.887175,-3.4768319898619,-8.1228212277637,0,9.6e-12
1.0194916176782045,0.0,0.0026742683864618,-0.0000000000000360,-0.0036173756382857,-0.0000000000000155,8.7211640744471932,3.0044487646507005,5.448881,-1.891229,-3.5576521144933,-8.3050839756437,0,4.5e-12
1.0194877715326878,0.0,0.0027073086278867,-0.0000000000004338,-0.0036094777213291,-0.0000000000003826,8.7221640744471927,3.0044481166253774,5.533801,-1.895157,-3.6386441994754,-8.4874193473630,0,6.8e-12
1.0194839243921034,0.0,0.0027399395148569,0.0000000000000536,-0.0036015765853503,0.0000000000000472,8.7231640744471921,3.0044474687606142,5.618770,-1.898962,-3.7198082902525,-8.6698278326220,0,1.1e-11
1.0194800762595211,0.0,0.0027721754706656,0.0000000000000602,-0.0035936722261675,0.0000000000000608,8.7241640744471933,3.0044468210569195,5.703792,-1.902648,-3.8011440589759,-8.8523091268341,0,4.3e-12
1.0194762271374715,0.0,0.0028040300846547,0.0000000000000620,-0.0035857646385667,0.0000000000000645,8.7251640744471928,3.0044461735148116,5.788872,-1.906220,-3.8826518322911,-9.0348643316502,0,6.8e-12
1.0194723770292655,0.0,0.0028355161772797,-0.0000000000016235,-0.0035778538192178,-0.0000000000016467,8.7261640744471922,3.0044455261347998,5.874013,-1.909681,-3.9643313854361,-9.2174933840837,0,4.6e-12
1.0194685259379055,0.0,0.0028666458613301,-0.0000000000003083,-0.0035699397638673,-0.0000000000002822,8.7271640744471934,3.0044448789173752,5.959218,-1.913036,-4.0461827165935,-9.4001966875473,0,6.9e-13
1.0194646738662150,0.0,0.0028974305934490,0.0000000000000026,-0.0035620224684376,0.0000000000000021,8.7281640744471929,3.0044442318630580,6.044492,-1.916286,-4.1282057940609,-9.5829745978923,0,2.6e-12
1.0194608208173392,0.0,0.0029278812252214,-0.0000000000003601,-0.0035541019293825,-0.0000000000002671,8.7291640744471923,3.0044435849723237,6.129836,-1.919436,-4.2104006071320,-9.7658275267345,0,4.4e-12
1.0194569667948608,0.0,0.0029580080439805,-0.0000000000001389,-0.0035461781443015,-0.0000000000001666,8.7301640744471918,3.0044429382456763,6.215255,-1.922488,-4.2927670125379,-9.9487555932999,0,4.9e-12
1.0194531118013772,0.0,0.0029878208166404,0.0000000000003354,-0.0035382511086472,0.0000000000002900,8.7311640744471930,3.0044422916835964,6.300751,-1.925446,-4.3753049625657,-10.1317591491390,0,8.7e-12
1.0194492558397596,0.0,0.0030173288239784,-0.0000000000001476,-0.0035303208187846,-0.0000000000001435,8.7321640744471924,3.0044416452865557,6.386328,-1.928313,-4.4580144938092,-10.3148387120488,0,8.6e-12
1.0194453989135952,0.0,0.0030465408924033,0.0000000000000084,-0.0035223872724367,0.0000000000000268,8.7331640744471919,3.0044409990550442,6.471987,-1.931091,-4.5408956216558,-10.4979947528417,0,3.0e-12
1.0194415410256563,0.0,0.0030754654280093,-0.0000000000002222,-0.0035144504659648,-0.0000000000002668,8.7341640744471931,3.0044403529895125,6.557731,-1.933783,-4.6239480703103,-10.6812271593444,0,7.2e-12
1.0194376821796673,0.0,0.0031041104394828,0.0000000000004067,-0.0035065103975116,0.0000000000004307,8.7351640744471926,3.0044397070904565,6.643563,-1.936391,-4.7071718998461,-10.8645365125704,0,1.5e-11
1.0194338223776809,0.0,0.0031324835705472,-0.0000000000011699,-0.0034985670621205,-0.0000000000012904,8.7361640744471920,3.0044390613583047,6.729486,-1.938918,-4.7905671771150,-11.0479234298859,0,1.1e-11
1.0194299616240814,0.0,0.0031605921143485,-0.0000000000005268,-0.0034906204598139,-0.0000000000005887,8.7371640744471932,3.0044384157935413,6.815501,-1.941367,-4.8741336536615,-11.2313878396544,0,2.2e-12
1.0194260999213807,0.0,0.0031884430432304,-0.0000000000001054,-0.0034826705864759,-0.0000000000001060,8.7381640744471927,3.0044377703966099,6.901610,-1.943739,-4.9578713107562,-11.4149301953961,0,5.9e-12
1.0194222372731410,0.0,0.0032160430234881,0.0000000000000471,-0.0034747174404676,0.0000000000000493,8.7391640744471921,3.0044371251679651,6.987817,-1.946037,-5.0417801302379,-11.5985509296468,0,2.2e-12
1.0194183736821330,0.0,0.0032433984366679,0.0000000000000897,-0.0034667610186966,0.0000000000000818,8.7401640744471933,3.0044364801080405,7.074123,-1.948263,-5.1258599824022,-11.7822502654353,0,4.1e-12
1.0194145091516857,0.0,0.0032705153939150,0.0000000000000947,-0.0034588013191664,0.0000000000001193,8.7411640744471928,3.0044358352172846,7.160529,-1.950418,-5.2101108696527,-11.9660286898143,0,1.1e-11
1.0194106436852948,0.0,0.0032973997530436,0.0000000000002035,-0.0034508383404134,0.0000000000002505,8.7421640744471922,3.0044351904961322,7.247039,-1.952506,-5.2945327687917,-12.1498866547339,0,2.4e-12
1.0194067772858195,0.0,0.0033240571335032,-0.0000000000001068,-0.0034428720796855,-0.0000000000001072,8.7431640744471935,3.0044345459450121,7.333653,-1.954527,-5.3791253785543,-12.3338240321231,0,6.9e-12
1.0194029099569146,0.0,0.0033504929279469,0.0000000000001699,-0.0034349025360045,0.0000000000001920,8.7441640744471929,3.0044339015643597,7.420373,-1.956484,-5.4638888887225,-12.5178417124642,0,2.7e-12
1.0193990417016594,0.0,0.0033767123169221,0.0000000000000907,-0.0034269297072752,0.0000000000001139,8.7451640744471923,3.0044332573545938,7.507201,-1.958378,-5.5488231540562,-12.7019399073232,0,1.7e-12
1.0193951725231489,0.0,0.0034027202794719,-0.0000000000000553,-0.0034189535915147,-0.0000000000000471,8.7461640744471918,3.0044326133161321,7.594139,-1.960211,-5.6339278807187,-12.8861185232408,0,2.9e-12
1.0193913024248082,0.0,0.0034285216032315,-0.0000000000002097,-0.0034109741875126,-0.0000000000002396,8.7471640744471930,3.0044319694493953,7.681189,-1.961985,-5.7192032606879,-13.0703784671132,0,5.5e-12
1.0193874314102842,0.0,0.0034541208952932,-0.0000000000002294,-0.0034029914946487,-0.0000000000002925,8.7481640744471925,3.0044313257547954,7.768350,-1.963701,-5.8046490960099,-13.2547198483779,0,4.1e-13
1.0193835594824423,0.0,0.0034795225919575,0.0000000000003204,-0.0033950055104903,0.0000000000001865,8.7491640744471919,3.0044306822327513,7.855626,-1.965361,-5.8902652457725,-13.4391429094078,0,1.1e-12
1.0193796866448108,0.0,0.0035047309676353,-0.0000000000001875,-0.0033870162349191,-0.0000000000002513,8.7501640744471931,3.0044300388836351,7.943018,-1.966966,-5.9760516788231,-13.6236481051640,0,2.6e-12
1.0193758129006991,0.0,0.0035297501411050,0.0000000000002204,-0.0033790236662481,0.0000000000002700,8.7511640744471926,3.0044293957078767,8.030526,-1.968518,-6.0620083541861,-13.8082358858249,0,4.8e-12
1.0193719382533142,0.0,0.0035545840858349,0.0000000000003268,-0.0033710278034053,0.0000000000004613,8.7521640744471920,3.0044287527058611,8.118153,-1.970018,-6.1481351398648,-13.9929065161457,0,4.5e-12
1.0193680627063457,0.0,0.0035792366347385,0.0000000000000546,-0.0033630286463237,0.0000000000000578,8.7531640744471932,3.0044281098779915,8.205899,-1.971467,-6.2344319467161,-14.1776603473103,0,5.9e-12
1.0193641862626064,0.0,0.0036037114900856,-0.0000000000000774,-0.0033550261930758,-0.0000000000000743,8.7541640744471927,3.0044274672246361,8.293766,-1.972867,-6.3208986962463,-14.3624977665260,0,1.1e-12
1.0193603089260048,0.0,0.0036280122256162,-0.0000000000001597,-0.0033470204440823,-0.0000000000001727,8.7551640744471921,3.0044268247461998,8.381754,-1.974219,-6.4075351794104,-14.5474188943021,0,9.3e-12
1.0193564307000280,0.0,0.0036521422960506,-0.0000000000000784,-0.0033390113991349,-0.0000000000001172,8.7561640744471934,3.0044261824430554,8.469866,-1.975524,-6.4943413809714,-14.7324242362936,0,3.6e-12
1.0193525515874970,0.0,0.0036761050416358,-0.0000000000002119,-0.0033309990564863,-0.0000000000002766,8.7571640744471928,3.0044255403155828,8.558101,-1.976784,-6.5813173031589,-14.9175143579849,0,4.1e-12
1.0193486715921896,0.0,0.0036999036924795,-0.0000000000000776,-0.0033229834166273,-0.0000000000000992,8.7581640744471922,3.0044248983641557,8.646461,-1.977999,-6.6684626057068,-15.1026891210565,0,7.5e-12
1.0193447907174451,0.0,0.0037235413745520,-0.0000000000000317,-0.0033149644791605,-0.0000000000000305,8.7591640744471917,3.0044242565891444,8.734948,-1.979170,-6.7557773478921,-15.2879492081026,0,2.4e-12
1.0193409089670553,0.0,0.0037470211125246,-0.0000000000055599,-0.0033069422439381,-0.0000000000089072,8.7601640744471929,3.0044236149909578,8.823561,-1.980300,-6.8432614986122,-15.4732951087609,0,1.4e-11
1.0193370263433927,0.0,0.0037703458414408,-0.0000000000002724,-0.0032989167110078,-0.0000000000003457,8.7611640744471924,3.0044229735698358,8.912302,-1.981388,-6.9309147155036,-15.6587266968139,0,1.5e-11
1.0193331428511694,0.0,0.0037935183963048,-0.0000000000001109,-0.0032908878807483,-0.0000000000001426,8.7621640744471918,3.0044223323262620,9.001173,-1.982436,-7.0187370582710,-15.8442446599343,0,6.0e-12
1.0193292584931934,0.0,0.0038165415310062,-0.0000000000000933,-0.0032828557527280,-0.0000000000001850,8.7631640744471930,3.0044216912605521,9.090172,-1.983444,-7.1067283430057,-16.0298491971155,0,1.8e-12
1.0193253732730527,0.0,0.0038394179139744,-0.0000000000001366,-0.0032748203274647,-0.0000000000001970,8.7641640744471925,3.0044210503730611,9.179303,-1.984414,-7.1948884750771,-16.2155406930892,0,4.8e-12
1.0193214871942264,0.0,0.0038621501338005,-0.0000000000001064,-0.0032667816052660,-0.0000000000001001,8.7651640744471919,3.0044204096641374,9.268565,-1.985347,-7.2832173288807,-16.4013194666162,0,5.5e-12
1.0193176002602133,0.0,0.0038847407022072,0.0000000000000478,-0.0032587395866212,0.0000000000000815,8.7661640744471931,3.0044197691341283,9.357958,-1.986244,-7.3717148146053,-16.5871859134219,0,5.5e-13
1.0193137124744598,0.0,0.0039071920576205,-0.0000000000002096,-0.0032506942719635,-0.0000000000003413,8.7671640744471926,3.0044191287833715,9.447485,-1.987104,-7.4603807843649,-16.7731403212226,0,1.3e-12
1.0193098238405045,0.0,0.0039295065673460,0.0000000000001831,-0.0032426456619162,0.0000000000002645,8.7681640744471920,3.0044184886122145,9.537146,-1.987931,-7.5492151231825,-16.9591830381867,0,2.6e-13
1.0193059343618371,0.0,0.0039516865314137,-0.0000000000001441,-0.0032345937572080,-0.0000000000002185,8.7691640744471933,3.0044178486209887,9.626940,-1.988723,-7.6382176834511,-17.1453143535592,0,4.5e-12
1.0193020440420892,0.0,0.0039737341842636,0.0000000000001190,-0.0032265385588009,0.0000000000001295,8.7701640744471927,3.0044172088100325,9.716870,-1.989482,-7.7273884560620,-17.3315348363091,0,1.2e-12
1.0192981528845755,0.0,0.0039956516984389,0.0000000000000797,-0.0032184800671439,0.0000000000001001,8.7711640744471921,3.0044165691796700,9.806935,-1.990208,-7.8167269708738,-17.5178441467436,0,1.7e-12
1.0192942608928865,0.0,0.0040174411858785,-0.0000000000002386,-0.0032104182833257,-0.0000000000003755,8.7721640744471934,3.0044159297302317,9.897137,-1.990903,-7.9062335316485,-17.7042434653857,0,2.7e-12
1.0192903680706622,0.0,0.0040391047008336,-0.0000000000001260,-0.0032023532085484,-0.0000000000001771,8.7731640744471928,3.0044152904620409,9.987475,-1.991568,-7.9959078017481,-17.8907327274721,0,1.6e-12
1.0192864744215564,0.0,0.0040606442420673,0.0000000000012586,-0.0031942848442825,0.0000000000023764,8.7741640744471923,3.0044146513754098,10.077951,-1.992202,-8.0857496824049,-18.0773123251317,0,3.1e-12
1.0192825799489247,0.0,0.0040820617542115,-0.0000000000000466,-0.0031862131909579,-0.0000000000001072,8.7751640744471917,3.0044140124706828,10.168565,-1.992806,-8.1757589227405,-18.2639823658312,0,5.1e-12
1.0192786846565645,0.0,0.0041033591314304,0.0000000000002494,-0.0031781382507351,0.0000000000004050,8.7761640744471929,3.0044133737481453,10.259318,-1.993382,-8.2659355696356,-18.4507435329918,0,2.6e-12
1.0192747885476070,0.0,0.0041245382177691,0.0000000000001162,-0.0031700600238758,0.0000000000001834,8.7771640744471924,3.0044127352081209,10.350210,-1.993930,-8.3562793334618,-18.6375958621906,0,7.3e-13
1.0192708916261606,0.0,0.0041456008090830,-0.0000000000000553,-0.0031619785129806,-0.0000000000000836,8.7781640744471918,3.0044120968509125,10.441241,-1.994451,-8.4467901592741,-18.8245398406256,0,1.4e-11
1.0192669938950092,0.0,0.0041665486559973,-0.0000000000003346,-0.0031538937178747,-0.0000000000004360,8.7791640744471930,3.0044114586768251,10.532412,-1.994944,-8.5374680538261,-19.0115760890156,0,1.5e-11
1.0192630953588948,0.0,0.0041873834628435,-0.0000000000001110,-0.0031458056425284,-0.0000000000001501,8.7801640744471925,3.0044108206861746,10.623724,-1.995412,-8.6283124311013,-19.1987040621098,0,3.5e-12
1.0192591960207471,0.0,0.0042081068931370,0.0000000000000389,-0.0031377142872686,0.0000000000000562,8.7811640744471919,3.0044101828792473,10.715177,-1.995854,-8.7193234428891,-19.3859246642948,0,1.3e-11
1.0192552958840733,0.0,0.0042287205680599,0.0000000000000497,-0.0031296196535973,0.0000000000000719,8.7821640744471932,3.0044095452563440,10.806771,-1.996270,-8.8105010309089,-19.5732383857595,0,3.7e-12
1.0192513949525057,0.0,0.0042492260689808,0.0000000000000409,-0.0031215217434243,0.0000000000001146,8.7831640744471926,3.0044089078177540,10.898508,-1.996663,-8.9018449671196,-19.7606453915317,0,4.3e-12
1.0192474932300319,0.0,0.0042696249382217,0.0000000000001051,-0.0031134205594165,0.0000000000001965,8.7841640744471920,3.0044082705637720,10.990386,-1.997031,-8.9933549032042,-19.9481456164995,0,1.2e-11
1.0192435907203834,0.0,0.0042899186802120,-0.0000000000044873,-0.0031053161032543,-0.0000000000058877,8.7851640744471933,3.0044076334947194,11.082407,-1.997376,-9.0850309288486,-20.1357398445383,0,1.2e-11
1.0192396874260075,0.0,0.0043101087678338,-0.0000000000000973,-0.0030972083760624,-0.0000000000001587,8.7861640744471927,3.0044069966107720,11.174572,-1.997699,-9.1768727884398,-20.3234281885825,0,5.8e-12
1.0192357833519106,0.0,0.0043301966316048,0.0000000000001072,-0.0030890973812029,0.0000000000001802,8.7871640744471922,3.0044063599123336,11.266879,-1.997999,-9.2688803729618,-20.5112110553200,0,1.2e-12
1.0192318785008421,0.0,0.0043501836744715,-0.0000000000002300,-0.0030809831196221,-0.0000000000003596,8.7881640744471934,3.0044057233996200,11.359330,-1.998277,-9.3610535003992,-20.6990887048185,0,1.2e-12
1.0192279728772391,0.0,0.0043700712632477,0.0000000000000700,-0.0030728655951457,0.0000000000001271,8.7891640744471928,3.0044050870729406,11.451926,-1.998534,-9.4533919906375,-20.8870614020153,0,5.0e-12
1.0192240664841019,0.0,0.0043898607356127,0.0000000000000445,-0.0030647448087871,0.0000000000000959,8.7901640744471923,3.0044044509325452,11.544666,-1.998770,-9.5458957181612,-21.0751295277051,0,3.9e-12
1.0192201593254071,0.0,0.0044095533972676,-0.0000000000000129,-0.0030566207635920,-0.0000000000000167,8.7911640744471917,3.0044038149787147,11.637550,-1.998985,-9.6385645188141,-21.2632933770774,0,1.6e-12
1.0192162514046486,0.0,0.0044291505248480,-0.0000000000001737,-0.0030484934616564,-0.0000000000003186,8.7921640744471929,3.0044031792117156,11.730579,-1.999181,-9.7313982259273,-21.4515532503567,0,2.3e-12
1.0192123427253845,0.0,0.0044486533665155,-0.0000000000000127,-0.0030403629053111,-0.0000000000000016,8.7931640744471924,3.0044025436318087,11.823754,-1.999357,-9.8243965959148,-21.6399093007345,0,2.2e-12
1.0192084332916511,0.0,0.0044680631418949,0.0000000000001945,-0.0030322290978723,0.0000000000003958,8.7941640744471918,3.0044019082392670,11.917074,-1.999514,-9.9175596165152,-21.8283621193512,0,8.5e-12
1.0192045231068649,0.0,0.0044873810446128,-0.0000000000000136,-0.0030240920414651,-0.0000000000000153,8.7951640744471931,3.0044012730343441,12.010540,-1.999653,-10.0108869410653,-22.0169116689331,0,2.9e-12
1.0192006121748489,0.0,0.0045066082417060,0.0000000000005895,-0.0030159517391249,0.0000000000010714,8.7961640744471925,3.0044006380173029,12.104152,-1.999773,-10.1043785167538,-22.2055584651524,0,9.4e-12
1.0191967004990350,0.0,0.0045257458753428,0.0000000000001781,-0.0030078081930444,0.0000000000003479,8.7971640744471920,3.0044000031883953,12.197910,-1.999876,-10.1980342340165,-22.3943029219342,0,2.0e-12
1.0191927880830889,0.0,0.0045447950632220,-0.0000000000001462,-0.0029996614061705,-0.0000000000004585,8.7981640744471932,3.0043993685478636,12.291814,-1.999961,-10.2918538459202,-22.5831451891110,0,7.1e-12
1.0191888749311244,0.0,0.0045637568981220,-0.0000000000013361,-0.0029915113819391,-0.0000000000024887,8.7991640744471926,3.0043987340959850,12.385866,-2.000029,-10.3858370265799,-22.7720852729312,0,2.6e-12
1.0191849610464530,0.0,0.0045826324514397,-0.0000000000001500,-0.0029833581230067,-0.0000000000002314,8.8001640744471921,3.0043980998329816,12.480064,-2.000080,-10.4799839301968,-22.9611240845403,0,1.0e-12
1.0191810464329352,0.0,0.0046014227711376,0.0000000000001857,-0.0029752016325187,0.0000000000006352,8.8011640744471933,3.0043974657591064,12.574409,-2.000115,-10.5742940924695,-23.1502613702111,0,5.8e-12
1.0191771310942126,0.0,0.0046201288835716,-0.0000000000001802,-0.0029670419131608,-0.0000000000003836,8.8021640744471927,3.0043968318746068,12.668901,-2.000134,-10.6687674405096,-23.3394976139670,0,7.5e-12
1.0191732150343908,0.0,0.0046387517933486,-0.0000000000011302,-0.0029588789690895,-0.0000000000025623,8.8031640744471922,3.0043961981797422,12.763541,-2.000137,-10.7634037039716,-23.5288329291986,0,4.2e-12
1.0191692982562590,0.0,0.0046572924873067,-0.0000000000001189,-0.0029507128018306,-0.0000000000002116,8.8041640744471934,3.0043955646746916,12.858328,-2.000125,-10.8582029074604,-23.7182679850608,0,5.2e-12
1.0191653807641048,0.0,0.0046757519287168,0.0000000000000177,-0.0029425434155404,0.0000000000000022,8.8051640744471928,3.0043949313597427,12.953263,-2.000099,-10.9531647661362,-23.9078028709535,0,3.2e-12
1.0191614625617758,0.0,0.0046941310633303,0.0000000000002237,-0.0029343708138754,0.0000000000004241,8.8061640744471923,3.0043942982351144,13.048346,-2.000057,-11.0482890150285,-24.0974377104642,0,4.9e-12
1.0191575436524545,0.0,0.0047124308185348,-0.0000000000002422,-0.0029261949991617,-0.0000000000004241,8.8071640744471917,3.0043936653010244,13.143577,-2.000001,-11.1435756501759,-24.2871731193443,0,2.7e-12
1.0191536240402832,0.0,0.0047306521019275,-0.0000000000000689,-0.0029180159755581,-0.0000000000001211,8.8081640744471930,3.0043930325577222,13.238956,-1.999932,-11.2390242596378,-24.4770089530543,0,1.6e-12
1.0191497037290207,0.0,0.0047487958043239,0.0000000000001726,-0.0029098337466905,0.0000000000003128,8.8091640744471924,3.0043924000054241,13.334483,-1.999848,-11.3346347728107,-24.6669457024591,0,7.7e-13
1.0191457827222998,0.0,0.0047668627990922,0.0000000000000798,-0.0029016483158983,0.0000000000001515,8.8101640744471919,3.0043917676443512,13.430159,-1.999752,-11.4304071389240,-24.8569838925204,0,7.4e-12
1.0191418610236926,0.0,0.0047848539427274,-0.0000000000000647,-0.0028934596863751,-0.0000000000001956,8.8111640744471931,3.0043911354747266,13.525983,-1.999642,-11.5263408493110,-25.0471232030954,0,4.3e-12
1.0191379386368478,0.0,0.0048027700754773,-0.0000000000001193,-0.0028852678616700,-0.0000000000002080,8.8121640744471925,3.0043905034967628,13.621956,-1.999519,-11.6224360993988,-25.2373646172782,0,2.3e-12
1.0191340155657520,0.0,0.0048206120210377,-0.0000000000000144,-0.0028770728459076,-0.0000000000000418,8.8131640744471920,3.0043898717106865,13.718077,-1.999384,-11.7186923294192,-25.4277077213445,0,1.0e-12
1.0191300918138928,0.0,0.0048383805883536,-0.0000000000004488,-0.0028688746422556,-0.0000000000013496,8.8141640744471932,3.0043892401167023,13.814347,-1.999237,-11.8151095666762,-25.6181531867029,0,7.1e-12
1.0191261673854504,0.0,0.0048560765701114,0.0000000000000068,-0.0028606732556067,0.0000000000000157,8.8151640744471926,3.0043886087150393,13.910765,-1.999078,-11.9116875699952,-25.8087011899654,0,4.1e-12
1.0191222422835515,0.0,0.0048737007457949,-0.0000000000000918,-0.0028524686883063,-0.0000000000001941,8.8161640744471921,3.0043879775058926,14.007333,-1.998907,-12.0084260429798,-25.9993518054089,0,5.6e-12
1.0191183165122775,0.0,0.0048912538795341,-0.0000000000001316,-0.0028442609450713,-0.0000000000002390,8.8171640744471933,3.0043873464894677,14.104049,-1.998724,-12.1053249492812,-26.1901055894042,0,1.6e-12
1.0191143900752786,0.0,0.0049087367215566,-0.0000000000002064,-0.0028360500295459,-0.0000000000004872,8.8181640744471927,3.0043867156659791,14.200915,-1.998531,-12.2023840192108,-26.3809626620220,0,4.8e-13
1.0191104629763617,0.0,0.0049261500084686,0.0000000000001627,-0.0028278359458387,0.0000000000003136,8.8191640744471922,3.0043860850356343,14.297929,-1.998326,-12.2996030663471,-26.5719233034487,0,1.1e-12
1.0191065352191140,0.0,0.0049434944640898,0.0000000000000686,-0.0028196186976853,0.0000000000001550,8.8201640744471934,3.0043854545986215,14.395093,-1.998111,-12.3969818694484,-26.7629877253024,0,4.9e-13
1.0191026068071767,0.0,0.0049607707989979,-0.0000000000000115,-0.0028113982889506,-0.0000000000000822,8.8211640744471929,3.0043848243551396,14.492405,-1.997885,-12.4945201694713,-26.9541560775079,0,5.5e-12
1.0190986777447524,0.0,0.0049779797105414,0.0000000000003085,-0.0028031747245872,0.0000000000006983,8.8221640744471923,3.0043841943053979,14.589867,-1.997649,-12.5922178812378,-27.1454288174924,0,3.9e-12
1.0190947480350532,0.0,0.0049951218846686,-0.0000000000000492,-0.0027949480076652,-0.0000000000001404,8.8231640744471918,3.0043835644495873,14.687477,-1.997403,-12.6900747257230,-27.3368060561595,0,2.2e-12
1.0190908176820774,0.0,0.0050121979950059,0.0000000000001738,-0.0027867181429498,0.0000000000003539,8.8241640744471930,3.0043829347878921,14.785237,-1.997147,-12.7880905438222,-27.5282881219529,0,5.9e-12
1.0190868866893885,0.0,0.0050292087034987,-0.0000000000000586,-0.0027784851342703,-0.0000000000000839,8.8251640744471924,3.0043823053205037,14.883146,-1.996881,-12.8862651162731,-27.7198752290485,0,1.2e-12
1.0190829550608673,0.0,0.0050461546601892,-0.0000000000000018,-0.0027702489861058,-0.0000000000000040,8.8261640744471919,3.0043816760476227,14.981205,-1.996606,-12.9845982423328,-27.9115676305276,0,5.6e-12
1.0190790228002935,0.0,0.0050630365045303,0.0000000000000033,-0.0027620097029033,-0.0000000000000262,8.8271640744471931,3.0043810469694279,15.079412,-1.996322,-13.0830896745271,-28.1033654918924,0,1.8e-12
1.0190750899112537,0.0,0.0050798548650142,-0.0000000000000956,-0.0027537672886746,-0.0000000000001996,8.8281640744471925,3.0043804180861020,15.177768,-1.996029,-13.1817392130124,-28.2952690671927,0,5.6e-12
1.0190711563975994,0.0,0.0050966103592416,-0.0000000000001285,-0.0027455217479929,-0.0000000000002456,8.8291640744471920,3.0043797893978326,15.276274,-1.995727,-13.2805465764301,-28.4872784609026,0,4.4e-12
1.0190672222628632,0.0,0.0051133035948106,0.0000000000001272,-0.0027372730849033,0.0000000000004993,8.8301640744471932,3.0043791609047932,15.374929,-1.995417,-13.3795117693964,-28.6793942918130,0,4.5e-12
1.0190632875110717,0.0,0.0051299351687117,-0.0000000000001205,-0.0027290213043723,-0.0000000000002862,8.8311640744471926,3.0043785326071690,15.473733,-1.995098,-13.4786343434349,-28.8716163627646,0,7.7e-12
1.0190593521457518,0.0,0.0051465056683732,0.0000000000001063,-0.0027207664104829,0.0000000000002368,8.8321640744471921,3.0043779045051373,15.572686,-1.994771,-13.5779142614463,-29.0639452230357,0,4.5e-12
1.0190554161706735,0.0,0.0051630156716185,-0.0000000000000725,-0.0027125084078793,-0.0000000000001064,8.8331640744471933,3.0043772765988646,15.671787,-1.994436,-13.6773512126111,-29.2563809178725,0,2.2e-12
1.0190514795895755,0.0,0.0051794657464423,-0.0000000000000558,-0.0027042473009847,0.0000000000000077,8.8341640744471928,3.0043766488885346,15.771038,-1.994093,-13.7769450360734,-29.4489237682302,0,6.6e-12
1.0190475424062904,0.0,0.0051958564519309,0.0000000000000066,-0.0026959830947997,0.0000000000000123,8.8351640744471922,3.0043760213743109,15.870438,-1.993743,-13.8766954322309,-29.6415738504762,0,8.3e-12
1.0190436046242144,0.0,0.0052121883383857,0.0000000000000722,-0.0026877157931313,0.0000000000001455,8.8361640744471934,3.0043753940563573,15.969987,-1.993385,-13.9766022283208,-29.8343314568992,0,6.1e-12
1.0190396662472483,0.0,0.0052284619467155,-0.0000000000001825,-0.0026794454010159,-0.0000000000003393,8.8371640744471929,3.0043747669348480,16.069685,-1.993020,-14.0766652372624,-30.0271968591104,0,3.7e-13
1.0190357272793447,0.0,0.0052446778092619,-0.0000000000000831,-0.0026711719235935,-0.0000000000001545,8.8381640744471923,3.0043741400099493,16.169531,-1.992647,-14.1768842859509,-30.2201703557877,0,5.5e-12
1.0190317877240218,0.0,0.0052608364503226,-0.0000000000002576,-0.0026628953651529,-0.0000000000005317,8.8391640744471918,3.0043735132818239,16.269527,-1.992268,-14.2772590520351,-30.4132519745833,0,4.6e-12
1.0190278475849626,0.0,0.0052769383859414,0.0000000000001139,-0.0026546157304272,0.0000000000002621,8.8401640744471930,3.0043728867506232,16.369671,-1.991881,-14.3777891960930,-30.6064417168176,0,8.4e-12
1.0190239068659677,0.0,0.0052929841236511,0.0000000000000754,-0.0026463330242970,0.0000000000002041,8.8411640744471924,3.0043722604165213,16.469963,-1.991488,-14.4784747599673,-30.7997402552768,0,9.5e-12
1.0190199655706411,0.0,0.0053089741635992,-0.0000000000001322,-0.0026380472513673,-0.0000000000002985,8.8421640744471919,3.0043716342796651,16.570404,-1.991089,-14.5793153857631,-30.9931475547689,0,1.0e-13
1.0190160237029013,0.0,0.0053249089978093,-0.0000000000001221,-0.0026297584168927,-0.0000000000002974,8.8431640744471931,3.0043710083402160,16.670994,-1.990683,-14.6803109426026,-31.1866639842726,0,2.6e-12
1.0190120812662629,0.0,0.0053407891110387,0.0000000000001794,-0.0026214665253265,0.0000000000004296,8.8441640744471925,3.0043703825983283,16.771732,-1.990271,-14.7814610043889,-31.3802893883126,0,6.5e-12
1.0190081382643617,0.0,0.0053566149807797,-0.0000000000006090,-0.0026131715814449,-0.0000000000014222,8.8451640744471920,3.0043697570541452,16.872618,-1.989853,-14.8827656025926,-31.5740244186305,0,3.4e-12
1.0190041947010764,0.0,0.0053723870767058,-0.0000000000002056,-0.0026048735904958,-0.0000000000004459,8.8461640744471932,3.0043691317078323,16.973653,-1.989429,-14.9842243531343,-31.7678689924698,0,4.1e-12
1.0190002505803681,0.0,0.0053881058620665,-0.0000000000000385,-0.0025965725580942,-0.0000000000002996,8.8471640744471927,3.0043685065595187,17.074836,-1.988999,-15.0858369986291,-31.9618232528641,0,2.6e-12
1.0189963059054086,0.0,0.0054037717926254,0.0000000000000584,-0.0025882684878234,0.0000000000001645,8.8481640744471921,3.0043678816093777,17.176166,-1.988563,-15.1876033798809,-32.1558875055987,0,8.0e-12
1.0189923606801992,0.0,0.0054193853180348,-0.0000000000002740,-0.0025799613856015,-0.0000000000006372,8.8491640744471933,3.0043672568575306,17.277645,-1.988122,-15.2895233646976,-32.3500621194713,0,8.9e-13
1.0189884149082140,0.0,0.0054349468808103,-0.0000000000001059,-0.0025716512559050,-0.0000000000002444,8.8501640744471928,3.0043666323041305,17.379272,-1.987675,-15.3915964915865,-32.5443468654787,0,1.1e-11
1.0189844685935923,0.0,0.0054504569168620,-0.0000000000002597,-0.0025633381047411,-0.0000000000006576,8.8511640744471922,3.0043660079493191,17.481046,-1.987223,-15.4938226991092,-32.7387422326767,0,4.8e-12
1.0189805217398058,0.0,0.0054659158559833,0.0000000000000374,-0.0025550219366955,0.0000000000000812,8.8521640744471934,3.0043653837932411,17.582968,-1.986766,-15.5962016578055,-32.9332482270369,0,6.2e-12
1.0189765743503423,0.0,0.0054813241221120,0.0000000000000244,-0.0025467027565609,0.0000000000000444,8.8531640744471929,3.0043647598360184,17.685037,-1.986304,-15.6987332395500,-33.1278652148144,0,7.5e-13
1.0189726264291001,0.0,0.0054966821321770,-0.0000000000000273,-0.0025383805698150,-0.0000000000000751,8.8541640744471923,3.0043641360778079,17.787254,-1.985837,-15.8014170700904,-33.3225931233249,0,7.7e-12
1.0189686779795035,0.0,0.0055119902980086,0.0000000000000314,-0.0025300553811673,0.0000000000000535,8.8551640744471918,3.0043635125187294,17.889619,-1.985366,-15.9042531977211,-33.5174326206343,0,3.1e-13
1.0189647290057791,0.0,0.0055272490246052,0.0000000000002600,-0.0025217271968721,0.0000000000006370,8.8561640744471930,3.0043628891589313,17.992130,-1.984889,-16.0072410675205,-33.7123833227154,0,7.6e-12
1.0189607795108411,0.0,0.0055424587125223,-0.0000000000000606,-0.0025133960206383,-0.0000000000001322,8.8571640744471924,3.0043622659985267,18.094789,-1.984408,-16.1103806092119,-33.9074456866848,0,2.5e-12
1.0189568294988680,0.0,0.0055576197554311,0.0000000000001042,-0.0025050618587166,0.0000000000002835,8.8581640744471919,3.0043616430376585,18.197594,-1.983923,-16.2136715758748,-34.1026198672977,0,5.4e-12
1.0189528789734807,0.0,0.0055727325420414,-0.0000000000001537,-0.0024967247162497,-0.0000000000003510,8.8591640744471931,3.0043610202764519,18.300547,-1.983433,-16.3171137691395,-34.2979060879381,0,1.0e-11
1.0189489279383175,0.0,0.0055877974556347,-0.0000000000002051,-0.0024883845984846,-0.0000000000004082,8.8601640744471926,3.0043603977150339,18.403646,-1.982939,-16.4207066946635,-34.4933040766277,0,2.3e-12
1.0189449763969691,0.0,0.0056028148740071,-0.0000000000000407,-0.0024800415105328,-0.0000000000000676,8.8611640744471920,3.0043597753535356,18.506891,-1.982441,-16.5244505135912,-34.6888146841885,0,6.0e-12
1.0189410243531241,0.0,0.0056177851701460,-0.0000000000001136,-0.0024716954578670,-0.0000000000002233,8.8621640744471932,3.0043591531920675,18.610283,-1.981939,-16.6283446616648,-34.8844375062165,0,8.1e-12
1.0189370718105675,0.0,0.0056327087113664,-0.0000000000000716,-0.0024633464460275,-0.0000000000001889,8.8631640744471927,3.0043585312307610,18.713821,-1.981432,-16.7323890359083,-35.0801729417958,0,3.9e-12
1.0189331187727924,0.0,0.0056475858603608,0.0000000000000095,-0.0024549944800685,0.0000000000000305,8.8641640744471921,3.0043579094697384,18.817506,-1.980923,-16.8365833666787,-35.2760210878254,0,5.6e-12
1.0189291652433257,0.0,0.0056624169749674,0.0000000000000005,-0.0024466395651507,0.0000000000000028,8.8651640744471933,3.0043572879091109,18.921336,-1.980409,-16.9409275640706,-35.4719823553612,0,1.3e-11
1.0189252112261451,0.0,0.0056772024078144,0.0000000000001662,-0.0024382817073560,0.0000000000003929,8.8661640744471928,3.0043566665490022,19.025313,-1.979892,-17.0454210218899,-35.6680562851442,0,6.0e-12
1.0189212567246460,0.0,0.0056919425071500,0.0000000000002276,-0.0024299209115830,0.0000000000005953,8.8671640744471922,3.0043560453895273,19.129435,-1.979371,-17.1500638869259,-35.8642436758175,0,3.3e-12
1.0189173017424560,0.0,0.0057066376165960,-0.0000000000003219,-0.0024215571833413,-0.0000000000008077,8.8681640744471935,3.0043554244307931,19.233702,-1.978847,-17.2548557435067,-36.0605443799046,0,6.4e-12
1.0189133462832478,0.0,0.0057212880748005,0.0000000000000020,-0.0024131905280487,0.0000000000000323,8.8691640744471929,3.0043548036729275,19.338115,-1.978319,-17.3597963064245,-36.2569584809322,0,2.3e-12
1.0189093903507864,0.0,0.0057358942164351,0.0000000000000839,-0.0024048209515838,0.0000000000002020,8.8701640744471923,3.0043541831160283,19.442673,-1.977788,-17.4648854298143,-36.4534862807262,0,9.4e-12
1.0189054339483954,0.0,0.0057504563716498,-0.0000000000001296,-0.0023964484587801,-0.0000000000002898,8.8711640744471918,3.0043535627602092,19.547377,-1.977254,-17.5701228880117,-36.6501279491937,0,1.9e-12
1.0189014770800378,0.0,0.0057649748659818,0.0000000000000366,-0.0023880730558600,0.0000000000001014,8.8721640744471930,3.0043529426055824,19.652225,-1.976717,-17.6755082531807,-36.8468833171044,0,1.3e-12
1.0188975197489576,0.0,0.0057794500212437,-0.0000000000002184,-0.0023796947476069,-0.0000000000005270,8.8731640744471925,3.0043523226522511,19.757218,-1.976177,-17.7810414851368,-37.0437528656740,0,3.1e-12
1.0188935619592181,0.0,0.0057938821545907,0.0000000000000526,-0.0023713135405075,0.0000000000002199,8.8741640744471919,3.0043517029003231,19.862356,-1.975634,-17.8867221869204,-37.2407364815297,0,9.6e-12
1.0188896037138317,0.0,0.0058082715796756,0.0000000000000118,-0.0023629294388923,0.0000000000000363,8.8751640744471931,3.0043510833498979,19.967638,-1.975088,-17.9925503275375,-37.4378346501068,0,2.4e-12
1.0188856450165520,0.0,0.0058226186068412,-0.0000000000000677,-0.0023545424486445,-0.0000000000001554,8.8761640744471926,3.0043504640010270,20.073064,-1.974539,-18.0985254332310,-37.6350471264396,0,4.9e-12
1.0188816858717891,0.0,0.0058369235377002,0.0000000000001142,-0.0023461525770969,0.0000000000003156,8.8771640744471920,3.0043498448539800,20.178635,-1.973988,-18.2046473068439,-37.8323741116965,0,4.4e-12
1.0188777262821203,0.0,0.0058511866776895,-0.0000000000000290,-0.0023377598277152,-0.0000000000000605,8.8781640744471932,3.0043492259086859,20.284349,-1.973434,-18.3109157375467,-38.0298157998758,0,5.4e-12
1.0188737662513869,0.0,0.0058654083233236,-0.0000000000000112,-0.0023293642066660,0.0000000000000216,8.8791640744471927,3.0043486071652992,20.390208,-1.972877,-18.4173304747547,-38.2273723183678,0,4.1e-12
1.0188698057833967,0.0,0.0058795887684835,-0.0000000000001510,-0.0023209657200624,-0.0000000000004014,8.8801640744471921,3.0043479886239193,20.496209,-1.972318,-18.5238912031013,-38.4250436647238,0,3.8e-12
1.0188658448813055,0.0,0.0058937283038679,-0.0000000000001169,-0.0023125643726896,-0.0000000000002690,8.8811640744471934,3.0043473702846346,20.602355,-1.971757,-18.6305978698013,-38.6228302931187,0,3.7e-12
1.0188618835493410,0.0,0.0059078272156892,0.0000000000001622,-0.0023041601715300,0.0000000000004356,8.8821640744471928,3.0043467521475535,20.708643,-1.971193,-18.7374500197962,-38.8207319790738,0,4.1e-12
1.0188579217904083,0.0,0.0059218857876636,0.0000000000001650,-0.0022957531209349,0.0000000000005733,8.8831640744471922,3.0043461342127591,20.815075,-1.970627,-18.8444474894979,-39.0187489786545,0,6.1e-12
1.0188539596081996,0.0,0.0059359042996632,-0.0000000000001185,-0.0022873432269262,-0.0000000000002924,8.8841640744471917,3.0043455164803343,20.921649,-1.970059,-18.9515899915094,-39.2168813371022,0,1.9e-12
1.0188499970066116,0.0,0.0059498830276294,-0.0000000000000665,-0.0022789304958063,-0.0000000000001699,8.8851640744471929,3.0043448989503845,21.028366,-1.969489,-19.0588773060103,-39.4151292289598,0,2.3e-12
1.0188460339887224,0.0,0.0059638222448934,-0.0000000000000285,-0.0022705149323714,-0.0000000000000231,8.8861640744471924,3.0043442816229922,21.135226,-1.968916,-19.1663092146640,-39.6134928077661,0,8.6e-12
1.0188420705585028,0.0,0.0059777222209899,-0.0000000000001560,-0.0022620965432190,-0.0000000000004356,8.8871640744471918,3.0043436644982444,21.242228,-1.968342,-19.2738853529738,-39.8119720023703,0,4.3e-12
1.0188381067190861,0.0,0.0059915832225562,-0.0000000000001391,-0.0022536753332541,-0.0000000000003540,8.8881640744471930,3.0043430475762283,21.349372,-1.967766,-19.3816055526702,-40.0105670480572,0,5.8e-12
1.0188341424741973,0.0,0.0060054055128732,-0.0000000000003237,-0.0022452513086307,-0.0000000000008382,8.8891640744471925,3.0043424308570250,21.456657,-1.967188,-19.4894695107465,-40.2092779693785,0,7.7e-12
1.0188301778275854,0.0,0.0060191893517958,-0.0000000000001079,-0.0022368244755014,-0.0000000000003114,8.8901640744471919,3.0043418143407301,21.564085,-1.966608,-19.5974770157623,-40.4081049365380,0,5.2e-12
1.0188262127823053,0.0,0.0060329349968620,0.0000000000000396,-0.0022283948387460,0.0000000000001094,8.8911640744471931,3.0043411980274111,21.671654,-1.966027,-19.7056278497752,-40.6070480963444,0,2.0e-13
1.0188222473420911,0.0,0.0060466427018675,-0.0000000000000085,-0.0022199624045556,-0.0000000000000242,8.8921640744471926,3.0043405819171580,21.779365,-1.965443,-19.8139216724633,-40.8061074114629,0,1.7e-13
1.0188182815102198,0.0,0.0060603127182197,-0.0000000000001954,-0.0022115271782837,-0.0000000000005670,8.8931640744471920,3.0043399660100385,21.887217,-1.964858,-19.9223582830596,-41.0052830565538,0,6.9e-12
1.0188143152909113,0.0,0.0060739452934222,0.0000000000004826,-0.0022030891671515,0.0000000000014917,8.8941640744471933,3.0043393503061506,21.995209,-1.964272,-20.0309373686560,-41.2045750402242,0,7.8e-12
1.0188103486865647,0.0,0.0060875406735746,-0.0000000000000732,-0.0021946483746785,-0.0000000000001384,8.8951640744471927,3.0043387348055504,22.103343,-1.963684,-20.1396588244040,-41.4039836825094,0,3.1e-12
1.0188063817014656,0.0,0.0061010991005089,0.0000000000000222,-0.0021862048083570,0.0000000000000662,8.8961640744471921,3.0043381195083296,22.211617,-1.963095,-20.2485221737369,-41.6035087162384,0,5.1e-12
1.0188024143388819,0.0,0.0061146208140476,-0.0000000000000242,-0.0021777584735427,-0.0000000000000362,8.8971640744471934,3.0043375044145568,22.320031,-1.962504,-20.3575273142950,-41.8031504816377,0,5.0e-13
1.0187984466021993,0.0,0.0061281060512220,-0.0000000000001170,-0.0021693093758845,-0.0000000000002883,8.8981640744471928,3.0043368895243039,22.428586,-1.961912,-20.4666739483664,-42.0029089859635,0,2.2e-12
1.0187944784949794,0.0,0.0061415550461820,0.0000000000000941,-0.0021608575213958,0.0000000000002799,8.8991640744471923,3.0043362748376432,22.537280,-1.961318,-20.5759617695501,-42.2027842329333,0,1.3e-12
1.0187905100205894,0.0,0.0061549680304896,-0.0000000000000271,-0.0021524029156895,-0.0000000000000587,8.9001640744471917,3.0043356603546472,22.646114,-1.960724,-20.6853905897684,-42.4027764142441,0,3.6e-12
1.0187865411824026,0.0,0.0061683452331680,-0.0000000000000143,-0.0021439455644620,-0.0000000000000291,8.9011640744471929,3.0043350460753842,22.755088,-1.960128,-20.7949601917745,-42.6028856699173,0,1.5e-12
1.0187825719840282,0.0,0.0061816868805199,-0.0000000000002034,-0.0021354854738594,-0.0000000000006715,8.9021640744471924,3.0043344319999230,22.864201,-1.959531,-20.9046703124647,-42.8031120656840,0,6.7e-12
1.0187786024288141,0.0,0.0061949931964140,-0.0000000000004397,-0.0021270226495594,-0.0000000000012067,8.9031640744471918,3.0043338181283326,22.973453,-1.958933,-21.0145205177898,-43.0034553875342,0,4.9e-12
1.0187746325204041,0.0,0.0062082644020889,0.0000000000002275,-0.0021185570978043,0.0000000000006759,8.9041640744471930,3.0043332044606812,23.082845,-1.958334,-21.1245106970141,-43.2039159484410,0,3.8e-13
1.0187706622619881,0.0,0.0062215007167170,-0.0000000000000254,-0.0021100888240708,-0.0000000000003045,8.9051640744471925,3.0043325909970249,23.192374,-1.957734,-21.2346405125851,-43.4044936852305,0,6.6e-12
1.0187666916567950,0.0,0.0062347023567566,-0.0000000000001482,-0.0021016178336539,-0.0000000000004466,8.9061640744471919,3.0043319777374338,23.302043,-1.957133,-21.3449098870954,-43.6051889554150,0,6.6e-12
1.0187627207086567,0.0,0.0062478695362269,-0.0000000000002462,-0.0020931441334302,-0.0000000000007110,8.9071640744471932,3.0043313646819669,23.411849,-1.956531,-21.4553183130313,-43.8060014307543,0,3.7e-12
1.0187587494207946,0.0,0.0062610024668409,0.0000000000001640,-0.0020846677288021,0.0000000000004822,8.9081640744471926,3.0043307518306932,23.521793,-1.955928,-21.5658656167451,-44.0069313022936,0,5.8e-12
1.0187547777964563,0.0,0.0062741013584081,0.0000000000000488,-0.0020761886253909,0.0000000000001200,8.9091640744471920,3.0043301391836601,23.631876,-1.955324,-21.6765517014680,-44.2079788987827,0,2.0e-13
1.0187508058391483,0.0,0.0062871664178787,-0.0000000000001414,-0.0020677068292587,-0.0000000000004698,8.9101640744471933,3.0043295267409378,23.742096,-1.954720,-21.7873761146363,-44.4091439621054,0,7.0e-12
1.0187468335523429,0.0,0.0063001978502698,0.0000000000000001,-0.0020592223464736,-0.0000000000000313,8.9111640744471927,3.0043289145025822,23.852453,-1.954115,-21.8983386663283,-44.6104266716459,0,3.4e-12
1.0187428609393645,0.0,0.0063131958584129,-0.0000000000001440,-0.0020507351828111,-0.0000000000005792,8.9121640744471922,3.0043283024686467,23.962948,-1.953509,-22.0094390031772,-44.8118269256229,0,5.2e-12
1.0187388880035286,0.0,0.0063261606429830,0.0000000000001514,-0.0020422453440637,0.0000000000004399,8.9131640744471934,3.0043276906391871,24.073579,-1.952902,-22.1206769762639,-45.0133449524691,0,3.8e-12
1.0187349147481792,0.0,0.0063390924024914,-0.0000000000000288,-0.0020337528360612,-0.0000000000000941,8.9141640744471928,3.0043270790142573,24.184347,-1.952295,-22.2320523885072,-45.2149809085352,0,3.6e-12
1.0187309411766603,0.0,0.0063519913332520,-0.0000000000000056,-0.0020252576646596,0.0000000000000002,8.9151640744471923,3.0043264675939145,24.295252,-1.951687,-22.3435648140158,-45.4167345798193,0,7.2e-13
1.0187269672924275,0.0,0.0063648576295821,-0.0000000000000547,-0.0020167598359604,-0.0000000000002138,8.9161640744471917,3.0043258563782111,24.406293,-1.951079,-22.4552140803638,-45.6186061497899,0,1.8e-12
1.0187229930988502,0.0,0.0063776914837912,-0.0000000000000840,-0.0020082593559409,-0.0000000000002680,8.9171640744471929,3.0043252453671943,24.517470,-1.950470,-22.5669998447169,-45.8205955358032,0,8.5e-13
1.0187190185989017,0.0,0.0063904930863051,-0.0000000000003859,-0.0019997562297517,-0.0000000000011463,8.9181640744471924,3.0043246345609145,24.628783,-1.949861,-22.6789219926058,-46.0227030175596,0,8.7e-13
1.0187150437963637,0.0,0.0064032626251678,-0.0000000000001663,-0.0019912504641784,-0.0000000000005093,8.9191640744471918,3.0043240239594264,24.740231,-1.949251,-22.7909801660419,-46.2249284742360,0,7.6e-12
1.0187110686941432,0.0,0.0064160002870057,-0.0000000000003149,-0.0019827420643344,-0.0000000000009811,8.9201640744471931,3.0043234135627701,24.851815,-1.948641,-22.9031740178198,-46.4272718148484,0,3.5e-12
1.0187070932959736,0.0,0.0064287062559765,0.0000000000000682,-0.0019742310369291,0.0000000000002148,8.9211640744471925,3.0043228033709997,24.963534,-1.948031,-23.0155034674914,-46.6297333688166,0,8.4e-13
1.0187031176047350,0.0,0.0064413807148123,0.0000000000000095,-0.0019657173870056,0.0000000000000453,8.9221640744471920,3.0043221933841577,25.075388,-1.947420,-23.1279681117928,-46.8323129358397,0,1.2e-12
1.0186991416240070,0.0,0.0064540238441674,-0.0000000000001662,-0.0019572011210693,-0.0000000000004451,8.9231640744471932,3.0043215836022861,25.187377,-1.946809,-23.2405677273895,-47.0350106172149,0,7.7e-13
1.0186951653569489,0.0,0.0064666358228048,-0.0000000000001371,-0.0019486822446821,-0.0000000000004424,8.9241640744471926,3.0043209740254344,25.299500,-1.946198,-23.3533021260598,-47.2378265627769,0,8.3e-13
1.0186911888069186,0.0,0.0064792168278551,-0.0000000000002376,-0.0019401607639965,-0.0000000000007542,8.9251640744471921,3.0043203646536378,25.411757,-1.945586,-23.4661709333867,-47.4407606203196,0,2.8e-12
1.0186872119771064,0.0,0.0064917670343857,-0.0000000000001832,-0.0019316366847142,-0.0000000000002022,8.9261640744471933,3.0043197554869492,25.524148,-1.944974,-23.5791739022739,-47.6438128489276,0,5.7e-12
1.0186832348706338,0.0,0.0065042866161700,-0.0000000000001051,-0.0019231100122851,-0.0000000000003356,8.9271640744471927,3.0043191465253951,25.636673,-1.944362,-23.6923108904437,-47.8469834538074,0,3.4e-12
1.0186792574911223,0.0,0.0065167757446210,-0.0000000000001044,-0.0019145807535199,-0.0000000000003247,8.9281640744471922,3.0043185377690280,25.749332,-1.943750,-23.8055814877463,-48.0502722411080,0,7.8e-12
1.0186752798415464,0.0,0.0065292345899583,-0.0000000000000935,-0.0019060489136917,-0.0000000000003198,8.9291640744471934,3.0043179292178799,25.862124,-1.943138,-23.9189854299199,-48.2536792111604,0,3.7e-12
1.0186713019250582,0.0,0.0065416633205674,-0.0000000000002182,-0.0018975144985204,-0.0000000000007144,8.9301640744471928,3.0043173208719876,25.975049,-1.942526,-24.0325226117104,-48.4572046474333,0,7.8e-13
1.0186673237453361,0.0,0.0065540621028795,0.0000000000000713,-0.0018889775147598,0.0000000000002491,8.9311640744471923,3.0043167127313946,26.088106,-1.941914,-24.1461925891120,-48.6608482770204,0,1.4e-12
1.0186633453052372,0.0,0.0065664311022193,0.0000000000000006,-0.0018804379675941,-0.0000000000000090,8.9321640744471917,3.0043161047961271,26.201296,-1.941301,-24.2599951204780,-48.8646101585084,0,8.3e-12
1.0186593666078323,0.0,0.0065787704820132,-0.0000000000001653,-0.0018718958626022,-0.0000000000005232,8.9331640744471930,3.0043154970662216,26.314619,-1.940689,-24.3739301752355,-49.0684906624478,0,1.2e-12
1.0186553876566007,0.0,0.0065910804039175,-0.0000000000001899,-0.0018633512061724,-0.0000000000006111,8.9341640744471924,3.0043148895417184,26.428074,-1.940077,-24.4879971699203,-49.2724892992627,0,2.4e-12
1.0186514084548657,0.0,0.0066033610281612,0.0000000000000170,-0.0018548040044432,-0.0000000000000646,8.9351640744471919,3.0043142822226478,26.541660,-1.939464,-24.6021960166786,-49.4766063642160,0,1.4e-12
