x0_n,y0_n,z0_n,xd0_n,yd0_n,zd0_n,Tp,JC,L2ExcessVelocity_mps
1.0229433111416404,-0.0000000000000000,0.0000303224139142,0.0000000000008056,-0.0182533917105118,0.0000000000000014,3.1242128458420408,3.0033260220,231.262
1.0229433111416404,-0.0000000000000000,0.0000303224139142,0.0000000000008056,-0.0182533917105118,0.0000000000000014,3.1242128458420408,3.0033260220,231.262
1.0229433141934627,-0.0000000000000000,-0.0000178402420869,0.0000000000032294,-0.0182533480642180,-0.0000000000000030,3.1242130082534207,3.0033260255,231.260
1.0229432903572515,-0.0000000000000003,-0.0000708179013796,0.0000000000039786,-0.0182536890713823,-0.0000000000000145,3.1242117835992516,3.0033259980,231.271
1.0229432312404303,-0.0000000000000000,-0.0001290849607842,0.0000000000073719,-0.0182545346716648,-0.0000000000000491,3.1242087470009721,3.0033259296,231.299
1.0229431264180255,-0.0000000000000000,-0.0001931594251303,0.0000000000010451,-0.0182560334357584,-0.0000000000000106,3.1242033629194865,3.0033258085,231.349
1.0229429630084805,-0.0000000000000003,-0.0002636058362614,0.0000000000025742,-0.0182583686173898,-0.0000000000000356,3.1241949739886974,3.0033256196,231.426
1.0229427251174876,-0.0000000000000000,-0.0003410378553860,0.0000000000014668,-0.0182617652312410,-0.0000000000000263,3.1241827687149026,3.0033253449,231.538
1.0229423932198181,-0.0000000000000000,-0.0004261204026153,0.0000000000091853,-0.0182664983774452,-0.0000000000002009,3.1241657481821843,3.0033249620,231.694
1.0229419433732316,-0.0000000000000003,-0.0005195712549564,0.0000000000010061,-0.0182729027988412,-0.0000000000000264,3.1241426997365886,3.0033244436,231.905
1.0229413463476249,-0.0000000000000000,-0.0006221614999624,0.0000000000016901,-0.0182813838180995,-0.0000000000000544,3.1241121462591472,3.0033237567,232.185
1.0229405665207576,-0.0000000000000000,-0.0007347147333287,0.0000000000013202,-0.0182924294505289,-0.0000000000000511,3.1240723009938018,3.0033228614,232.549
1.0229395606422487,-0.0000000000000003,-0.0008581042654159,0.0000000000016871,-0.0183066236257752,-0.0000000000000752,3.1240210047560506,3.0033217096,233.016
1.0229382763657924,-0.0000000000000003,-0.0009932484794929,0.0000000000095218,-0.0183246601004221,-0.0000000000004829,3.1239556773378112,3.0033202439,233.609
1.0229366505498838,-0.0000000000000003,-0.0011411026662834,0.0000000000012444,-0.0183473562890770,-0.0000000000000744,3.1238732345887317,3.0033183964,234.355
1.0229346073554375,-0.0000000000000003,-0.0013026486114077,0.0000000000053783,-0.0183756663269047,-0.0000000000003631,3.1237700325399014,3.0033160869,235.284
1.0229320560346662,-0.0000000000000000,-0.0014788793198138,0.0000000000058995,-0.0184106915326420,-0.0000000000004490,3.1236417780856671,3.0033132219,236.431
1.0229288885128094,-0.0000000000000000,-0.0016707816795328,0.0000000000019626,-0.0184536871791860,-0.0000000000001777,3.1234834716426936,3.0033096932,237.836
1.0229249767148045,-0.0000000000000000,-0.0018793146137652,0.0000000000007975,-0.0185060629752318,-0.0000000000000785,3.1232893255247514,3.0033053771,239.543
1.0229201696589352,-0.0000000000000003,-0.0021053855033525,0.0000000000077264,-0.0185693754928294,-0.0000000000008313,3.1230527090272067,3.0033001341,241.602
1.0229142903495261,-0.0000000000000003,-0.0023498257065536,0.0000000000008870,-0.0186453105171986,-0.0000000000001145,3.1227661057378557,3.0032938084,244.062
1.0229071325444781,-0.0000000000000003,-0.0026133676177218,0.0000000000039754,-0.0187356542018806,-0.0000000000005243,3.1224210649055157,3.0032862290,246.977
1.0228984574226812,-0.0000000000000000,-0.0028966229367535,0.0000000000009559,-0.0188422516572050,-0.0000000000001537,3.1220081876959500,3.0032772110,250.401
1.0228879902706400,-0.0000000000000000,-0.0032000685878438,0.0000000000472122,-0.0189669554521961,-0.0000000000075674,3.1215171111857618,3.0032665573,254.387
1.0228754173752781,-0.0000000000000000,-0.0035240327443324,0.0000000000012009,-0.0191115624144695,-0.0000000000002153,3.1209365083372593,3.0032540618,258.984
1.0228603828406042,-0.0000000000000003,-0.0038687058478010,0.0000000000030694,-0.0192777532784528,-0.0000000000006049,3.1202540560328837,3.0032395115,264.237
1.0228424870610429,-0.0000000000000000,-0.0042341208636676,0.0000000000008015,-0.0194670134404227,-0.0000000000001717,3.1194564578399708,3.0032226914,270.181
1.0228212851745624,-0.0000000000000000,-0.0046201719643425,0.0000000000100966,-0.0196805710863947,-0.0000000000022434,3.1185293986813627,3.0032033874,276.846
1.0227962878298491,-0.0000000000000003,-0.0050266112922590,0.0000000000015624,-0.0199193292475110,-0.0000000000004138,3.1174575207036166,3.0031813913,284.250
1.0227669636091048,-0.0000000000000000,-0.0054530548175764,0.0000000000008030,-0.0201838106837426,-0.0000000000002401,3.1162243923251012,3.0031565053,292.401
1.0227327448128936,-0.0000000000000003,-0.0058989725587693,0.0000000000064244,-0.0204741048141014,-0.0000000000018317,3.1148124786541751,3.0031285473,301.295
1.0226930362187259,-0.0000000000000000,-0.0063636812279338,0.0000000000012602,-0.0207898291821706,-0.0000000000003794,3.1132031429340663,3.0030973573,310.917
1.0226472268823641,-0.0000000000000003,-0.0068463387992449,0.0000000000116177,-0.0211301080548799,-0.0000000000037179,3.1113766204590325,3.0030628027,321.241
1.0225947064332872,-0.0000000000000000,-0.0073459255522662,0.0000000000011179,-0.0214935582520351,-0.0000000000003861,3.1093120840189306,3.0030247853,332.229
1.0225348821335065,-0.0000000000000003,-0.0078612504816481,0.0000000000034867,-0.0218783100654706,-0.0000000000012551,3.1069876266616014,3.0029832470,343.834
1.0224671996836106,-0.0000000000000000,-0.0083909416740756,0.0000000000050558,-0.0222820335063251,-0.0000000000019110,3.1043803480516940,3.0029381747,355.998
1.0223911613812802,-0.0000000000000003,-0.0089334703500821,0.0000000000042130,-0.0227020046944321,-0.0000000000016817,3.1014663200068622,3.0028896037,368.657
1.0223063429962858,-0.0000000000000003,-0.0094871761531783,0.0000000000007891,-0.0231351859701049,-0.0000000000003616,3.0982205384391439,3.0028376181,381.741
1.0222124058703130,-0.0000000000000000,-0.0100503074855849,0.0000000000025403,-0.0235783254866988,-0.0000000000011346,3.0946167845671941,3.0027823492,395.177
1.0221091024888866,-0.0000000000000003,-0.0106210732365563,0.0000000000084874,-0.0240280682589081,-0.0000000000038807,3.0906273330273519,3.0027239706,408.890
1.0219962750180536,-0.0000000000000003,-0.0111976983268243,0.0000000000007709,-0.0244810669163203,-0.0000000000003565,3.0862225329233408,3.0026626911,422.806
1.0218738514259293,-0.0000000000000004,-0.0117784568529202,0.0000000000000207,-0.0249340663611006,-0.0000000000001060,3.0813704070096919,3.0025987482,436.854
1.0217418198352657,-0.0000000000000004,-0.0123617734991317,0.0000000000025031,-0.0253840289698534,-0.0000000000012833,3.0760354712641562,3.0025323922,450.970
1.0216001809264548,-0.0000000000000004,-0.0129463630738214,-0.0000000000000027,-0.0258282697595102,-0.0000000000000385,3.0701766114989186,3.0024638644,465.099
1.0214482698378260,-0.0000000000000004,-0.0135336688550915,-0.0000000000000748,-0.0262662606932278,0.0000000000000201,3.0637174744724187,3.0023930915,479.253
1.0212878139260979,-0.0000000000000004,-0.0141162561216301,-0.0000000000002676,-0.0266910438390153,0.0000000000001404,3.0566775613598622,3.0023210940,493.236
1.0211182890075432,-0.0000000000000000,-0.0146957200367224,0.0000000000014661,-0.0271026030984362,-0.0000000000008195,3.0489753642916320,3.0022478223,507.071
1.0209398134367589,-0.0000000000000000,-0.0152711498849400,0.0000000000002077,-0.0274991802232468,-0.0000000000001178,3.0405497156216517,3.0021735306,520.723
1.0207524189627735,-0.0000000000000004,-0.0158418989712050,0.0000000000009729,-0.0278793239165587,-0.0000000000005900,3.0313283644895339,3.0020984415,534.167
1.0205562058014375,-0.0000000000000004,-0.0164070388610246,0.0000000000015470,-0.0282414978102202,-0.0000000000009463,3.0212350599056315,3.0020228147,547.373
1.0203512338366818,-0.0000000000000000,-0.0169656736072268,0.0000000000007196,-0.0285842840984436,-0.0000000000004719,3.0101843681218394,3.0019469065,560.316
1.0201375224969549,-0.0000000000000000,-0.0175168838775526,0.0000000000019716,-0.0289063232833390,-0.0000000000012338,2.9980814513001390,3.0018709749,572.971
1.0199150248807534,-0.0000000000000000,-0.0180597421130232,0.0000000000009434,-0.0292062962900471,-0.0000000000006039,2.9848205481392367,3.0017952773,585.314
1.0196836240958493,-0.0000000000000004,-0.0185932663247162,0.0000000000005530,-0.0294828668355208,-0.0000000000003412,2.9702846699460417,3.0017200758,597.324
1.0194431105344977,-0.0000000000000000,-0.0191164214629399,0.0000000000002646,-0.0297346486831401,-0.0000000000001844,2.9543443398973728,3.0016456369,608.979
1.0191931595242425,-0.0000000000000000,-0.0196281132425770,0.0000000000001153,-0.0299601621940540,-0.0000000000001026,2.9368563936227057,3.0015722331,620.257
1.0189333118931343,-0.0000000000000004,-0.0201271718061386,0.0000000000000440,-0.0301577800036221,0.0000000000000069,2.9176630543767552,3.0015001458,631.137
1.0186629395435340,-0.0000000000000000,-0.0206123606471779,-0.0000000000000440,-0.0303256755936637,0.0000000000000355,2.8965901041274895,3.0014296651,641.596
1.0183812160870160,-0.0000000000000004,-0.0210823674481890,-0.0000000000001918,-0.0304617529526352,0.0000000000000948,2.8734454973722623,3.0013610936,651.611
1.0180870798071824,-0.0000000000000000,-0.0215358024812752,-0.0000000000001800,-0.0305635670029562,0.0000000000001050,2.8480175734284736,3.0012947491,661.156
1.0177791883389675,-0.0000000000000000,-0.0219712012087238,-0.0000000000001495,-0.0306282286110632,0.0000000000000638,2.8200727747095944,3.0012309680,670.204
1.0174558689958497,-0.0000000000000000,-0.0223870218844278,-0.0000000000000058,-0.0306522873228338,0.0000000000000011,2.7893532750819099,3.0011701103,678.725
1.0171150569686134,-0.0000000000000004,-0.0227816463371999,-0.0000000000000385,-0.0306315875954093,0.0000000000000090,2.7555739127806702,3.0011125659,686.684
1.0167542539613275,-0.0000000000000000,-0.0231533460443056,0.0000000000000196,-0.0305610962074421,-0.0000000000000154,2.7184220216702060,3.0010587669,694.044
1.0163703733731204,-0.0000000000000004,-0.0235003498377365,0.0000000000000644,-0.0304346671059883,-0.0000000000000447,2.6775467779197188,3.0010091872,700.757
1.0159597167742680,-0.0000000000000000,-0.0238207454453412,0.0000000000001634,-0.0302447661414260,-0.0000000000000886,2.6325635770592779,3.0009643690,706.771
1.0155177753675373,-0.0000000000000004,-0.0241125222005425,-0.0000000000000337,-0.0299820733839404,0.0000000000000210,2.5830428538426711,3.0009249315,712.021
1.0150390913507963,-0.0000000000000000,-0.0243735070895245,-0.0000000000000789,-0.0296349812829143,0.0000000000000423,2.5285091047770218,3.0008915991,716.428
1.0145169676069117,-0.0000000000000004,-0.0246013441639370,-0.0000000000000279,-0.0291888385759460,0.0000000000000122,2.4684295743794036,3.0008652289,719.896
1.0139430846115105,-0.0000000000000000,-0.0247934151293894,-0.0000000000000199,-0.0286248430744559,-0.0000000000000072,2.4022028599020784,3.0008468554,722.302
1.0133646790472550,-0.0000000000000000,-0.0249350747591339,-0.0000000000000744,-0.0279857897736742,0.0000000000000249,2.3357466944989955,3.0008381369,723.441
1.0127183679785137,-0.0000000000000000,-0.0250423796734884,-0.0000000000000197,-0.0271956475718639,-0.0000000000000075,2.2623483236489501,3.0008384116,723.405
1.0120591646577877,-0.0000000000000000,-0.0251064052052952,-0.0000000000000369,-0.0263141538546906,0.0000000000000009,2.1888874860012280,3.0008479892,722.154
1.0113562861987730,-0.0000000000000002,-0.0251337349687146,-0.0000000000000300,-0.0252967221804141,0.0000000000000066,2.1125613707786628,3.0008669314,719.672
1.0108051544749757,-0.0000000000000000,-0.0251309319415566,0.0000000000001990,-0.0244464403229734,-0.0000000000002851,2.0544072766870833,3.0008871314,717.017
