x0,y0,z0,xd0,yd0,zd0,Tp,JC,stabilityIndex1,stabilityIndex2,alpha,beta,impactFlag,error
1.0177290067328977,0.0,-0.0000048655874111,0.0000000003116744,0.0119381029331997,0.0000017633359355,8.0330888959646725,3.0035387750545017,-1219.614913,2.000000,1217.6149133358163,-2437.2299136682414,1,1.8e-10
1.0177290050443895,0.0,-0.0000096862790031,0.0000000019603985,0.0119381042004290,0.0000055666783049,8.0330891959646724,3.0035387747070321,-1219.615274,2.000000,1217.6152742596339,-2437.2305620877305,1,2.8e-10
1.0177290033542625,0.0,-0.0000128111650739,0.0000000035515551,0.0119381054681511,0.0000076261846512,8.0330894959646724,3.0035387743595190,-1219.615618,2.000000,1217.6156180162006,-2437.2312231368851,1,2.6e-10
1.0177290016686755,0.0,-0.0000152956202270,0.0000000052055726,0.0119381067360772,0.0000093609532179,8.0330897959646723,3.0035387740120285,-1219.615961,2.000000,1217.6159606703313,-2437.2318674209528,1,2.1e-10
1.0177289999850527,0.0,-0.0000174240358755,0.0000000068817746,0.0119381080039323,0.0000108639455560,8.0330900959646723,3.0035387736645349,-1219.616279,2.000000,1217.6162793455567,-2437.2326123823877,1,2.1e-10
1.0177289983054443,0.0,-0.0000193084966171,0.0000000086113025,0.0119381092726252,0.0000122668769863,8.0330903959646722,3.0035387733170400,-1219.616626,2.000000,1217.6166258453954,-2437.2332893882412,1,5.7e-11
1.0177289966275058,0.0,-0.0000210213971701,0.0000000103565358,0.0119381105393271,0.0000135508974968,8.0330906959646722,3.0035387729695646,-1219.616989,2.000000,1217.6169893034669,-2437.2339022026863,1,3.6e-10
1.0177289949469350,0.0,-0.0000226101354465,0.0000000120701494,0.0119381118075834,0.0000146837708800,8.0330909959646721,3.0035387726220621,-1219.617294,2.000000,1217.6172936201431,-2437.2346761745866,1,3.9e-10
1.0177289932682221,0.0,-0.0000240906307007,0.0000000138058195,0.0119381130754462,0.0000157626949297,8.0330912959646721,3.0035387722745801,-1219.617648,2.000000,1217.6176479199664,-2437.2353230055887,1,1.4e-10
1.0177289916035765,0.0,-0.0000254572900810,0.0000000157156392,0.0119381143431598,0.0000169800773252,8.0330915959646720,3.0035387719270963,-1219.617988,2.000000,1217.6179883620823,-2437.2360588846495,1,8.3e-12
1.0177289899279520,0.0,-0.0000267750390452,0.0000000174870474,0.0119381156108129,0.0000179640053262,8.0330918959646720,3.0035387715796151,-1219.618326,2.000000,1217.6183264091201,-2437.2367190707009,1,1.2e-10
1.0177289882550233,0.0,-0.0000280261624253,0.0000000192900003,0.0119381168783540,0.0000189316834119,8.0330921959646719,3.0035387712321189,-1219.618683,2.000000,1217.6186825049417,-2437.2373632343952,1,1.9e-10
1.0177289865812282,0.0,-0.0000292250652247,0.0000000210830435,0.0119381181463025,0.0000198426138993,8.0330924959646719,3.0035387708846315,-1219.619015,2.000000,1217.6190148469652,-2437.2380676032044,1,7.0e-12
1.0177289849077045,0.0,-0.0000303763309574,0.0000000228782259,0.0119381194140668,0.0000207160865025,8.0330927959646719,3.0035387705371446,-1219.619357,2.000000,1217.6193571315082,-2437.2387627037242,1,9.9e-11
1.0177289832355643,0.0,-0.0000314831624870,0.0000000246907071,0.0119381206821305,0.0000215711693282,8.0330930959646718,3.0035387701896554,-1219.619718,2.000000,1217.6197179911132,-2437.2393914802233,1,4.8e-10
1.0177289815658512,0.0,-0.0000325487381418,0.0000000265305015,0.0119381219497478,0.0000224197141137,8.0330933959646718,3.0035387698421694,-1219.620051,2.000000,1217.6200514713421,-2437.2400721015874,1,2.7e-10
1.0177289798932192,0.0,-0.0000335848337182,0.0000000283357998,0.0119381232178928,0.0000232065414876,8.0330936959646717,3.0035387694946771,-1219.620382,2.000000,1217.6203820589812,-2437.2407626329223,1,1.5e-11
1.0177289521819661,0.0,-0.0000474671918608,0.0000000602676070,0.0119381443477483,0.0000349228234473,8.0330986959646715,3.0035387637032325,-1219.626072,2.000000,1217.6260717624225,-2437.2520970958285,1,1.2e-10
1.0177289245523344,0.0,-0.0000580519236720,0.0000000929950000,0.0119381654791122,0.0000440619106462,8.0331036959646731,3.0035387579117856,-1219.631732,2.000000,1217.6317324039035,-2437.2635047863005,1,3.4e-10
1.0177288969799418,0.0,-0.0000669409356604,0.0000001262722084,0.0119381866104239,0.0000518839983689,8.0331086959646729,3.0035387521203529,-1219.637422,2.000000,1217.6374214660475,-2437.2749150668969,1,5.3e-11
1.0177288694682742,0.0,-0.0000747393375243,0.0000001601311572,0.0119382077422491,0.0000589309872941,8.0331136959646727,3.0035387463288994,-1219.643090,2.000000,1217.6430896468835,-2437.2862930238480,1,2.2e-10
1.0177288419832000,0.0,-0.0000817812370489,0.0000001942177102,0.0119382288741338,0.0000653208088431,8.0331186959646725,3.0035387405375591,-1219.648776,2.000000,1217.6487757828020,-2437.2976336580468,1,1.4e-10
1.0177288145235563,0.0,-0.0000882481698975,0.0000002285371032,0.0119382500073664,0.0000712304186834,8.0331236959646724,3.0035387347461380,-1219.654466,2.000000,1217.6544656550548,-2437.3089384768391,1,7.6e-12
1.0177287871045502,0.0,-0.0000942509207246,0.0000002632210213,0.0119382711395646,0.0000768152875948,8.0331286959646722,3.0035387289548785,-1219.660157,2.000000,1217.6601574238032,-2437.3202848861692,1,3.6e-10
1.0177287597002866,0.0,-0.0000998858951460,0.0000002980316774,0.0119382922732932,0.0000820672830322,8.0331336959646720,3.0035387231635409,-1219.665826,2.000000,1217.6658263700663,-2437.3316499365028,1,1.2e-10
1.0177287323123938,0.0,-0.0001052115360858,0.0000003329845913,0.0119383134069928,0.0000870505765171,8.0331386959646718,3.0035387173721588,-1219.671502,2.000000,1217.6715023568502,-2437.3429845210630,1,4.5e-12
1.0177287049893866,0.0,-0.0001102508947668,0.0000003685122004,0.0119383345402569,0.0000919346919950,8.0331436959646716,3.0035387115811782,-1219.677178,2.000000,1217.6771783154029,-2437.3543426034739,1,5.8e-11
1.0177286776677321,0.0,-0.0001150683458312,0.0000004040647285,0.0119383556758372,0.0000965835503999,8.0331486959646714,3.0035387057896443,-1219.682844,2.000000,1217.6828442784144,-2437.3657411575550,1,1.5e-10
1.0177286503497638,0.0,-0.0001196908107906,0.0000004396236959,0.0119383768107064,0.0001010245795267,8.0331536959646730,3.0035386999983587,-1219.688526,2.000000,1217.6885262558926,-2437.3770791079151,1,1.6e-11
1.0177286230553082,0.0,-0.0001241317366782,0.0000004753821690,0.0119383979455669,0.0001053333219110,8.0331586959646728,3.0035386942071409,-1219.694207,2.000000,1217.6942067551690,-2437.3884418382077,1,1.5e-10
1.0177285960966493,0.0,-0.0001282858623515,0.0000005141748680,0.0119384190826539,0.0001102393576501,8.0331636959646726,3.0035386884157416,-1219.699882,2.000000,1217.6998820905810,-2437.3997885157587,1,2.2e-10
1.0177285688650062,0.0,-0.0001324148409663,0.0000005504534475,0.0119384402185631,0.0001143371366257,8.0331686959646724,3.0035386826246828,-1219.705561,2.000000,1217.7055607222132,-2437.4110704393825,1,1.0e-10
1.0177285416439219,0.0,-0.0001364147974078,0.0000005868224660,0.0119384613546594,0.0001183170731590,8.0331736959646722,3.0035386768334669,-1219.711236,2.000000,1217.7112358448358,-2437.4224603567272,1,2.8e-10
1.0177284323264961,0.0,-0.0001515066258950,0.0000007284121073,0.0119385459021824,0.0001322338634364,8.0331936959646715,3.0035386536688660,-1219.733917,2.000000,1217.7339167127618,-2437.4678596897284,1,1.5e-10
1.0177283229984979,0.0,-0.0001652292314760,0.0000008698669764,0.0119386304516818,0.0001447966662252,8.0332136959646725,3.0035386305048473,-1219.756589,2.000000,1217.7565892197276,-2437.5132114295848,1,6.4e-11
1.0177282138218573,0.0,-0.0001778523635700,0.0000010126641586,0.0119387150098395,0.0001566006485010,8.0332336959646717,3.0035386073403716,-1219.779238,2.000000,1217.7792379884031,-2437.5585793332430,1,4.9e-10
