x0,y0,z0,xd0,yd0,zd0,Tp,JC,stabilityIndex1,stabilityIndex2,alpha,beta,impactFlag,error
1.0187953494926880,0.0,-0.0000000000000009,0.0000000000000000,0.0023621075943086,-0.0000000000000494,22.9575961960181409,3.0045035849927810,15.401447,2.000000,-17.4014110493130,32.8023339487671,0,1.2e-12
1.0187956598509009,0.0,0.0000000000000312,0.0000000000000000,0.0023616866186126,-0.0001665407986328,22.9585961960181422,3.0045035496516892,15.464315,1.999838,-17.4641529677402,32.9261232152216,0,9.4e-12
1.0187942121058424,0.0,-0.0000000000020304,0.0000000000000000,0.0023647169159772,-0.0005765640064004,22.9595961960181434,3.0045032754093133,15.438154,1.998019,-17.4361728724854,32.8457214447062,0,2.9e-12
1.0187927640311725,0.0,0.0000000000002468,0.0000000000000000,0.0023677467403054,-0.0007981850533552,22.9605961960181411,3.0045030012218339,15.412141,1.996131,-17.4082718443696,32.7646488112216,0,6.8e-12
1.0187913156283237,0.0,-0.0000000000000453,0.0000000000000000,0.0023707760886134,-0.0009704411076033,22.9615961960181423,3.0045027270891405,15.386276,1.994174,-17.3804499229834,32.6829106514730,0,1.1e-11
1.0187898668963116,0.0,-0.0000000000377796,0.0000000000000000,0.0023738049611386,-0.0011164209790334,22.9625961960181435,3.0045024530112503,15.360559,1.992148,-17.3527066094357,32.6005035285744,0,1.2e-11
1.0187884178383064,0.0,-0.0000000000108009,0.0000000000000000,0.0023768333504520,-0.0012453989705860,22.9635961960181412,3.0045021789885067,15.334990,1.990053,-17.3250423546432,32.5174372743493,0,1.6e-11
1.0187869684546405,0.0,-0.0000000000052367,0.0000000000000000,0.0023798612556129,-0.0013622130607542,22.9645961960181424,3.0045019050208515,15.309569,1.987888,-17.2974570573146,32.4337146936746,0,1.7e-12
1.0187855187449188,0.0,-0.0000000000000385,0.0000000000000000,0.0023828886754920,-0.0014697664423781,22.9655961960181436,3.0045016311082358,15.284296,1.985655,-17.2699506697833,32.3493397062929,0,2.6e-12
1.0187840687120637,0.0,-0.0000000000056112,0.0000000000000000,0.0023859156045342,-0.0015699635053573,22.9665961960181413,3.0045013572507453,15.259171,1.983353,-17.2425231083027,32.2643150303774,0,9.0e-12
1.0187826183552857,0.0,0.0000000000001280,0.0000000000000000,0.0023889420423924,-0.0016641335243844,22.9675961960181425,3.0045010834485284,15.234194,1.980981,-17.2151745638315,32.1786472187232,0,1.3e-12
1.0187811676762830,0.0,-0.0000000000004658,0.0000000000000000,0.0023919679851006,-0.0017532479455643,22.9685961960181437,3.0045008097015686,15.209365,1.978540,-17.1879047169634,32.0923358757072,0,1.4e-11
1.0187797166760471,0.0,-0.0000000000005792,0.0000000000000000,0.0023949934296693,-0.0018380422320543,22.9695961960181414,3.0045005360099712,15.184684,1.976030,-17.1607139270342,32.0053901307642,0,1.2e-11
1.0187782653555495,0.0,-0.0000000000004502,0.0000000000000000,0.0023980183733928,-0.0019190891187550,22.9705961960181426,3.0045002623737722,15.160151,1.973451,-17.1336018744702,31.9178099863371,0,2.4e-11
1.0187768137148707,0.0,0.0000000000007091,0.0000000000000000,0.0024010428146993,-0.0019968449452860,22.9715961960181438,3.0044999887930408,15.135767,1.970802,-17.1065687861208,31.8296025003190,0,1.3e-11
1.0187753617564235,0.0,0.0000000000004083,0.0000000000000000,0.0024040667485639,-0.0020716802980295,22.9725961960181415,3.0044997152678303,15.111530,1.968085,-17.0796145318531,31.7407698311131,0,7.0e-12
1.0187739094794521,0.0,-0.0000000000002780,0.0000000000000000,0.0024070901747421,-0.0021439010248907,22.9735961960181427,3.0044994417982189,15.087441,1.965298,-17.0527391483669,31.6513169788562,0,1.1e-11
1.0187724568857288,0.0,-0.0000000000009527,0.0000000000000000,0.0024101130892837,-0.0022137630280722,22.9745961960181440,3.0044991683842475,15.063500,1.962442,-17.0259423836766,31.5612444115529,0,4.1e-12
1.0187710039764748,0.0,-0.0000000000011435,0.0000000000000000,0.0024131354889974,-0.0022814829919420,22.9755961960181416,3.0044988950259741,15.039708,1.959517,-16.9992243825679,31.4705582920956,0,9.8e-12
1.0187695507518162,0.0,0.0000000000006304,0.0000000000000000,0.0024161573722090,-0.0023472463183664,22.9765961960181428,3.0044986217234682,15.016063,1.956523,-16.9725853711061,31.3792661703839,0,2.7e-12
1.0187680972132320,0.0,0.0000000000001087,0.0000000000000000,0.0024191787354543,-0.0024112131008817,22.9775961960181441,3.0044983484767811,14.992566,1.953459,-16.9460250387632,31.2873678074051,0,1.9e-12
1.0187666433613527,0.0,0.0000000000001186,0.0000000000000000,0.0024221995764615,-0.0024735227190604,22.9785961960181417,3.0044980752859685,14.969216,1.950327,-16.9195434064795,31.1948677737715,0,1.6e-11
1.0187651891971470,0.0,-0.0000000000036896,0.0000000000000000,0.0024252198924216,-0.0025342974038095,22.9795961960181430,3.0044978021510773,14.946015,1.947126,-16.8931403164975,31.1017678478393,0,1.5e-11
1.0187637347217908,0.0,0.0000000000013351,0.0000000000000000,0.0024282396801486,-0.0025936450453221,22.9805961960181442,3.0044975290721960,14.922961,1.943855,-16.8668160776262,31.0080769983183,0,1.7e-11
1.0187622799350586,0.0,0.0000000000010900,0.0000000000000000,0.0024312589387242,-0.0026516614672447,22.9815961960181419,3.0044972560493588,14.900054,1.940516,-16.8405704178770,30.9137953449414,0,4.2e-12
1.0187608248397639,0.0,-0.0000000000001793,0.0000000000000000,0.0024342776626849,-0.0027084322066922,22.9825961960181431,3.0044969830826069,14.877295,1.937108,-16.8144033545544,30.8189276915712,0,6.9e-12
1.0187593694347843,0.0,0.0000000000004380,0.0000000000000000,0.0024372958523014,-0.0027640340186099,22.9835961960181407,3.0044967101720306,14.854684,1.933631,-16.7883151164841,30.7234815678052,0,4.3e-12
1.0187579137221787,0.0,0.0000000000011213,0.0000000000000000,0.0024403135032415,-0.0028185360760243,22.9845961960181420,3.0044964373176701,14.832220,1.930086,-16.7623052178575,30.6274540489580,0,3.4e-12
1.0187564577025958,0.0,0.0000000000003272,0.0000000000000000,0.0024433306131167,-0.0028720009892308,22.9855961960181432,3.0044961645195638,14.809903,1.926471,-16.7363739706684,30.5308542729322,0,2.8e-12
1.0187550013764659,0.0,-0.0000000000000566,0.0000000000000000,0.0024463471801680,-0.0029244856338593,22.9865961960181409,3.0044958917777977,14.787733,1.922788,-16.7105210644524,30.4336816541452,0,4.6e-12
1.0187535447451501,0.0,0.0000000000019308,0.0000000000000000,0.0024493632009348,-0.0029760418722057,22.9875961960181421,3.0044956190923999,14.765710,1.919037,-16.6847468446035,30.3359461063393,0,3.7e-12
1.0187520878097331,0.0,-0.0000000000000308,0.0000000000000000,0.0024523786725381,-0.0030267171395727,22.9885961960181433,3.0044953464634410,14.743834,1.915217,-16.6590509367502,30.2376462072801,0,1.0e-11
1.0187506305705099,0.0,0.0000000000069603,0.0000000000000000,0.0024553935937343,-0.0030765549638341,22.9895961960181410,3.0044950738909950,14.722104,1.911329,-16.6334336956401,30.1387909171499,0,2.2e-11
1.0187491730283746,0.0,-0.0000000000001421,0.0000000000000000,0.0024584079605955,-0.0031255954143055,22.9905961960181422,3.0044948013750359,14.700522,1.907373,-16.6078945416684,30.0393779227969,0,1.5e-11
1.0187477151844806,0.0,0.0000000000001842,0.0000000000000000,0.0024614217713519,-0.0031738754340830,22.9915961960181434,3.0044945289156995,14.679085,1.903349,-16.5824338820036,29.9394160055683,0,2.1e-12
1.0187462570395851,0.0,0.0000000000007692,0.0000000000000000,0.0024644350233029,-0.0032214292145779,22.9925961960181411,3.0044942565130111,14.657795,1.899256,-16.5570515961267,29.8389080699858,0,2.5e-12
1.0187447985949301,0.0,-0.0000000000014945,0.0000000000000000,0.0024674477132166,-0.0032682884528474,22.9935961960181423,3.0044939841670173,14.636652,1.895096,-16.5317474093795,29.7378547721593,0,1.7e-11
1.0187433398500108,0.0,0.0000000000027886,0.0000000000000000,0.0024704598407390,-0.0033144826052892,22.9945961960181435,3.0044937118777906,14.615654,1.890867,-16.5065216426404,29.6362648445242,0,1.7e-11
1.0187418808075952,0.0,-0.0000000000004904,0.0000000000000000,0.0024734714003119,-0.0033600390976993,22.9955961960181412,3.0044934396453500,14.594802,1.886572,-16.4813741617131,29.5341412802350,0,5.9e-12
1.0187404214670701,0.0,0.0000000000001299,0.0000000000000000,0.0024764823917494,-0.0034049835224874,22.9965961960181424,3.0044931674697777,14.574096,1.882208,-16.4563045080796,29.4314816233464,0,5.8e-12
1.0187389618294913,0.0,0.0000000000030937,0.0000000000000000,0.0024794928121831,-0.0034493398027968,22.9975961960181436,3.0044928953511159,14.553536,1.877777,-16.4313133166490,29.3282993822480,0,5.7e-12
1.0187375018961833,0.0,-0.0000000000012825,0.0000000000000000,0.0024825026583744,-0.0034931303384368,22.9985961960181413,3.0044926232894191,14.533121,1.873279,-16.4064000603575,29.2245915105658,0,1.3e-11
1.0187360416677349,0.0,0.0000000000012522,0.0000000000000000,0.0024855119284535,-0.0035363761462181,22.9995961960181425,3.0044923512847226,14.512851,1.868714,-16.3815648705437,29.1203642459935,0,4.7e-12
1.0187345811451933,0.0,-0.0000000000000554,0.0000000000000000,0.0024885206192706,-0.0035790969664647,23.0005961960181438,3.0044920793370937,14.492726,1.864081,-16.3568076930086,29.0156214938388,0,2.3e-12
1.0187331203292005,0.0,-0.0000000000004448,0.0000000000000000,0.0024915287290266,-0.0036213113780052,23.0015961960181414,3.0044918074465734,14.472746,1.859382,-16.3321284999759,28.9103669955228,0,9.6e-12
1.0187316592203648,0.0,-0.0000000000017823,0.0000000000000000,0.0024945362552247,-0.0036630368854361,23.0025961960181426,3.0044915356132260,14.452911,1.854616,-16.3075272225649,28.8046045775327,0,2.8e-12
1.0187301978192997,0.0,-0.0000000000094848,0.0000000000000000,0.0024975431960487,-0.0037042900073221,23.0035961960181439,3.0044912638371062,14.433220,1.849784,-16.2830038426699,28.6983384068619,0,2.3e-11
1.0187287361276689,0.0,-0.0000000000324951,0.0000000000000000,0.0025005495476428,-0.0037450863641522,23.0045961960181415,3.0044909921181495,14.413673,1.844885,-16.2585581984738,28.5915716836561,0,5.5e-11
1.0187272741459952,0.0,-0.0000000000004707,0.0000000000000000,0.0025035553084681,-0.0037854406921688,23.0055961960181428,3.0044907204566322,14.394270,1.839920,-16.2341904416555,28.4843070231305,0,1.9e-11
1.0187258118745495,0.0,-0.0000000000006816,0.0000000000000000,0.0025065604764106,-0.0038253670028465,23.0065961960181440,3.0044904488524291,14.375011,1.834889,-16.2099002640917,28.3765490752593,0,8.9e-12
1.0187243493147842,0.0,-0.0000000000094832,0.0000000000000000,0.0025095650482429,-0.0038648785561220,23.0075961960181417,3.0044901773055948,14.355896,1.829792,-16.1856878189864,28.2683034091030,0,1.9e-11
1.0187228864667306,0.0,0.0000000000002436,0.0000000000000000,0.0025125690229879,-0.0039039879298309,23.0085961960181429,3.0044899058162966,14.336924,1.824629,-16.1615531670885,28.1595736383691,0,3.4e-12
1.0187214233322217,0.0,0.0000000000023259,0.0000000000000000,0.0025155723966294,-0.0039427071033754,23.0095961960181441,3.0044896343844516,14.318095,1.819401,-16.1374960245667,28.0503620189236,0,7.3e-12
1.0187199599117156,0.0,-0.0000000000004672,0.0000000000000000,0.0025185751671150,-0.0039810474527590,23.0105961960181418,3.0044893630101739,14.299408,1.814108,-16.1135164248917,27.9406731643690,0,8.1e-12
1.0187184962056555,0.0,-0.0000000000004514,0.0000000000000000,0.0025215773329312,-0.0040190198206333,23.0115961960181430,3.0044890916934941,14.280865,1.808750,-16.0896141769240,27.8305084764480,0,1.0e-11
1.0187170322147714,0.0,0.0000000000007469,0.0000000000000000,0.0025245788917454,-0.0040566345386516,23.0125961960181442,3.0044888204344598,14.262463,1.803326,-16.0657896147603,27.7198773929077,0,3.5e-12
1.0187155679406095,0.0,0.0000000000000434,0.0000000000000000,0.0025275798399776,-0.0040939014601482,23.0135961960181419,3.0044885492331237,14.244204,1.797839,-16.0420423641831,27.6087792058797,0,1.7e-12
1.0187141033830764,0.0,-0.0000000000003322,0.0000000000000000,0.0025305801768632,-0.0041308299990615,23.0145961960181431,3.0044882780895321,14.226086,1.792286,-16.0183722698382,27.4972165046170,0,4.8e-12
1.0187126385438356,0.0,-0.0000000000009162,0.0000000000000000,0.0025335798986422,-0.0041674291469917,23.0155961960181408,3.0044880070037268,14.208110,1.786669,-15.9947795897484,27.3851969222682,0,1.9e-11
1.0187111734231851,0.0,-0.0000000000005365,0.0000000000000000,0.0025365790038389,-0.0042037075080797,23.0165961960181420,3.0044877359757440,14.190275,1.780989,-15.9712641281011,27.2727224656963,0,4.5e-12
1.0187097080214986,0.0,-0.0000000000009576,0.0000000000000000,0.0025395774907158,-0.0042396733141207,23.0175961960181432,3.0044874650056519,14.172581,1.775245,-15.9478259864220,27.1597990581486,0,8.1e-12
1.0187082423398075,0.0,-0.0000000000005532,0.0000000000000000,0.0025425753565166,-0.0042753344516754,23.0185961960181409,3.0044871940934881,14.155028,1.769437,-15.9244647751462,27.0464260388988,0,1.6e-12
1.0187067763795050,0.0,0.0000000000129758,0.0000000000000000,0.0025455725983319,-0.0043106984681813,23.0195961960181421,3.0044869232393849,14.137615,1.763565,-15.9011806499323,26.9326087281515,0,3.0e-11
1.0187053101408929,0.0,-0.0000000000010118,0.0000000000000000,0.0025485692145112,-0.0043457726475863,23.0205961960181433,3.0044866524431231,14.120342,1.757631,-15.8779735507532,26.8183541222289,0,2.0e-12
1.0187038436246230,0.0,-0.0000000000006089,0.0000000000000000,0.0025515652028424,-0.0043805639218610,23.0215961960181410,3.0044863817050000,14.103209,1.751634,-15.8548433179175,26.7036616916706,0,3.0e-12
1.0187023768314016,0.0,0.0000000000005165,0.0000000000000000,0.0025545605613172,-0.0044150789851032,23.0225961960181422,3.0044861110249932,14.086216,1.745574,-15.8317901022816,26.5885384244916,0,2.0e-12
1.0187009097627762,0.0,-0.0000000000016142,0.0000000000000000,0.0025575552864924,-0.0044493242633010,23.0235961960181434,3.0044858404031318,14.069361,1.739453,-15.8088136004346,26.4729855254498,0,5.8e-12
1.0186994424188807,0.0,0.0000000000000455,0.0000000000000000,0.0025605493772407,-0.0044833059393316,23.0245961960181411,3.0044855698394581,14.052645,1.733269,-15.7859138969371,26.3570077262316,0,2.5e-12
1.0186979748004561,0.0,-0.0000000000010581,0.0000000000000000,0.0025635428311949,-0.0045170299601128,23.0255961960181423,3.0044852993340232,14.036068,1.727023,-15.7630909615485,26.2406101277800,0,8.7e-12
1.0186965069080169,0.0,-0.0000000000005344,0.0000000000000000,0.0025665356465875,-0.0045505020527768,23.0265961960181436,3.0044850288868776,14.019629,1.720716,-15.7403447426980,26.1237958640704,0,2.9e-12
1.0186950387429332,0.0,0.0000000000002808,0.0000000000000000,0.0025695278203317,-0.0045837277357523,23.0275961960181412,3.0044847584980428,14.003328,1.714347,-15.7176749344214,26.0065657389875,0,3.3e-12
1.0186935703057858,0.0,-0.0000000000002022,0.0000000000000000,0.0025725193505205,-0.0046167123257367,23.0285961960181425,3.0044844881675852,13.987164,1.707918,-15.6950817305377,25.8889267443167,0,8.8e-13
1.0186921015970942,0.0,0.0000000000040098,0.0000000000000000,0.0025755102354552,-0.0046494609548699,23.0295961960181437,3.0044842178955311,13.971137,1.701428,-15.6725649491768,25.7708804647893,0,1.1e-11
1.0186906326177601,0.0,0.0000000000015595,0.0000000000000000,0.0025785004724888,-0.0046819785734599,23.0305961960181413,3.0044839476819205,13.955247,1.694877,-15.6501246404496,25.6524332304933,0,8.7e-12
1.0186891633686597,0.0,0.0000000000003912,0.0000000000000000,0.0025814900593411,-0.0047142699577506,23.0315961960181426,3.0044836775268182,13.939494,1.688267,-15.6277606124511,25.5335863737573,0,2.6e-12
1.0186876938497829,0.0,0.0000000000012190,0.0000000000000000,0.0025844789951146,-0.0047463397278903,23.0325961960181438,3.0044834074302491,13.923876,1.681597,-15.6054728579211,25.4143442139303,0,5.2e-12
1.0186862240635357,0.0,-0.0000000000000116,0.0000000000000000,0.0025874672752260,-0.0047781923414381,23.0335961960181415,3.0044831373922474,13.908394,1.674867,-15.5832613092188,25.2947104486549,0,1.7e-12
1.0186847540090973,0.0,-0.0000000000015092,0.0000000000000000,0.0025904548997222,-0.0048098321141796,23.0345961960181427,3.0044828674128694,13.893048,1.668078,-15.5611258501280,25.1746879328062,0,3.3e-12
1.0186832836878752,0.0,0.0000000000055890,0.0000000000000000,0.0025934418656299,-0.0048412632156353,23.0355961960181439,3.0044825974921627,13.877836,1.661230,-15.5390666370656,25.0542832212637,0,1.1e-11
1.0186818131000346,0.0,-0.0000000000012411,0.0000000000000000,0.0025964281716449,-0.0048724896893275,23.0365961960181416,3.0044823276301216,13.862759,1.654324,-15.5170833414961,24.9334976089730,0,4.0e-12
1.0186803422470332,0.0,-0.0000000000007411,0.0000000000000000,0.0025994138145767,-0.0049035154368715,23.0375961960181428,3.0044820578268356,13.847816,1.647360,-15.4951758632938,24.8123329002830,0,7.9e-12
1.0186788711289601,0.0,-0.0000000000007449,0.0000000000000000,0.0026023987932759,-0.0049343442456396,23.0385961960181440,3.0044817880823400,13.833007,1.640337,-15.4733443859481,24.6907965618510,0,9.3e-12
1.0186773997471268,0.0,-0.0000000000000007,0.0000000000000000,0.0026053831049942,-0.0049649797842055,23.0395961960181417,3.0044815183966507,13.818331,1.633257,-15.4515887229002,24.5688904062340,0,7.7e-12
1.0186759281020392,0.0,0.0000000000005760,0.0000000000000000,0.0026083667477258,-0.0049954256070749,23.0405961960181429,3.0044812487698196,13.803789,1.626120,-15.4299087095551,24.4466172548836,0,9.4e-12
1.0186744561945626,0.0,-0.0000000000005047,0.0000000000000000,0.0026113497193728,-0.0050256851597531,23.0415961960181441,3.0044809792018965,13.789379,1.618926,-15.4083044776957,24.3239829849764,0,1.9e-11
1.0186729840246134,0.0,0.0000000000066059,0.0000000000000000,0.0026143320188989,-0.0050557617877293,23.0425961960181418,3.0044807096929245,13.775101,1.611675,-15.3867759105068,24.2009902334006,0,1.3e-11
1.0186715115940124,0.0,-0.0000000000012656,0.0000000000000000,0.0026173136429019,-0.0050856587380827,23.0435961960181430,3.0044804402428893,13.760954,1.604368,-15.3653226975720,24.0776410091568,0,1.3e-11
1.0186700389029275,0.0,-0.0000000000000703,0.0000000000000000,0.0026202945899726,-0.0051153791560186,23.0445961960181442,3.0044801708518905,13.746939,1.597006,-15.3439449504470,23.9539394648738,0,8.9e-12
1.0186685659519994,0.0,-0.0000000000005569,0.0000000000000000,0.0026232748582871,-0.0051449261025875,23.0455961960181419,3.0044799015199422,13.733055,1.589587,-15.3226426361092,23.8298905907355,0,1.3e-11
1.0186670927421768,0.0,0.0000000000001612,0.0000000000000000,0.0026262544453185,-0.0051743025470531,23.0465961960181431,3.0044796322470959,13.719302,1.582114,-15.3014156913762,23.7054976487799,0,7.6e-12
1.0186656192741523,0.0,-0.0000000000001252,0.0000000000000000,0.0026292333493373,-0.0052035113786844,23.0475961960181408,3.0044793630333659,13.705678,1.574586,-15.2802640454607,23.5807649068389,0,2.7e-12
1.0186641455486602,0.0,-0.0000000000001579,0.0000000000000000,0.0026322115681500,-0.0052325554022343,23.0485961960181420,3.0044790938788055,13.692185,1.567003,-15.2591873134219,23.4556910393357,0,1.4e-11
1.0186626715658986,0.0,0.0000000000003477,0.0000000000000000,0.0026351891005941,-0.0052614373484474,23.0495961960181432,3.0044788247834440,13.678820,1.559366,-15.2381859802673,23.3302871096092,0,3.4e-12
1.0186611973268449,0.0,-0.0000000000000344,0.0000000000000000,0.0026381659441904,-0.0052901598689076,23.0505961960181409,3.0044785557473377,13.665584,1.551675,-15.2172595820351,23.2045519613835,0,8.3e-13
1.0186597228331304,0.0,-0.0000000000001449,0.0000000000000000,0.0026411420956972,-0.0053187255463299,23.0515961960181421,3.0044782867704942,13.652477,1.543931,-15.1964079594124,23.0784876750986,0,6.6e-12
1.0186582480838959,0.0,-0.0000000000000004,0.0000000000000000,0.0026441175554126,-0.0053471368958922,23.0525961960181434,3.0044780178529704,13.639497,1.536134,-15.1756313271256,22.9521013162873,0,6.6e-12
1.0186567730810197,0.0,0.0000000000012124,0.0000000000000000,0.0026470923197382,-0.0053753963625997,23.0535961960181410,3.0044777489947871,13.626645,1.528285,-15.1549296203089,22.8253969282044,0,1.5e-11
1.0186552978242691,0.0,-0.0000000000002988,0.0000000000000000,0.0026500663878863,-0.0054035063286628,23.0545961960181423,3.0044774801960084,13.613919,1.520383,-15.1343026659118,22.6983767448963,0,1.4e-11
1.0186538223153234,0.0,0.0000000000002259,0.0000000000000000,0.0026530397566500,-0.0054314691154808,23.0555961960181435,3.0044772114566380,13.601320,1.512430,-15.1137501631037,22.5710412924861,0,1.9e-12
1.0186523465540536,0.0,-0.0000000000002218,0.0000000000000000,0.0026560124252305,-0.0054592869847743,23.0565961960181411,3.0044769427767273,13.588848,1.504425,-15.0932722632314,22.4433966543023,0,6.0e-12
1.0186508705415067,0.0,-0.0000000000012556,0.0000000000000000,0.0026589843912709,-0.0054869621390014,23.0575961960181424,3.0044766741563138,13.576500,1.496369,-15.0728689539454,22.3154477985145,0,7.8e-12
1.0186493942784809,0.0,-0.0000000000002116,0.0000000000000000,0.0026619556525194,-0.0055144967241737,23.0585961960181436,3.0044764055954585,13.564278,1.488262,-15.0525399929489,22.1871953356218,0,2.4e-12
1.0186479177648660,0.0,0.0000000000002798,0.0000000000000000,0.0026649262085903,-0.0055418928451906,23.0595961960181413,3.0044761370941027,13.552181,1.480105,-15.0322854820504,22.0586454086278,0,6.8e-12
1.0186464410022109,0.0,0.0000000000028122,0.0000000000000000,0.0026678960560599,-0.0055691525361366,23.0605961960181425,3.0044758686523609,13.540208,1.471898,-15.0121053198830,21.9298011641116,0,7.6e-12
1.0186449639914259,0.0,0.0000000000043490,0.0000000000000000,0.0026708651927034,-0.0055962777902242,23.0615961960181437,3.0044756002702631,13.528358,1.463641,-14.9919991947688,21.8006629785599,0,1.2e-11
1.0186434867327345,0.0,-0.0000000000023745,0.0000000000000000,0.0026738336172104,-0.0056232705548763,23.0625961960181414,3.0044753319478308,13.516631,1.455336,-14.9719670329802,21.6712353805901,0,2.5e-11
1.0186420092260584,0.0,0.0000000000005635,0.0000000000000000,0.0026768013291859,-0.0056501327307065,23.0635961960181426,3.0044750636850939,13.505028,1.446982,-14.9520092597295,21.5415263094068,0,2.0e-12
1.0186405314729836,0.0,-0.0000000000005343,0.0000000000000000,0.0026797683250563,-0.0056768661681254,23.0645961960181438,3.0044747954820989,13.493546,1.438579,-14.9321253163272,21.4115344623314,0,1.4e-11
1.0186390534739935,0.0,0.0000000000003641,0.0000000000000000,0.0026827346035879,-0.0057034726798513,23.0655961960181415,3.0044745273388527,13.482186,1.430129,-14.9123151661293,21.2812632382085,0,1.5e-11
1.0186375752296302,0.0,0.0000000000008597,0.0000000000000000,0.0026857001628837,-0.0057299540316245,23.0665961960181427,3.0044742592554172,13.470948,1.421631,-14.8925790313197,21.1507199348561,0,5.7e-12
1.0186360967406656,0.0,-0.0000000000005353,0.0000000000000000,0.0026886650009290,-0.0057563119513168,23.0675961960181439,3.0044739912318166,13.459830,1.413086,-14.8729164348294,21.0199035233854,0,8.4e-12
1.0186346180082095,0.0,-0.0000000000014004,0.0000000000000000,0.0026916291155136,-0.0057825481274393,23.0685961960181416,3.0044737232680609,13.448832,1.404495,-14.8533275128888,20.8888193576395,0,7.0e-12
1.0186331390318264,0.0,-0.0000000000010878,0.0000000000000000,0.0026945925061898,-0.0058086642085246,23.0695961960181428,3.0044734553642241,13.437955,1.395858,-14.8338122686858,20.7574720382968,0,1.7e-12
1.0186316598131142,0.0,-0.0000000000001184,0.0000000000000000,0.0026975551699715,-0.0058346618086668,23.0705961960181440,3.0044731875202944,13.427196,1.387174,-14.8143703636615,20.6258621296275,0,7.3e-12
1.0186301803523246,0.0,-0.0000000000009409,0.0000000000000000,0.0027005171054415,-0.0058605425026114,23.0715961960181417,3.0044729197363398,13.416556,1.378446,-14.7950019225355,20.4939954142557,0,3.4e-12
1.0186287006498500,0.0,0.0000000000010990,0.0000000000000000,0.0027034783114679,-0.0058863078346495,23.0725961960181429,3.0044726520123679,13.406035,1.369672,-14.7757068987620,20.3618750850723,0,1.2e-11
1.0186272207070981,0.0,-0.0000000000083149,0.0000000000000000,0.0027064387844940,-0.0059119593130033,23.0735961960181442,3.0044723843483969,13.395630,1.360854,-14.7564848114617,20.2295020537604,0,3.1e-11
1.0186257405239776,0.0,-0.0000000000000732,0.0000000000000000,0.0027093985252011,-0.0059374984076221,23.0745961960181418,3.0044721167445361,13.385344,1.351992,-14.7373362077496,20.0968822903477,0,7.0e-12
1.0186242601020097,0.0,-0.0000000000012157,0.0000000000000000,0.0027123575293497,-0.0059629265687537,23.0755961960181430,3.0044718492007259,13.375174,1.343087,-14.7182604841188,19.9640176126527,0,8.0e-12
1.0186227794406626,0.0,0.0000000000026151,0.0000000000000000,0.0027153157972164,-0.0059882452090531,23.0765961960181443,3.0044715817170338,13.365120,1.334138,-14.6992579288936,19.8309134662493,0,7.7e-12
1.0186212985416609,0.0,0.0000000000080854,0.0000000000000000,0.0027182733258308,-0.0060134557087888,23.0775961960181419,3.0044713142934967,13.355182,1.325146,-14.6803281868742,19.6975702110904,0,2.3e-11
1.0186198174044581,0.0,-0.0000000000005446,0.0000000000000000,0.0027212301144480,-0.0060385594281377,23.0785961960181432,3.0044710469301132,13.345359,1.316113,-14.6614712927896,19.5639950339542,0,2.3e-12
1.0186183360306591,0.0,0.0000000000049432,0.0000000000000000,0.0027241861607998,-0.0060635576879560,23.0795961960181408,3.0044707796269488,13.335650,1.307037,-14.6426871449895,19.4301868568964,0,1.4e-11
1.0186168544206340,0.0,0.0000000000001922,0.0000000000000000,0.0027271414627761,-0.0060884517887411,23.0805961960181421,3.0044705123840281,13.326056,1.297920,-14.6239755522840,19.2961513410283,0,2.4e-12
1.0186153725752904,0.0,-0.0000000000006439,0.0000000000000000,0.0027300960188737,-0.0061132430039797,23.0815961960181433,3.0044702452013579,13.316575,1.288762,-14.6053367293744,19.1618932444064,0,9.2e-12
1.0186138904946611,0.0,-0.0000000000005177,0.0000000000000000,0.0027330498280161,-0.0061379325802407,23.0825961960181409,3.0044699780789896,13.307207,1.279563,-14.5867702261700,19.0274116428762,0,4.5e-12
1.0186124081798316,0.0,-0.0000000000004462,0.0000000000000000,0.0027360028879444,-0.0061625217392108,23.0835961960181422,3.0044697110169389,13.297952,1.270324,-14.5682762516802,18.8927138452303,0,6.5e-12
1.0186109256310825,0.0,-0.0000000000009080,0.0000000000000000,0.0027389551972405,-0.0061870116781173,23.0845961960181434,3.0044694440152497,13.288808,1.261046,-14.5498545648887,18.7578011567565,0,6.0e-12
1.0186094428495145,0.0,-0.0000000000035275,0.0000000000000000,0.0027419067538662,-0.0062114035710972,23.0855961960181411,3.0044691770739318,13.279776,1.251729,-14.5315052134580,18.6226785793295,0,8.9e-12
1.0186079598352373,0.0,-0.0000000000020040,0.0000000000000000,0.0027448575567422,-0.0062356985688719,23.0865961960181423,3.0044689101930286,13.270855,1.242373,-14.5132278897556,18.4873460490912,0,1.4e-11
1.0186064765887515,0.0,0.0000000000000117,0.0000000000000000,0.0027478076044366,-0.0062598978013958,23.0875961960181435,3.0044686433725527,13.262045,1.232978,-14.4950227273877,18.3518096471347,0,8.3e-12
1.0186049931112919,0.0,0.0000000000052400,0.0000000000000000,0.0027507568944375,-0.0062840023723804,23.0885961960181412,3.0044683766125502,13.253344,1.223546,-14.4768895617579,18.2160715073951,0,1.8e-11
1.0186035094034873,0.0,-0.0000000000001132,0.0000000000000000,0.0027537054248173,-0.0063080133686085,23.0895961960181424,3.0044681099130339,13.244752,1.214076,-14.4588281555249,18.0801349308499,0,5.4e-12
1.0186020254656716,0.0,-0.0000000000011273,0.0000000000000000,0.0027566531946365,-0.0063319318546384,23.0905961960181436,3.0044678432740417,13.236269,1.204569,-14.4408386500475,17.9440034577642,0,3.0e-12
1.0186005412977037,0.0,0.0000000000001628,0.0000000000000000,0.0027596002033986,-0.0063557588769382,23.0915961960181413,3.0044675766955975,13.227895,1.195026,-14.4229210057365,17.8076814430086,0,1.5e-11
1.0185990569013617,0.0,-0.0000000000010186,0.0000000000000000,0.0027625464475638,-0.0063794954578600,23.0925961960181425,3.0044673101777337,13.219628,1.185447,-14.4050749174279,17.6711702218776,0,6.4e-12
1.0185975722769069,0.0,-0.0000000000001165,0.0000000000000000,0.0027654919262441,-0.0064031426067844,23.0935961960181437,3.0044670437204450,13.211468,1.175832,-14.3873002202418,17.5344712656338,0,1.3e-12
1.0185960874246156,0.0,-0.0000000000014469,0.0000000000000000,0.0027684366382073,-0.0064267013082863,23.0945961960181414,3.0044667773238056,13.203415,1.166183,-14.3695973241518,17.3975942176496,0,1.0e-11
1.0185946023451624,0.0,0.0000000000000501,0.0000000000000000,0.0027713805818559,-0.0064501725342117,23.0955961960181426,3.0044665109878084,13.195467,1.156498,-14.3519655747235,17.2605347813035,0,4.8e-13
1.0185931170397451,0.0,-0.0000000000000447,0.0000000000000000,0.0027743237546114,-0.0064735572342863,23.0965961960181438,3.0044662447124924,13.187626,1.146780,-14.3344052351077,17.1233010770175,0,3.5e-12
1.0185916315079946,0.0,0.0000000000002328,0.0000000000000000,0.0027772661563829,-0.0064968563451351,23.0975961960181415,3.0044659784978847,13.179889,1.137027,-14.3169160502697,16.9858939511757,0,1.0e-11
1.0185901457513755,0.0,-0.0000000000004533,0.0000000000000000,0.0027802077843685,-0.0065200707835897,23.0985961960181427,3.0044657123440026,13.172256,1.127242,-14.2994979569675,16.8483168186010,0,1.1e-12
1.0185886597699683,0.0,0.0000000000000105,0.0000000000000000,0.0027831486377227,-0.0065432014520347,23.0995961960181440,3.0044654462508760,13.164728,1.117423,-14.2821511178481,16.7105757570970,0,7.9e-12
1.0185871735645329,0.0,-0.0000000000003436,0.0000000000000000,0.0027860887145991,-0.0065662492350963,23.1005961960181416,3.0044651802185389,13.157302,1.107573,-14.2648749755261,16.5726685319894,0,2.1e-12
1.0185856871355985,0.0,0.0000000000007208,0.0000000000000000,0.0027890280137763,-0.0065892150049666,23.1015961960181428,3.0044649142469928,13.149980,1.097690,-14.2476698564200,16.4346025086108,0,6.6e-12
1.0185842004834222,0.0,-0.0000000000030330,0.0000000000000000,0.0027919665338354,-0.0066120996162676,23.1025961960181441,3.0044646483362794,13.142759,1.087776,-14.2305354606129,16.2963799100808,0,9.8e-12
1.0185827136096632,0.0,-0.0000000000015715,0.0000000000000000,0.0027949042720356,-0.0066349039054438,23.1035961960181417,3.0044643824864403,13.135641,1.077831,-14.2134717662628,16.1580023240578,0,1.6e-11
1.0185812265135381,0.0,0.0000000000009258,0.0000000000000000,0.0027978412287737,-0.0066576287039799,23.1045961960181430,3.0044641166974659,13.128623,1.067856,-14.1964787084033,16.0194742447286,0,6.0e-12
1.0185797391968663,0.0,-0.0000000000005116,0.0000000000000000,0.0028007774005590,-0.0066802748197758,23.1055961960181442,3.0044638509693984,13.121706,1.057850,-14.1795560536290,15.8807979708151,0,6.9e-12
1.0185782516588076,0.0,-0.0000000000535726,0.0000000000000000,0.0028037127867107,-0.0067028430666776,23.1065961960181419,3.0044635853020951,13.114888,1.047815,-14.1627034143588,15.7419818883428,0,1.8e-10
1.0185767639018426,0.0,-0.0000000000026120,0.0000000000000000,0.0028066473871817,-0.0067253341873240,23.1075961960181431,3.0044633196960668,13.108171,1.037751,-14.1459220609859,15.6030157692345,0,1.1e-11
1.0185752759249109,0.0,-0.0000000000012183,0.0000000000000000,0.0028095811987661,-0.0067477489948883,23.1085961960181407,3.0044630541508459,13.101553,1.027658,-14.1292105325214,15.4639151153467,0,1.6e-11
1.0185737877292438,0.0,0.0000000000020493,0.0000000000000000,0.0028125142203431,-0.0067700882331151,23.1095961960181420,3.0044627886666322,13.095032,1.017537,-14.1125692302903,15.3246794176681,0,7.8e-12
1.0185722993148159,0.0,0.0000000000003053,0.0000000000000000,0.0028154464511378,-0.0067923526514428,23.1105961960181432,3.0044625232434217,13.088610,1.007388,-14.0959979568922,15.1853121560877,0,5.5e-13
1.0185708106829712,0.0,0.0000000000002521,0.0000000000000000,0.0028183778887419,-0.0068145429799639,23.1115961960181409,3.0044622578812681,13.082284,0.997212,-14.0794966613787,15.0458147332437,0,1.3e-11
1.0185693218340095,0.0,0.0000000000016869,0.0000000000000000,0.0028213085321136,-0.0068366599422911,23.1125961960181421,3.0044619925801794,13.076056,0.987009,-14.0630652069037,14.9061902468916,0,1.5e-11
1.0185678327690406,0.0,-0.0000000000004877,0.0000000000000000,0.0028242383789366,-0.0068587042488550,23.1135961960181433,3.0044617273401628,13.069923,0.976780,-14.0467035323297,14.7664428792794,0,4.2e-12
1.0185663434874763,0.0,-0.0000000000001195,0.0000000000000000,0.0028271674293985,-0.0068806765986827,23.1145961960181410,3.0044614621612733,13.063886,0.966525,-14.0304116670511,14.6265756498861,0,6.3e-12
1.0185648539903960,0.0,0.0000000000004599,0.0000000000000000,0.0028300956816375,-0.0069025776800298,23.1155961960181422,3.0044611970435091,13.057945,0.956245,-14.0141894648920,14.4865913380166,0,4.7e-12
1.0185633642787844,0.0,0.0000000000005349,0.0000000000000000,0.0028330231333487,-0.0069244081688570,23.1165961960181434,3.0044609319868956,13.052097,0.945939,-13.9980367011960,14.3464917642841,0,1.3e-11
1.0185618743522140,0.0,0.0000000000052528,0.0000000000000000,0.0028359497847114,-0.0069461687328285,23.1175961960181411,3.0044606669914615,13.046344,0.935609,-13.9819534974155,14.2062813380478,0,2.4e-11
1.0185603842127422,0.0,0.0000000000001290,0.0000000000000000,0.0028388756316719,-0.0069678600259918,23.1185961960181423,3.0044604020572141,13.040684,0.925255,-13.9659395428735,14.0659629970118,0,5.9e-12
1.0185588938594858,0.0,0.0000000000004800,0.0000000000000000,0.0028418006754352,-0.0069894826940951,23.1195961960181435,3.0044601371842101,13.035117,0.914878,-13.9499948951322,13.9255388612176,0,1.7e-11
1.0185574032935054,0.0,0.0000000000011715,0.0000000000000000,0.0028447249139040,-0.0070110373763715,23.1205961960181412,3.0044598723724056,13.029642,0.904477,-13.9341195205558,13.7850128228969,0,9.6e-12
1.0185559125157408,0.0,0.0000000000001187,0.0000000000000000,0.0028476483447964,-0.0070325246937348,23.1215961960181424,3.0044596076218824,13.024259,0.894054,-13.9183131810434,13.6443874902320,0,1.0e-11
1.0185544215262894,0.0,-0.0000000000019575,0.0000000000000000,0.0028505709675278,-0.0070539452659731,23.1225961960181436,3.0044593429326247,13.018968,0.883608,-13.9025757636079,13.5036647035209,0,9.3e-12
1.0185529303255263,0.0,-0.0000000000002836,0.0000000000000000,0.0028534927811171,-0.0070752996979182,23.1235961960181413,3.0044590783046874,13.013767,0.873141,-13.8869072730808,13.3628478511472,0,1.5e-11
1.0185514389145185,0.0,0.0000000000023521,0.0000000000000000,0.0028564137834005,-0.0070965885881803,23.1245961960181425,3.0044588137380641,13.008656,0.862652,-13.8713078048155,13.2219420427514,0,1.1e-11
1.0185499472933848,0.0,0.0000000000001394,0.0000000000000000,0.0028593339734001,-0.0071178125270581,23.1255961960181438,3.0044585492327696,13.003635,0.852142,-13.8557768353030,13.0809474052323,0,1.7e-12
1.0185484554629047,0.0,-0.0000000000000943,0.0000000000000000,0.0028622533497215,-0.0071389720929362,23.1265961960181414,3.0044582847888379,12.998702,0.841612,-13.8403148136105,12.9398703815689,0,1.3e-11
1.0185469634234734,0.0,0.0000000000020137,0.0000000000000000,0.0028651719111960,-0.0071600678582555,23.1275961960181426,3.0044580204062812,12.993859,0.831062,-13.8249211144109,12.7987086268981,0,6.8e-12
1.0185454711758208,0.0,-0.0000000000002104,0.0000000000000000,0.0028680896560372,-0.0071811003846903,23.1285961960181439,3.0044577560851335,12.989103,0.820493,-13.8095959287711,12.6574692942785,0,2.2e-12
1.0185439787203296,0.0,-0.0000000000000219,0.0000000000000000,0.0028710065833856,-0.0072020702289220,23.1295961960181415,3.0044574918253923,12.984435,0.809905,-13.7943390946605,12.5161527468471,0,1.5e-11
1.0185424860575980,0.0,-0.0000000000001266,0.0000000000000000,0.0028739226916690,-0.0072229779369937,23.1305961960181428,3.0044572276270842,12.979853,0.799297,-13.7791505644589,12.3747635380509,0,3.5e-12
1.0185409931879659,0.0,0.0000000000001022,0.0000000000000000,0.0028768379799708,-0.0072438240478397,23.1315961960181440,3.0044569634902341,12.975358,0.788672,-13.7640303273662,12.2333045521135,0,3.5e-12
1.0185395001123012,0.0,0.0000000000000825,0.0000000000000000,0.0028797524463822,-0.0072646090914796,23.1325961960181417,3.0044566994148658,12.970949,0.778029,-13.7489781425572,12.0917777453289,0,1.3e-11
1.0185380068309329,0.0,-0.0000000000002310,0.0000000000000000,0.0028826660900079,-0.0072853335936590,23.1335961960181429,3.0044564354009728,12.966625,0.767369,-13.7339939040188,11.9501856238470,0,1.4e-12
1.0185365133439228,0.0,0.0000000000004992,0.0000000000000000,0.0028855789102147,-0.0073059980700780,23.1345961960181441,3.0044561714485902,12.962386,0.756692,-13.7190776878057,11.8085322683395,0,9.5e-12
1.0185350196528189,0.0,-0.0000000000008803,0.0000000000000000,0.0028884909043106,-0.0073266030276250,23.1355961960181418,3.0044559075577353,12.958231,0.745998,-13.7042292638476,11.6668198689607,0,7.7e-12
1.0185335257523844,0.0,-0.0000000000460839,0.0000000000000000,0.0028914020790493,-0.0073471490244877,23.1365961960181430,3.0044556437277596,12.954159,0.735289,-13.6894478738663,11.5250549138000,0,1.7e-10
1.0185320316582811,0.0,0.0000000000000972,0.0000000000000000,0.0028943124117557,-0.0073676363904970,23.1375961960181442,3.0044553799606737,12.950172,0.724564,-13.6747356673179,11.3832296654347,0,1.2e-11
1.0185305373562259,0.0,-0.0000000000006718,0.0000000000000000,0.0028972219222698,-0.0073880657773638,23.1385961960181419,3.0044551162545035,12.946266,0.713824,-13.6600903175127,11.2413581631910,0,1.1e-12
1.0185290428515277,0.0,0.0000000000000264,0.0000000000000000,0.0029001306024549,-0.0074084376120989,23.1395961960181431,3.0044548526099257,12.942443,0.703070,-13.6455123758110,11.0994378770988,0,4.2e-12
1.0185275481448073,0.0,-0.0000000000006757,0.0000000000000000,0.0029030384509795,-0.0074287523675697,23.1405961960181408,3.0044545890269756,12.938701,0.692301,-13.6310017187412,10.9574716843697,0,6.5e-12
1.0185260532365901,0.0,-0.0000000000006265,0.0000000000000000,0.0029059454666000,-0.0074490105146192,23.1415961960181420,3.0044543255056291,12.935040,0.681518,-13.6165585266047,10.8154649940247,0,1.2e-11
1.0185245581269282,0.0,-0.0000000000005741,0.0000000000000000,0.0029088516486700,-0.0074692125133774,23.1425961960181432,3.0044540620459355,12.931460,0.670722,-13.6021826410313,10.6734198676719,0,1.0e-11
1.0185230628173239,0.0,-0.0000000000005517,0.0000000000000000,0.0029117569947170,-0.0074893588176186,23.1435961960181409,3.0044537986479063,12.927960,0.659914,-13.5878736538656,10.5313356323806,0,5.4e-12
1.0185215673076304,0.0,-0.0000000000030336,0.0000000000000000,0.0029146615042716,-0.0075094498784596,23.1445961960181421,3.0044535353115491,12.924539,0.649092,-13.5736317482310,10.3892188411445,0,2.1e-11
1.0185200715979605,0.0,0.0000000000001647,0.0000000000000000,0.0029175651769112,-0.0075294861388753,23.1455961960181433,3.0044532720368937,12.921198,0.638259,-13.5594568260407,10.2470698549602,0,8.1e-12
1.0185185756894821,0.0,-0.0000000000002028,0.0000000000000000,0.0029204680102967,-0.0075494680359012,23.1465961960181410,3.0044530088239432,12.917935,0.627414,-13.5453488224154,10.1048942706366,0,4.5e-12
1.0185170795826766,0.0,-0.0000000000000345,0.0000000000000000,0.0029233700034109,-0.0075693960006134,23.1475961960181422,3.0044527456727192,12.914750,0.616558,-13.5313075074181,9.9626918109191,0,1.6e-12
1.0185155832775297,0.0,-0.0000000000000445,0.0000000000000000,0.0029262711557184,-0.0075892704601449,23.1485961960181434,3.0044524825832335,12.911642,0.605691,-13.5173328262520,9.8204664034002,0,2.5e-12
1.0185140867753066,0.0,0.0000000000010519,0.0000000000000000,0.0029291714650890,-0.0076090918342046,23.1495961960181411,3.0044522195554872,12.908611,0.594814,-13.5034248692494,9.6782217377074,0,5.0e-12
1.0185125900756078,0.0,0.0000000000002220,0.0000000000000000,0.0029320709313980,-0.0076288605369862,23.1505961960181423,3.0044519565895325,12.905656,0.583927,-13.4895832781753,9.5359585741472,0,1.1e-11
1.0185110931795918,0.0,-0.0000000000000499,0.0000000000000000,0.0029349695527923,-0.0076485769784396,23.1515961960181436,3.0044516936853554,12.902778,0.573030,-13.4758081572454,9.3936812288141,0,2.8e-12
1.0185095960876729,0.0,0.0000000000000802,0.0000000000000000,0.0029378673281104,-0.0076682415624576,23.1525961960181412,3.0044514308429795,12.899975,0.562124,-13.4620993467113,9.2513917101876,0,4.2e-12
1.0185080988001898,0.0,0.0000000000004716,0.0000000000000000,0.0029407642565234,-0.0076878546894901,23.1535961960181425,3.0044511680624000,12.897247,0.551210,-13.4484566982755,9.1090920080611,0,7.6e-12
1.0185066013173780,0.0,0.0000000000003934,0.0000000000000000,0.0029436603371097,-0.0077074167517403,23.1545961960181437,3.0044509053436652,12.894593,0.540287,-13.4348803499709,8.9667872330231,0,7.4e-12
1.0185051036403563,0.0,-0.0000000000003225,0.0000000000000000,0.0029465555678998,-0.0077269281385498,23.1555961960181413,3.0044506426867654,12.892013,0.529357,-13.4213698522374,8.8244767596505,0,3.2e-12
1.0185036057689787,0.0,-0.0000000000003127,0.0000000000000000,0.0029494499487241,-0.0077463892355201,23.1565961960181426,3.0044503800917073,12.889506,0.518419,-13.4079254267770,8.6821656714430,0,3.9e-12
1.0185021077042391,0.0,-0.0000000000001039,0.0000000000000000,0.0029523434778691,-0.0077658004187171,23.1575961960181438,3.0044501175585383,12.887073,0.507474,-13.3945468567189,8.5398554766395,0,6.0e-12
1.0185006094460074,0.0,0.0000000000016468,0.0000000000000000,0.0029552361549070,-0.0077851620659593,23.1585961960181415,3.0044498550872376,12.884712,0.496522,-13.3812340114303,8.3975482891056,0,5.8e-12
1.0184991109955028,0.0,0.0000000000002584,0.0000000000000000,0.0029581279776579,-0.0078044745443495,23.1595961960181427,3.0044495926778398,12.882422,0.485565,-13.3679869823378,8.2552493738470,0,1.7e-12
1.0184976123529532,0.0,0.0000000000003022,0.0000000000000000,0.0029610189455050,-0.0078237382202680,23.1605961960181439,3.0044493303303477,12.880204,0.474601,-13.3548054450720,8.1129583832854,0,1.6e-12
1.0184961135184287,0.0,0.0000000000008451,0.0000000000000000,0.0029639090579503,-0.0078429534553423,23.1615961960181416,3.0044490680447722,12.878057,0.463632,-13.3416894842484,7.9706795650268,0,1.0e-11
1.0184946144931970,0.0,-0.0000000000006860,0.0000000000000000,0.0029667983127414,-0.0078621206044225,23.1625961960181428,3.0044488058211254,12.875981,0.452658,-13.3286389098919,7.8284150381071,0,9.9e-12
1.0184931152768384,0.0,-0.0000000000004108,0.0000000000000000,0.0029696867100891,-0.0078812400207597,23.1635961960181440,3.0044485436594259,12.873974,0.441679,-13.3156536670790,7.6861670096204,0,1.3e-11
1.0184916158700283,0.0,-0.0000000000006386,0.0000000000000000,0.0029725742485887,-0.0079003120510640,23.1645961960181417,3.0044482815596978,12.872037,0.430696,-13.3027336888701,7.5439387001810,0,2.4e-12
1.0184901162736066,0.0,0.0000000000009344,0.0000000000000000,0.0029754609268201,-0.0079193370401175,23.1655961960181429,3.0044480195219214,12.870169,0.419709,-13.2898788528793,7.4017320123925,0,3.6e-12
1.0184886164881022,0.0,0.0000000000000607,0.0000000000000000,0.0029783467434846,-0.0079383153254337,23.1665961960181441,3.0044477575461377,12.868370,0.408719,-13.2770891737783,7.2595511439960,0,3.5e-12
1.0184871165136473,0.0,-0.0000000000005501,0.0000000000000000,0.0029812316980378,-0.0079572472436225,23.1675961960181418,3.0044474956323488,12.866638,0.397726,-13.2643644473368,7.1173973014722,0,1.8e-11
1.0184856163509317,0.0,0.0000000000004100,0.0000000000000000,0.0029841157892686,-0.0079761331264358,23.1685961960181430,3.0044472337805521,12.864975,0.386730,-13.2517045601481,6.9752723315414,0,4.3e-12
1.0184841160002385,0.0,-0.0000000000004564,0.0000000000000000,0.0029869990162437,-0.0079949733002738,23.1695961960181442,3.0044469719907831,12.863378,0.375732,-13.2391095177637,6.8331806119498,0,6.1e-12
1.0184826154621500,0.0,-0.0000000000005127,0.0000000000000000,0.0029898813778385,-0.0080137680893638,23.1705961960181419,3.0044467102630388,12.861847,0.364732,-13.2265791303130,6.6911227126537,0,9.2e-13
1.0184811147368769,0.0,0.0000000000000768,0.0000000000000000,0.0029927628734023,-0.0080325178137832,23.1715961960181431,3.0044464485973323,12.860384,0.353730,-13.2141135021944,6.5491034319455,0,5.1e-12
1.0184796138252767,0.0,0.0000000000001500,0.0000000000000000,0.0029956435013617,-0.0080512227891291,23.1725961960181408,3.0044461869936714,12.858985,0.342727,-13.2017123354247,6.4071237213690,0,2.4e-12
1.0184781127278359,0.0,-0.0000000000024545,0.0000000000000000,0.0029985232605839,-0.0080698833268871,23.1735961960181420,3.0044459254520812,12.857652,0.331724,-13.1893756104937,6.2651862721304,0,7.5e-12
1.0184766114445372,0.0,-0.0000000000004927,0.0000000000000000,0.0030014021508874,-0.0080884997381004,23.1745961960181432,3.0044456639725499,12.856384,0.320720,-13.1771032928370,6.1232937378167,0,8.0e-12
1.0184751099762390,0.0,0.0000000000000824,0.0000000000000000,0.0030042801707569,-0.0081070723268339,23.1755961960181409,3.0044454025550942,12.855180,0.309715,-13.1648951501751,5.9814477059296,0,1.2e-11
1.0184736083229977,0.0,-0.0000000000002229,0.0000000000000000,0.0030071573195397,-0.0081256013941437,23.1765961960181421,3.0044451411997488,12.854040,0.298712,-13.1527513371199,5.8396530553435,0,9.4e-12
1.0184721064857916,0.0,-0.0000000000010748,0.0000000000000000,0.0030100335956343,-0.0081440872397398,23.1775961960181434,3.0044448799064845,12.852963,0.287709,-13.1406715312088,5.6979100934050,0,8.6e-12
1.0184706044646130,0.0,-0.0000000000006006,0.0000000000000000,0.0030129089987892,-0.0081625301575034,23.1785961960181410,3.0044446186753424,12.851949,0.276707,-13.1286558487560,5.5562226734658,0,7.5e-12
1.0184691022603227,0.0,0.0000000000004387,0.0000000000000000,0.0030157835274226,-0.0081809304397051,23.1795961960181423,3.0044443575063084,12.850998,0.265706,-13.1167040798843,5.4145923490968,0,1.7e-12
1.0184675998731538,0.0,-0.0000000000000773,0.0000000000000000,0.0030186571808630,-0.0081992883740522,23.1805961960181435,3.0044440963994097,12.850108,0.254708,-13.1048160455476,5.2730212891028,0,9.0e-12
1.0184660973035098,0.0,0.0000000000000386,0.0000000000000000,0.0030215299581516,-0.0082176042461867,23.1815961960181411,3.0044438353546479,12.849281,0.243711,-13.0929917849899,5.1315123843184,0,5.4e-12
1.0184645945516830,0.0,-0.0000000000000047,0.0000000000000000,0.0030244018586537,-0.0082358783380009,23.1825961960181424,3.0044435743720372,12.848514,0.232717,-13.0812313582614,4.9900698413919,0,8.2e-12
1.0184630916183643,0.0,0.0000000000014684,0.0000000000000000,0.0030272728811977,-0.0082541109282164,23.1835961960181436,3.0044433134515804,12.847808,0.221726,-13.0695343965558,4.8486928512916,0,1.6e-11
1.0184615885042110,0.0,0.0000000000001580,0.0000000000000000,0.0030301430242292,-0.0082723022922273,23.1845961960181413,3.0044430525932864,12.847163,0.210738,-13.0579008559458,4.7073857581522,0,4.7e-12
1.0184600852091534,0.0,-0.0000000000001244,0.0000000000000000,0.0030330122877377,-0.0082904527036399,23.1855961960181425,3.0044427917971630,12.846577,0.199754,-13.0463308730505,4.5661515737247,0,1.5e-11
1.0184585817341385,0.0,-0.0000000000003413,0.0000000000000000,0.0030358806701539,-0.0083085624306694,23.1865961960181437,3.0044425310632294,12.846051,0.188773,-13.0348241390071,4.4249910122651,0,9.6e-12
1.0184570780795001,0.0,-0.0000000000003112,0.0000000000000000,0.0030387481706338,-0.0083266317410049,23.1875961960181414,3.0044422703914822,12.845584,0.177797,-13.0233806024756,4.2839072069167,0,1.3e-11
1.0184555742450758,0.0,0.0000000000002426,0.0000000000000000,0.0030416147891834,-0.0083446608995597,23.1885961960181426,3.0044420097819291,12.845175,0.166826,-13.0120003016912,4.1429028696819,0,6.0e-12
1.0184540702318869,0.0,-0.0000000000009229,0.0000000000000000,0.0030444805238908,-0.0083626501654318,23.1895961960181438,3.0044417492345947,12.844824,0.155859,-13.0006830249811,4.0019800680518,0,3.7e-12
1.0184525660402808,0.0,-0.0000000000001871,0.0000000000000000,0.0030473453742339,-0.0083805997987277,23.1905961960181415,3.0044414887494568,12.844531,0.144898,-12.9894287141452,3.8611409270619,0,2.1e-12
1.0184510616705340,0.0,0.0000000000042979,0.0000000000000000,0.0030502093393614,-0.0083985100531791,23.1915961960181427,3.0044412283265580,12.844296,0.133942,-12.9782374139656,3.7203881732742,0,1.6e-11
1.0184495571232419,0.0,-0.0000000000001422,0.0000000000000000,0.0030530724182074,-0.0084163811831083,23.1925961960181439,3.0044409679658743,12.844117,0.122992,-12.9671087924832,3.5797249371599,0,6.4e-12
1.0184480523985533,0.0,0.0000000000001684,0.0000000000000000,0.0030559346103833,-0.0084342134381595,23.1935961960181416,3.0044407076674289,12.843994,0.112049,-12.9560429620797,3.4391526708256,0,2.5e-12
1.0184465474976774,0.0,-0.0000000000005389,0.0000000000000000,0.0030587959138320,-0.0084520070651733,23.1945961960181428,3.0044404474312150,12.843928,0.101112,-12.9450397300391,3.2986736874640,0,1.2e-11
1.0184450424200573,0.0,0.0000000000006476,0.0000000000000000,0.0030616563291320,-0.0084697623095214,23.1955961960181440,3.0044401872572606,12.843917,0.090182,-12.9340990492513,3.1582895537157,0,8.2e-12
1.0184435371666474,0.0,0.0000000000001459,0.0000000000000000,0.0030645158545686,-0.0084874794125976,23.1965961960181417,3.0044399271455724,12.843961,0.079259,-12.9232208679796,3.0180047012614,0,1.1e-11
1.0184420317380116,0.0,-0.0000000000002307,0.0000000000000000,0.0030673744893184,-0.0085051586156416,23.1975961960181429,3.0044396670961255,12.844061,0.068344,-12.9124050900655,2.8778199775107,0,2.5e-12
1.0184405261338596,0.0,-0.0000000000001814,0.0000000000000000,0.0030702322332674,-0.0085228001552747,23.1985961960181442,3.0044394071089604,12.844214,0.057437,-12.9016516044948,2.7377380475391,0,3.0e-12
1.0184390203556850,0.0,-0.0000000000014320,0.0000000000000000,0.0030730890842632,-0.0085404042654124,23.1995961960181418,3.0044391471840663,12.844422,0.046539,-12.8909602658278,2.5977610430354,0,1.1e-11
1.0184375144026787,0.0,0.0000000000017033,0.0000000000000000,0.0030759450432253,-0.0085579711804356,23.2005961960181430,3.0044388873214509,12.844683,0.035648,-12.8803312246353,2.4578915284566,0,7.4e-12
1.0184360082761514,0.0,0.0000000000005665,0.0000000000000000,0.0030788001080416,-0.0085755011289465,23.2015961960181443,3.0044386275211186,12.844997,0.024767,-12.8697640565704,2.3181312508295,0,7.8e-12
1.0184345019761480,0.0,-0.0000000000000562,0.0000000000000000,0.0030816542781585,-0.0085929943383604,23.2025961960181419,3.0044383677830924,12.845364,0.013895,-12.8592590172705,2.1784842536357,0,2.8e-12
1.0184329955035860,0.0,0.0000000000002150,0.0000000000000000,0.0030845075525073,-0.0086104510347844,23.2035961960181432,3.0044381081073457,12.845784,0.003032,-12.8488157764105,2.0389505557893,0,1.3e-12
1.0184314888583372,0.0,-0.0000000000001550,0.0000000000000000,0.0030873599307057,-0.0086278714408751,23.2045961960181408,3.0044378484939109,12.846255,-0.007821,-12.8384343133348,1.8995333070866,0,7.3e-12
1.0184299820407006,0.0,-0.0000000000004458,0.0000000000000000,0.0030902114122746,-0.0086452557777445,23.2055961960181421,3.0044375889427899,12.846778,-0.018663,-12.8281146063250,1.7602353394245,0,1.7e-12
1.0184284750513475,0.0,0.0000000000004791,0.0000000000000000,0.0030930619960244,-0.0086626042643228,23.2065961960181433,3.0044373294539755,12.847352,-0.029496,-12.8178565314836,1.6210579002518,0,7.7e-12
1.0184269678912417,0.0,-0.0000000000013816,0.0000000000000000,0.0030959116803634,-0.0086799171155191,23.2075961960181409,3.0044370700274814,12.847977,-0.040317,-12.8076599354998,1.4820041613481,0,8.5e-12
1.0184254605596212,0.0,-0.0000000000001471,0.0000000000000000,0.0030987604662026,-0.0086971945484149,23.2085961960181422,3.0044368106632997,12.848653,-0.051128,-12.7975248799820,1.3430756689437,0,1.2e-11
1.0184239530575860,0.0,0.0000000000000922,0.0000000000000000,0.0031016083517459,-0.0087144367723732,23.2095961960181434,3.0044365513614619,12.849378,-0.061927,-12.7874512625697,1.2042755548477,0,1.2e-11
1.0184224453859207,0.0,-0.0000000000000969,0.0000000000000000,0.0031044553357481,-0.0087316439987129,23.2105961960181411,3.0044362921219387,12.850154,-0.072715,-12.7774389158163,1.0656053360757,0,9.0e-12
1.0184209375441586,0.0,0.0000000000004015,0.0000000000000000,0.0031073014185922,-0.0087488164355879,23.2115961960181423,3.0044360329447586,12.850978,-0.083490,-12.7674876862341,0.9270667867374,0,3.2e-12
1.0184194295333595,0.0,0.0000000000006376,0.0000000000000000,0.0031101465986566,-0.0087659542881118,23.2125961960181435,3.0044357738299201,12.851852,-0.094254,-12.7575976981437,0.7886631848094,0,3.8e-12
1.0184179213538187,0.0,0.0000000000001376,0.0000000000000000,0.0031129908753711,-0.0087830577605443,23.2135961960181412,3.0044355147774242,12.852774,-0.105005,-12.7477687410920,0.6503960058156,0,1.3e-11
1.0184164130058200,0.0,-0.0000000000006385,0.0000000000000000,0.0031158342481058,-0.0088001270548444,23.2145961960181424,3.0044352557872784,12.853744,-0.115743,-12.7380007879299,0.5122684702432,0,1.1e-11
1.0184149044893303,0.0,-0.0000000000005607,0.0000000000000000,0.0031186767166940,-0.0088171623718415,23.2155961960181436,3.0044349968594859,12.854762,-0.126468,-12.7282936666873,0.3742809601582,0,3.5e-12
1.0184133958054551,0.0,0.0000000000000955,0.0000000000000000,0.0031215182795379,-0.0088341639097175,23.2165961960181413,3.0044347379940244,12.855827,-0.137180,-12.7186474518675,0.2364377042149,0,1.1e-11
1.0184118869543790,0.0,-0.0000000000001676,0.0000000000000000,0.0031243589360853,-0.0088511318626422,23.2175961960181425,3.0044344791909414,12.856940,-0.147878,-12.7090619108620,0.0987394991280,0,1.1e-12
1.0184103779360965,0.0,0.0000000000000435,0.0000000000000000,0.0031271986862411,-0.0088680664268649,23.2185961960181437,3.0044342204502166,12.858099,-0.158562,-12.6995370099667,-0.0388115016705,0,1.5e-12
1.0184088687518043,0.0,0.0000000000000988,0.0000000000000000,0.0031300375281802,-0.0088849677936451,23.2195961960181414,3.0044339617718498,12.859305,-0.169232,-12.6900727541378,-0.1762119561712,0,2.7e-12
1.0184073594010086,0.0,0.0000000000008411,0.0000000000000000,0.0031328754623512,-0.0089018361548798,23.2205961960181426,3.0044337031558483,12.860557,-0.179888,-12.6806689398605,-0.3134608769265,0,3.6e-12
1.0184058498849045,0.0,-0.0000000000000805,0.0000000000000000,0.0031357124869943,-0.0089186716973711,23.2215961960181438,3.0044334446022258,12.861854,-0.190529,-12.6713255061410,-0.4505556895879,0,2.6e-12
1.0184043402034517,0.0,-0.0000000000004365,0.0000000000000000,0.0031385486020141,-0.0089354746100926,23.2225961960181415,3.0044331861109632,12.863197,-0.201155,-12.6620424569171,-0.5874938413311,0,5.2e-12
1.0184028303570480,0.0,-0.0000000000003414,0.0000000000000000,0.0031413838066654,-0.0089522450768284,23.2235961960181427,3.0044329276820898,12.864585,-0.211765,-12.6528196770127,-0.7242736936683,0,1.6e-12
1.0184013203458724,0.0,-0.0000000000002307,0.0000000000000000,0.0031442181006438,-0.0089689832831858,23.2245961960181440,3.0044326693155781,12.866017,-0.222360,-12.6436570430722,-0.8608932577935,0,4.5e-12
1.0183998101709268,0.0,-0.0000000000000170,0.0000000000000000,0.0031470514823589,-0.0089856894092232,23.2255961960181416,3.0044324110114404,12.867494,-0.232940,-12.6345544994979,-0.9973501595748,0,9.3e-12
1.0183982998324566,0.0,-0.0000000000015159,0.0000000000000000,0.0031498839512513,-0.0090023636348276,23.2265961960181428,3.0044321527696916,12.869015,-0.243503,-12.6255119038018,-1.1336421532811,0,1.2e-11
1.0183967893298236,0.0,0.0000000000001652,0.0000000000000000,0.0031527155082211,-0.0090190061409064,23.2275961960181441,3.0044318945903186,12.870579,-0.254050,-12.6165293482460,-1.2697675666206,0,2.9e-12
1.0183952786650194,0.0,-0.0000000000021326,0.0000000000000000,0.0031555461502170,-0.0090356171013888,23.2285961960181417,3.0044316364733281,12.872187,-0.264580,-12.6076065270707,-1.4057236368639,0,1.3e-11
1.0183937678369732,0.0,0.0000000000002558,0.0000000000000000,0.0031583758789049,-0.0090521966935460,23.2295961960181430,3.0044313784187264,12.873837,-0.275094,-12.5987436143451,-1.5415090493909,0,3.1e-12
1.0183922568472197,0.0,0.0000000000000802,0.0000000000000000,0.0031612046917206,-0.0090687450900115,23.2305961960181442,3.0044311204264997,12.875530,-0.285590,-12.5899404638456,-1.6771201699928,0,7.2e-12
1.0183907456953620,0.0,0.0000000000001122,0.0000000000000000,0.0031640325890931,-0.0090852624628435,23.2315961960181419,3.0044308624966725,12.877266,-0.296069,-12.5811968712856,-1.8125566400502,0,2.4e-12
1.0183892343822158,0.0,0.0000000000013044,0.0000000000000000,0.0031668595699655,-0.0091017489830993,23.2325961960181431,3.0044306046292215,12.879043,-0.306530,-12.5725127783879,-1.9478161487708,0,5.3e-12
1.0183877229078608,0.0,0.0000000000001060,0.0000000000000000,0.0031696856339822,-0.0091182048191329,23.2335961960181407,3.0044303468241678,12.880862,-0.316974,-12.5638881998156,-2.0828955949680,0,1.0e-11
1.0183862112730657,0.0,-0.0000000000000747,0.0000000000000000,0.0031725107799478,-0.0091346301386039,23.2345961960181420,3.0044300890814957,12.882722,-0.327399,-12.5553229407122,-2.2177941142521,0,5.7e-12
1.0183846994777082,0.0,-0.0000000000001301,0.0000000000000000,0.0031753350080431,-0.0091510251075325,23.2355961960181432,3.0044298314012186,12.884623,-0.337806,-12.5468170007454,-2.3525090282425,0,4.8e-12
1.0183831875226317,0.0,0.0000000000000349,0.0000000000000000,0.0031781583169946,-0.0091673898903665,23.2365961960181409,3.0044295737833226,12.886565,-0.348195,-12.5383704014451,-2.4870378860065,0,5.9e-12
1.0183816754078068,0.0,0.0000000000005695,0.0000000000000000,0.0031809807066880,-0.0091837246498940,23.2375961960181421,3.0044293162278231,12.888548,-0.358565,-12.5299829219697,-2.6213791726050,0,2.3e-12
1.0183801631337315,0.0,0.0000000000003273,0.0000000000000000,0.0031838021763471,-0.0092000295475907,23.2385961960181433,3.0044290587347198,12.890570,-0.368915,-12.5216545263473,-2.7555309761502,0,1.1e-11
1.0183786507011692,0.0,0.0000000000004817,0.0000000000000000,0.0031866227248119,-0.0092163047438660,23.2395961960181410,3.0044288013039919,12.892632,-0.379247,-12.5133850946692,-2.8894911384428,0,3.6e-12
1.0183771381099016,0.0,-0.0000000000000317,0.0000000000000000,0.0031894423523398,-0.0092325503975960,23.2405961960181422,3.0044285439356551,12.894733,-0.389559,-12.5051746317447,-3.0232572329938,0,5.4e-12
1.0183756253607732,0.0,-0.0000000000000898,0.0000000000000000,0.0031922610576941,-0.0092487666653482,23.2415961960181434,3.0044282866297078,12.896874,-0.399851,-12.4970229405841,-3.1568282134997,0,1.2e-11
1.0183741124536128,0.0,0.0000000000004782,0.0000000000000000,0.0031950788409735,-0.0092649537035602,23.2425961960181411,3.0044280293861578,12.899053,-0.410123,-12.4889301390630,-3.2902009221721,0,2.8e-12
1.0183725993893427,0.0,-0.0000000000000421,0.0000000000000000,0.0031978957009204,-0.0092811116668456,23.2435961960181423,3.0044277722049850,12.901271,-0.420375,-12.4808960665055,-3.4233735155332,0,6.3e-12
1.0183710861678723,0.0,-0.0000000000005093,0.0000000000000000,0.0032007116373528,-0.0092972407076166,23.2445961960181435,3.0044275150862192,12.903527,-0.430607,-12.4729205989459,-3.5563442451266,0,4.5e-12
1.0183695727901148,0.0,-0.0000000000005856,0.0000000000000000,0.0032035266493618,-0.0093133409793455,23.2455961960181412,3.0044272580298106,12.905821,-0.440817,-12.4650036497292,-3.6891117092240,0,9.8e-12
1.0183680592556490,0.0,0.0000000000035109,0.0000000000000000,0.0032063407372005,-0.0093294126317365,23.2465961960181424,3.0044270010358014,12.908153,-0.451008,-12.4571452815471,-3.8216741169037,0,1.5e-11
1.0183665455656223,0.0,0.0000000000013604,0.0000000000000000,0.0032091538991593,-0.0093454558142460,23.2475961960181436,3.0044267441041619,12.910522,-0.461176,-12.4493452338104,-3.9540274887452,0,8.8e-12
1.0183650317200168,0.0,0.0000000000001818,0.0000000000000000,0.0032119661352772,-0.0093614706740149,23.2485961960181413,3.0044264872349205,12.912927,-0.471324,-12.4416035559286,-4.0861709833439,0,4.8e-12
1.0183635177194323,0.0,-0.0000000000006140,0.0000000000000000,0.0032147774447204,-0.0093774573582336,23.2495961960181425,3.0044262304280585,12.915370,-0.481450,-12.4339200162518,-4.2181039177560,0,2.7e-12
1.0183620035636904,0.0,-0.0000000000010857,0.0000000000000000,0.0032175878276811,-0.0093934160135482,23.2505961960181438,3.0044259736835701,12.917849,-0.491554,-12.4262948555207,-4.3498220806814,0,9.1e-12
1.0183604892536986,0.0,-0.0000000000060340,0.0000000000000000,0.0032203972825802,-0.0094093467835459,23.2515961960181414,3.0044257170014514,12.920364,-0.501636,-12.4187275532932,-4.4813246277587,0,3.1e-11
1.0183589747898094,0.0,-0.0000000000003175,0.0000000000000000,0.0032232058098425,-0.0094252498102350,23.2525961960181426,3.0044254603817135,12.922915,-0.511697,-12.4112186655182,-4.6126107750066,0,3.6e-12
1.0183574601719403,0.0,-0.0000000000002679,0.0000000000000000,0.0032260134084457,-0.0094411252371851,23.2535961960181439,3.0044252038243440,12.925502,-0.521734,-12.4037675143526,-4.7436768770068,0,2.8e-12
1.0183559454006041,0.0,-0.0000000000000089,0.0000000000000000,0.0032288200781240,-0.0094569732040512,23.2545961960181415,3.0044249473293507,12.928124,-0.531749,-12.3963743326869,-4.8745211972913,0,1.1e-11
1.0183544304762773,0.0,-0.0000000000007192,0.0000000000000000,0.0032316258180791,-0.0094727938506981,23.2555961960181428,3.0044246908967223,12.930781,-0.541742,-12.3890389345469,-5.0051422189156,0,5.4e-12
1.0183529153993212,0.0,0.0000000000002334,0.0000000000000000,0.0032344306279352,-0.0094885873152125,23.2565961960181440,3.0044244345264586,12.933472,-0.551711,-12.3817613099786,-5.1355383329277,0,8.1e-12
1.0183514001698335,0.0,0.0000000000000688,0.0000000000000000,0.0032372345072908,-0.0095043537348168,23.2575961960181417,3.0044241782185677,12.936198,-0.561657,-12.3745413907773,-5.2657067813834,0,6.3e-12
1.0183498847888488,0.0,-0.0000000000001560,0.0000000000000000,0.0032400374550865,-0.0095200932456671,23.2585961960181429,3.0044239219730171,12.938959,-0.571580,-12.3673790787420,-5.3956460387990,0,8.0e-12
1.0183483692555986,0.0,-0.0000000000000411,0.0000000000000000,0.0032428394719610,-0.0095358059829059,23.2595961960181441,3.0044236657898424,12.941753,-0.581479,-12.3602742616649,-5.5253547197533,0,3.9e-12
1.0183468535717706,0.0,-0.0000000000006480,0.0000000000000000,0.0032456405558224,-0.0095514920800028,23.2605961960181418,3.0044234096690006,12.944581,-0.591354,-12.3532269022300,-5.6548299549945,0,3.5e-12
1.0183453377364828,0.0,-0.0000000000003997,0.0000000000000000,0.0032484407078050,-0.0095671516698129,23.2615961960181430,3.0044231536105253,12.947442,-0.601205,-12.3462370107794,-5.7840704809402,0,4.2e-12
1.0183438217510405,0.0,0.0000000000000976,0.0000000000000000,0.0032512399262012,-0.0095827848839120,23.2625961960181442,3.0044228976143845,12.950337,-0.611032,-12.3393044663254,-5.9130742306526,0,6.8e-12
1.0183423056147387,0.0,0.0000000000009863,0.0000000000000000,0.0032540382117646,-0.0095983918534113,23.2635961960181419,3.0044226416805997,12.953264,-0.620835,-12.3324291287577,-6.0418395107918,0,3.9e-12
1.0183407893290088,0.0,-0.0000000000003740,0.0000000000000000,0.0032568355626940,-0.0096139727065110,23.2645961960181431,3.0044223858091561,12.956224,-0.630613,-12.3256109842888,-6.1703639737642,0,1.2e-11
1.0183392728936000,0.0,0.0000000000005636,0.0000000000000000,0.0032596319793938,-0.0096295275735338,23.2655961960181408,3.0044221300000333,12.959216,-0.640366,-12.3188499483167,-6.2986463949206,0,5.7e-12
1.0183377563092282,0.0,0.0000000000000423,0.0000000000000000,0.0032624274607455,-0.0096450565805535,23.2665961960181420,3.0044218742532429,12.962241,-0.650095,-12.3121459503434,-6.4266842961711,0,2.6e-12
1.0183362395758904,0.0,0.0000000000016993,0.0000000000000000,0.0032652220068561,-0.0096605598535825,23.2675961960181432,3.0044216185687977,12.965297,-0.659798,-12.3054990101185,-6.5544762995064,0,6.3e-12
1.0183347226938904,0.0,0.0000000000004625,0.0000000000000000,0.0032680156172744,-0.0096760375206136,23.2685961960181409,3.0044213629466476,12.968385,-0.669476,-12.2989089313136,-6.6820199326148,0,5.4e-12
1.0183332056636079,0.0,0.0000000000000855,0.0000000000000000,0.0032708082915046,-0.0096914897035863,23.2695961960181421,3.0044211073868330,12.971504,-0.679128,-12.2923756427124,-6.8093141273118,0,3.9e-12
1.0183316884857916,0.0,-0.0000000000006213,0.0000000000000000,0.0032736000285174,-0.0097069165257303,23.2705961960181433,3.0044208518893409,12.974654,-0.688755,-12.2858992698913,-6.9363557780829,0,3.8e-12
1.0183301711602475,0.0,-0.0000000000000707,0.0000000000000000,0.0032763908287733,-0.0097223181113961,23.2715961960181410,3.0044205964541457,12.977835,-0.698356,-12.2794794887029,-7.0631451814996,0,3.9e-12
1.0183286536874234,0.0,-0.0000000000020621,0.0000000000000000,0.0032791806913664,-0.0097376945816689,23.2725961960181422,3.0044203410812482,12.981047,-0.707930,-12.2731163137753,-7.1896782547578,0,1.7e-11
1.0183271360680146,0.0,-0.0000000000001686,0.0000000000000000,0.0032819696159326,-0.0097530460549250,23.2735961960181434,3.0044200857706715,12.984289,-0.717479,-12.2668098350392,-7.3159550292264,0,2.1e-12
1.0183256183010114,0.0,0.0000000000271059,0.0000000000000000,0.0032847576040953,-0.0097683726562571,23.2745961960181411,3.0044198305223433,12.987562,-0.727001,-12.2605605678411,-7.4419753621722,0,1.3e-10
1.0183241003900312,0.0,0.0000000000013510,0.0000000000000000,0.0032875446490561,-0.0097836744928088,23.2755961960181423,3.0044195753363914,12.990863,-0.736497,-12.2543663236519,-7.5677289514671,0,1.0e-11
1.0183225823318607,0.0,0.0000000000009200,0.0000000000000000,0.0032903307570126,-0.0097989516954490,23.2765961960181436,3.0044193202126550,12.994195,-0.745966,-12.2482290799703,-7.6932225992164,0,3.3e-12
1.0183210641285474,0.0,-0.0000000000002971,0.0000000000000000,0.0032931159249585,-0.0098142043738357,23.2775961960181412,3.0044190651512159,12.997556,-0.755408,-12.2421481539052,-7.8184520010156,0,4.8e-12
1.0183195457795604,0.0,-0.0000000000004773,0.0000000000000000,0.0032959001534529,-0.0098294326458871,23.2785961960181425,3.0044188101520581,13.000946,-0.764822,-12.2361234981763,-7.9434151811528,0,2.7e-12
1.0183180272864165,0.0,-0.0000000000004495,0.0000000000000000,0.0032986834406640,-0.0098446366259495,23.2795961960181437,3.0044185552151497,13.004365,-0.774210,-12.2301550120825,-8.0681101570323,0,4.1e-12
1.0183165086479895,0.0,-0.0000000000003775,0.0000000000000000,0.0033014657879021,-0.0098598164289650,23.2805961960181413,3.0044183003405172,13.007813,-0.783570,-12.2242426283829,-8.1925356289577,0,1.5e-11
1.0183149898656982,0.0,0.0000000000000992,0.0000000000000000,0.0033042471935644,-0.0098749721671166,23.2815961960181426,3.0044180455281384,13.011289,-0.792903,-12.2183864408157,-8.3166889963539,0,6.8e-12
1.0183134709397894,0.0,-0.0000000000003161,0.0000000000000000,0.0033070276571597,-0.0098901039531267,23.2825961960181438,3.0044177907780059,13.014794,-0.802208,-12.2125859390749,-8.4405698513093,0,6.1e-12
1.0183119518702668,0.0,-0.0000000000002254,0.0000000000000000,0.0033098071788604,-0.0099052118984897,23.2835961960181415,3.0044175360901231,13.018326,-0.811485,-12.2068415481693,-8.5641747752830,0,1.1e-11
1.0183104326574390,0.0,-0.0000000000012315,0.0000000000000000,0.0033125857583275,-0.0099202961146924,23.2845961960181427,3.0044172814644687,13.021887,-0.820734,-12.2011529604771,-8.6875028887556,0,6.3e-12
1.0183089133017562,0.0,0.0000000000000044,0.0000000000000000,0.0033153633950938,-0.0099353567111812,23.2855961960181439,3.0044170269010393,13.025475,-0.829955,-12.1955202407213,-8.8105525197937,0,3.4e-12
1.0183073938034313,0.0,-0.0000000000007347,0.0000000000000000,0.0033181400887406,-0.0099503937960492,23.2865961960181416,3.0044167723998525,13.029090,-0.839147,-12.1899431480360,-8.9333215138724,0,6.6e-12
1.0183058741629460,0.0,-0.0000000000004684,0.0000000000000000,0.0033209158388492,-0.0099654074787106,23.2875961960181428,3.0044165179608697,13.032733,-0.848311,-12.1844217011984,-9.0558086997593,0,7.0e-12
1.0183043543804271,0.0,-0.0000000000002371,0.0000000000000000,0.0033236906453256,-0.0099803978662453,23.2885961960181440,3.0044162635840981,13.036402,-0.857446,-12.1789559616250,-9.1780112778455,0,3.4e-12
1.0183028344566880,0.0,-0.0000000000007261,0.0000000000000000,0.0033264645070741,-0.0099953650645191,23.2895961960181417,3.0044160092695291,13.040098,-0.866552,-12.1735456723758,-9.2999282552028,0,1.0e-11
1.0183013143911652,0.0,0.0000000000006107,0.0000000000000000,0.0033292374250694,-0.0100103091805420,23.2905961960181429,3.0044157550171584,13.043821,-0.875630,-12.1681909986202,-9.4215579981211,0,1.3e-11
1.0182997941851855,0.0,-0.0000000000011319,0.0000000000000000,0.0033320093973263,-0.0100252303172667,23.2915961960181441,3.0044155008269908,13.047570,-0.884678,-12.1628914986994,-9.5428985436344,0,9.9e-12
1.0182982738383435,0.0,-0.0000000000001030,0.0000000000000000,0.0033347804248818,-0.0100401285821410,23.2925961960181418,3.0044152466989731,13.051345,-0.893697,-12.1576475092736,-9.6639482600710,0,5.1e-12
1.0182967533508702,0.0,-0.0000000000000174,0.0000000000000000,0.0033375505072377,-0.0100550040762015,23.2935961960181430,3.0044149926331536,13.055145,-0.902687,-12.1524587782094,-9.7847052937599,0,4.6e-12
1.0182952327236590,0.0,0.0000000000004893,0.0000000000000000,0.0033403196434915,-0.0100698569025388,23.2945961960181442,3.0044147386294946,13.058972,-0.911647,-12.1473252599304,-9.9051679501111,0,2.2e-12
1.0182937119569613,0.0,-0.0000000000000324,0.0000000000000000,0.0033430878332073,-0.0100846871634066,23.2955961960181419,3.0044144846879872,13.062824,-0.920577,-12.1422469006132,-10.0253345802409,0,2.2e-12
1.0182921910507075,0.0,-0.0000000000001179,0.0000000000000000,0.0033458550766988,-0.0100994949596444,23.2965961960181431,3.0044142308086421,13.066701,-0.929477,-12.1372236765546,-10.1452029586595,0,8.4e-12
1.0182906700058498,0.0,-0.0000000000016624,0.0000000000000000,0.0033486213727816,-0.0101142803918259,23.2975961960181408,3.0044139769914278,13.070603,-0.938348,-12.1322553958536,-10.2647721250017,0,1.9e-11
1.0182891488214245,0.0,0.0000000000000685,0.0000000000000000,0.0033513867228877,-0.0101290435609365,23.2985961960181420,3.0044137232363526,13.074530,-0.947188,-12.1273423128395,-10.3840402275860,0,1.0e-12
1.0182876274989767,0.0,-0.0000000000003014,0.0000000000000000,0.0033541511250317,-0.0101437845640092,23.2995961960181432,3.0044134695434082,13.078482,-0.955998,-12.1224839623534,-10.5030056184204,0,5.4e-12
1.0182861060383523,0.0,0.0000000000001708,0.0000000000000000,0.0033569145795354,-0.0101585035007791,23.3005961960181409,3.0044132159125718,13.082458,-0.964778,-12.1176805896412,-10.6216661934616,0,8.2e-12
1.0182845844399491,0.0,0.0000000000000029,0.0000000000000000,0.0033596770859660,-0.0101732004680458,23.3015961960181421,3.0044129623438498,13.086459,-0.973527,-12.1129319489921,-10.7400206049807,0,2.7e-12
1.0182830627039601,0.0,0.0000000000000408,0.0000000000000000,0.0033624386442933,-0.0101878755629603,23.3025961960181434,3.0044127088372306,13.090483,-0.982245,-12.1082381336309,-10.8580667339134,0,7.2e-12
1.0182815408311516,0.0,-0.0000000000003523,0.0000000000000000,0.0033651992534973,-0.0102025288813342,23.3035961960181410,3.0044124553926967,13.094532,-0.990933,-12.1035989108909,-10.9758036548938,0,5.5e-12
1.0182800188212580,0.0,0.0000000000002663,0.0000000000000000,0.0033679589141095,-0.0102171605192928,23.3045961960181423,3.0044122020102493,13.098604,-0.999590,-12.0990143812045,-11.0932291112441,0,8.8e-12
1.0182784966745158,0.0,0.0000000000001068,0.0000000000000000,0.0033707176259522,-0.0102317705719187,23.3055961960181435,3.0044119486898726,13.102700,-1.008215,-12.0944844402542,-11.2103415498664,0,3.9e-12
1.0182769743918694,0.0,0.0000000000002212,0.0000000000000000,0.0033734753879521,-0.0102463591324912,23.3065961960181411,3.0044116954315570,13.106819,-1.016810,-12.0900089440481,-11.3271395446479,0,6.3e-12
1.0182754519729322,0.0,0.0000000000010756,0.0000000000000000,0.0033762322006904,-0.0102609262949566,23.3075961960181424,3.0044114422353050,13.110961,-1.025373,-12.0855879979345,-11.4436213594649,0,8.0e-12
1.0182739294181773,0.0,0.0000000000031420,0.0000000000000000,0.0033789880636687,-0.0102754721529331,23.3085961960181436,3.0044111891010870,13.115126,-1.033904,-12.0812215022643,-11.5597850833855,0,2.4e-11
1.0182724067287754,0.0,0.0000000000001009,0.0000000000000000,0.0033817429755754,-0.0102899967955390,23.3095961960181413,3.0044109360289255,13.119313,-1.042404,-12.0769090558481,-11.6756293733683,0,8.5e-12
1.0182708839042718,0.0,0.0000000000003669,0.0000000000000000,0.0033844969370895,-0.0103045003175839,23.3105961960181425,3.0044106830187696,13.123524,-1.050873,-12.0726510672857,-11.7911521980317,0,1.2e-11
1.0182693609449167,0.0,0.0000000000003223,0.0000000000000000,0.0033872499479503,-0.0103189828081052,23.3115961960181437,3.0044104300706507,13.127756,-1.059309,-12.0684473386536,-11.9063519489921,0,2.0e-12
1.0182678378505265,0.0,0.0000000000001996,0.0000000000000000,0.0033900020087597,-0.0103334443597468,23.3125961960181414,3.0044101771845235,13.132011,-1.067714,-12.0642978143403,-12.0212276695135,0,5.3e-12
1.0182663146225739,0.0,0.0000000000002893,0.0000000000000000,0.0033927531176289,-0.0103478850596050,23.3135961960181426,3.0044099243603926,13.136288,-1.076086,-12.0602023529129,-12.1357770248616,0,1.2e-11
1.0182647912607352,0.0,-0.0000000000005623,0.0000000000000000,0.0033955032750922,-0.0103623049973138,23.3145961960181438,3.0044096715982551,13.140587,-1.084426,-12.0561609174502,-12.2499986613050,0,3.8e-12
1.0182632677648353,0.0,-0.0000000000227466,0.0000000000000000,0.0033982524804086,-0.0103767042630977,23.3155961960181415,3.0044094188980872,13.144907,-1.092734,-12.0521728883104,-12.3638877146972,0,1.1e-10
1.0182617441363799,0.0,-0.0000000000001265,0.0000000000000000,0.0034010007353032,-0.0103910829407700,23.3165961960181427,3.0044091662598968,13.149250,-1.101010,-12.0482401739950,-12.4774521753176,0,3.3e-12
1.0182602203748741,0.0,0.0000000000000168,0.0000000000000000,0.0034037480370765,-0.0104054411210432,23.3175961960181439,3.0044089136836480,13.153613,-1.109253,-12.0443606625474,-12.5906807218539,0,6.4e-12
1.0182586964802727,0.0,-0.0000000000027537,0.0000000000000000,0.0034064943870039,-0.0104197788889182,23.3185961960181416,3.0044086611693710,13.157998,-1.117463,-12.0405349200992,-12.7035748564421,0,1.0e-11
1.0182571724537131,0.0,0.0000000000001157,0.0000000000000000,0.0034092397839542,-0.0104340963317977,23.3195961960181428,3.0044084087169933,13.162404,-1.125640,-12.0367631287464,-12.8161335807555,0,6.6e-12
1.0182556482948650,0.0,0.0000000000018268,0.0000000000000000,0.0034119842285230,-0.0104483935338232,23.3205961960181440,3.0044081563265523,13.166830,-1.133785,-12.0330450449943,-12.9283551010718,0,1.4e-11
1.0182541240045566,0.0,0.0000000000005399,0.0000000000000000,0.0034147277196281,-0.0104626705796427,23.3215961960181417,3.0044079039980245,13.171277,-1.141897,-12.0293805445895,-13.0402371372492,0,1.2e-11
1.0182525995828182,0.0,0.0000000000009552,0.0000000000000000,0.0034174702575848,-0.0104769275539275,23.3225961960181429,3.0044076517313973,13.175745,-1.149975,-12.0257697070741,-13.1517786323543,0,7.2e-12
1.0182510750294540,0.0,0.0000000000005326,0.0000000000000000,0.0034202118427002,-0.0104911645409184,23.3235961960181442,3.0044073995266651,13.180233,-1.158020,-12.0222125184082,-13.2629777254142,0,3.8e-12
1.0182495503456812,0.0,-0.0000000000013805,0.0000000000000000,0.0034229524736181,-0.0105053816225768,23.3245961960181418,3.0044071473838097,13.184741,-1.166032,-12.0187086845691,-13.3738331541055,0,6.7e-12
1.0182480255310749,0.0,-0.0000000000007181,0.0000000000000000,0.0034256921512218,-0.0105195788827307,23.3255961960181430,3.0044068953028149,13.189269,-1.174011,-12.0152584856211,-13.4843432661705,0,8.4e-12
1.0182465005864791,0.0,-0.0000000000001137,0.0000000000000000,0.0034284308744647,-0.0105337564019482,23.3265961960181443,3.0044066432836836,13.193817,-1.181956,-12.0118617153664,-13.5945063518129,0,1.1e-12
1.0182449755116083,0.0,-0.0000000000001093,0.0000000000000000,0.0034311686438989,-0.0105479142625060,23.3275961960181419,3.0044063913264036,13.198385,-1.189867,-12.0085182816069,-13.7043209142338,0,5.2e-12
1.0182434503068660,0.0,0.0000000000010178,0.0000000000000000,0.0034339054592900,-0.0105620525458876,23.3285961960181432,3.0044061394309498,13.202973,-1.197744,-12.0052282196979,-13.8137856662714,0,2.0e-11
1.0182419249730550,0.0,0.0000000000003452,0.0000000000000000,0.0034366413197538,-0.0105761713316208,23.3295961960181408,3.0044058875973092,13.207579,-1.205588,-12.0019912491150,-13.9228987148572,0,7.4e-12
1.0182403995102098,0.0,-0.0000000000006480,0.0000000000000000,0.0034393762253457,-0.0105902706992940,23.3305961960181421,3.0044056358254854,13.212205,-1.213398,-11.9988076570475,-14.0316578436739,0,8.8e-12
1.0182388739182273,0.0,-0.0000000000000152,0.0000000000000000,0.0034421101766247,-0.0106043507293329,23.3315961960181433,3.0044053841154539,13.216850,-1.221173,-11.9956772531303,-14.1400628476100,0,2.5e-12
1.0182373481978908,0.0,0.0000000000002250,0.0000000000000000,0.0034448431726019,-0.0106184114995744,23.3325961960181409,3.0044051324672068,13.221514,-1.228915,-11.9925999069818,-14.2481114715282,0,1.9e-12
1.0182358223491876,0.0,-0.0000000000003943,0.0000000000000000,0.0034475752135109,-0.0106324530890105,23.3335961960181422,3.0044048808807275,13.226197,-1.236622,-11.9895756420270,-14.3558017621330,0,2.9e-12
1.0182342963724702,0.0,0.0000000000000784,0.0000000000000000,0.0034503062992901,-0.0106464755745991,23.3345961960181434,3.0044046293560163,13.230899,-1.244294,-11.9866044060854,-14.4631332313366,0,6.9e-13
1.0182327702683120,0.0,-0.0000000000000817,0.0000000000000000,0.0034530364291889,-0.0106604790336445,23.3355961960181411,3.0044043778930520,13.235619,-1.251933,-11.9836861527945,-14.5701032843415,0,9.4e-12
1.0182312440360561,0.0,0.0000000000006942,0.0000000000000000,0.0034557656044578,-0.0106744635433225,23.3365961960181423,3.0044041264918429,13.240357,-1.259536,-11.9808209553255,-14.6767109830458,0,1.6e-11
1.0182297176775417,0.0,0.0000000000001088,0.0000000000000000,0.0034584938229098,-0.0106884291806971,23.3375961960181435,3.0044038751523079,13.245114,-1.267105,-11.9780084979269,-14.7829541764553,0,3.3e-12
1.0182281911917195,0.0,-0.0000000000000746,0.0000000000000000,0.0034612210859385,-0.0107023760201445,23.3385961960181412,3.0044036238745071,13.249888,-1.274640,-11.9752488742829,-14.8888322625915,0,3.1e-12
1.0182266645794884,0.0,0.0000000000000463,0.0000000000000000,0.0034639473929820,-0.0107163041376035,23.3395961960181424,3.0044033726583925,13.254681,-1.282139,-11.9725420504133,-14.9943432286896,0,3.2e-12
1.0182251378409164,0.0,0.0000000000009471,0.0000000000000000,0.0034666727438431,-0.0107302136072101,23.3405961960181436,3.0044031215039726,13.259491,-1.289603,-11.9698880426765,-15.0994854979440,0,7.8e-12
1.0182236109764231,0.0,-0.0000000000003518,0.0000000000000000,0.0034693971382547,-0.0107441045040660,23.3415961960181413,3.0044028704112136,13.264319,-1.297033,-11.9672865822237,-15.2042573638811,0,1.2e-11
1.0182220839861318,0.0,-0.0000000000005679,0.0000000000000000,0.0034721205765313,-0.0107579769015239,23.3425961960181425,3.0044026193801145,13.269165,-1.304427,-11.9647378734002,-15.3086578334381,0,5.3e-12
1.0182205568704583,0.0,-0.0000000000009731,0.0000000000000000,0.0034748430581052,-0.0107718308731631,23.3435961960181437,3.0044023684106542,13.274028,-1.311786,-11.9622416682506,-15.4126849869503,0,1.4e-11
1.0182190296297338,0.0,-0.0000000000002412,0.0000000000000000,0.0034775645830641,-0.0107856664915006,23.3445961960181414,3.0044021175028246,13.278908,-1.319110,-11.9597981666030,-15.5163374112300,0,3.9e-12
1.0182175022642230,0.0,0.0000000000006728,0.0000000000000000,0.0034802851511463,-0.0107994838291613,23.3455961960181426,3.0044018666566084,13.283805,-1.326398,-11.9574070512314,-15.6196139317932,0,7.4e-12
1.0182159747735653,0.0,0.0000000000001639,0.0000000000000000,0.0034830047629516,-0.0108132829585846,23.3465961960181438,3.0044016158720042,13.288719,-1.333651,-11.9550685104192,-15.7225124074686,0,8.9e-12
1.0182144471590799,0.0,0.0000000000001310,0.0000000000000000,0.0034857234174052,-0.0108270639513334,23.3475961960181415,3.0044013651489583,13.293650,-1.340868,-11.9527822549877,-15.8250317755889,0,9.7e-12
1.0182129194203438,0.0,0.0000000000001467,0.0000000000000000,0.0034884411148269,-0.0108408268765036,23.3485961960181427,3.0044011144875262,13.298598,-1.348050,-11.9505485312987,-15.9271703058702,0,8.1e-12
1.0182113915580597,0.0,0.0000000000009554,0.0000000000000000,0.0034911578550829,-0.0108545718073364,23.3495961960181440,3.0044008638876210,13.303562,-1.355195,-11.9483670244057,-16.0289269295233,0,8.0e-12
1.0182098635723131,0.0,-0.0000000000000274,0.0000000000000000,0.0034938736378018,-0.0108682988118437,23.3505961960181416,3.0044006133492811,13.308543,-1.362305,-11.9462378078440,-16.1302994265082,0,8.6e-12
1.0182083354632849,0.0,-0.0000000000001026,0.0000000000000000,0.0034965884633955,-0.0108820079611443,23.3515961960181428,3.0044003628724663,13.313540,-1.369379,-11.9441608156776,-16.2312870825206,0,1.5e-12
1.0182068072313377,0.0,-0.0000000000001223,0.0000000000000000,0.0034993023315721,-0.0108956993242451,23.3525961960181441,3.0044001124571631,13.318553,-1.376417,-11.9421360691899,-16.3318880178584,0,3.1e-12
1.0182052788768574,0.0,0.0000000000000029,0.0000000000000000,0.0035020152420677,-0.0109093729696237,23.3535961960181417,3.0043998621033636,13.323583,-1.383419,-11.9401634866884,-16.4321006856641,0,6.5e-12
1.0182037503998318,0.0,-0.0000000000001814,0.0000000000000000,0.0035047271951800,-0.0109230289661864,23.3545961960181430,3.0043996118110510,13.328628,-1.390385,-11.9382429398122,-16.5319238931536,0,7.0e-12
1.0182022218006168,0.0,0.0000000000004816,0.0000000000000000,0.0035074381907605,-0.0109366673818991,23.3555961960181442,3.0043993615802087,13.333689,-1.397314,-11.9363746094219,-16.6313558988636,0,7.2e-12
1.0182006930797920,0.0,-0.0000000000000209,0.0000000000000000,0.0035101482282349,-0.0109502882835423,23.3565961960181419,3.0043991114108306,13.338766,-1.404208,-11.9345581440438,-16.7303954679441,0,8.1e-12
1.0181991642371757,0.0,-0.0000000000007414,0.0000000000000000,0.0035128573081413,-0.0109638917394977,23.3575961960181431,3.0043988613028896,13.343858,-1.411064,-11.9327937082218,-16.8290409561629,0,3.6e-12
1.0181976352735604,0.0,-0.0000000000003748,0.0000000000000000,0.0035155654300452,-0.0109774778153006,23.3585961960181407,3.0043986112563772,13.348966,-1.417884,-11.9310813462865,-16.9272907265929,0,1.1e-11
1.0181961061889495,0.0,0.0000000000001311,0.0000000000000000,0.0035182725939137,-0.0109910465780461,23.3595961960181420,3.0043983612712735,13.354089,-1.424668,-11.9294208150017,-17.0251438301235,0,2.3e-12
1.0181945769832419,0.0,-0.0000000000003749,0.0000000000000000,0.0035209788001553,-0.0110045980935527,23.3605961960181432,3.0043981113475788,13.359227,-1.431415,-11.9278120857166,-17.1225984961377,0,6.9e-12
1.0181930476575896,0.0,-0.0000000000003361,0.0000000000000000,0.0035236840478306,-0.0110181324272094,23.3615961960181409,3.0043978614852485,13.364380,-1.438125,-11.9262552146140,-17.2196532243369,0,2.6e-12
1.0181915182113628,0.0,-0.0000000000001342,0.0000000000000000,0.0035263883376748,-0.0110316496442853,23.3625961960181421,3.0043976116842974,13.369549,-1.444799,-11.9247501903937,-17.3163065396925,0,1.9e-12
1.0181899886448276,0.0,0.0000000000001676,0.0000000000000000,0.0035290916699525,-0.0110451498102941,23.3635961960181433,3.0043973619446924,13.374732,-1.451435,-11.9232968603944,-17.4125573342463,0,1.0e-11
1.0181884589591284,0.0,-0.0000000000002403,0.0000000000000000,0.0035317940434184,-0.0110586329881378,23.3645961960181410,3.0043971122664184,13.379930,-1.458035,-11.9218953049351,-17.5084036882388,0,9.1e-12
1.0181869291541967,0.0,-0.0000000000005237,0.0000000000000000,0.0035344954584245,-0.0110720992419815,23.3655961960181422,3.0043968626494681,13.385143,-1.464597,-11.9205453336114,-17.6038441956586,0,7.1e-12
1.0181853992296861,0.0,-0.0000000000000926,0.0000000000000000,0.0035371959157175,-0.0110855486368954,23.3665961960181434,3.0043966130938129,13.390370,-1.471123,-11.9192470559200,-17.6988778283239,0,3.5e-12
1.0181838691865224,0.0,-0.0000000000004701,0.0000000000000000,0.0035398954145196,-0.0110989812342669,23.3675961960181411,3.0043963635994531,13.395611,-1.477611,-11.9180003562210,-17.7935030422949,0,3.1e-12
1.0181823390246336,0.0,0.0000000000002006,0.0000000000000000,0.0035425939552012,-0.0111123970978555,23.3685961960181423,3.0043961141663651,13.400867,-1.484062,-11.9168052469676,-17.8877182331871,0,3.9e-12
1.0181808087445239,0.0,0.0000000000007809,0.0000000000000000,0.0035452915373566,-0.0111257962901627,23.3695961960181435,3.0043958647945210,13.406137,-1.490476,-11.9156616277531,-17.9815220540135,0,6.8e-12
1.0181792783464860,0.0,0.0000000000000678,0.0000000000000000,0.0035479881608790,-0.0111391788723183,23.3705961960181412,3.0043956154839275,13.411421,-1.496852,-11.9145694332460,-18.0749127771022,0,3.3e-12
1.0181777478303580,0.0,0.0000000000000070,0.0000000000000000,0.0035506838262739,-0.0111525449070628,23.3715961960181424,3.0043953662345584,13.416720,-1.503191,-11.9135287206551,-18.1678893510667,0,7.8e-12
1.0181762171971172,0.0,0.0000000000002405,0.0000000000000000,0.0035533785331444,-0.0111658944554806,23.3725961960181436,3.0043951170463736,13.422032,-1.509492,-11.9125394214824,-18.2604503683690,0,5.7e-12
1.0181746864462995,0.0,0.0000000000001554,0.0000000000000000,0.0035560722816893,-0.0111792275783100,23.3735961960181413,3.0043948679193937,13.427357,-1.515756,-11.9116014577667,-18.3525943012054,0,1.9e-12
1.0181731555784748,0.0,-0.0000000000001346,0.0000000000000000,0.0035587650718365,-0.0111925443363149,23.3745961960181425,3.0043946188535839,13.432697,-1.521982,-11.9107148892350,-18.4443194848720,0,3.5e-13
1.0181716245940797,0.0,0.0000000000000735,0.0000000000000000,0.0035614569033649,-0.0112058447898424,23.3755961960181438,3.0043943698489195,13.438050,-1.528170,-11.9098795692030,-18.5356249952595,0,2.3e-12
1.0181700934928002,0.0,-0.0000000000006230,0.0000000000000000,0.0035641477768417,-0.0112191289986452,23.3765961960181414,3.0043941209054097,13.443416,-1.534321,-11.9090955339734,-18.6265088079247,0,3.2e-12
1.0181685622758128,0.0,-0.0000000000000417,0.0000000000000000,0.0035668376914447,-0.0112323970216864,23.3775961960181426,3.0043938720230132,13.448796,-1.540433,-11.9083627467447,-18.7169701162216,0,7.7e-12
1.0181670309425566,0.0,-0.0000000000016073,0.0000000000000000,0.0035695266478157,-0.0112456489195706,23.3785961960181439,3.0043936232017154,13.454189,-1.546508,-11.9076810733395,-18.8070069381165,0,1.0e-11
1.0181654994942604,0.0,0.0000000000128354,0.0000000000000000,0.0035722146461635,-0.0112588847508286,23.3795961960181415,3.0043933744414599,13.459596,-1.552544,-11.9070511275348,-18.8966204289098,0,5.8e-11
1.0181639679293952,0.0,0.0000000000005590,0.0000000000000000,0.0035749016854059,-0.0112721045709049,23.3805961960181428,3.0043931257423879,13.465014,-1.558543,-11.9064714719251,-18.9858032355683,0,8.9e-12
1.0181624362500845,0.0,0.0000000000001353,0.0000000000000000,0.0035775877663959,-0.0112853084427659,23.3815961960181440,3.0043928771042836,13.470447,-1.564503,-11.9059431735929,-19.0745594354498,0,2.0e-12
1.0181609044558793,0.0,-0.0000000000002515,0.0000000000000000,0.0035802728889063,-0.0112984964211506,23.3825961960181417,3.0043926285272331,13.475892,-1.570426,-11.9054659477641,-19.1628857538603,0,1.3e-11
1.0181593725466074,0.0,0.0000000000000327,0.0000000000000000,0.0035829570535840,-0.0113116685646355,23.3835961960181429,3.0043923800112089,13.481350,-1.576310,-11.9050399242750,-19.2507809965351,0,1.0e-11
1.0181578405223211,0.0,-0.0000000000015855,0.0000000000000000,0.0035856402601641,-0.0113248249342901,23.3845961960181441,3.0043921315561160,13.486820,-1.582155,-11.9046646332917,-19.3382432983772,0,1.6e-11
1.0181563083856477,0.0,-0.0000000000004155,0.0000000000000000,0.0035883225073334,-0.0113379655747230,23.3855961960181418,3.0043918831621186,13.492303,-1.587963,-11.9043405479519,-19.4252723074392,0,4.5e-12
1.0181547761342806,0.0,0.0000000000000509,0.0000000000000000,0.0035910037966775,-0.0113510905546253,23.3865961960181430,3.0043916348290249,13.497799,-1.593731,-11.9040673292590,-19.5118655906780,0,5.7e-12
1.0181532437689935,0.0,0.0000000000001261,0.0000000000000000,0.0035936841282512,-0.0113641999261081,23.3875961960181442,3.0043913865568861,13.503307,-1.599462,-11.9038450861671,-19.5980222380508,0,1.5e-11
1.0181517112905343,0.0,-0.0000000000000195,0.0000000000000000,0.0035963635013163,-0.0113772937449640,23.3885961960181419,3.0043911383456701,13.508827,-1.605153,-11.9036735660426,-19.6837407994801,0,1.1e-11
1.0181501786989859,0.0,0.0000000000007472,0.0000000000000000,0.0035990419163165,-0.0113903720664239,23.3895961960181431,3.0043908901953706,13.514360,-1.610807,-11.9035529799026,-19.7690200982704,0,1.8e-11
1.0181486459946647,0.0,-0.0000000000000121,0.0000000000000000,0.0036017193728740,-0.0114034349470264,23.3905961960181408,3.0043906421059394,13.519904,-1.616421,-11.9034830895081,-19.8538579618100,0,5.2e-12
1.0181471131752629,0.0,0.0000000000040282,0.0000000000000000,0.0036043958731815,-0.0114164824381399,23.3915961960181420,3.0043903940775407,13.525461,-1.621997,-11.9034645890879,-19.9382544596043,0,1.0e-10
1.0181455802484460,0.0,0.0000000000002330,0.0000000000000000,0.0036070714120320,-0.0114295146013505,23.3925961960181432,3.0043901461096989,13.531029,-1.627534,-11.9034956831407,-20.0222061361944,0,3.6e-12
1.0181440472070105,0.0,-0.0000000000004796,0.0000000000000000,0.0036097459946785,-0.0114425314844461,23.3935961960181409,3.0043898982028447,13.536610,-1.633032,-11.9035781476207,-20.1057133879319,0,6.8e-12
1.0181425140538356,0.0,0.0000000000001519,0.0000000000000000,0.0036124196193656,-0.0114555331436131,23.3945961960181421,3.0043896503568015,13.542202,-1.638491,-11.9037112710825,-20.1887743285326,0,3.5e-12
1.0181409807888764,0.0,0.0000000000003417,0.0000000000000000,0.0036150922864493,-0.0114685196324178,23.3955961960181433,3.0043894025715678,13.547806,-1.643911,-11.9038951166125,-20.2713875497792,0,1.7e-11
1.0181394474127510,0.0,-0.0000000000000194,0.0000000000000000,0.0036177639954872,-0.0114814910047158,23.3965961960181410,3.0043891548470993,13.553422,-1.649292,-11.9041294754085,-20.3535515916194,0,2.7e-12
1.0181379139253934,0.0,0.0000000000002341,0.0000000000000000,0.0036204347470467,-0.0114944473130690,23.3975961960181422,3.0043889071834013,13.559049,-1.654634,-11.9044145187070,-20.4352652815117,0,1.0e-11
1.0181363803275529,0.0,0.0000000000000682,0.0000000000000000,0.0036231045404945,-0.0115073886103658,23.3985961960181434,3.0043886595804339,13.564687,-1.659937,-11.9047500058003,-20.5165271401547,0,4.9e-12
1.0181348466189646,0.0,0.0000000000054695,0.0000000000000000,0.0036257733768843,-0.0115203149500729,23.3995961960181411,3.0043884120381734,13.570337,-1.665201,-11.9051363906533,-20.5973363181049,0,2.8e-11
1.0181333127998979,0.0,0.0000000000008630,0.0000000000000000,0.0036284412553288,-0.0115332263824110,23.4005961960181423,3.0043881645566524,13.575998,-1.670425,-11.9055728874458,-20.6776898324261,0,4.8e-12
1.0181317788711077,0.0,0.0000000000000508,0.0000000000000000,0.0036311081763168,-0.0115461229607139,23.4015961960181436,3.0043879171357926,13.581670,-1.675610,-11.9060599957226,-20.7575879777853,0,3.2e-12
1.0181302448323510,0.0,0.0000000000016955,0.0000000000000000,0.0036337741401268,-0.0115590047367956,23.4025961960181412,3.0043876697755927,13.587354,-1.680756,-11.9065977273885,-20.8370290139543,0,1.3e-11
1.0181287106840144,0.0,0.0000000000002752,0.0000000000000000,0.0036364391465663,-0.0115718717611983,23.4035961960181425,3.0043874224760465,13.593048,-1.685863,-11.9071857489874,-20.9160112117237,0,1.0e-11
1.0181271764264752,0.0,0.0000000000000799,0.0000000000000000,0.0036391031957967,-0.0115847240851949,23.4045961960181437,3.0043871752371243,13.598754,-1.690929,-11.9078241956939,-20.9945335426770,0,6.3e-12
1.0181256420595641,0.0,0.0000000000093234,0.0000000000000000,0.0036417662886747,-0.0115975617604460,23.4055961960181413,3.0043869280587989,13.604470,-1.695957,-11.9085134858359,-21.0725959092021,0,5.6e-11
1.0181241075844865,0.0,0.0000000000002931,0.0000000000000000,0.0036444284229616,-0.0116103848360409,23.4065961960181426,3.0043866809410589,13.610197,-1.700945,-11.9092522853993,-21.1501931196006,0,8.8e-12
1.0181225730000885,0.0,0.0000000000002183,0.0000000000000000,0.0036470896016324,-0.0116231933630834,23.4075961960181438,3.0043864338839041,13.615935,-1.705893,-11.9100419617472,-21.2273277096036,0,1.1e-11
1.0181210383077539,0.0,-0.0000000000000986,0.0000000000000000,0.0036497498229948,-0.0116359873917636,23.4085961960181415,3.0043861868872739,13.621683,-1.710802,-11.9108818933326,-21.3039966820891,0,8.7e-12
1.0181195035076513,0.0,0.0000000000002148,0.0000000000000000,0.0036524090874303,-0.0116487669708495,23.4095961960181427,3.0043859399511690,13.627442,-1.715670,-11.9117720600593,-21.3801992241418,0,2.6e-12
1.0181179685993795,0.0,0.0000000000001042,0.0000000000000000,0.0036550673955678,-0.0116615321509909,23.4105961960181439,3.0043856930755672,13.633212,-1.720499,-11.9127125303010,-21.4559336297465,0,2.6e-12
1.0181164335835950,0.0,-0.0000000000001463,0.0000000000000000,0.0036577247471222,-0.0116742829800317,23.4115961960181416,3.0043854462604633,13.638992,-1.725289,-11.9137031842683,-21.5311988362938,0,2.2e-12
1.0181148984609889,0.0,-0.0000000000010083,0.0000000000000000,0.0036603811417134,-0.0116870195074741,23.4125961960181428,3.0043851995058062,13.644782,-1.730038,-11.9147441042993,-21.6059930459139,0,7.0e-12
1.0181133632303738,0.0,-0.0000000000000200,0.0000000000000000,0.0036630365811776,-0.0116997417827521,23.4135961960181440,3.0043849528116082,13.650583,-1.734748,-11.9158353061300,-21.6803157489318,0,5.2e-12
1.0181118278935197,0.0,0.0000000000006215,0.0000000000000000,0.0036656910638668,-0.0117124498531558,23.4145961960181417,3.0043847061778193,13.656394,-1.739417,-11.9169765915071,-21.7541649514622,0,9.1e-12
1.0181102924500829,0.0,-0.0000000000002860,0.0000000000000000,0.0036683445902964,-0.0117251437668366,23.4155961960181429,3.0043844596044402,13.662215,-1.744047,-11.9181681082406,-21.8275392108044,0,2.7e-12
1.0181087569001994,0.0,-0.0000000000001346,0.0000000000000000,0.0036709971610302,-0.0117378235721502,23.4165961960181441,3.0043842130914404,13.668046,-1.748636,-11.9194097556206,-21.9004375629340,0,4.0e-12
1.0181072212442193,0.0,0.0000000000010238,0.0000000000000000,0.0036736487759553,-0.0117504893172115,23.4175961960181418,3.0043839666387853,13.673887,-1.753185,-11.9207015189257,-21.9728587708144,0,3.3e-12
1.0181056854822110,0.0,0.0000000000008001,0.0000000000000000,0.0036762994354667,-0.0117631410472453,23.4185961960181430,3.0043837202465085,13.679738,-1.757695,-11.9220433367015,-22.0448013612450,0,4.9e-12
1.0181041496152616,0.0,-0.0000000000005766,0.0000000000000000,0.0036789491386146,-0.0117757788106300,23.4195961960181442,3.0043834739145279,13.685599,-1.762164,-11.9234352134085,-22.1162635472928,0,2.0e-12
1.0181026136423148,0.0,0.0000000000024018,0.0000000000000000,0.0036815978871752,-0.0117884026557541,23.4205961960181419,3.0043832276428342,13.691470,-1.766592,-11.9248772860438,-22.1872449776752,0,1.0e-11
1.0181010775638903,0.0,-0.0000000000098876,0.0000000000000000,0.0036842456799642,-0.0118010126326297,23.4215961960181431,3.0043829814313221,13.697349,-1.770981,-11.9263685948403,-22.2577417404549,0,7.6e-11
1.0180995413817575,0.0,-0.0000000000004574,0.0000000000000000,0.0036868925178188,-0.0118136087709339,23.4225961960181408,3.0043827352802888,13.703240,-1.775329,-11.9279111744790,-22.3277578591660,0,3.0e-12
1.0180980050947621,0.0,-0.0000000000004668,0.0000000000000000,0.0036895384002800,-0.0118261911339708,23.4235961960181420,3.0043824891893758,13.709140,-1.779637,-11.9295031337691,-22.3972871042730,0,1.0e-11
1.0180964687030474,0.0,0.0000000000003381,0.0000000000000000,0.0036921833282081,-0.0118387597627010,23.4245961960181432,3.0043822431586769,13.715049,-1.783904,-11.9311451813669,-22.4663300032616,0,1.5e-12
1.0180949322074091,0.0,-0.0000000000006080,0.0000000000000000,0.0036948273011462,-0.0118513147020526,23.4255961960181409,3.0043819971881658,13.720968,-1.788131,-11.9328370775463,-22.5348847566726,0,3.6e-12
1.0180933956077372,0.0,-0.0000000000005154,0.0000000000000000,0.0036974703197700,-0.0118638559976535,23.4265961960181421,3.0043817512778266,13.726896,-1.792317,-11.9345788875271,-22.6029505004722,0,6.8e-12
1.0180918589043642,0.0,-0.0000000000000699,0.0000000000000000,0.0037001123840120,-0.0118763836946137,23.4275961960181434,3.0043815054276362,13.732834,-1.796463,-11.9363707068148,-22.6705257835883,0,1.4e-12
1.0180903220977795,0.0,-0.0000000000004970,0.0000000000000000,0.0037027534937675,-0.0118888978380259,23.4285961960181410,3.0043812596375599,13.738780,-1.800568,-11.9382124353998,-22.7376090550838,0,5.2e-12
1.0180887851881655,0.0,0.0000000000041923,0.0000000000000000,0.0037053936494611,-0.0119013984711252,23.4295961960181423,3.0043810139076097,13.744737,-1.804633,-11.9401042308461,-22.8041998655758,0,2.5e-11
