x0_n,y0_n,z0_n,xd0_n,yd0_n,zd0_n,Tp,JC,L2ExcessVelocity_mps,landingVelocity_mps,stabilityIndex1,stabilityIndex2...,error_tol=1e-13,n=1.000348441188872
1.0204059221209718,0.0000000000000024,0.0000000000000000,-0.0000000000000003,-0.0000000281035566,-0.0000892284672340,3.1791321023663026,3.0044850914,1.226,1844.903,2571.8200,1.9478
1.0204059360150721,0.0000000000000009,0.0000000000000000,-0.0000000000000000,-0.0000000000003656,-0.0000003217058006,3.1791316404589338,3.0044850993,0.004,1844.903,2571.8347,1.9478
1.0204059223206277,0.0000000000000025,0.0000000000000000,0.0000000000000018,-0.0000000276997134,0.0000885850556327,3.1791320817197048,3.0044850915,1.217,1844.903,2571.8202,1.9478
1.0204058810376593,0.0000000000000046,0.0000000000000000,0.0000000000000020,-0.0000001112019215,0.0001774918170661,3.1791353314494364,3.0044850678,2.438,1844.904,2571.7885,1.9478
1.0204058121662225,-0.0000000000000039,0.0000000000000000,-0.0000000000000006,-0.0000002505079217,0.0002663985784995,3.1791407513292551,3.0044850284,3.660,1844.906,2571.7356,1.9478
1.0204057157064153,0.0000000000000012,0.0000000000000000,0.0000000000000003,-0.0000004456192965,0.0003553053399328,3.1791483420075726,3.0044849731,4.881,1844.909,2571.6615,1.9477
1.0204055916583710,-0.0000000000000008,0.0000000000000000,-0.0000000000000007,-0.0000006965382504,0.0004442121013662,3.1791581038073304,3.0044849020,6.103,1844.913,2571.5663,1.9477
1.0204054400222651,0.0000000000000030,0.0000000000000000,0.0000000000000029,-0.0000010032676351,0.0005331188627996,3.1791700370102149,3.0044848151,7.324,1844.917,2571.4499,1.9477
1.0204052607983096,0.0000000000000010,0.0000000000000000,0.0000000000000017,-0.0000013658109162,0.0006220256242329,3.1791841417771218,3.0044847124,8.545,1844.923,2571.3123,1.9477
1.0204050539867546,-0.0000000000000011,0.0000000000000000,-0.0000000000000011,-0.0000017841721950,0.0007109323856663,3.1792004184562672,3.0044845939,9.767,1844.929,2571.1535,1.9477
1.0204048195878879,0.0000000000000000,0.0000000000000000,0.0000000000000001,-0.0000022583562007,0.0007998391470997,3.1792188673605297,3.0044844596,10.988,1844.935,2570.9736,1.9477
1.0204045576020411,-0.0000000000000039,0.0000000000000000,-0.0000000000000010,-0.0000027883683197,0.0008887459085331,3.1792394888470663,3.0044843095,12.210,1844.943,2570.7725,1.9476
1.0204042680295773,0.0000000000000003,0.0000000000000000,0.0000000000000015,-0.0000033742145293,0.0009776526699664,3.1792622832991331,3.0044841435,13.431,1844.952,2570.5502,1.9476
1.0204039508709042,0.0000000000000023,0.0000000000000000,0.0000000000000015,-0.0000040159014754,0.0010665594313998,3.1792872511830264,3.0044839618,14.652,1844.961,2570.3068,1.9476
1.0204036061264672,0.0000000000000006,0.0000000000000000,0.0000000000000005,-0.0000047134364304,0.0011554661928332,3.1793143929848875,3.0044837643,15.874,1844.971,2570.0423,1.9475
1.0204032337967464,0.0000000000000015,0.0000000000000000,-0.0000000000000005,-0.0000054668272746,0.0012443729542665,3.1793437092338994,3.0044835509,17.095,1844.982,2569.7566,1.9475
1.0204028338822673,0.0000000000000003,0.0000000000000000,0.0000000000000001,-0.0000062760825542,0.0013332797156999,3.1793752004879372,3.0044833217,18.317,1844.994,2569.4497,1.9475
1.0204024063835901,0.0000000000000019,0.0000000000000000,0.0000000000000028,-0.0000071412114374,0.0014221864771333,3.1794088673894589,3.0044830768,19.538,1845.006,2569.1217,1.9474
1.0204019513013101,0.0000000000000025,0.0000000000000000,0.0000000000000021,-0.0000080622236977,0.0015110932385666,3.1794447105687422,3.0044828160,20.759,1845.020,2568.7726,1.9474
1.0204014686360734,-0.0000000000000038,0.0000000000000000,-0.0000000000000035,-0.0000090391298041,0.0016000000000000,3.1794827307396489,3.0044825394,21.981,1845.034,2568.4024,1.9473
1.0204014686360732,-0.0000000000000009,0.0000000000000000,-0.0000000000000005,-0.0000090391298034,0.0016000000000000,3.1794827307510265,3.0044825394,21.981,1845.034,2568.4024,1.9473
1.0204013103837606,0.0000000000000014,0.0000000000000000,0.0000000000000019,-0.0000093594455374,0.0016280936454849,3.1794951974964549,3.0044824487,22.367,1845.038,2568.2810,1.9473
1.0204011493773879,-0.0000000000000003,0.0000000000000000,0.0000000000000010,-0.0000096853437166,0.0016561872909699,3.1795078817125746,3.0044823565,22.753,1845.043,2568.1575,1.9473
1.0204009856169760,0.0000000000000011,0.0000000000000000,0.0000000000000014,-0.0000100168246919,0.0016842809364548,3.1795207834341839,3.0044822626,23.138,1845.048,2568.0319,1.9473
1.0204008191025522,-0.0000000000000007,0.0000000000000000,0.0000000000000005,-0.0000103538888700,0.0017123745819398,3.1795339026645975,3.0044821672,23.524,1845.053,2567.9042,1.9473
1.0204006498341367,0.0000000000000050,0.0000000000000000,0.0000000000000022,-0.0000106965366095,0.0017404682274247,3.1795472394402831,3.0044820702,23.910,1845.058,2567.7744,1.9473
1.0204004778117546,0.0000000000000027,0.0000000000000000,0.0000000000000014,-0.0000110447683049,0.0017685618729097,3.1795607937978203,3.0044819717,24.296,1845.063,2567.6425,1.9473
1.0204003030354314,-0.0000000000000047,0.0000000000000000,-0.0000000000000018,-0.0000113985843612,0.0017966555183946,3.1795745657424543,3.0044818715,24.682,1845.068,2567.5085,1.9472
1.0204001255051882,-0.0000000000000020,0.0000000000000000,-0.0000000000000010,-0.0000117579851595,0.0018247491638796,3.1795885553116778,3.0044817698,25.068,1845.073,2567.3723,1.9472
1.0203999452210510,-0.0000000000000034,0.0000000000000000,-0.0000000000000029,-0.0000121229711131,0.0018528428093645,3.1796027625428454,3.0044816665,25.454,1845.078,2567.2341,1.9472
1.0203997621830454,-0.0000000000000059,0.0000000000000000,-0.0000000000000031,-0.0000124935426314,0.0018809364548495,3.1796171874433674,3.0044815616,25.840,1845.084,2567.0937,1.9472
1.0203995763912013,0.0000000000000001,0.0000000000000000,-0.0000000000000002,-0.0000128697001600,0.0019090301003344,3.1796318300611617,3.0044814551,26.226,1845.089,2566.9513,1.9472
1.0203993878455382,0.0000000000000000,0.0000000000000000,-0.0000000000000007,-0.0000132514440887,0.0019371237458194,3.1796466904055753,3.0044813471,26.612,1845.095,2566.8067,1.9472
1.0203991965460850,0.0000000000000013,0.0000000000000000,0.0000000000000008,-0.0000136387748634,0.0019652173913043,3.1796617685150883,3.0044812375,26.998,1845.100,2566.6601,1.9471
1.0203990024928686,0.0000000000000024,0.0000000000000000,0.0000000000000041,-0.0000140316929196,0.0019933110367893,3.1796770644283439,3.0044811263,27.384,1845.106,2566.5113,1.9471
1.0203988056859177,-0.0000000000000001,0.0000000000000000,-0.0000000000000004,-0.0000144301987182,0.0020214046822742,3.1796925781568528,3.0044810135,27.770,1845.112,2566.3605,1.9471
1.0203986061252615,0.0000000000000061,0.0000000000000000,0.0000000000000019,-0.0000148342927081,0.0020494983277592,3.1797083097399401,3.0044808991,28.156,1845.118,2566.2075,1.9471
1.0203984038109228,-0.0000000000000028,0.0000000000000000,-0.0000000000000028,-0.0000152439753209,0.0020775919732441,3.1797242592082653,3.0044807832,28.541,1845.124,2566.0524,1.9471
1.0203981987429340,-0.0000000000000012,0.0000000000000000,-0.0000000000000017,-0.0000156592470426,0.0021056856187291,3.1797404266019140,3.0044806657,28.927,1845.130,2565.8952,1.9470
1.0203979909213219,-0.0000000000000033,0.0000000000000000,-0.0000000000000028,-0.0000160801083384,0.0021337792642140,3.1797568119347703,3.0044805466,29.313,1845.136,2565.7360,1.9470
1.0203977803461166,0.0000000000000020,0.0000000000000000,0.0000000000000020,-0.0000165065596799,0.0021618729096990,3.1797734152474422,3.0044804260,29.699,1845.142,2565.5746,1.9470
1.0203977803461184,-0.0000000000000014,0.0000000000000000,-0.0000000000000001,-0.0000165065596893,0.0021618729096990,3.1797734152558856,3.0044804260,29.699,1845.142,2565.5746,1.9470
1.0203972863673583,0.0000000000000002,0.0000000000000000,-0.0000000000000010,-0.0000175070066460,0.0022263861111578,3.1798123676808583,3.0044801429,30.585,1845.156,2565.1960,1.9470
1.0203967778686502,0.0000000000000001,0.0000000000000000,-0.0000000000000005,-0.0000185369400490,0.0022908993126166,3.1798524701433499,3.0044798515,31.472,1845.171,2564.8064,1.9469
1.0203962548503751,0.0000000000000005,0.0000000000000000,0.0000000000000012,-0.0000195963660704,0.0023554125140754,3.1798937230682598,3.0044795518,32.358,1845.186,2564.4057,1.9469
1.0203957173129157,0.0000000000000028,0.0000000000000000,0.0000000000000004,-0.0000206852910004,0.0024199257155342,3.1799361268642206,3.0044792438,33.244,1845.202,2563.9939,1.9468
1.0203951652566776,0.0000000000000061,0.0000000000000000,0.0000000000000026,-0.0000218037213756,0.0024844389169930,3.1799796819832862,3.0044789274,34.130,1845.218,2563.5710,1.9468
1.0203945986820675,-0.0000000000000015,0.0000000000000000,-0.0000000000000001,-0.0000229516638550,0.0025489521184518,3.1800243888657542,3.0044786028,35.016,1845.235,2563.1371,1.9467
1.0203940175895116,-0.0000000000000014,0.0000000000000000,0.0000000000000002,-0.0000241291253239,0.0026134653199106,3.1800702479650931,3.0044782698,35.903,1845.252,2562.6921,1.9466
1.0203934219794399,0.0000000000000006,0.0000000000000000,-0.0000000000000009,-0.0000253361128005,0.0026779785213694,3.1801172597676510,3.0044779285,36.789,1845.270,2562.2361,1.9466
1.0203928118522980,0.0000000000000031,0.0000000000000000,0.0000000000000018,-0.0000265726335073,0.0027424917228282,3.1801654247437163,3.0044775789,37.675,1845.287,2561.7690,1.9465
1.0203921872085417,0.0000000000000011,0.0000000000000000,-0.0000000000000000,-0.0000278386948433,0.0028070049242870,3.1802147434030736,3.0044772209,38.561,1845.306,2561.2908,1.9465
1.0203915480486381,-0.0000000000000004,0.0000000000000000,-0.0000000000000004,-0.0000291343043785,0.0028715181257458,3.1802652162404468,3.0044768547,39.447,1845.324,2560.8017,1.9464
1.0203908943730635,-0.0000000000000030,0.0000000000000000,-0.0000000000000026,-0.0000304594698555,0.0029360313272046,3.1803168437890625,3.0044764801,40.333,1845.344,2560.3015,1.9464
1.0203902261823081,0.0000000000000026,0.0000000000000000,0.0000000000000014,-0.0000318141992041,0.0030005445286634,3.1803696265680474,3.0044760972,41.219,1845.363,2559.7902,1.9463
1.0203895434768711,-0.0000000000000021,0.0000000000000000,-0.0000000000000009,-0.0000331985005353,0.0030650577301222,3.1804235651342494,3.0044757060,42.105,1845.383,2559.2679,1.9462
1.0203888462572628,-0.0000000000000002,0.0000000000000000,-0.0000000000000007,-0.0000346123821219,0.0031295709315810,3.1804786600314476,3.0044753065,42.992,1845.404,2558.7346,1.9462
1.0203881345240109,0.0000000000000016,0.0000000000000000,-0.0000000000000000,-0.0000360558524470,0.0031940841330398,3.1805349118397261,3.0044748987,43.878,1845.424,2558.1903,1.9461
1.0203874082776467,-0.0000000000000003,0.0000000000000000,0.0000000000000003,-0.0000375289201489,0.0032585973344986,3.1805923211275986,3.0044744825,44.764,1845.446,2557.6350,1.9460
1.0203866675187132,0.0000000000000006,0.0000000000000000,0.0000000000000001,-0.0000390315940303,0.0033231105359574,3.1806508884986315,3.0044740580,45.650,1845.467,2557.0687,1.9460
1.0203859122477703,0.0000000000000002,0.0000000000000000,0.0000000000000024,-0.0000405638831074,0.0033876237374162,3.1807106145461401,3.0044736252,46.536,1845.490,2556.4914,1.9459
1.0203851424653849,0.0000000000000044,0.0000000000000000,0.0000000000000020,-0.0000421257965592,0.0034521369388750,3.1807714998975216,3.0044731841,47.422,1845.512,2555.9031,1.9458
1.0203843581721361,-0.0000000000000022,0.0000000000000000,-0.0000000000000014,-0.0000437173437380,0.0035166501403338,3.1808335451704233,3.0044727347,48.308,1845.535,2555.3038,1.9457
1.0203835593686121,-0.0000000000000021,0.0000000000000000,-0.0000000000000010,-0.0000453385341722,0.0035811633417926,3.1808967510161308,3.0044722770,49.194,1845.559,2554.6936,1.9457
1.0203827460554200,-0.0000000000000016,0.0000000000000000,0.0000000000000000,-0.0000469893775928,0.0036456765432514,3.1809611180769535,3.0044718109,50.080,1845.582,2554.0723,1.9456
1.0203819182331715,-0.0000000000000023,0.0000000000000000,-0.0000000000000003,-0.0000486698839007,0.0037101897447102,3.1810266470230180,3.0044713365,50.966,1845.607,2553.4401,1.9455
1.0203810759024918,-0.0000000000000038,0.0000000000000000,-0.0000000000000028,-0.0000503800631707,0.0037747029461690,3.1810933385363804,3.0044708539,51.852,1845.631,2552.7970,1.9454
1.0203802190640185,-0.0000000000000008,0.0000000000000000,-0.0000000000000005,-0.0000521199256612,0.0038392161476278,3.1811611932962673,3.0044703629,52.738,1845.656,2552.1429,1.9453
1.0203793477183973,0.0000000000000002,0.0000000000000000,0.0000000000000004,-0.0000538894817975,0.0039037293490866,3.1812302120138356,3.0044698636,53.624,1845.682,2551.4778,1.9453
1.0203784618662914,0.0000000000000001,0.0000000000000000,0.0000000000000006,-0.0000556887422165,0.0039682425505454,3.1813003953932997,3.0044693559,54.510,1845.708,2550.8018,1.9452
1.0203775615083694,0.0000000000000009,0.0000000000000000,0.0000000000000014,-0.0000575177177070,0.0040327557520042,3.1813717441652116,3.0044688400,55.396,1845.734,2550.1149,1.9451
1.0203766466453195,-0.0000000000000017,0.0000000000000000,-0.0000000000000001,-0.0000593764192662,0.0040972689534630,3.1814442590721330,3.0044683158,56.282,1845.761,2549.4171,1.9450
1.0203757172778283,0.0000000000000005,0.0000000000000000,-0.0000000000000012,-0.0000612648580255,0.0041617821549218,3.1815179408554748,3.0044677832,57.168,1845.788,2548.7083,1.9449
1.0203747734066120,-0.0000000000000013,0.0000000000000000,-0.0000000000000009,-0.0000631830453738,0.0042262953563806,3.1815927902822834,3.0044672423,58.054,1845.816,2547.9887,1.9448
1.0203738150323818,0.0000000000000037,0.0000000000000000,0.0000000000000026,-0.0000651309927938,0.0042908085578394,3.1816688081324092,3.0044666932,58.940,1845.844,2547.2581,1.9447
1.0203728421558693,0.0000000000000010,0.0000000000000000,0.0000000000000004,-0.0000671087120066,0.0043553217592982,3.1817459951828293,3.0044661357,59.826,1845.873,2546.5166,1.9447
1.0203718547778153,-0.0000000000000018,0.0000000000000000,-0.0000000000000003,-0.0000691162148911,0.0044198349607570,3.1818243522388769,3.0044655699,60.712,1845.901,2545.7643,1.9446
1.0203708528989788,-0.0000000000000002,0.0000000000000000,-0.0000000000000012,-0.0000711535135499,0.0044843481622158,3.1819038801162165,3.0044649958,61.598,1845.931,2545.0011,1.9445
1.0203698365201181,0.0000000000000040,0.0000000000000000,0.0000000000000034,-0.0000732206201911,0.0045488613636746,3.1819845796307722,3.0044644133,62.484,1845.961,2544.2270,1.9444
1.0203688056420148,0.0000000000000045,0.0000000000000000,0.0000000000000023,-0.0000753175472855,0.0046133745651334,3.1820664516233350,3.0044638226,63.370,1845.991,2543.4421,1.9443
1.0202753330773748,-0.0000000000000000,0.0000000000000000,0.0000000000000004,-0.0002668563246279,-0.0086558279239252,3.1895800695390659,3.0044102557,118.852,1848.727,2473.0311,1.9354
1.0201840519978873,-0.0000000000000075,0.0000000000000000,-0.0000000000000043,-0.0004566438686451,-0.0112869441183204,3.1970936874547968,3.0043579328,154.923,1851.396,2405.7087,1.9267
1.0200948877262856,0.0000000000000014,0.0000000000000000,0.0000000000000010,-0.0006447279477458,-0.0133693871494407,3.2046073053705282,3.0043068047,183.442,1854.000,2341.2963,1.9182
1.0200077691895013,-0.0000000000000038,0.0000000000000000,-0.0000000000000021,-0.0008311539375414,-0.0151327280301850,3.2121209232862591,3.0042568249,207.567,1856.543,2279.6283,1.9097
1.0199226286926937,0.0000000000000037,0.0000000000000000,-0.0000000000000011,-0.0010159649726356,-0.0166796228428988,3.2196345412019900,3.0042079495,228.711,1859.025,2220.5505,1.9014
1.0198394017101686,-0.0000000000000030,0.0000000000000000,-0.0000000000000022,-0.0011992020875777,-0.0180667537996015,3.2271481591177209,3.0041601367,247.654,1861.451,2163.9196,1.8933
1.0197580266921262,0.0000000000000027,0.0000000000000000,0.0000000000000019,-0.0013809043475816,-0.0193294341260223,3.2346617770334518,3.0041133468,264.884,1863.821,2109.6020,1.8852
1.0196784448859053,-0.0000000000000033,0.0000000000000000,-0.0000000000000004,-0.0015611089685177,-0.0204914788994479,3.2421753949491827,3.0040675420,280.729,1866.139,2057.4732,1.8774
1.0196006001704250,0.0000000000000015,0.0000000000000000,0.0000000000000012,-0.0017398514289990,-0.0215698794471553,3.2496890128649141,3.0040226867,295.423,1868.406,2007.4170,1.8696
1.0195244389025846,0.0000000000000003,0.0000000000000000,0.0000000000000017,-0.0019171655735120,-0.0225772807777378,3.2572026307806450,3.0039787468,309.140,1870.624,1959.3248,1.8620
1.0194499097747345,0.0000000000000011,0.0000000000000000,0.0000000000000014,-0.0020930837086518,-0.0235234070770890,3.2647162486963759,3.0039356897,322.016,1872.795,1913.0950,1.8545
1.0193769636821453,0.0000000000000010,0.0000000000000000,0.0000000000000009,-0.0022676366920711,-0.0244159351810787,3.2722298666121068,3.0038934846,334.156,1874.920,1868.6325,1.8471
1.0193055535997457,-0.0000000000000002,0.0000000000000000,-0.0000000000000001,-0.0024408540155491,-0.0252610571455932,3.2797434845278377,3.0038521021,345.645,1877.002,1825.8484,1.8399
1.0192356344673241,-0.0000000000000023,0.0000000000000000,0.0000000000000009,-0.0026127638822454,-0.0260638575613568,3.2872571024435691,3.0038115140,356.554,1879.042,1784.6591,1.8328
1.0191671630824579,0.0000000000000013,0.0000000000000000,-0.0000000000000006,-0.0027833932783988,-0.0268285752764902,3.2947707203593000,3.0037716935,366.942,1881.040,1744.9864,1.8258
1.0191000980006697,-0.0000000000000010,0.0000000000000000,-0.0000000000000009,-0.0029527680407004,-0.0275587901672907,3.3022843382750309,3.0037326150,376.858,1883.000,1706.7566,1.8189
1.0190343994421158,0.0000000000000000,0.0000000000000000,0.0000000000000014,-0.0031209129187480,-0.0282575596999428,3.3097979561907618,3.0036942540,386.345,1884.921,1669.9006,1.8122
1.0189700292043673,-0.0000000000000000,0.0000000000000000,-0.0000000000000001,-0.0032878516335942,-0.0289275209033416,3.3173115741064927,3.0036565871,395.438,1886.806,1634.3533,1.8056
1.0189069505808024,0.0000000000000022,0.0000000000000000,-0.0000000000000017,-0.0034536069325211,-0.0295709679274317,3.3248251920222236,3.0036195919,404.171,1888.656,1600.0536,1.7991
1.0188451282841482,-0.0000000000000013,0.0000000000000000,0.0000000000000003,-0.0036182006401759,-0.0301899119972851,3.3323388099379549,3.0035832469,412.569,1890.471,1566.9437,1.7928
1.0187845283749488,0.0000000000000000,0.0000000000000000,0.0000000000000017,-0.0037816537067030,-0.0307861284306997,3.3398524278536859,3.0035475316,420.659,1892.253,1534.9694,1.7866
1.0187251181941512,0.0000000000000000,0.0000000000000000,0.0000000000000012,-0.0039439862526068,-0.0313611939923437,3.3473660457694168,3.0035124264,428.462,1894.003,1504.0793,1.7805
1.0186668663002332,0.0000000000000012,0.0000000000000000,0.0000000000000001,-0.0041052176109899,-0.0319165169117059,3.3548796636851477,3.0034779123,435.998,1895.722,1474.2250,1.7745
1.0186097424097715,0.0000000000000008,0.0000000000000000,-0.0000000000000005,-0.0042653663672080,-0.0324533612658554,3.3623932816008786,3.0034439713,443.283,1897.410,1445.3608,1.7687
1.0185537173417667,0.0000000000000006,0.0000000000000000,-0.0000000000000005,-0.0044244503960845,-0.0329728669706385,3.3699068995166099,3.0034105860,450.334,1899.070,1417.4435,1.7629
1.0184987629651598,0.0000000000000000,0.0000000000000000,-0.0000000000000000,-0.0045824868969034,-0.0334760663167340,3.3774205174323408,3.0033777396,457.166,1900.702,1390.4322,1.7573
1.0184448521494902,0.0000000000000005,0.0000000000000000,0.0000000000000001,-0.0047394924265274,-0.0339638977564133,3.3849341353480717,3.0033454162,463.790,1902.306,1364.2882,1.7519
1.0183919587182817,-0.0000000000000008,0.0000000000000000,0.0000000000000002,-0.0048954829301239,-0.0344372174833730,3.3924477532638027,3.0033136004,470.219,1903.883,1338.9750,1.7465
1.0183400574052126,0.0000000000000011,0.0000000000000000,-0.0000000000000007,-0.0050504737706575,-0.0348968092244442,3.3999613711795336,3.0032822774,476.464,1905.435,1314.4577,1.7413
1.0182891238126905,-0.0000000000000006,0.0000000000000000,0.0000000000000009,-0.0052044797564123,-0.0353433925717508,3.4074749890952649,3.0032514329,482.534,1906.962,1290.7035,1.7362
1.0182391343727208,-0.0000000000000007,0.0000000000000000,0.0000000000000010,-0.0053575151668320,-0.0357776301140381,3.4149886070109958,3.0032210531,488.439,1908.465,1267.6812,1.7312
1.0181900663100110,-0.0000000000000023,0.0000000000000000,0.0000000000000009,-0.0055095937773332,-0.0362001335733591,3.4225022249267267,3.0031911250,494.188,1909.944,1245.3612,1.7263
1.0181418976069887,-0.0000000000000003,0.0000000000000000,0.0000000000000008,-0.0056607288822301,-0.0366114691126573,3.4300158428424576,3.0031616358,499.787,1911.401,1223.7153,1.7216
1.0180946069708012,-0.0000000000000001,0.0000000000000000,0.0000000000000003,-0.0058109333168397,-0.0370121619478371,3.4375294607581885,3.0031325732,505.245,1912.835,1202.7168,1.7169
1.0180481738020164,-0.0000000000000016,0.0000000000000000,0.0000000000000005,-0.0059602194781154,-0.0374027003733013,3.4450430786739195,3.0031039254,510.568,1914.248,1182.3402,1.7124
1.0180025781650162,0.0000000000000009,0.0000000000000000,0.0000000000000004,-0.0061085993443506,-0.0377835392901218,3.4525566965896508,3.0030756811,515.762,1915.640,1162.5615,1.7081
1.0179578007599024,-0.0000000000000009,0.0000000000000000,0.0000000000000005,-0.0062560844936238,-0.0381551033103509,3.4600703145053817,3.0030478292,520.833,1917.012,1143.3576,1.7038
1.0179138228959042,-0.0000000000000015,0.0000000000000000,0.0000000000000011,-0.0064026861215168,-0.0385177894984631,3.4675839324211126,3.0030203593,525.787,1918.363,1124.7067,1.6996
1.0178706264660997,-0.0000000000000021,0.0000000000000000,0.0000000000000006,-0.0065484150576600,-0.0388719698007672,3.4750975503368435,3.0029932609,530.628,1919.696,1106.5878,1.6956
1.0178281939234730,-0.0000000000000008,0.0000000000000000,0.0000000000000002,-0.0066932817816798,-0.0392179932052947,3.4826111682525744,3.0029665242,535.362,1921.010,1088.9811,1.6917
1.0177865082581121,0.0000000000000001,0.0000000000000000,-0.0000000000000008,-0.0068372964380154,-0.0395561876681322,3.4901247861683053,3.0029401398,539.993,1922.305,1071.8677,1.6880
1.0177455529756305,0.0000000000000006,0.0000000000000000,-0.0000000000000006,-0.0069804688504138,-0.0398868618363360,3.4976384040840367,3.0029140983,544.525,1923.583,1055.2295,1.6843
1.0177053120765380,-0.0000000000000014,0.0000000000000000,0.0000000000000004,-0.0071228085351299,-0.0402103065934614,3.5051520219997676,3.0028883909,548.962,1924.844,1039.0492,1.6808
1.0176657700367144,0.0000000000000006,0.0000000000000000,0.0000000000000013,-0.0072643247139403,-0.0405267964493665,3.5126656399154985,3.0028630089,553.308,1926.088,1023.3104,1.6773
1.0176269117888066,-0.0000000000000010,0.0000000000000000,0.0000000000000007,-0.0074050263264360,-0.0408365907932793,3.5201792578312294,3.0028379439,557.566,1927.316,1007.9973,1.6740
1.0175887227044687,-0.0000000000000006,0.0000000000000000,0.0000000000000006,-0.0075449220414081,-0.0411399350263539,3.5276928757469603,3.0028131879,561.741,1928.528,993.0950,1.6709
1.0175511885775108,-0.0000000000000004,0.0000000000000000,-0.0000000000000002,-0.0076840202680580,-0.0414370615874640,3.5352064936626917,3.0027887331,565.834,1929.724,978.5890,1.6678
1.0175142956078069,-0.0000000000000005,0.0000000000000000,0.0000000000000012,-0.0078223291664957,-0.0417281908844713,3.5427201115784226,3.0027645719,569.849,1930.905,964.4657,1.6649
1.0174780303859114,-0.0000000000000001,0.0000000000000000,0.0000000000000008,-0.0079598566574938,-0.0420135321414835,3.5502337294941535,3.0027406969,573.789,1932.072,950.7119,1.6621
1.0174423798785159,-0.0000000000000013,0.0000000000000000,0.0000000000000017,-0.0080966104324650,-0.0422932841709215,3.5577473474098844,3.0027171011,577.657,1933.224,937.3150,1.6594
1.0174073314144045,-0.0000000000000002,0.0000000000000000,-0.0000000000000019,-0.0082325979620859,-0.0425676360788920,3.5652609653256153,3.0026937775,581.455,1934.362,924.2631,1.6568
1.0173728726711690,0.0000000000000004,0.0000000000000000,0.0000000000000005,-0.0083678265052746,-0.0428367679103350,3.5727745832413467,3.0026707196,585.185,1935.486,911.5445,1.6544
1.0173389916624815,0.0000000000000015,0.0000000000000000,0.0000000000000004,-0.0085023031172478,-0.0431008512404131,3.5802882011570776,3.0026479207,588.850,1936.598,899.1482,1.6521
1.0173056767259134,0.0000000000000014,0.0000000000000000,-0.0000000000000005,-0.0086360346574526,-0.0433600497174761,3.5878018190728085,3.0026253746,592.453,1937.696,887.0637,1.6498
1.0172729165113252,-0.0000000000000019,0.0000000000000000,0.0000000000000010,-0.0087690277971031,-0.0436145195622771,3.5953154369885394,3.0026030752,595.994,1938.782,875.2808,1.6478
1.0172406999697532,-0.0000000000000009,0.0000000000000000,0.0000000000000007,-0.0089012890262996,-0.0438644100277938,3.6028290549042703,3.0025810167,599.476,1939.855,863.7898,1.6458
1.0172090163427856,-0.0000000000000003,0.0000000000000000,0.0000000000000009,-0.0090328246609890,-0.0441098638233094,3.6103426728200012,3.0025591931,602.902,1940.917,852.5812,1.6440
1.0171778551523603,0.0000000000000010,0.0000000000000000,0.0000000000000011,-0.0091636408492847,-0.0443510175062268,3.6178562907357326,3.0025375990,606.273,1941.966,841.6463,1.6423
1.0171472061910505,0.0000000000000003,0.0000000000000000,0.0000000000000005,-0.0092937435779097,-0.0445880018443638,3.6253699086514635,3.0025162290,609.590,1943.004,830.9764,1.6407
1.0171170595127390,-0.0000000000000014,0.0000000000000000,0.0000000000000007,-0.0094231386781165,-0.0448209421515817,3.6328835265671944,3.0024950777,612.856,1944.031,820.5631,1.6392
1.0170874054236663,-0.0000000000000005,0.0000000000000000,0.0000000000000010,-0.0095518318313384,-0.0450499585990633,3.6403971444829253,3.0024741400,616.071,1945.048,810.3986,1.6379
1.0170582344738861,-0.0000000000000004,0.0000000000000000,0.0000000000000010,-0.0096798285747229,-0.0452751665042981,3.6479107623986562,3.0024534110,619.238,1946.053,800.4753,1.6366
1.0170295374490439,-0.0000000000000005,0.0000000000000000,-0.0000000000000008,-0.0098071343063312,-0.0454966765997893,3.6554243803143871,3.0024328858,622.358,1947.048,790.7857,1.6356
1.0170013053625038,0.0000000000000013,0.0000000000000000,0.0000000000000018,-0.0099337542900890,-0.0457145952831479,3.6629379982301185,3.0024125596,625.433,1948.033,781.3230,1.6346
1.0169735294478199,0.0000000000000008,0.0000000000000000,0.0000000000000015,-0.0100596936606996,-0.0459290248500829,3.6704516161458494,3.0023924280,628.463,1949.008,772.0802,1.6337
1.0169462011514456,0.0000000000000025,0.0000000000000000,-0.0000000000000025,-0.0101849574280286,-0.0461400637118475,3.6779652340615803,3.0023724863,631.450,1949.973,763.0508,1.6330
1.0169193121258218,-0.0000000000000007,0.0000000000000000,0.0000000000000009,-0.0103095504817268,-0.0463478065981330,3.6854788519773112,3.0023527304,634.396,1950.929,754.2286,1.6324
1.0168928542226734,-0.0000000000000003,0.0000000000000000,0.0000000000000003,-0.0104334775952712,-0.0465523447468622,3.6929924698930421,3.0023331559,637.301,1951.876,745.6076,1.6320
1.0168668194865793,-0.0000000000000001,0.0000000000000000,-0.0000000000000008,-0.0105567434299772,-0.0467537660817398,3.7005060878087734,3.0023137587,640.167,1952.813,737.1819,1.6316
1.0168412001488174,-0.0000000000000010,0.0000000000000000,0.0000000000000002,-0.0106793525389354,-0.0469521553784854,3.7080197057245043,3.0022945348,642.995,1953.742,728.9458,1.6314
1.0168159886214814,-0.0000000000000003,0.0000000000000000,0.0000000000000002,-0.0108013093708775,-0.0471475944206464,3.7155333236402353,3.0022754803,645.785,1954.662,720.8941,1.6313
1.0167911774916849,0.0000000000000010,0.0000000000000000,-0.0000000000000003,-0.0109226182732932,-0.0473401621460218,3.7230469415559662,3.0022565913,648.539,1955.574,713.0214,1.6314
1.0167667595161967,0.0000000000000006,0.0000000000000000,-0.0000000000000002,-0.0110432834964018,-0.0475299347837641,3.7305605594716971,3.0022378642,651.259,1956.477,705.3228,1.6315
1.0167427276160406,-0.0000000000000014,0.0000000000000000,0.0000000000000012,-0.0111633091957882,-0.0477169859837612,3.7380741773874284,3.0022192953,653.944,1957.373,697.7935,1.6318
1.0167190748715178,-0.0000000000000002,0.0000000000000000,0.0000000000000005,-0.0112826994360269,-0.0479013869378485,3.7455877953031593,3.0022008810,656.596,1958.260,690.4287,1.6323
1.0166957945172923,-0.0000000000000025,0.0000000000000000,0.0000000000000005,-0.0114014581935441,-0.0480832064942056,3.7531014132188902,3.0021826179,659.215,1959.140,683.2240,1.6328
1.0166728799376763,0.0000000000000024,0.0000000000000000,-0.0000000000000004,-0.0115195893594566,-0.0482625112651018,3.7606150311346211,3.0021645027,661.804,1960.013,676.1749,1.6335
1.0166503246621141,0.0000000000000001,0.0000000000000000,0.0000000000000006,-0.0116370967424204,-0.0484393657284188,3.7681286490503521,3.0021465320,664.361,1960.878,669.2774,1.6343
1.0166281223608140,-0.0000000000000006,0.0000000000000000,0.0000000000000007,-0.0117539840712837,-0.0486138323235207,3.7756422669660834,3.0021287026,666.889,1961.736,662.5273,1.6353
1.0166062668405005,0.0000000000000009,0.0000000000000000,-0.0000000000000010,-0.0118702549974361,-0.0487859715418263,3.7831558848818143,3.0021110113,669.388,1962.587,655.9208,1.6364
1.0165847520404849,0.0000000000000006,0.0000000000000000,0.0000000000000012,-0.0119859130979120,-0.0489558420120707,3.7906695027975452,3.0020934552,671.858,1963.431,649.4541,1.6376
1.0165635720285695,0.0000000000000013,0.0000000000000000,0.0000000000000003,-0.0121009618767911,-0.0491235005815828,3.7981831207132761,3.0020760311,674.301,1964.268,643.1235,1.6389
1.0165427209974012,-0.0000000000000006,0.0000000000000000,-0.0000000000000012,-0.0122154047681467,-0.0492890023925231,3.8056967386290070,3.0020587363,676.717,1965.099,636.9255,1.6404
1.0165221932608650,0.0000000000000003,0.0000000000000000,-0.0000000000000007,-0.0123292451383858,-0.0494524009542915,3.8132103565447379,3.0020415677,679.107,1965.923,630.8567,1.6421
1.0165019832504374,0.0000000000000006,0.0000000000000000,-0.0000000000000002,-0.0124424862875792,-0.0496137482124829,3.8207239744604689,3.0020245225,681.472,1966.741,624.9138,1.6438
1.0164820855119123,0.0000000000000003,0.0000000000000000,0.0000000000000014,-0.0125551314521891,-0.0497730946137067,3.8282375923762002,3.0020075982,683.811,1967.553,619.0935,1.6457
1.0164624947020868,-0.0000000000000012,0.0000000000000000,0.0000000000000029,-0.0126671838067098,-0.0499304891674548,3.8357512102919311,3.0019907919,686.127,1968.359,613.3929,1.6477
1.0164432055856019,-0.0000000000000021,0.0000000000000000,0.0000000000000012,-0.0127786464655695,-0.0500859795046964,3.8432648282076620,3.0019741010,688.418,1969.159,607.8090,1.6499
1.0164242130319101,-0.0000000000000003,0.0000000000000000,0.0000000000000009,-0.0128895224850177,-0.0502396119335301,3.8507784461233929,3.0019575229,690.687,1969.953,602.3388,1.6522
1.0164055120123061,-0.0000000000000010,0.0000000000000000,0.0000000000000011,-0.0129998148647678,-0.0503914314921095,3.8582920640391238,3.0019410553,692.934,1970.742,596.9795,1.6546
1.0163870975970624,0.0000000000000002,0.0000000000000000,0.0000000000000005,-0.0131095265495798,-0.0505414819990109,3.8658056819548552,3.0019246955,695.158,1971.525,591.7286,1.6572
1.0163689649527332,0.0000000000000004,0.0000000000000000,0.0000000000000002,-0.0132186604311482,-0.0506898061009499,3.8733192998705861,3.0019084411,697.361,1972.303,586.5832,1.6600
1.0163511093394080,-0.0000000000000003,0.0000000000000000,0.0000000000000006,-0.0133272193492406,-0.0508364453185473,3.8808329177863170,3.0018922899,699.543,1973.075,581.5410,1.6628
1.0163335261082511,-0.0000000000000003,0.0000000000000000,-0.0000000000000018,-0.0134352060937719,-0.0509814400894458,3.8883465357020479,3.0018762394,701.705,1973.843,576.5994,1.6658
1.0163162106988768,0.0000000000000007,0.0000000000000000,0.0000000000000002,-0.0135426234055401,-0.0511248298099827,3.8958601536177788,3.0018602874,703.847,1974.606,571.7561,1.6690
1.0162991586370103,-0.0000000000000006,0.0000000000000000,0.0000000000000014,-0.0136494739780065,-0.0512666528744289,3.9033737715335102,3.0018444317,705.970,1975.363,567.0088,1.6723
1.0162823655321944,0.0000000000000012,0.0000000000000000,-0.0000000000000004,-0.0137557604587754,-0.0514069467125348,3.9108873894492406,3.0018286700,708.074,1976.116,562.3552,1.6757
1.0162658270754268,-0.0000000000000005,0.0000000000000000,-0.0000000000000003,-0.0138614854503752,-0.0515457478256480,3.9184010073649720,3.0018130003,710.159,1976.864,557.7932,1.6793
1.0162495390370678,-0.0000000000000026,0.0000000000000000,0.0000000000000011,-0.0139666515119784,-0.0516830918207518,3.9259146252807029,3.0017974205,712.226,1977.608,553.3206,1.6830
1.0162334972646900,0.0000000000000007,0.0000000000000000,0.0000000000000000,-0.0140712611603699,-0.0518190134433156,3.9334282431964338,3.0017819284,714.276,1978.347,548.9355,1.6869
1.0162176976809878,0.0000000000000004,0.0000000000000000,0.0000000000000006,-0.0141753168709769,-0.0519535466086288,3.9409418611121647,3.0017665220,716.308,1979.082,544.6359,1.6909
1.0162021362818856,-0.0000000000000006,0.0000000000000000,0.0000000000000005,-0.0142788210793589,-0.0520867244315386,3.9484554790278961,3.0017511994,718.324,1979.812,540.4199,1.6951
1.0161868091344872,0.0000000000000004,0.0000000000000000,0.0000000000000018,-0.0143817761817155,-0.0522185792553306,3.9559690969436270,3.0017359586,720.324,1980.538,536.2855,1.6994
1.0161717123753213,0.0000000000000015,0.0000000000000000,0.0000000000000003,-0.0144841845364277,-0.0523491426788728,3.9634827148593579,3.0017207977,722.307,1981.261,532.2311,1.7039
1.0161568422084795,0.0000000000000003,0.0000000000000000,0.0000000000000006,-0.0145860484648012,-0.0524784455829583,3.9709963327750888,3.0017057147,724.275,1981.979,528.2548,1.7085
1.0161421949038909,0.0000000000000005,0.0000000000000000,0.0000000000000001,-0.0146873702521570,-0.0526065181553573,3.9785099506908201,3.0016907079,726.228,1982.693,524.3550,1.7133
1.0161277667955433,0.0000000000000007,0.0000000000000000,-0.0000000000000001,-0.0147881521483679,-0.0527333899150709,3.9860235686065510,3.0016757753,728.166,1983.404,520.5299,1.7182
1.0161135542799133,0.0000000000000007,0.0000000000000000,0.0000000000000005,-0.0148883963691467,-0.0528590897352147,3.9935371865222820,3.0016609153,730.089,1984.111,516.7781,1.7233
1.0160995538144177,0.0000000000000004,0.0000000000000000,0.0000000000000008,-0.0149881050971485,-0.0529836458650426,4.0010508044380124,3.0016461260,731.998,1984.814,513.0980,1.7285
1.0160857619156656,0.0000000000000014,0.0000000000000000,-0.0000000000000007,-0.0150872804818612,-0.0531070859516179,4.0085644223537438,3.0016314057,733.893,1985.514,509.4881,1.7339
1.0160721751581274,-0.0000000000000006,0.0000000000000000,0.0000000000000004,-0.0151859246412554,-0.0532294370598059,4.0160780402694751,3.0016167527,735.775,1986.210,505.9468,1.7395
1.0160587901726146,0.0000000000000003,0.0000000000000000,-0.0000000000000000,-0.0152840396622738,-0.0533507256919662,4.0235916581852056,3.0016021654,737.644,1986.903,502.4728,1.7452
1.0160456036448708,0.0000000000000007,0.0000000000000000,0.0000000000000025,-0.0153816276016470,-0.0534709778067352,4.0311052761009369,3.0015876419,739.499,1987.593,499.0647,1.7511
1.0160326123141088,0.0000000000000005,0.0000000000000000,0.0000000000000014,-0.0154786904862113,-0.0535902188372872,4.0386188940166674,3.0015731809,741.342,1988.279,495.7211,1.7571
1.0160198129718898,0.0000000000000014,0.0000000000000000,0.0000000000000072,-0.0155752303147021,-0.0537084737081855,4.0461325119323988,3.0015587805,743.173,1988.963,492.4408,1.7633
1.0160072024601896,-0.0000000000000008,0.0000000000000000,0.0000000000000005,-0.0156712490551657,-0.0538257668536393,4.0536461298481301,3.0015444393,744.992,1989.643,489.2225,1.7696
1.0159947776714677,-0.0000000000000007,0.0000000000000000,0.0000000000000002,-0.0157667486524260,-0.0539421222303237,4.0611597477638606,3.0015301556,746.799,1990.320,486.0649,1.7761
1.0159825355458012,-0.0000000000000000,0.0000000000000000,0.0000000000000002,-0.0158617310205141,-0.0540575633368183,4.0686733656795919,3.0015159280,748.595,1990.995,482.9669,1.7828
1.0159704730707648,0.0000000000000016,0.0000000000000000,0.0000000000000015,-0.0159561980485518,-0.0541721132259260,4.0761869835953224,3.0015017549,750.379,1991.667,479.9273,1.7897
1.0159585872799255,0.0000000000000013,0.0000000000000000,0.0000000000000004,-0.0160501515996747,-0.0542857945198551,4.0837006015110537,3.0014876348,752.153,1992.335,476.9449,1.7967
1.0159468752518024,0.0000000000000019,0.0000000000000000,-0.0000000000000001,-0.0161435935120629,-0.0543986294238241,4.0912142194267851,3.0014735663,753.916,1993.002,474.0186,1.8039
1.0159353341086117,0.0000000000000007,0.0000000000000000,0.0000000000000002,-0.0162365255987004,-0.0545106397397841,4.0987278373425156,3.0014595478,755.669,1993.665,471.1475,1.8112
1.0159239610154085,0.0000000000000022,0.0000000000000000,-0.0000000000000015,-0.0163289496489276,-0.0546218468787721,4.1062414552582469,3.0014455780,757.411,1994.327,468.3304,1.8188
1.0159127531788508,0.0000000000000001,0.0000000000000000,-0.0000000000000003,-0.0164208674280432,-0.0547322718737698,4.1137550731739774,3.0014316554,759.144,1994.985,465.5663,1.8265
1.0159017078461809,0.0000000000000037,0.0000000000000000,0.0000000000000010,-0.0165122806777270,-0.0548419353917251,4.1212686910897087,3.0014177786,760.867,1995.642,462.8543,1.8343
1.0158908223046161,-0.0000000000000005,0.0000000000000000,0.0000000000000002,-0.0166031911183523,-0.0549508577441869,4.1287823090054392,3.0014039463,762.581,1996.295,460.1933,1.8424
1.0158800938798032,0.0000000000000004,0.0000000000000000,0.0000000000000003,-0.0166936004466058,-0.0550590588998861,4.1362959269211705,3.0013901570,764.285,1996.947,457.5825,1.8506
1.0158695199351637,-0.0000000000000005,0.0000000000000000,0.0000000000000005,-0.0167835103373560,-0.0551665584948463,4.1438095448369019,3.0013764095,765.981,1997.597,455.0209,1.8590
1.0158590978712057,-0.0000000000000016,0.0000000000000000,0.0000000000000006,-0.0168729224450250,-0.0552733758422948,4.1513231627526324,3.0013627022,767.668,1998.244,452.5077,1.8676
1.0158488251242184,-0.0000000000000000,0.0000000000000000,-0.0000000000000025,-0.0169618384021060,-0.0553795299437483,4.1588367806683637,3.0013490341,769.346,1998.890,450.0420,1.8763
1.0158386991657324,0.0000000000000008,0.0000000000000000,0.0000000000000008,-0.0170502598210485,-0.0554850394979863,4.1663503985840951,3.0013354036,771.016,1999.533,447.6229,1.8853
1.0158287175014467,0.0000000000000004,0.0000000000000000,0.0000000000000008,-0.0171381882936130,-0.0555899229110382,4.1738640164998255,3.0013218096,772.678,2000.174,445.2497,1.8944
1.0158188776705566,0.0000000000000006,0.0000000000000000,-0.0000000000000000,-0.0172256253918942,-0.0556941983049835,4.1813776344155569,3.0013082508,774.333,2000.814,442.9215,1.9037
1.0158091772448083,0.0000000000000010,0.0000000000000000,0.0000000000000011,-0.0173125726680444,-0.0557978835271277,4.1888912523312873,3.0012947258,775.979,2001.452,440.6375,1.9132
1.0157996138277887,0.0000000000000005,0.0000000000000000,-0.0000000000000006,-0.0173990316549443,-0.0559009961584278,4.1964048702470187,3.0012812334,777.618,2002.088,438.3971,1.9228
1.0157901850544278,0.0000000000000016,0.0000000000000000,0.0000000000000015,-0.0174850038677243,-0.0560035535211817,4.2039184881627492,3.0012677724,779.250,2002.722,436.1995,1.9327
1.0157808885898321,0.0000000000000004,0.0000000000000000,0.0000000000000004,-0.0175704908021951,-0.0561055726880565,4.2114321060784805,3.0012543414,780.875,2003.355,434.0439,1.9428
1.0157717221285885,0.0000000000000014,0.0000000000000000,-0.0000000000000002,-0.0176554939352659,-0.0562070704898861,4.2189457239942119,3.0012409394,782.493,2003.986,431.9298,1.9530
1.0157626833940840,0.0000000000000005,0.0000000000000000,0.0000000000000008,-0.0177400147254205,-0.0563080635231468,4.2264593419099423,3.0012275651,784.104,2004.616,429.8563,1.9634
1.0157537701386286,0.0000000000000002,0.0000000000000000,0.0000000000000005,-0.0178240546166088,-0.0564085681554237,4.2339729598256737,3.0012142172,785.709,2005.244,427.8228,1.9741
1.0157449801412117,0.0000000000000006,0.0000000000000000,0.0000000000000003,-0.0179076150315593,-0.0565086005362607,4.2414865777414041,3.0012008946,787.307,2005.871,425.8287,1.9849
1.0157363112084832,0.0000000000000009,0.0000000000000000,-0.0000000000000012,-0.0179906973793136,-0.0566081766002371,4.2490001956571355,3.0011875961,788.900,2006.497,423.8734,1.9959
1.0157277611721498,-0.0000000000000007,0.0000000000000000,0.0000000000000001,-0.0180733030468420,-0.0567073120783542,4.2565138135728668,3.0011743204,790.486,2007.121,421.9562,2.0071
1.0157193278932359,-0.0000000000000020,0.0000000000000000,0.0000000000000011,-0.0181554334209232,-0.0568060224929899,4.2640274314885973,3.0011610665,792.067,2007.744,420.0766,2.0185
1.0157110092476682,0.0000000000000004,0.0000000000000000,0.0000000000000009,-0.0182370898273624,-0.0569043231971058,4.2715410494043287,3.0011478331,793.642,2008.366,418.2339,2.0302
1.0157028031493049,-0.0000000000000004,0.0000000000000000,0.0000000000000034,-0.0183182736357062,-0.0570022293242593,4.2790546673200591,3.0011346192,795.212,2008.987,416.4277,2.0420
1.0156947075278504,-0.0000000000000019,0.0000000000000000,0.0000000000000005,-0.0183989861643950,-0.0570997558457975,4.2865682852357905,3.0011214234,796.776,2009.607,414.6573,2.0540
1.0156867203368232,-0.0000000000000002,0.0000000000000000,-0.0000000000000000,-0.0184792287188417,-0.0571969175564224,4.2940819031515218,3.0011082448,798.335,2010.225,412.9222,2.0662
1.0156788395538965,0.0000000000000004,0.0000000000000000,0.0000000000000003,-0.0185590025955632,-0.0572937290777750,4.3015955210672523,3.0010950822,799.890,2010.843,411.2220,2.0787
1.0156710631775983,-0.0000000000000004,0.0000000000000000,0.0000000000000004,-0.0186383090702557,-0.0573902048706291,4.3091091389829836,3.0010819343,801.440,2011.460,409.5560,2.0913
1.0156633892288613,-0.0000000000000008,0.0000000000000000,-0.0000000000000005,-0.0187171494072120,-0.0574863592353343,4.3166227568987150,3.0010688002,802.985,2012.076,407.9237,2.1042
1.0156558157493503,-0.0000000000000011,0.0000000000000000,-0.0000000000000020,-0.0187955248544747,-0.0575822063198963,4.3241363748144455,3.0010556786,804.525,2012.691,406.3248,2.1172
1.0156483408010939,-0.0000000000000016,0.0000000000000000,-0.0000000000000038,-0.0188734366446723,-0.0576777601248288,4.3316499927301759,3.0010425685,806.061,2013.306,404.7587,2.1305
1.0156409624663945,-0.0000000000000009,0.0000000000000000,0.0000000000000002,-0.0189508859970068,-0.0577730345072514,4.3391636106459073,3.0010294687,807.594,2013.920,403.2250,2.1440
1.0156336788465734,-0.0000000000000017,0.0000000000000000,-0.0000000000000012,-0.0190278741141254,-0.0578680431876796,4.3466772285616386,3.0010163781,809.122,2014.533,401.7232,2.1577
1.0156264880625820,-0.0000000000000003,0.0000000000000000,-0.0000000000000015,-0.0191044021870547,-0.0579627997522296,4.3541908464773691,3.0010032957,810.646,2015.146,400.2528,2.1717
1.0156193882533491,0.0000000000000000,0.0000000000000000,0.0000000000000005,-0.0191804713902565,-0.0580573176602326,4.3617044643931004,3.0009902202,812.167,2015.758,398.8135,2.1858
1.0156123775761619,-0.0000000000000011,0.0000000000000000,-0.0000000000000001,-0.0192560828854382,-0.0581516102468215,4.3692180823088318,3.0009771507,813.684,2016.370,397.4049,2.2002
1.0156054542057709,0.0000000000000002,0.0000000000000000,-0.0000000000000012,-0.0193312378198412,-0.0582456907285603,4.3767317002245623,3.0009640860,815.198,2016.981,396.0264,2.2148
1.0155986163341382,0.0000000000000001,0.0000000000000000,0.0000000000000002,-0.0194059373272158,-0.0583395722074201,4.3842453181402936,3.0009510249,816.709,2017.592,394.6778,2.2296
1.0155918621698736,-0.0000000000000014,0.0000000000000000,-0.0000000000000005,-0.0194801825274193,-0.0584332676754609,4.3917589360560241,3.0009379665,818.216,2018.203,393.3586,2.2447
1.0155851899379151,-0.0000000000000012,0.0000000000000000,0.0000000000000017,-0.0195539745270573,-0.0585267900188450,4.3992725539717554,3.0009249097,819.721,2018.813,392.0685,2.2600
1.0155785978789722,-0.0000000000000005,0.0000000000000000,-0.0000000000000003,-0.0196273144190304,-0.0586201520223798,4.4067861718874859,3.0009118532,821.222,2019.424,390.8071,2.2755
1.0155720842491647,-0.0000000000000003,0.0000000000000000,-0.0000000000000003,-0.0197002032829054,-0.0587133663735008,4.4142997898032172,3.0008987961,822.721,2020.034,389.5740,2.2912
1.0155656473197265,-0.0000000000000011,0.0000000000000000,0.0000000000000019,-0.0197726421855234,-0.0588064456660798,4.4218134077189486,3.0008857372,824.218,2020.644,388.3690,2.3072
1.0155592853763793,-0.0000000000000006,0.0000000000000000,0.0000000000000010,-0.0198446321801379,-0.0588994024049581,4.4293270256346791,3.0008726754,825.712,2021.254,387.1915,2.3234
1.0155529967190788,-0.0000000000000003,0.0000000000000000,0.0000000000000003,-0.0199161743071682,-0.0589922490095176,4.4368406435504104,3.0008596098,827.204,2021.864,386.0414,2.3399
1.0155467796616362,-0.0000000000000006,0.0000000000000000,0.0000000000000003,-0.0199872695943117,-0.0590849978175466,4.4443542614661409,3.0008465390,828.694,2022.474,384.9183,2.3566
1.0155406325311160,-0.0000000000000004,0.0000000000000000,-0.0000000000000019,-0.0200579190557563,-0.0591776610895601,4.4518678793818722,3.0008334621,830.182,2023.084,383.8219,2.3735
1.0155345536681171,-0.0000000000000010,0.0000000000000000,-0.0000000000000013,-0.0201281236949972,-0.0592702510109839,4.4593814972976027,3.0008203780,831.668,2023.694,382.7519,2.3907
1.0155285414252513,-0.0000000000000017,0.0000000000000000,0.0000000000000027,-0.0201978845001847,-0.0593627796986058,4.4668951152133340,3.0008072856,833.152,2024.304,381.7079,2.4082
1.0155225941678601,-0.0000000000000014,0.0000000000000000,0.0000000000000001,-0.0202672024486401,-0.0594552592016571,4.4744087331290654,3.0007941837,834.634,2024.915,380.6897,2.4259
1.0155167102731235,-0.0000000000000005,0.0000000000000000,-0.0000000000000003,-0.0203360785048316,-0.0595477015066517,4.4819223510447959,3.0007810713,836.116,2025.526,379.6970,2.4438
1.0155108881298338,-0.0000000000000002,0.0000000000000000,0.0000000000000002,-0.0204045136209074,-0.0596401185406897,4.4894359689605272,3.0007679472,837.596,2026.137,378.7295,2.4620
1.0155051261379366,0.0000000000000004,0.0000000000000000,0.0000000000000001,-0.0204725087363664,-0.0597325221752058,4.4969495868762586,3.0007548104,839.074,2026.749,377.7870,2.4804
1.0154994227084395,-0.0000000000000001,0.0000000000000000,-0.0000000000000007,-0.0205400647791795,-0.0598249242288618,4.5044632047919890,3.0007416597,840.552,2027.361,376.8692,2.4991
1.0154937762626870,0.0000000000000020,0.0000000000000000,-0.0000000000000006,-0.0206071826642441,-0.0599173364719222,4.5119768227077195,3.0007284941,842.029,2027.974,375.9757,2.5181
1.0154881852324507,0.0000000000000003,0.0000000000000000,-0.0000000000000017,-0.0206738632952689,-0.0600097706286302,4.5194904406234508,3.0007153123,843.505,2028.587,375.1065,2.5373
1.0154826480591814,-0.0000000000000004,0.0000000000000000,-0.0000000000000005,-0.0207401075630709,-0.0601022383816150,4.5270040585391822,3.0007021133,844.980,2029.201,374.2612,2.5568
1.0154771631940147,-0.0000000000000005,0.0000000000000000,-0.0000000000000009,-0.0208059163470335,-0.0601947513744482,4.5345176764549127,3.0006888960,846.455,2029.816,373.4397,2.5765
1.0154717290972848,-0.0000000000000012,0.0000000000000000,0.0000000000000001,-0.0208712905144974,-0.0602873212153579,4.5420312943706440,3.0006756591,847.930,2030.431,372.6415,2.5966
1.0154663442381875,0.0000000000000012,0.0000000000000000,-0.0000000000000011,-0.0209362309207600,-0.0603799594805920,4.5495449122863754,3.0006624017,849.404,2031.047,371.8667,2.6168
1.0154610070945522,0.0000000000000008,0.0000000000000000,0.0000000000000004,-0.0210007384094721,-0.0604726777174949,4.5570585302021058,3.0006491224,850.878,2031.664,371.1148,2.6374
1.0154557161524467,-0.0000000000000003,0.0000000000000000,-0.0000000000000002,-0.0210648138123766,-0.0605654874479783,4.5645721481178372,3.0006358202,852.352,2032.282,370.3858,2.6582
1.0154504699059106,0.0000000000000008,0.0000000000000000,0.0000000000000005,-0.0211284579495275,-0.0606584001716820,4.5720857660335676,3.0006224940,853.826,2032.901,369.6794,2.6793
1.0154452668566321,0.0000000000000016,0.0000000000000000,-0.0000000000000010,-0.0211916716292713,-0.0607514273692593,4.5795993839492990,3.0006091425,855.300,2033.520,368.9954,2.7007
1.0154401055136801,0.0000000000000008,0.0000000000000000,0.0000000000000003,-0.0212544556484397,-0.0608445805055191,4.5871130018650303,3.0005957645,856.775,2034.141,368.3335,2.7224
1.0154349843931187,-0.0000000000000004,0.0000000000000000,0.0000000000000017,-0.0213168107920598,-0.0609378710328694,4.5946266197807608,3.0005823590,858.251,2034.763,367.6938,2.7443
1.0154299020177586,0.0000000000000003,0.0000000000000000,0.0000000000000019,-0.0213787378336028,-0.0610313103944001,4.6021402376964922,3.0005689246,859.726,2035.386,367.0758,2.7666
1.0154248569169371,-0.0000000000000005,0.0000000000000000,0.0000000000000007,-0.0214402375353025,-0.0611249100269538,4.6096538556122226,3.0005554602,861.203,2036.010,366.4795,2.7891
1.0154198476260445,0.0000000000000001,0.0000000000000000,0.0000000000000008,-0.0215013106475338,-0.0612186813647199,4.6171674735279540,3.0005419647,862.681,2036.635,365.9046,2.8119
1.0154148726863812,0.0000000000000013,0.0000000000000000,0.0000000000000004,-0.0215619579093677,-0.0613126358421514,4.6246810914436853,3.0005284367,864.159,2037.262,365.3511,2.8350
1.0154099306448188,0.0000000000000011,0.0000000000000000,0.0000000000000005,-0.0216221800484879,-0.0614067848972633,4.6321947093594158,3.0005148751,865.639,2037.890,364.8187,2.8584
1.0154050200535223,0.0000000000000006,0.0000000000000000,0.0000000000000006,-0.0216819777812202,-0.0615011399748529,4.6397083272751463,3.0005012785,867.120,2038.520,364.3073,2.8821
1.0154001394695928,0.0000000000000009,0.0000000000000000,0.0000000000000005,-0.0217413518122930,-0.0615957125299035,4.6472219451908785,3.0004876459,868.602,2039.151,363.8167,2.9061
1.0153952874548815,0.0000000000000012,0.0000000000000000,0.0000000000000002,-0.0218003028352867,-0.0616905140305762,4.6547355631066090,3.0004739758,870.086,2039.783,363.3467,2.9304
1.0153904625756627,0.0000000000000019,0.0000000000000000,0.0000000000000001,-0.0218588315324585,-0.0617855559615933,4.6622491810223394,3.0004602671,871.572,2040.417,362.8973,2.9550
1.0153856634023462,0.0000000000000012,0.0000000000000000,0.0000000000000016,-0.0219169385747866,-0.0618808498274917,4.6697627989380708,3.0004465185,873.059,2041.053,362.4683,2.9799
1.0153808885091995,0.0000000000000010,0.0000000000000000,0.0000000000000003,-0.0219746246219800,-0.0619764071559348,4.6772764168538021,3.0004327286,874.548,2041.691,362.0595,3.0051
1.0153761364740586,-0.0000000000000000,0.0000000000000000,0.0000000000000027,-0.0220318903225019,-0.0620722395010114,4.6847900347695326,3.0004188962,876.040,2042.330,361.6708,3.0307
1.0153714058780516,0.0000000000000002,0.0000000000000000,0.0000000000000010,-0.0220887363135738,-0.0621683584465816,4.6923036526852639,3.0004050199,877.533,2042.971,361.3020,3.0565
1.0153666953053275,-0.0000000000000007,0.0000000000000000,-0.0000000000000008,-0.0221451632212823,-0.0622647756095837,4.6998172706009944,3.0003910984,879.029,2043.614,360.9531,3.0827
1.0153620033427881,0.0000000000000077,0.0000000000000000,0.0000000000000050,-0.0222011716606507,-0.0623615026433992,4.7073308885167258,3.0003771303,880.527,2044.259,360.6240,3.1091
1.0153573285797406,-0.0000000000000002,0.0000000000000000,-0.0000000000000001,-0.0222567622352562,-0.0624585512414253,4.7148445064324571,3.0003631144,882.028,2044.906,360.3144,3.1359
1.0153526696077306,0.0000000000000000,0.0000000000000000,0.0000000000000056,-0.0223119355379547,-0.0625559331402519,4.7223581243481876,3.0003490492,883.532,2045.555,360.0243,3.1631
1.0153480250201603,0.0000000000000005,0.0000000000000000,0.0000000000000007,-0.0223666921502055,-0.0626536601233807,4.7298717422639189,3.0003349332,885.038,2046.206,359.7536,3.1905
1.0153433934120759,0.0000000000000009,0.0000000000000000,0.0000000000000016,-0.0224210326425987,-0.0627517440245519,4.7373853601796494,3.0003207652,886.548,2046.859,359.5022,3.2183
1.0153387733798347,0.0000000000000039,0.0000000000000000,-0.0000000000000001,-0.0224749575744939,-0.0628501967314642,4.7448989780953807,3.0003065437,888.060,2047.515,359.2700,3.2464
1.0153341635208819,0.0000000000000020,0.0000000000000000,0.0000000000000047,-0.0225284674944034,-0.0629490301891643,4.7524125960111121,3.0002922672,889.576,2048.173,359.0568,3.2749
1.0153295624334264,0.0000000000000010,0.0000000000000000,-0.0000000000000011,-0.0225815629396787,-0.0630482564038807,4.7599262139268426,3.0002779343,891.095,2048.833,358.8625,3.3037
1.0153249687161854,0.0000000000000020,0.0000000000000000,0.0000000000000010,-0.0226342444368120,-0.0631478874465442,4.7674398318425739,3.0002635434,892.618,2049.496,358.6872,3.3328
1.0153203809680620,0.0000000000000005,0.0000000000000000,0.0000000000000011,-0.0226865125011697,-0.0632479354566804,4.7749534497583053,3.0002490932,894.144,2050.161,358.5306,3.3623
1.0153157977879308,-0.0000000000000007,0.0000000000000000,-0.0000000000000000,-0.0227383676373507,-0.0633484126460012,4.7824670676740357,3.0002345820,895.674,2050.829,358.3928,3.3921
1.0153112177742860,0.0000000000000014,0.0000000000000000,0.0000000000000005,-0.0227898103389219,-0.0634493313024088,4.7899806855897671,3.0002200083,897.209,2051.499,358.2735,3.4223
1.0153066395249999,0.0000000000000011,0.0000000000000000,0.0000000000000005,-0.0228408410886128,-0.0635507037937943,4.7974943035054975,3.0002053706,898.747,2052.173,358.1728,3.4528
1.0153020616369930,0.0000000000000002,0.0000000000000000,-0.0000000000000020,-0.0228914603581886,-0.0636525425720890,4.8050079214212289,3.0001906673,900.289,2052.849,358.0906,3.4837
1.0152974827059997,0.0000000000000012,0.0000000000000000,0.0000000000000008,-0.0229416686086813,-0.0637548601771606,4.8125215393369594,3.0001758968,901.836,2053.527,358.0267,3.5149
1.0152929013262428,0.0000000000000003,0.0000000000000000,0.0000000000000024,-0.0229914662902791,-0.0638576692409893,4.8200351572526907,3.0001610574,903.388,2054.209,357.9812,3.5465
1.0152883160901165,0.0000000000000005,0.0000000000000000,-0.0000000000000001,-0.0230408538422542,-0.0639609824918901,4.8275487751684221,3.0001461476,904.944,2054.894,357.9539,3.5785
1.0152837255879650,0.0000000000000011,0.0000000000000000,0.0000000000000002,-0.0230898316933054,-0.0640648127585618,4.8350623930841525,3.0001311655,906.505,2055.582,357.9448,3.6108
1.0152791284076850,0.0000000000000019,0.0000000000000000,0.0000000000000053,-0.0231384002611884,-0.0641691729746502,4.8425760109998839,3.0001161095,908.071,2056.273,357.9539,3.6435
1.0152745231345377,0.0000000000000007,0.0000000000000000,-0.0000000000000006,-0.0231865599531398,-0.0642740761828878,4.8500896289156152,3.0001009780,909.642,2056.967,357.9810,3.6766
1.0152699083507302,0.0000000000000010,0.0000000000000000,0.0000000000000005,-0.0232343111655538,-0.0643795355398279,4.8576032468313457,3.0000857691,911.219,2057.665,358.0261,3.7100
1.0152652826352004,0.0000000000000007,0.0000000000000000,0.0000000000000001,-0.0232816542842869,-0.0644855643202217,4.8651168647470762,3.0000704810,912.800,2058.366,358.0891,3.7439
1.0152606445632553,0.0000000000000020,0.0000000000000000,0.0000000000000015,-0.0233285896845390,-0.0645921759218000,4.8726304826628075,3.0000551120,914.388,2059.071,358.1701,3.7781
1.0152559927062856,-0.0000000000000000,0.0000000000000000,0.0000000000000004,-0.0233751177309758,-0.0646993838699769,4.8801441005785389,3.0000396601,915.981,2059.779,358.2690,3.8127
1.0152513256314313,0.0000000000000017,0.0000000000000000,0.0000000000000015,-0.0234212387777216,-0.0648072018227541,4.8876577184942693,3.0000241236,917.581,2060.490,358.3856,3.8477
1.0152466419012602,0.0000000000000009,0.0000000000000000,0.0000000000000037,-0.0234669531683718,-0.0649156435757042,4.8951713364100007,3.0000085006,919.186,2061.206,358.5201,3.8830
1.0152419400734600,0.0000000000000004,0.0000000000000000,0.0000000000000008,-0.0235122612361361,-0.0650247230670043,4.9026849543257311,2.9999927890,920.798,2061.925,358.6723,3.9188
1.0152372187004901,0.0000000000000012,0.0000000000000000,0.0000000000000016,-0.0235571633037788,-0.0651344543826986,4.9101985722414625,2.9999769869,922.416,2062.648,358.8422,3.9550
1.0152324763292819,0.0000000000000011,0.0000000000000000,0.0000000000000017,-0.0236016596838274,-0.0652448517619212,4.9177121901571939,2.9999610924,924.040,2063.375,359.0297,3.9915
1.0152277115008386,0.0000000000000026,0.0000000000000000,-0.0000000000000003,-0.0236457506783698,-0.0653559296025027,4.9252258080729243,2.9999451034,925.672,2064.106,359.2350,4.0285
1.0152229227499432,0.0000000000000012,0.0000000000000000,-0.0000000000000001,-0.0236894365793217,-0.0654677024664209,4.9327394259886557,2.9999290178,927.310,2064.841,359.4578,4.0659
1.0152181086048140,-0.0000000000000001,0.0000000000000000,0.0000000000000000,-0.0237327176684970,-0.0655801850855095,4.9402530439043861,2.9999128336,928.956,2065.581,359.6982,4.1037
1.0152132675867105,0.0000000000000003,0.0000000000000000,-0.0000000000000003,-0.0237755942175135,-0.0656933923674024,4.9477666618201175,2.9998965485,930.609,2066.325,359.9562,4.1419
1.0152083982095952,0.0000000000000007,0.0000000000000000,0.0000000000000002,-0.0238180664879674,-0.0658073394014907,4.9552802797358488,2.9998801604,932.269,2067.073,360.2317,4.1805
1.0152034989797769,0.0000000000000006,0.0000000000000000,0.0000000000000006,-0.0238601347315109,-0.0659220414650668,4.9627938976515793,2.9998636671,933.937,2067.826,360.5247,4.2196
1.0151985683955305,-0.0000000000000007,0.0000000000000000,-0.0000000000000014,-0.0239017991899314,-0.0660375140296430,4.9703075155673107,2.9998470663,935.613,2068.583,360.8353,4.2590
1.0151936049467118,0.0000000000000016,0.0000000000000000,-0.0000000000000003,-0.0239430600951721,-0.0661537727674818,4.9778211334830420,2.9998303557,937.297,2069.346,361.1634,4.2989
1.0151886071143590,0.0000000000000005,0.0000000000000000,-0.0000000000000001,-0.0239839176694227,-0.0662708335582469,4.9853347513987725,2.9998135329,938.989,2070.113,361.5089,4.3393
1.0151835733703596,-0.0000000000000004,0.0000000000000000,0.0000000000000009,-0.0240243721253978,-0.0663887124957374,4.9928483693145029,2.9997965955,940.690,2070.885,361.8720,4.3800
1.0151785021769486,0.0000000000000007,0.0000000000000000,-0.0000000000000025,-0.0240644236660681,-0.0665074258951375,5.0003619872302343,2.9997795412,942.399,2071.662,362.2525,4.4212
1.0151733919864270,0.0000000000000003,0.0000000000000000,-0.0000000000000002,-0.0241040724852665,-0.0666269902999314,5.0078756051459656,2.9997623674,944.117,2072.444,362.6505,4.4629
1.0151682412406147,0.0000000000000002,0.0000000000000000,0.0000000000000001,-0.0241433187672689,-0.0667474224896785,5.0153892230616961,2.9997450715,945.844,2073.231,363.0659,4.5050
1.0151630483705276,0.0000000000000010,0.0000000000000000,0.0000000000000002,-0.0241821626873361,-0.0668687394873732,5.0229028409774275,2.9997276510,947.581,2074.024,363.4988,4.5475
1.0151578117958688,0.0000000000000003,0.0000000000000000,-0.0000000000000023,-0.0242206044115429,-0.0669909585675001,5.0304164588931588,2.9997101032,949.327,2074.822,363.9492,4.5905
1.0151525299246464,-0.0000000000000014,0.0000000000000000,-0.0000000000000017,-0.0242586440971573,-0.0671140972639842,5.0379300768088893,2.9996924255,951.083,2075.626,364.4171,4.6340
1.0151472011526810,-0.0000000000000005,0.0000000000000000,-0.0000000000000002,-0.0242962818926341,-0.0672381733786063,5.0454436947246206,2.9996746150,952.848,2076.436,364.9025,4.6779
1.0151418238631487,0.0000000000000014,0.0000000000000000,0.0000000000000007,-0.0243335179377802,-0.0673632049895805,5.0529573126403511,2.9996566690,954.624,2077.251,365.4053,4.7223
1.0151363964261175,-0.0000000000000005,0.0000000000000000,-0.0000000000000004,-0.0243703523639706,-0.0674892104603692,5.0604709305560824,2.9996385845,956.410,2078.073,365.9257,4.7671
1.0151309171980498,-0.0000000000000003,0.0000000000000000,-0.0000000000000012,-0.0244067852942784,-0.0676162084488249,5.0679845484718129,2.9996203587,958.206,2078.900,366.4636,4.8125
1.0151253845213075,-0.0000000000000005,0.0000000000000000,0.0000000000000002,-0.0244428168436575,-0.0677442179165754,5.0754981663875443,2.9996019886,960.014,2079.734,367.0191,4.8583
1.0151197967236572,0.0000000000000008,0.0000000000000000,-0.0000000000000015,-0.0244784471191862,-0.0678732581386998,5.0830117843032756,2.9995834710,961.832,2080.574,367.5921,4.9045
1.0151141521177198,0.0000000000000004,0.0000000000000000,0.0000000000000015,-0.0245136762201732,-0.0680033487137742,5.0905254022190061,2.9995648029,963.662,2081.420,368.1827,4.9513
1.0151084490004718,0.0000000000000004,0.0000000000000000,0.0000000000000004,-0.0245485042385079,-0.0681345095741116,5.0980390201347374,2.9995459811,965.504,2082.274,368.7909,4.9986
1.0151026856526695,-0.0000000000000001,0.0000000000000000,0.0000000000000012,-0.0245829312587780,-0.0682667609964845,5.1055526380504688,2.9995270022,967.357,2083.134,369.4167,5.0463
1.0150968603382919,0.0000000000000006,0.0000000000000000,0.0000000000000001,-0.0246169573585606,-0.0684001236130915,5.1130662559661992,2.9995078630,969.222,2084.000,370.0602,5.0946
1.0150909713039797,-0.0000000000000002,0.0000000000000000,-0.0000000000000007,-0.0246505826087116,-0.0685346184228945,5.1205798738819297,2.9994885600,971.100,2084.874,370.7214,5.1433
1.0150850167784189,-0.0000000000000000,0.0000000000000000,-0.0000000000000008,-0.0246838070735588,-0.0686702668034153,5.1280934917976611,2.9994690898,972.990,2085.755,371.4003,5.1926
1.0150789949717394,0.0000000000000019,0.0000000000000000,0.0000000000000016,-0.0247166308112511,-0.0688070905228167,5.1356071097133924,2.9994494487,974.893,2086.644,372.0970,5.2423
1.0150729040749138,0.0000000000000002,0.0000000000000000,0.0000000000000006,-0.0247490538741011,-0.0689451117524341,5.1431207276291229,2.9994296330,976.809,2087.540,372.8114,5.2926
1.0150667422590813,0.0000000000000021,0.0000000000000000,0.0000000000000003,-0.0247810763088476,-0.0690843530797806,5.1506343455448542,2.9994096391,978.739,2088.444,373.5437,5.3434
1.0150605076748942,-0.0000000000000002,0.0000000000000000,0.0000000000000061,-0.0248126981569837,-0.0692248375219748,5.1581479634605856,2.9993894631,980.683,2089.355,374.2938,5.3947
1.0150541984518655,-0.0000000000000009,0.0000000000000000,-0.0000000000000002,-0.0248439194552471,-0.0693665885395500,5.1656615813763160,2.9993691011,982.640,2090.275,375.0619,5.4466
1.0150478126976292,0.0000000000000003,0.0000000000000000,-0.0000000000000007,-0.0248747402358701,-0.0695096300509101,5.1731751992920474,2.9993485489,984.612,2091.202,375.8479,5.4990
1.0150413484972427,-0.0000000000000012,0.0000000000000000,-0.0000000000000019,-0.0249051605270459,-0.0696539864471825,5.1806888172077779,2.9993278026,986.598,2092.138,376.6520,5.5519
1.0150348039124553,-0.0000000000000006,0.0000000000000000,-0.0000000000000015,-0.0249351803534237,-0.0697996826075849,5.1882024351235092,2.9993068579,988.600,2093.083,377.4741,5.6054
1.0150281769809220,-0.0000000000000004,0.0000000000000000,0.0000000000000003,-0.0249647997364886,-0.0699467439154544,5.1957160530392397,2.9992857104,990.616,2094.036,378.3143,5.6594
1.0150214657154208,0.0000000000000001,0.0000000000000000,-0.0000000000000018,-0.0249940186950529,-0.0700951962747914,5.2032296709549710,2.9992643557,992.648,2094.998,379.1726,5.7139
1.0150146681030563,0.0000000000000007,0.0000000000000000,0.0000000000000023,-0.0250228372458590,-0.0702450661273723,5.2107432888707024,2.9992427893,994.697,2095.969,380.0492,5.7690
1.0150077821044141,-0.0000000000000002,0.0000000000000000,0.0000000000000010,-0.0250512554040495,-0.0703963804705721,5.2182569067864328,2.9992210065,996.761,2096.950,380.9440,5.8247
1.0150008056526909,0.0000000000000013,0.0000000000000000,0.0000000000000014,-0.0250792731837688,-0.0705491668758311,5.2257705247021642,2.9991990024,998.842,2097.940,381.8572,5.8810
1.0149937366528128,-0.0000000000000002,0.0000000000000000,0.0000000000000001,-0.0251068905987903,-0.0707034535077890,5.2332841426178955,2.9991767723,1000.940,2098.940,382.7887,5.9378
1.0149865729805163,0.0000000000000016,0.0000000000000000,0.0000000000000007,-0.0251341076631837,-0.0708592691441575,5.2407977605336260,2.9991543109,1003.056,2099.949,383.7387,5.9952
1.0149793124813826,0.0000000000000002,0.0000000000000000,-0.0000000000000003,-0.0251609243919463,-0.0710166431964014,5.2483113784493565,2.9991316133,1005.189,2100.969,384.7072,6.0531
1.0149719529698906,0.0000000000000006,0.0000000000000000,0.0000000000000005,-0.0251873408018337,-0.0711756057311111,5.2558249963650878,2.9991086739,1007.340,2101.999,385.6943,6.1117
1.0149644922283660,0.0000000000000011,0.0000000000000000,0.0000000000000005,-0.0252133569120420,-0.0713361874923420,5.2633386142808192,2.9990854875,1009.510,2103.040,386.7001,6.1708
1.0149569280059603,0.0000000000000013,0.0000000000000000,-0.0000000000000017,-0.0252389727451081,-0.0714984199247129,5.2708522321965496,2.9990620483,1011.698,2104.091,387.7246,6.2306
1.0149492580175397,0.0000000000000019,0.0000000000000000,0.0000000000000027,-0.0252641883276990,-0.0716623351975278,5.2783658501122810,2.9990383507,1013.907,2105.154,388.7679,6.2909
1.0149414799425980,0.0000000000000003,0.0000000000000000,0.0000000000000005,-0.0252890036916057,-0.0718279662297601,5.2858794680280123,2.9990143887,1016.134,2106.228,389.8300,6.3519
1.0149335914240687,0.0000000000000016,0.0000000000000000,0.0000000000000007,-0.0253134188746997,-0.0719953467161038,5.2933930859437428,2.9989901562,1018.382,2107.313,390.9111,6.4134
1.0149255900671326,0.0000000000000028,0.0000000000000000,0.0000000000000016,-0.0253374339219502,-0.0721645111540924,5.3009067038594733,2.9989656469,1020.651,2108.410,392.0113,6.4756
1.0149174734379749,0.0000000000000004,0.0000000000000000,0.0000000000000010,-0.0253610488865544,-0.0723354948722803,5.3084203217752055,2.9989408545,1022.941,2109.520,393.1306,6.5384
1.0149092390625030,0.0000000000000010,0.0000000000000000,0.0000000000000007,-0.0253842638310985,-0.0725083340596332,5.3159339396909360,2.9989157723,1025.252,2110.642,394.2690,6.6018
1.0149008844249878,0.0000000000000002,0.0000000000000000,-0.0000000000000001,-0.0254070788287523,-0.0726830657961494,5.3234475576066664,2.9988903935,1027.585,2111.776,395.4268,6.6659
1.0148924069667018,-0.0000000000000012,0.0000000000000000,0.0000000000000002,-0.0254294939646290,-0.0728597280847209,5.3309611755223987,2.9988647111,1029.941,2112.923,396.6039,6.7306
1.0148838040844759,0.0000000000000012,0.0000000000000000,0.0000000000000004,-0.0254515093371644,-0.0730383598843851,5.3384747934381291,2.9988387179,1032.320,2114.084,397.8005,6.7960
1.0148750731291960,0.0000000000000005,0.0000000000000000,-0.0000000000000000,-0.0254731250595357,-0.0732190011450314,5.3459884113538596,2.9988124065,1034.722,2115.258,399.0166,6.8620
1.0148662114042879,0.0000000000000014,0.0000000000000000,0.0000000000000019,-0.0254943412613604,-0.0734016928434833,5.3535020292695910,2.9987857692,1037.149,2116.446,400.2524,6.9286
1.0148572161640677,0.0000000000000018,0.0000000000000000,-0.0000000000000005,-0.0255151580901757,-0.0735864770213424,5.3610156471853223,2.9987587981,1039.600,2117.648,401.5080,6.9960
1.0148480846121000,0.0000000000000006,0.0000000000000000,0.0000000000000004,-0.0255355757132947,-0.0737733968243305,5.3685292651010528,2.9987314852,1042.077,2118.865,402.7833,7.0640
1.0148388138994664,-0.0000000000000010,0.0000000000000000,0.0000000000000009,-0.0255555943197141,-0.0739624965434306,5.3760428830167832,2.9987038220,1044.579,2120.097,404.0787,7.1326
1.0148294011229633,-0.0000000000000003,0.0000000000000000,-0.0000000000000000,-0.0255752141220501,-0.0741538216578808,5.3835565009325146,2.9986758000,1047.107,2121.344,405.3941,7.2020
1.0148198433231985,-0.0000000000000001,0.0000000000000000,0.0000000000000001,-0.0255944353585746,-0.0743474188801551,5.3910701188482459,2.9986474101,1049.663,2122.606,406.7296,7.2721
1.0148101374826912,0.0000000000000014,0.0000000000000000,0.0000000000000004,-0.0256132582956098,-0.0745433362028426,5.3985837367639764,2.9986186434,1052.246,2123.885,408.0854,7.3428
1.0148002805237999,-0.0000000000000002,0.0000000000000000,0.0000000000000028,-0.0256316832297538,-0.0747416229478640,5.4060973546797078,2.9985894902,1054.857,2125.180,409.4616,7.4143
1.0147902693066475,0.0000000000000003,0.0000000000000000,-0.0000000000000004,-0.0256497104905430,-0.0749423298177956,5.4136109725954391,2.9985599408,1057.497,2126.492,410.8583,7.4864
1.0147801006268791,0.0000000000000025,0.0000000000000000,0.0000000000000030,-0.0256673404429949,-0.0751455089497919,5.4211245905111696,2.9985299851,1060.167,2127.821,412.2755,7.5593
1.0147697712134180,0.0000000000000014,0.0000000000000000,-0.0000000000000040,-0.0256845734905552,-0.0753512139718201,5.4286382084269009,2.9984996127,1062.867,2129.167,413.7135,7.6329
1.0147592777260304,-0.0000000000000000,0.0000000000000000,-0.0000000000000000,-0.0257014100781374,-0.0755595000617880,5.4361518263426323,2.9984688129,1065.598,2130.532,415.1724,7.7072
1.0147486167528856,0.0000000000000010,0.0000000000000000,-0.0000000000000012,-0.0257178506953294,-0.0757704240093451,5.4436654442583627,2.9984375744,1068.361,2131.915,416.6522,7.7823
1.0147377848079091,0.0000000000000026,0.0000000000000000,0.0000000000000009,-0.0257338958798035,-0.0759840442808238,5.4511790621740941,2.9984058858,1071.157,2133.317,418.1530,7.8581
1.0147267783281175,0.0000000000000003,0.0000000000000000,0.0000000000000018,-0.0257495462210752,-0.0762004210872165,5.4586926800898254,2.9983737352,1073.985,2134.739,419.6751,7.9347
1.0147155936707470,0.0000000000000007,0.0000000000000000,0.0000000000000012,-0.0257648023642773,-0.0764196164556760,5.4662062980055559,2.9983411103,1076.848,2136.181,421.2185,8.0121
1.0147042271103190,0.0000000000000035,0.0000000000000000,0.0000000000000037,-0.0257796650143865,-0.0766416943044502,5.4737199159212864,2.9983079984,1079.746,2137.643,422.7834,8.0902
1.0146926748355598,-0.0000000000000002,0.0000000000000000,0.0000000000000016,-0.0257941349406724,-0.0768667205216248,5.4812335338370177,2.9982743862,1082.680,2139.126,424.3699,8.1690
1.0146809329461473,0.0000000000000032,0.0000000000000000,0.0000000000000024,-0.0258082129813418,-0.0770947630479325,5.4887471517527491,2.9982402602,1085.650,2140.631,425.9781,8.2487
1.0146689974493510,0.0000000000000002,0.0000000000000000,0.0000000000000014,-0.0258219000486359,-0.0773258919637406,5.4962607696684795,2.9982056061,1088.658,2142.158,427.6082,8.3292
1.0146568642564908,-0.0000000000000005,0.0000000000000000,0.0000000000000050,-0.0258351971341689,-0.0775601795805992,5.5037743875842100,2.9981704094,1091.705,2143.708,429.2603,8.4104
1.0146445291792583,0.0000000000000022,0.0000000000000000,0.0000000000000009,-0.0258481053146915,-0.0777977005375229,5.5112880054999422,2.9981346549,1094.791,2145.282,430.9346,8.4925
1.0146319879258048,0.0000000000000013,0.0000000000000000,0.0000000000000006,-0.0258606257581658,-0.0780385319024860,5.5188016234156727,2.9980983268,1097.918,2146.879,432.6312,8.5754
1.0146192360967146,0.0000000000000007,0.0000000000000000,0.0000000000000030,-0.0258727597303435,-0.0782827532791951,5.5263152413314032,2.9980614089,1101.087,2148.501,434.3502,8.6591
1.0146062691807387,0.0000000000000001,0.0000000000000000,0.0000000000000023,-0.0258845086017273,-0.0785304469197435,5.5338288592471345,2.9980238841,1104.298,2150.149,436.0919,8.7436
1.0145930825503389,0.0000000000000000,0.0000000000000000,0.0000000000000012,-0.0258958738550743,-0.0787816978433242,5.5413424771628659,2.9979857349,1107.553,2151.823,437.8563,8.8290
1.0145796714569919,0.0000000000000014,0.0000000000000000,-0.0000000000000005,-0.0259068570933406,-0.0790365939615550,5.5488560950785963,2.9979469430,1110.854,2153.523,439.6436,8.9152
1.0145660310262836,0.0000000000000002,0.0000000000000000,-0.0000000000000010,-0.0259174600482648,-0.0792952262107401,5.5563697129943277,2.9979074895,1114.200,2155.251,441.4540,9.0023
1.0145521562527426,0.0000000000000011,0.0000000000000000,-0.0000000000000014,-0.0259276845895289,-0.0795576886915721,5.5638833309100590,2.9978673547,1117.595,2157.008,443.2876,9.0903
1.0145380419944212,0.0000000000000023,0.0000000000000000,0.0000000000000020,-0.0259375327345760,-0.0798240788167814,5.5713969488257895,2.9978265180,1121.037,2158.794,445.1447,9.1791
1.0145236829671744,0.0000000000000017,0.0000000000000000,0.0000000000000011,-0.0259470066590839,-0.0800944974673090,5.5789105667415209,2.9977849582,1124.530,2160.610,447.0253,9.2689
1.0145090737386560,-0.0000000000000045,0.0000000000000000,0.0000000000000242,-0.0259561087082458,-0.0803690491575057,5.5864241846572522,2.9977426530,1128.075,2162.457,448.9296,9.3595
1.0144942087220474,0.0000000000000012,0.0000000000000000,0.0000000000000011,-0.0259648414090121,-0.0806478422100085,5.5939378025729827,2.9976995794,1131.673,2164.336,450.8579,9.4511
1.0144790821693002,0.0000000000000017,0.0000000000000000,0.0000000000000006,-0.0259732074827796,-0.0809309889411492,5.6014514204887131,2.9976557134,1135.325,2166.248,452.8102,9.5435
1.0144636881642211,0.0000000000000032,0.0000000000000000,0.0000000000000018,-0.0259812098596402,-0.0812186058572904,5.6089650384044445,2.9976110298,1139.033,2168.193,454.7869,9.6369
1.0144480206150357,0.0000000000000022,0.0000000000000000,0.0000000000000016,-0.0259888516932602,-0.0815108138632246,5.6164786563201758,2.9975655025,1142.798,2170.174,456.7879,9.7312
1.0144320732465690,0.0000000000000032,0.0000000000000000,0.0000000000000013,-0.0259961363769832,-0.0818077384833674,5.6239922742359063,2.9975191044,1146.623,2172.191,458.8137,9.8265
1.0144158395920280,0.0000000000000013,0.0000000000000000,0.0000000000000019,-0.0260030675612277,-0.0821095100966447,5.6315058921516377,2.9974718069,1150.510,2174.244,460.8642,9.9228
1.0143993129842899,0.0000000000000015,0.0000000000000000,0.0000000000000004,-0.0260096491721883,-0.0824162641861634,5.6390195100673690,2.9974235804,1154.458,2176.336,462.9398,10.0200
1.0143824865466953,0.0000000000000008,0.0000000000000000,0.0000000000000002,-0.0260158854319558,-0.0827281416048023,5.6465331279830995,2.9973743940,1158.472,2178.468,465.0406,10.1182
1.0143653531833232,0.0000000000000012,0.0000000000000000,-0.0000000000000008,-0.0260217808802749,-0.0830452888578426,5.6540467458988299,2.9973242152,1162.553,2180.641,467.1668,10.2174
1.0143479055686793,0.0000000000000031,0.0000000000000000,-0.0000000000000001,-0.0260273403979604,-0.0833678584040588,5.6615603638145613,2.9972730101,1166.702,2182.856,469.3187,10.3176
1.0143301361367811,0.0000000000000010,0.0000000000000000,-0.0000000000000005,-0.0260325692322029,-0.0836960089766733,5.6690739817302926,2.9972207434,1170.922,2185.114,471.4963,10.4189
1.0143120370695999,0.0000000000000021,0.0000000000000000,0.0000000000000005,-0.0260374730239771,-0.0840299059256799,5.6765875996460231,2.9971673779,1175.215,2187.418,473.7000,10.5211
1.0142936002847669,-0.0000000000000019,0.0000000000000000,0.0000000000000149,-0.0260420578375703,-0.0843697215834100,5.6841012175617545,2.9971128748,1179.583,2189.768,475.9300,10.6244
1.0142748174226348,0.0000000000000019,0.0000000000000000,0.0000000000000000,-0.0260463301927435,-0.0847156356549681,5.6916148354774858,2.9970571935,1184.029,2192.166,478.1864,10.7288
1.0142556798322604,0.0000000000000037,0.0000000000000000,-0.0000000000000001,-0.0260502970991681,-0.0850678356360777,5.6991284533932163,2.9970002911,1188.556,2194.614,480.4696,10.8343
1.0142361785568710,0.0000000000000017,0.0000000000000000,0.0000000000000019,-0.0260539660942961,-0.0854265172598492,5.7066420713089467,2.9969421231,1193.165,2197.114,482.7796,10.9408
1.0142163043181516,0.0000000000000016,0.0000000000000000,0.0000000000000013,-0.0260573452840940,-0.0857918849756520,5.7141556892246781,2.9968826423,1197.860,2199.667,485.1168,11.0484
1.0141960474995468,-0.0000000000000011,0.0000000000000000,0.0000000000000087,-0.0260604433873167,-0.0861641524625051,5.7216693071404094,2.9968217994,1202.644,2202.276,487.4814,11.1571
1.0141753981285586,0.0000000000000002,0.0000000000000000,-0.0000000000000010,-0.0260632697837760,-0.0865435431798773,5.7291829250561399,2.9967595425,1207.520,2204.942,489.8736,11.2670
1.0141543458577389,0.0000000000000010,0.0000000000000000,0.0000000000000007,-0.0260658345667044,-0.0869302909595019,5.7366965429718713,2.9966958169,1212.489,2207.668,492.2936,11.3780
1.0141328799445268,0.0000000000000006,0.0000000000000000,0.0000000000000020,-0.0260681485999279,-0.0873246406414934,5.7442101608876026,2.9966305653,1217.557,2210.455,494.7418,11.4902
1.0141109892296087,0.0000000000000000,0.0000000000000000,-0.0000000000000000,-0.0260702235800802,-0.0877268487591030,5.7517237788033331,2.9965637270,1222.727,2213.307,497.2183,11.6035
1.0140886621138152,0.0000000000000002,0.0000000000000000,-0.0000000000000004,-0.0260720721045667,-0.0881371842763299,5.7592373967190635,2.9964952382,1228.001,2216.225,499.7235,11.7180
1.0140658865333794,0.0000000000000013,0.0000000000000000,0.0000000000000034,-0.0260737077457716,-0.0885559293834719,5.7667510146347958,2.9964250317,1233.385,2219.213,502.2575,11.8337
1.0140426499334556,0.0000000000000030,0.0000000000000000,0.0000000000000030,-0.0260751451322934,-0.0889833803559179,5.7742646325505262,2.9963530362,1238.881,2222.272,504.8207,11.9507
1.0140189392396453,0.0000000000000003,0.0000000000000000,-0.0000000000000002,-0.0260764000377612,-0.0894198484824632,5.7817782504662567,2.9962791767,1244.494,2225.406,507.4133,12.0688
1.0139947408275138,0.0000000000000021,0.0000000000000000,0.0000000000000010,-0.0260774894783210,-0.0898656610696426,5.7892918683819889,2.9962033738,1250.229,2228.618,510.0356,12.1882
1.0139700404897503,0.0000000000000014,0.0000000000000000,-0.0000000000000024,-0.0260784318195522,-0.0903211625298225,5.7968054862977194,2.9961255433,1256.090,2231.912,512.6879,12.3089
1.0139448234008719,0.0000000000000004,0.0000000000000000,0.0000000000000073,-0.0260792468939670,-0.0907867155613266,5.8043191042134499,2.9960455963,1262.082,2235.289,515.3704,12.4309
1.0139190740792210,0.0000000000000010,0.0000000000000000,-0.0000000000000003,-0.0260799561303552,-0.0912627024299301,5.8118327221291812,2.9959634382,1268.211,2238.755,518.0835,12.5542
1.0138927763459042,0.0000000000000021,0.0000000000000000,-0.0000000000000065,-0.0260805826961288,-0.0917495263625082,5.8193463400449126,2.9958789688,1274.481,2242.313,520.8275,12.6788
1.0138659132805248,0.0000000000000024,0.0000000000000000,0.0000000000000032,-0.0260811516545061,-0.0922476130641594,5.8268599579606430,2.9957920818,1280.898,2245.967,523.6026,12.8048
1.0138384671733458,0.0000000000000015,0.0000000000000000,0.0000000000000010,-0.0260816901381404,-0.0927574123724599,5.8343735758763744,2.9957026639,1287.469,2249.720,526.4093,12.9321
1.0138104194734106,0.0000000000000020,0.0000000000000000,0.0000000000000016,-0.0260822275411408,-0.0932794000635798,5.8418871937921049,2.9956105946,1294.200,2253.579,529.2477,13.0608
1.0137817507324027,0.0000000000000027,0.0000000000000000,0.0000000000000011,-0.0260827957318982,-0.0938140798270748,5.8494008117078362,2.9955157455,1301.097,2257.548,532.1183,13.1909
1.0137524405436846,0.0000000000000011,0.0000000000000000,-0.0000000000000002,-0.0260834292893026,-0.0943619854283931,5.8569144296235667,2.9954179796,1308.169,2261.631,535.0213,13.3224
1.0137224674760281,0.0000000000000015,0.0000000000000000,0.0000000000000007,-0.0260841657652496,-0.0949236830806535,5.8644280475392980,2.9953171509,1315.423,2265.834,537.9571,13.4554
1.0136918090014992,0.0000000000000005,0.0000000000000000,-0.0000000000000034,-0.0260850459769773,-0.0954997740500872,5.8719416654550294,2.9952131027,1322.866,2270.163,540.9261,13.5898
1.0136604414168255,0.0000000000000005,0.0000000000000000,0.0000000000000005,-0.0260861143330986,-0.0960908975229935,5.8794552833707598,2.9951056679,1330.508,2274.625,543.9286,13.7258
1.0136283397575880,-0.0000000000000000,0.0000000000000000,0.0000000000000005,-0.0260874191979732,-0.0966977337658596,5.8869689012864912,2.9949946670,1338.358,2279.225,546.9650,13.8632
1.0135954777043248,0.0000000000000011,0.0000000000000000,0.0000000000000011,-0.0260890132995618,-0.0973210076149414,5.8944825192022225,2.9948799074,1346.425,2283.972,550.0357,14.0022
1.0135618274797287,-0.0000000000000001,0.0000000000000000,-0.0000000000000007,-0.0260909541869375,-0.0979614923367908,5.9019961371179530,2.9947611823,1354.721,2288.872,553.1409,14.1428
1.0135273597357990,-0.0000000000000001,0.0000000000000000,-0.0000000000000002,-0.0260933047444722,-0.0986200139074293,5.9095097550336844,2.9946382691,1363.256,2293.934,556.2812,14.2849
1.0134920434298362,-0.0000000000000017,0.0000000000000000,0.0000000000000009,-0.0260961337711169,-0.0992974557650315,5.9170233729494157,2.9945109278,1372.043,2299.167,559.4570,14.4287
1.0134558456878169,-0.0000000000000011,0.0000000000000000,-0.0000000000000012,-0.0260995166340870,-0.0999947640997034,5.9245369908651462,2.9943788994,1381.094,2304.579,562.6686,14.5741
1.0134187316536549,-0.0000000000000008,0.0000000000000000,-0.0000000000000005,-0.0261035360086188,-0.1007129537536633,5.9320506087808766,2.9942419039,1390.423,2310.182,565.9164,14.7212
1.0133806643225083,-0.0000000000000006,0.0000000000000000,-0.0000000000000004,-0.0261082827168205,-0.1014531148172925,5.9395642266966080,2.9940996381,1400.046,2315.987,569.2009,14.8700
1.0133416043560743,-0.0000000000000016,0.0000000000000000,0.0000000000000001,-0.0261138566814668,-0.1022164200204596,5.9470778446123393,2.9939517732,1409.977,2322.004,572.5226,15.0205
1.0133015098774254,-0.0000000000000017,0.0000000000000000,0.0000000000000006,-0.0261203680130565,-0.1030041330355070,5.9545914625280698,2.9937979517,1420.235,2328.247,575.8819,15.1727
1.0132603362426718,0.0000000000000021,0.0000000000000000,0.0000000000000013,-0.0261279382524542,-0.1038176178281592,5.9621050804438003,2.9936377847,1430.838,2334.730,579.2792,15.3268
1.0132180357861325,-0.0000000000000003,0.0000000000000000,-0.0000000000000002,-0.0261367017951377,-0.1046583492171251,5.9696186983595325,2.9934708476,1441.806,2341.467,582.7151,15.4827
1.0131745575352822,0.0000000000000010,0.0000000000000000,0.0000000000000012,-0.0261468075285988,-0.1055279248320525,5.9771323162752630,2.9932966766,1453.161,2348.477,586.1900,15.6405
1.0131298468910144,-0.0000000000000017,0.0000000000000000,-0.0000000000000024,-0.0261584207206497,-0.1064280786949492,5.9846459341909934,2.9931147633,1464.927,2355.775,589.7045,15.8001
1.0130838452679931,-0.0000000000000014,0.0000000000000000,0.0000000000000000,-0.0261717252041945,-0.1073606966932076,5.9921595521067257,2.9929245499,1477.129,2363.383,593.2591,15.9617
1.0130364896889699,-0.0000000000000006,0.0000000000000000,-0.0000000000000004,-0.0261869259138069,-0.1083278342647997,5.9996731700224561,2.9927254221,1489.797,2371.320,596.8542,16.1253
1.0129877123257129,0.0000000000000005,0.0000000000000000,-0.0000000000000008,-0.0262042518412910,-0.1093317366810045,6.0071867879381866,2.9925167025,1502.959,2379.612,600.4905,16.2908
1.0129374399778817,-0.0000000000000052,0.0000000000000000,0.0000000000000052,-0.0262239594927566,-0.1103748623915532,6.0147004058539180,2.9922976414,1516.652,2388.284,604.1685,16.4585
1.0128855934794192,0.0000000000000022,0.0000000000000000,0.0000000000000021,-0.0262463369483079,-0.1114599099964202,6.0222140237696493,2.9920674073,1530.910,2397.364,607.8888,16.6282
1.0128320870199854,0.0000000000000014,0.0000000000000000,0.0000000000000005,-0.0262717086502663,-0.1125898495319720,6.0297276416853798,2.9918250752,1545.776,2406.884,611.6520,16.8000
1.0127768273662459,0.0000000000000012,0.0000000000000000,0.0000000000000027,-0.0263004410751180,-0.1137679589149757,6.0372412596011111,2.9915696126,1561.294,2416.879,615.4587,16.9741
1.0127197129647301,0.0000000000000008,0.0000000000000000,-0.0000000000000006,-0.0263329494852976,-0.1149978665844734,6.0447548775168425,2.9912998635,1577.514,2427.389,619.3095,17.1503
1.0126606329037497,0.0000000000000018,0.0000000000000000,-0.0000000000000002,-0.0263697060064044,-0.1162836016322278,6.0522684954325729,2.9910145286,1594.492,2438.456,623.2051,17.3289
1.0125994657068533,-0.0000000000000021,0.0000000000000000,0.0000000000000001,-0.0264112493422929,-0.1176296530337001,6.0597821133483034,2.9907121429,1612.289,2450.131,627.1462,17.5098
1.0125360779236483,0.0000000000000010,0.0000000000000000,-0.0000000000000021,-0.0264581965270003,-0.1190410400069892,6.0672957312640348,2.9903910471,1630.975,2462.467,631.1333,17.6931
1.0124703224754792,-0.0000000000000057,0.0000000000000000,0.0000000000000017,-0.0265112572274364,-0.1205233960686699,6.0748093491797661,2.9900493545,1650.627,2475.527,635.1672,17.8788
1.0124020367027387,-0.0000000000000012,0.0000000000000000,0.0000000000000001,-0.0265712512646058,-0.1220830700666502,6.0823229670954966,2.9896849095,1671.333,2489.381,639.2486,18.0670
1.0123310400461036,0.0000000000000028,0.0000000000000000,-0.0000000000000084,-0.0266391302275745,-0.1237272484157148,6.0898365850112279,2.9892952378,1693.192,2504.110,643.3781,18.2579
1.0122571312759792,-0.0000000000000006,0.0000000000000000,-0.0000000000000007,-0.0267160043377816,-0.1254641040253118,6.0973502029269584,2.9888774837,1716.317,2519.804,647.5565,18.4513
1.0121800851592277,-0.0000000000000039,0.0000000000000000,-0.0000000000000016,-0.0268031761098888,-0.1273029791253409,6.1048638208426897,2.9884283329,1740.838,2536.569,651.7844,18.6475
1.0120996484193976,-0.0000000000000005,0.0000000000000000,-0.0000000000000009,-0.0269021828990788,-0.1292546115437719,6.1123774387584211,2.9879439150,1766.902,2554.527,656.0626,18.8465
1.0120155348015278,0.0000000000000006,0.0000000000000000,-0.0000000000000007,-0.0270148511926759,-0.1313314172496195,6.1198910566741516,2.9874196801,1794.683,2573.821,660.3916,19.0484
1.0119274189907115,-0.0000000000000014,0.0000000000000000,-0.0000000000000010,-0.0271433666056247,-0.1335478465583885,6.1274046745898829,2.9868502401,1824.380,2594.615,664.7720,19.2532
1.0118349290469382,-0.0000000000000016,0.0000000000000000,-0.0000000000000024,-0.0272903651427228,-0.1359208379367316,6.1349182925056134,2.9862291631,1856.228,2617.107,669.2044,19.4611
1.0117376368964071,0.0000000000000004,0.0000000000000000,0.0000000000000005,-0.0274590536651138,-0.1384704028260911,6.1424319104213447,2.9855487040,1890.505,2641.529,673.6891,19.6722
1.0116350462431309,0.0000000000000010,0.0000000000000000,0.0000000000000001,-0.0276533710793682,-0.1412203888955924,6.1499455283370761,2.9847994455,1927.543,2668.162,678.2264,19.8865
1.0115265770062234,0.0000000000000001,0.0000000000000000,-0.0000000000000012,-0.0278782072778734,-0.1441994901784252,6.1574591462528065,2.9839698128,1967.742,2697.346,682.8162,20.1043
1.0114115450019103,0.0000000000000079,0.0000000000000000,0.0000000000000074,-0.0281397055304981,-0.1474426048779252,6.1649727641685370,2.9830454079,2011.586,2729.495,687.4581,20.3256
1.0112891349986950,0.0000000000000040,0.0000000000000000,-0.0000000000000005,-0.0284456880167489,-0.1509926924940103,6.1724863820842693,2.9820080768,2059.675,2765.127,692.1513,20.5506
1.0111583643486650,-0.0000000000000016,0.0000000000000000,0.0000000000000023,-0.0288062673926908,-0.1549033640852675,6.1799999999999997,2.9808345772,2112.757,2804.890,696.8941,20.7794
