x0_n,y0_n,z0_n,xd0_n,yd0_n,zd0_n,Tp,JC,L2ExcessVelocity_mps
1.0031259604351483,-0.0000000000000000,-0.0000000000001764,-0.0000000000003447,-0.0034915361215207,-0.0110407855518862,4.2486558288198246,3.0000159887,141.837
1.0031259604351483,-0.0000000000000000,-0.0000000000001764,-0.0000000000003447,-0.0034915361215207,-0.0110407855518862,4.2486558288198246,3.0000159887,141.837
1.0031150712560155,-0.0000000000000000,-0.0000000000001713,-0.0000000000004328,-0.0034429807007892,-0.0110661251618299,4.2486652325191203,3.0000159870,141.838
1.0031008296797324,-0.0000000000000000,-0.0000000000003128,-0.0000000000006376,-0.0033790924349563,-0.0110991430388159,4.2486678085867480,3.0000159865,141.839
1.0030859054785766,-0.0000000000000000,-0.0000000000003126,-0.0000000000006518,-0.0033116673199081,-0.0111335926407446,4.2486581788870099,3.0000159883,141.838
1.0030703742516476,-0.0000000000000000,-0.0000000000003112,-0.0000000000006389,-0.0032409752088054,-0.0111692776529686,4.2486348592003127,3.0000159926,141.835
1.0030543272358816,-0.0000000000000000,-0.0000000000003146,-0.0000000000006591,-0.0031673634043063,-0.0112059679492160,4.2485964347868075,3.0000159997,141.831
1.0030378689884059,-0.0000000000000000,-0.0000000000003168,-0.0000000000006713,-0.0030912500372206,-0.0112434060805180,4.2485418296726758,3.0000160098,141.825
1.0030211106471445,-0.0000000000000000,-0.0000000000003198,-0.0000000000006811,-0.0030130965206276,-0.0112813236593623,4.2484703714740428,3.0000160230,141.818
1.0030041578239028,-0.0000000000000000,-0.0000000000003206,-0.0000000000006839,-0.0029333531709920,-0.0113194693220287,4.2483816938005612,3.0000160394,141.809
1.0029871059745612,-0.0000000000000000,-0.0000000000003234,-0.0000000000006775,-0.0028524373800583,-0.0113576190604978,4.2482757794965558,3.0000160590,141.798
1.0029700321342194,-0.0000000000000000,-0.0000000000003288,-0.0000000000007086,-0.0027706928520826,-0.0113955941827629,4.2481528855517148,3.0000160817,141.785
1.0029529958451493,-0.0000000000000000,-0.0000000000003209,-0.0000000000006843,-0.0026883909866348,-0.0114332582695158,4.2480133016000154,3.0000161075,141.770
1.0029360386282520,-0.0000000000000000,-0.0000000000003096,-0.0000000000006814,-0.0026057250412620,-0.0114705173118568,4.2478574901068447,3.0000161364,141.754
1.0029191815236012,-0.0000000000000000,-0.0000000000003032,-0.0000000000006939,-0.0025227943526457,-0.0115073239417989,4.2476858852290338,3.0000161681,141.736
1.0029024391362009,-0.0000000000000000,-0.0000000000002799,-0.0000000000006680,-0.0024396699985129,-0.0115436457047020,4.2474987737381094,3.0000162027,141.717
1.0028858084273105,-0.0000000000000000,-0.0000000000002887,-0.0000000000006794,-0.0023563370220359,-0.0115794887241005,4.2472964755226847,3.0000162402,141.696
1.0028692867154865,-0.0000000000000000,-0.0000000000002794,-0.0000000000006822,-0.0022727818542588,-0.0116148580487810,4.2470791080768464,3.0000162805,141.673
1.0028528582358736,-0.0000000000000000,-0.0000000000003617,-0.0000000000007191,-0.0021889234572594,-0.0116497861528305,4.2468467980071889,3.0000163235,141.649
1.0028365106461334,-0.0000000000000000,-0.0000000000003271,-0.0000000000007539,-0.0021046956014325,-0.0116842972233820,4.2465994333761907,3.0000163693,141.623
1.0028202252611542,-0.0000000000000000,-0.0000000000006214,-0.0000000000012106,-0.0020199965662292,-0.0117184277707416,4.2463369346759086,3.0000164180,141.596
1.0028039826713322,-0.0000000000000000,-0.0000000000006217,-0.0000000000011683,-0.0019347171069281,-0.0117522144457253,4.2460591147295776,3.0000164695,141.567
1.0027877672654801,-0.0000000000000000,-0.0000000000006945,-0.0000000000012891,-0.0018487642058119,-0.0117856846125756,4.2457656342659496,3.0000165240,141.536
1.0027715583324204,-0.0000000000000000,0.0000000000000742,-0.0000000000000839,-0.0017620140189138,-0.0118188747281720,4.2454561554330370,3.0000165814,141.504
1.0027553374883880,-0.0000000000000000,-0.0000000000002080,-0.0000000000004645,-0.0016743507089050,-0.0118518148073577,4.2451302960210224,3.0000166419,141.470
1.0027390933135210,-0.0000000000000000,-0.0000000000005480,-0.0000000000010041,-0.0015856922676564,-0.0118845192213553,4.2447875838067324,3.0000167056,141.434
1.0027228141132147,-0.0000000000000000,-0.0000000000005651,-0.0000000000010878,-0.0014959521111331,-0.0119170015915098,4.2444276741588896,3.0000167725,141.396
1.0027065059467135,-0.0000000000000000,-0.0000000000005747,-0.0000000000009920,-0.0014051397446698,-0.0119492392062800,4.2440506110951075,3.0000168426,141.356
1.0026903680742298,-0.0000000000000000,-0.0000000000005861,-0.0000000000011144,-0.0013143577748968,-0.0119808328845314,4.2436609724244994,3.0000169151,141.316
1.0026734805763340,-0.0000000000000000,-0.0000000000006552,-0.0000000000011717,-0.0012183603720049,-0.0120135563510371,4.2432357179816584,3.0000169943,141.271
1.0026566524661955,-0.0000000000000000,-0.0000000000005853,-0.0000000000011226,-0.0011216628141672,-0.0120458097850087,4.2427939726737112,3.0000170766,141.224
1.0026397294422533,-0.0000000000000000,0.0000000000003300,0.0000000000005765,-0.0010233520859227,-0.0120778755956134,4.2423315952522289,3.0000171628,141.176
1.0026226748040847,-0.0000000000000000,-0.0000000000006029,-0.0000000000012319,-0.0009231693268256,-0.0121098027786075,4.2418471324680604,3.0000172531,141.125
1.0026054650817753,-0.0000000000000000,-0.0000000000007272,-0.0000000000013562,-0.0008209231749583,-0.0121416112853807,4.2413394285872181,3.0000173479,141.071
1.0025880856557126,-0.0000000000000000,-0.0000000000005656,-0.0000000000010922,-0.0007164670768087,-0.0121733011447649,4.2408072838180031,3.0000174473,141.015
1.0025705189083218,-0.0000000000000000,-0.0000000000006413,-0.0000000000012564,-0.0006096293583680,-0.0122048743782196,4.2402495562562326,3.0000175516,140.956
1.0025527501665650,-0.0000000000000000,-0.0000000000008321,-0.0000000000016757,-0.0005002484076633,-0.0122363238057417,4.2396650222663341,3.0000176609,140.894
1.0025347659782731,-0.0000000000000000,-0.0000000000008311,-0.0000000000017488,-0.0003881623861304,-0.0122676360299525,4.2390524195953665,3.0000177757,140.829
1.0025165522280632,-0.0000000000000000,0.0000000000022138,0.0000000000040396,-0.0002731971487710,-0.0122987943829800,4.2384103954619121,3.0000178960,140.761
1.0024980947112843,-0.0000000000000000,0.0000000000035468,0.0000000000068969,-0.0001551690329466,-0.0123297773900731,4.2377375739433720,3.0000180222,140.689
1.0024793848682958,-0.0000000000000000,0.0000000000179230,0.0000000000342511,-0.0000339215193420,-0.0123605488747788,4.2370324617752892,3.0000181547,140.614
1.0037958079545353,-0.0000000000000002,0.0000000000008711,-0.0000000000022111,-0.0060923778858808,0.0093314376900170,4.2362935154873655,3.0000182936,140.536
1.0038179923857282,-0.0000000000000000,0.0000000000013644,-0.0000000000034521,-0.0061683212911733,0.0092694088526028,4.2355191215344572,3.0000184393,140.453
1.0038406124158674,-0.0000000000000000,0.0000000000014543,-0.0000000000037262,-0.0062452320379055,0.0092057476333210,4.2347075484189327,3.0000185922,140.366
1.0038636873793121,-0.0000000000000002,0.0000000000014843,-0.0000000000038019,-0.0063231562227631,0.0091403659912884,4.2338570085744545,3.0000187527,140.275
1.0038872373690488,-0.0000000000000002,0.0000000000015721,-0.0000000000040888,-0.0064021411228056,0.0090731701843896,4.2329656014100916,3.0000189211,140.179
1.0039112815301070,-0.0000000000000002,0.0000000000007141,-0.0000000000016034,-0.0064822294661296,0.0090040652909228,4.2320313719530400,3.0000190978,140.078
1.0039358415949458,-0.0000000000000000,0.0000000000014891,-0.0000000000037155,-0.0065634712340638,0.0089329446599093,4.2310521843303439,3.0000192832,139.973
1.0039609402371183,-0.0000000000000002,-0.0000000000017440,0.0000000000045387,-0.0066459179729053,0.0088596940534221,4.2300258815563190,3.0000194779,139.862
1.0039865973074642,-0.0000000000000000,-0.0000000000005802,0.0000000000017365,-0.0067296105352638,0.0087842021278138,4.2289500465154450,3.0000196823,139.745
1.0040128377214523,-0.0000000000000002,-0.0000000000000571,0.0000000000004063,-0.0068146048295698,0.0087063367860617,4.2278222333781388,3.0000198969,139.623
1.0040396861557499,-0.0000000000000002,0.0000000000001556,-0.0000000000001962,-0.0069009543213895,0.0086259598159462,4.2266398218808545,3.0000201222,139.494
1.0040671678857926,-0.0000000000000000,0.0000000000008268,-0.0000000000020023,-0.0069887127506393,0.0085429236445694,4.2254000378695560,3.0000203590,139.359
1.0040953102466275,-0.0000000000000002,0.0000000000008821,-0.0000000000019264,-0.0070779387139854,0.0084570659330258,4.2240999248027080,3.0000206077,139.216
1.0041241421918958,-0.0000000000000002,0.0000000000009181,-0.0000000000022863,-0.0071686940962790,0.0083682096250935,4.2227363207776678,3.0000208691,139.066
1.0041536939313449,-0.0000000000000000,0.0000000000001964,-0.0000000000006255,-0.0072610427983105,0.0082761626621572,4.2213058727189248,3.0000211438,138.909
1.0041839962524832,-0.0000000000000002,0.0000000000014878,-0.0000000000038626,-0.0073550485557033,0.0081807185123403,4.2198050733400319,3.0000214327,138.743
1.0042150823406750,-0.0000000000000002,0.0000000000007403,-0.0000000000014373,-0.0074507804892001,0.0080816486297728,4.2182301756485838,3.0000217366,138.568
1.0042469881878262,-0.0000000000000002,0.0000000000003235,-0.0000000000004735,-0.0075483141660060,0.0079786986904356,4.2165771290687450,3.0000220564,138.384
1.0042797437168312,-0.0000000000000000,-0.0000000000006730,0.0000000000020035,-0.0076477044896702,0.0078716149110967,4.2148420321875522,3.0000223928,138.190
1.0043133904480595,-0.0000000000000000,-0.0000000000009096,0.0000000000025292,-0.0077490394734980,0.0077600836645772,4.2130202566934871,3.0000227470,137.985
1.0043479643641156,-0.0000000000000002,-0.0000000000007240,0.0000000000019269,-0.0078523879694761,0.0076437835012677,4.2111072910811238,3.0000231200,137.770
1.0043835020862184,-0.0000000000000000,0.0000000000004360,-0.0000000000011740,-0.0079578186288801,0.0075223611811910,4.2090983588290944,3.0000235129,137.542
1.0044200449841190,-0.0000000000000002,0.0000000000006039,-0.0000000000016278,-0.0080654119621016,0.0073954122694157,4.2069884497913783,3.0000239269,137.302
1.0044576327718739,-0.0000000000000000,-0.0000000000000314,0.0000000000000018,-0.0081752412659678,0.0072624965401996,4.2047723241548116,3.0000243631,137.048
1.0044963090322188,-0.0000000000000002,-0.0000000000001694,0.0000000000005183,-0.0082873888608676,0.0071231109400336,4.2024443771474722,3.0000248230,136.780
1.0045361532871162,-0.0000000000000000,-0.0000000000003973,0.0000000000009864,-0.0084020376853094,0.0069765596534455,4.1999966303471705,3.0000253083,136.497
1.0045771215067567,-0.0000000000000000,-0.0000000000004548,0.0000000000009955,-0.0085190138032339,0.0068225333850554,4.1974285352012828,3.0000258195,136.198
1.0046193179760821,-0.0000000000000002,-0.0000000000002412,0.0000000000006760,-0.0086385674339762,0.0066600898441189,4.1947302569995744,3.0000263588,135.882
1.0046627931374033,-0.0000000000000002,0.0000000000001070,-0.0000000000007424,-0.0087607906321184,0.0064883741673151,4.1918951620376150,3.0000269280,135.548
1.0047076009415132,-0.0000000000000000,-0.0000000000007662,0.0000000000028495,-0.0088857826997029,0.0063063821002216,4.1889160857977794,3.0000275289,135.194
1.0047537995308531,-0.0000000000000003,0.0000000000002602,-0.0000000000014779,-0.0090136518577275,0.0061129194157446,4.1857854442446722,3.0000281634,134.819
1.0048014522295685,-0.0000000000000001,-0.0000000000010202,0.0000000000043550,-0.0091445176234990,0.0059065456574218,4.1824951073859884,3.0000288337,134.422
1.0048506264955017,-0.0000000000000003,-0.0000000000004647,0.0000000000021640,-0.0092785076407723,0.0056855050369158,4.1790364146420602,3.0000295422,134.001
1.0049013979302210,-0.0000000000000000,0.0000000000009296,-0.0000000000025178,-0.0094157681818148,0.0054476019154850,4.1754000579756383,3.0000302915,133.554
1.0049538486789942,-0.0000000000000003,-0.0000000000002044,0.0000000000010438,-0.0095564592361707,0.0051900464809637,4.1715759215161903,3.0000310843,133.080
1.0050080749933550,-0.0000000000000000,-0.0000000000003171,0.0000000000014498,-0.0097007741258858,0.0049091637512318,4.1675526213346528,3.0000319238,132.576
1.0050642497600824,-0.0000000000000000,0.0000000000006015,-0.0000000000025068,-0.0098491027310746,0.0045996123409669,4.1633127884729575,3.0000328147,132.039
1.0051219817789339,-0.0000000000000000,0.0000000000009158,-0.0000000000046102,-0.0100003518601277,0.0042574470546944,4.1588819850411944,3.0000337525,131.472
1.0051820382602534,-0.0000000000000003,0.0000000000009583,-0.0000000000052230,-0.0101564631683989,0.0038687043699843,4.1541970841411713,3.0000347519,130.864
1.0052442096736312,-0.0000000000000003,0.0000000000013042,-0.0000000000079146,-0.0103168102630918,0.0034189631312760,4.1492693579546120,3.0000358118,130.217
1.0053084344736321,-0.0000000000000000,0.0000000000011617,-0.0000000000080038,-0.0104811649723079,0.0028801277315516,4.1440997211109059,3.0000369336,129.528
1.0053741082579559,-0.0000000000000000,0.0000000000009574,-0.0000000000079551,-0.0106479348610143,0.0021943226850065,4.1387344101597270,3.0000381087,128.802
1.0054374239653243,-0.0000000000000000,0.0000000000004810,-0.0000000000060674,-0.0108075345755255,0.0012043543319219,4.1334900250116702,3.0000392681,128.082
