x0,y0,z0,xd0,yd0,zd0,Tp,JC,stabilityIndex1,stabilityIndex2,alpha,beta,impactFlag,error
1.0487132846360296,0.0,-0.0002336342760068,0.0000000000000000,-0.0390236926415381,0.0000000000000000,3.1711528313299993,3.0141617881694458,1579.1870,2.0000,-1581.1870,3160.3338,0,2.3e-13
1.0487132846360314,0.0,-0.0002336342760041,0.0000000000000000,-0.0390236926415529,0.0000000000000000,3.1711528313293909,3.0141617881694454,1579.1870,2.0000,-1581.1870,3160.3338,0,1.6e-12
1.0487123903080935,0.0,-0.0006262369481963,0.0000000000000000,-0.0390344902467977,0.0000000000000000,3.1711289583845126,3.0141598979871853,1578.4781,1.9998,-1580.4779,3158.6677,0,8.5e-13
1.0487106361187843,0.0,-0.0010264061963978,0.0000000000000000,-0.0390556241681852,0.0000000000000000,3.1710821842274095,3.0141561959347203,1577.0905,1.9995,-1579.0900,3155.4056,0,1.1e-13
1.0487079699291872,0.0,-0.0014340815281846,0.0000000000000000,-0.0390876318908530,0.0000000000000000,3.1710112223031253,3.0141505829537607,1574.9883,1.9990,-1576.9874,3150.4620,0,5.2e-13
1.0487043367128965,0.0,-0.0018491848834635,0.0000000000000000,-0.0391310305322215,0.0000000000000000,3.1709147718994823,3.0141429605726979,1572.1371,1.9984,-1574.1355,3143.7532,0,4.6e-13
1.0486996784031302,0.0,-0.0022716213104012,0.0000000000000000,-0.0391863111343774,0.0000000000000000,3.1707915223570273,3.0141332315029206,1568.5035,1.9976,-1570.5011,3135.1980,0,4.9e-13
1.0486939337472272,0.0,-0.0027012799645343,0.0000000000000000,-0.0392539330820105,0.0000000000000000,3.1706401570403022,3.0141213002274267,1564.0562,1.9966,-1566.0527,3124.7183,0,3.8e-13
1.0486870381725255,0.0,-0.0031380354076647,0.0000000000000000,-0.0393343187941667,0.0000000000000000,3.1704593569261270,3.0141070735669260,1558.7659,1.9953,-1560.7612,3112.2398,0,6.0e-13
1.0486789236679526,0.0,-0.0035817491662596,0.0000000000000000,-0.0394278488327980,0.0000000000000000,3.1702478036430874,3.0140904612094430,1552.6058,1.9939,-1554.5997,3097.6925,0,5.0e-13
1.0486695186857340,0.0,-0.0040322714946055,0.0000000000000000,-0.0395348575563829,0.0000000000000000,3.1700041818561764,3.0140713761912039,1545.5518,1.9922,-1547.5440,3081.0119,0,1.5e-13
1.0486587480677199,0.0,-0.0044894432751152,0.0000000000000000,-0.0396556294256967,0.0000000000000000,3.1697271808917562,3.0140497353191780,1537.5828,1.9902,-1539.5730,3062.1390,0,1.4e-12
1.0486465330007606,0.0,-0.0049530979794349,0.0000000000000000,-0.0397903960396236,0.0000000000000000,3.1694154955367511,3.0140254595289777,1528.6808,1.9880,-1530.6688,3041.0209,0,3.9e-13
1.0486327910053632,0.0,-0.0054230636103944,0.0000000000000000,-0.0399393339467759,0.0000000000000000,3.1690678260081699,3.0139984741755166,1518.8316,1.9855,-1520.8170,3017.6117,0,3.2e-13
1.0486174359617062,0.0,-0.0058991645448597,0.0000000000000000,-0.0401025632442629,0.0000000000000000,3.1686828771066429,3.0139687092577248,1508.0241,1.9826,-1510.0067,2991.8725,0,5.9e-13
1.0486003781767235,0.0,-0.0063812232032997,0.0000000000000000,-0.0402801469416592,0.0000000000000000,3.1682593566245831,3.0139360995823075,1496.2512,1.9795,-1498.2306,2963.7718,0,1.9e-13
1.0485815244957459,0.0,-0.0068690614811841,0.0000000000000000,-0.0404720910384571,0.0000000000000000,3.1677959731115761,3.0139005848748277,1483.5094,1.9759,-1485.4854,2933.2860,0,1.5e-12
1.0485607784617825,0.0,-0.0073625018901911,0.0000000000000000,-0.0406783452389867,0.0000000000000000,3.1672914331361568,3.0138621098489851,1469.7993,1.9720,-1471.7713,2900.3994,0,3.0e-12
1.0485380405253257,0.0,-0.0078613683709717,0.0000000000000000,-0.0408988042110260,0.0000000000000000,3.1667444381865768,3.0138206242468182,1455.1249,1.9676,-1457.0925,2865.1047,0,2.2e-12
1.0485137218107277,0.0,-0.0083554390097955,0.0000000000000000,-0.0411285232627662,0.0000000000000000,3.1661658312328953,3.0137769961862206,1439.8136,1.9629,-1441.7765,2828.1741,0,5.9e-13
1.0484872816331956,0.0,-0.0088545877462525,0.0000000000000000,-0.0413716365753887,0.0000000000000000,3.1655436896853502,3.0137303758268335,1423.5884,1.9577,-1425.5460,2788.9244,0,4.4e-13
1.0484586168422954,0.0,-0.0093586557807565,0.0000000000000000,-0.0416279146988023,0.0000000000000000,3.1648767109924449,3.0136807269017925,1406.4628,1.9520,-1408.4148,2747.3705,0,6.5e-13
1.0484276225237674,0.0,-0.0098674849968768,0.0000000000000000,-0.0418970839952717,0.0000000000000000,3.1641635748340780,3.0136280179315658,1388.4542,1.9457,-1390.3999,2703.5359,0,1.1e-12
1.0483941924471074,0.0,-0.0103809171950110,0.0000000000000000,-0.0421788287336319,0.0000000000000000,3.1634029410504350,3.0135722223225789,1369.5831,1.9389,-1371.5220,2657.4525,0,1.0e-12
1.0483582195707073,0.0,-0.0108987930836280,0.0000000000000000,-0.0424727931939710,0.0000000000000000,3.1625934481258491,3.0135133185014471,1349.8737,1.9314,-1351.8051,2609.1613,0,1.8e-13
1.0483195966054051,0.0,-0.0114209510640951,0.0000000000000000,-0.0427785837384912,0.0000000000000000,3.1617337123427824,3.0134512900897374,1329.3531,1.9233,-1331.2764,2558.7122,0,5.1e-13
1.0482782166367386,0.0,-0.0119472258485385,0.0000000000000000,-0.0430957708187409,0.0000000000000000,3.1608223277005929,3.0133861261220400,1308.0522,1.9144,-1309.9666,2506.1644,0,1.1e-12
1.0482339738055262,0.0,-0.0124774469535756,0.0000000000000000,-0.0434238909045110,0.0000000000000000,3.1598578666912127,3.0133178213076941,1286.0047,1.9048,-1287.9095,2451.5866,0,3.3e-13
1.0481867640454672,0.0,-0.0130114371126416,0.0000000000000000,-0.0437624483315270,0.0000000000000000,3.1588388819841784,3.0132463763345134,1263.2476,1.8944,-1265.1420,2395.0571,0,2.6e-13
1.0481364858753559,0.0,-0.0135490106519756,0.0000000000000000,-0.0441109170783249,0.0000000000000000,3.1577639090801615,3.0131717982103550,1239.8209,1.8831,-1241.7040,2336.6638,0,1.6e-12
1.0480830412421405,0.0,-0.0140899718745454,0.0000000000000000,-0.0444687424922268,0.0000000000000000,3.1566314699602662,3.0130941006363683,1215.7675,1.8708,-1217.6383,2276.5049,0,9.2e-13
1.0480263364094538,0.0,-0.0146341134961047,0.0000000000000000,-0.0448353429924949,0.0000000000000000,3.1554400777405798,3.0130133044036360,1191.1330,1.8576,-1192.9906,2214.6880,0,5.2e-13
1.0479662828843672,0.0,-0.0151812151781838,0.0000000000000000,-0.0452101117858529,0.0000000000000000,3.1541882423320828,3.0129294378028533,1165.9657,1.8434,-1167.8091,2151.3308,0,2.7e-12
1.0479027983731339,0.0,-0.0157310422005734,0.0000000000000000,-0.0455924186324886,0.0000000000000000,3.1528744770639827,3.0128425370350715,1140.3164,1.8281,-1142.1444,2086.5607,0,4.9e-13
1.0478358077543863,0.0,-0.0162833443163842,0.0000000000000000,-0.0459816117038422,0.0000000000000000,3.1514973062200071,3.0127526466097057,1114.2380,1.8116,-1116.0495,2020.5145,0,6.4e-13
1.0477652440557483,0.0,-0.0168378548319192,0.0000000000000000,-0.0463770195736671,0.0000000000000000,3.1500552734121436,3.0126598197145258,1087.7856,1.7939,-1089.5794,1953.3381,0,1.1e-12
1.0476925587230066,0.0,-0.0173832213249834,0.0000000000000000,-0.0467699408295825,0.0000000000000000,3.1485775628950092,3.0125660468717763,1061.5502,1.7753,-1063.3255,1886.5480,0,1.7e-12
1.0476163098076570,0.0,-0.0179303659464057,0.0000000000000000,-0.0471676632512537,0.0000000000000000,3.1470342483764679,3.0124695419876724,1035.0546,1.7554,-1036.8100,1818.9470,0,6.1e-13
1.0475364586759754,0.0,-0.0184789863449428,0.0000000000000000,-0.0475695138747765,0.0000000000000000,3.1454239989682269,3.0123703787148246,1008.3544,1.7342,-1010.0886,1750.6942,0,1.6e-13
1.0474529775432126,0.0,-0.0190287636275736,0.0000000000000000,-0.0479748091299304,0.0000000000000000,3.1437455362337903,3.0122686397809635,981.5063,1.7116,-983.2179,1681.9547,0,7.4e-13
1.0473658501637799,0.0,-0.0195793629625350,0.0000000000000000,-0.0483828576835137,0.0000000000000000,3.1419976437163877,3.0121644170022512,954.5675,1.6876,-956.2551,1612.8989,0,8.5e-13
1.0472750724165847,0.0,-0.0201304345412797,0.0000000000000000,-0.0487929635316104,0.0000000000000000,3.1401791762308933,3.0120578111846337,927.5954,1.6620,-929.2574,1543.7006,0,2.2e-13
1.0471806527640162,0.0,-0.0206816149076879,0.0000000000000000,-0.0492044293303910,0.0000000000000000,3.1382890686793461,3.0119489319018271,900.6467,1.6350,-902.2817,1474.5365,0,9.1e-14
1.0470826125649062,0.0,-0.0212325286495570,0.0000000000000000,-0.0496165599401438,0.0000000000000000,3.1363263441070872,3.0118378971420130,873.7780,1.6063,-875.3844,1405.5842,0,1.1e-12
1.0469809862233721,0.0,-0.0217827904403302,0.0000000000000000,-0.0500286661473711,0.0000000000000000,3.1342901207404066,3.0117248328180533,847.0443,1.5761,-848.6204,1337.0208,0,8.8e-14
1.0468758211593070,0.0,-0.0223320074038298,0.0000000000000000,-0.0504400685149337,0.0000000000000000,3.1321796177260586,3.0116098721408116,820.4994,1.5442,-822.0436,1269.0215,0,6.1e-13
1.0467671775899619,0.0,-0.0228797817661110,0.0000000000000000,-0.0508501013012027,0.0000000000000000,3.1299941593343288,3.0114931548590236,794.1949,1.5107,-795.7055,1201.7581,0,5.4e-13
1.0466551281175192,0.0,-0.0234257137450636,0.0000000000000000,-0.0512581163783916,0.0000000000000000,3.1277331774046049,3.0113748263743045,768.1802,1.4754,-769.6557,1135.3969,0,6.9e-13
1.0465397571233752,0.0,-0.0239694046178151,0.0000000000000000,-0.0516634870726882,0.0000000000000000,3.1253962118561556,3.0112550367447395,742.5022,1.4385,-743.9407,1070.0976,0,1.3e-13
1.0464211599757736,0.0,-0.0245104598987249,0.0000000000000000,-0.0520656118463296,0.0000000000000000,3.1229829091523391,3.0111339395946652,717.2044,1.3999,-718.6043,1006.0119,0,4.7e-13
1.0462994420640424,0.0,-0.0250484925527856,0.0000000000000000,-0.0524639177396111,0.0000000000000000,3.1204930186605764,3.0110116909526341,692.3273,1.3596,-693.6869,943.2817,0,1.0e-12
1.0461747176788381,0.0,-0.0255831261653445,0.0000000000000000,-0.0528578634940242,0.0000000000000000,3.1179263869200415,3.0108884480428615,667.9079,1.3176,-669.2255,882.0383,0,4.7e-13
1.0460471087628216,0.0,-0.0261139979906867,0.0000000000000000,-0.0532469422858920,0.0000000000000000,3.1152829499122974,3.0107643680572478,643.9792,1.2740,-645.2532,822.4012,0,5.8e-14
1.0459167435610155,0.0,-0.0266407618033376,0.0000000000000000,-0.0536306840089849,0.0000000000000000,3.1125627234902886,3.0106396069365311,620.5707,1.2287,-621.7993,764.4774,0,1.0e-13
1.0457837552033780,0.0,-0.0271630904825398,0.0000000000000000,-0.0540086570579518,0.0000000000000000,3.1097657921866451,3.0105143181888900,597.7076,1.1818,-598.8894,708.3606,0,1.0e-12
1.0456482802533942,0.0,-0.0276806782716186,0.0000000000000000,-0.0543804695813342,0.0000000000000000,3.1068922966851451,3.0103886517724172,575.4117,1.1333,-576.5450,654.1313,0,4.0e-13
1.0455104572572589,0.0,-0.0281932426639511,0.0000000000000000,-0.0547457701882550,0.0000000000000000,3.1039424202698962,3.0102627530657085,553.7004,1.0834,-554.7837,601.8559,0,3.3e-13
1.0453704253264526,0.0,-0.0287005258828365,0.0000000000000000,-0.0551042481114086,0.0000000000000000,3.1009163746010402,3.0101367619467498,532.5876,1.0319,-533.6195,551.5875,0,1.7e-13
1.0452283227843115,0.0,-0.0292022959354313,0.0000000000000000,-0.0554556328441684,0.0000000000000000,3.0978143851664846,3.0100108119963140,512.0835,0.9791,-513.0626,503.3660,0,6.1e-13
1.0450842859026943,0.0,-0.0296983472381771,0.0000000000000000,-0.0557996932864236,0.0000000000000000,3.0946366767631135,3.0098850298366377,492.1948,0.9249,-493.1197,457.2181,0,1.1e-13
1.0449384477505808,0.0,-0.0301885008232803,0.0000000000000000,-0.0561362364449810,0.0000000000000000,3.0913834593305451,3.0097595346115869,472.9251,0.8694,-473.7945,413.1586,0,3.0e-13
1.0447909371712494,0.0,-0.0306726041483611,0.0000000000000000,-0.0564651057444589,0.0000000000000000,3.0880549144268645,3.0096344376096300,454.2748,0.8127,-455.0875,371.1907,0,2.8e-13
1.0446418778985862,0.0,-0.0311505305437216,0.0000000000000000,-0.0567861790123810,0.0000000000000000,3.0846511825987313,3.0095098420259956,436.2416,0.7549,-436.9964,331.3069,0,1.1e-13
1.0444913878184496,0.0,-0.0316221783375797,0.0000000000000000,-0.0570993662044820,0.0000000000000000,3.0811723518396015,3.0093858428570144,418.8207,0.6960,-419.5166,293.4900,0,2.0e-13
1.0443395783754146,0.0,-0.0320874697070791,0.0000000000000000,-0.0574046069380579,0.0000000000000000,3.0776184472839185,3.0092625269160056,402.0051,0.6361,-402.6412,257.7143,0,7.9e-14
1.0441865541215016,0.0,-0.0325463493037755,0.0000000000000000,-0.0577018678977314,0.0000000000000000,3.0739894222246611,3.0091399729582169,385.7861,0.5753,-386.3614,223.9460,0,6.5e-14
1.0440324123988520,0.0,-0.0329987827062746,0.0000000000000000,-0.0579911401759649,0.0000000000000000,3.0702851505029742,3.0090182518999153,370.1529,0.5137,-370.6665,192.1447,0,2.3e-13
1.0438772431466421,0.0,-0.0334447547474462,0.0000000000000000,-0.0582724366022424,0.0000000000000000,3.0665054202605861,3.0088974271169082,355.0935,0.4513,-355.5448,162.2642,0,2.2e-13
1.0437211288193653,0.0,-0.0338842677642893,0.0000000000000000,-0.0585457891099997,0.0000000000000000,3.0626499290190101,3.0087775548067697,340.5948,0.3883,-340.9831,134.2535,0,9.0e-14
1.0435641444029771,0.0,-0.0343173398122499,0.0000000000000000,-0.0588112461816677,0.0000000000000000,3.0587182800117367,3.0086586843999354,326.6426,0.3247,-326.9672,108.0573,0,3.1e-13
1.0434063575149100,0.0,-0.0347440028805642,0.0000000000000000,-0.0590688704039289,0.0000000000000000,3.0547099796713635,3.0085408590058864,313.2220,0.2606,-313.4826,83.6173,0,1.2e-13
1.0432478285731686,0.0,-0.0351643011419941,0.0000000000000000,-0.0593187361594291,0.0000000000000000,3.0506244361638162,3.0084241158811906,300.3176,0.1960,-300.5137,60.8728,0,6.6e-14
1.0430886110213966,0.0,-0.0355782892612873,0.0000000000000000,-0.0595609274715726,0.0000000000000000,3.0464609588420117,3.0083084869086014,287.9136,0.1312,-288.0448,39.7611,0,6.1e-13
1.0429287515964203,0.0,-0.0359860307847594,0.0000000000000000,-0.0597955360151136,0.0000000000000000,3.0422187584972011,3.0081939990769349,275.9940,0.0660,-276.0600,20.2184,0,1.5e-13
1.0427682906270852,0.0,-0.0363875966247580,0.0000000000000000,-0.0600226592972616,0.0000000000000000,3.0378969482774871,3.0080806749540572,264.5425,0.0007,-264.5431,2.1804,0,3.8e-14
1.0426072623533160,0.0,-0.0367830636513988,0.0000000000000000,-0.0602423990112972,0.0000000000000000,3.0334945451561457,3.0079685331459092,253.5429,-0.0648,-253.4782,-14.4177,0,1.3e-13
1.0424456952568428,0.0,-0.0371725133965200,0.0000000000000000,-0.0604548595589175,0.0000000000000000,3.0290104718314694,3.0078575887368419,242.9793,-0.1302,-242.8491,-29.6402,0,6.1e-14
1.0422836123952020,0.0,-0.0375560308744817,0.0000000000000000,-0.0606601467362417,0.0000000000000000,3.0244435589569991,3.0077478537069990,232.8358,-0.1956,-232.6401,-43.5509,0,9.2e-14
1.0421210317331937,0.0,-0.0379337035182287,0.0000000000000000,-0.0608583665742872,0.0000000000000000,3.0197925476038581,3.0076393373245343,223.0967,-0.2609,-222.8358,-56.2129,0,4.2e-14
1.0419579664658525,0.0,-0.0383056202299518,0.0000000000000000,-0.0610496243248732,0.0000000000000000,3.0150560918755205,3.0075320465105575,213.7468,-0.3260,-213.4207,-67.6879,0,2.1e-13
1.0417944253294349,0.0,-0.0386718705406982,0.0000000000000000,-0.0612340235802384,0.0000000000000000,3.0102327615995343,3.0074259861764179,204.7710,-0.3909,-204.3802,-78.0366,0,7.7e-14
1.0416304128969651,0.0,-0.0390325438742053,0.0000000000000000,-0.0614116655152120,0.0000000000000000,3.0053210450365291,3.0073211595330269,196.1549,-0.4553,-195.6996,-87.3181,0,1.5e-13
1.0414659298559887,0.0,-0.0393877289085717,0.0000000000000000,-0.0615826482403419,0.0000000000000000,3.0003193515554916,3.0072175683726137,187.8844,-0.5194,-187.3650,-95.5899,0,1.8e-13
1.0413009732674898,0.0,-0.0397375130277264,0.0000000000000000,-0.0617470662538625,0.0000000000000000,2.9952260142315965,3.0071152133241275,179.9456,-0.5830,-179.3626,-102.9078,0,1.1e-13
1.0411355368044295,0.0,-0.0400819818566246,0.0000000000000000,-0.0619050099820889,0.0000000000000000,2.9900392923359300,3.0070140940830750,172.3253,-0.6460,-171.6793,-109.3259,0,1.3e-13
1.0409696109701869,0.0,-0.0404212188713413,0.0000000000000000,-0.0620565653968468,0.0000000000000000,2.9847573736887130,3.0069142096176593,165.0108,-0.7084,-164.3024,-114.8966,0,1.4e-13
1.0408031832966007,0.0,-0.0407553050773385,0.0000000000000000,-0.0622018137003672,0.0000000000000000,2.9793783768581199,3.0068155583526006,157.9896,-0.7701,-157.2195,-119.6704,0,9.1e-14
1.0406362385218184,0.0,-0.0410843187491060,0.0000000000000000,-0.0623408310685071,0.0000000000000000,2.9739003531916550,3.0067181383322219,151.2500,-0.8310,-150.4189,-123.6958,0,2.5e-13
1.0404687587490513,0.0,-0.0414083352233208,0.0000000000000000,-0.0624736884434060,0.0000000000000000,2.9683212886694981,3.0066219473647942,144.7803,-0.8911,-143.8892,-127.0199,0,1.2e-13
1.0403007235865827,0.0,-0.0417274267400758,0.0000000000000000,-0.0626004513682569,0.0000000000000000,2.9626391055765926,3.0065269831495720,138.5697,-0.9503,-137.6194,-129.6874,0,7.3e-14
1.0401321102702261,0.0,-0.0420416623256053,0.0000000000000000,-0.0627211798570345,0.0000000000000000,2.9568516639908640,3.0064332433883401,132.6076,-1.0086,-131.5990,-131.7418,0,1.3e-13
1.0399628937689009,0.0,-0.0423511077116694,0.0000000000000000,-0.0628359282931589,0.0000000000000000,2.9509567630896116,3.0063407258828629,126.8837,-1.0657,-125.8180,-133.2245,0,1.3e-13
1.0397930468747807,0.0,-0.0426558252857861,0.0000000000000000,-0.0629447453513518,0.0000000000000000,2.9449521422759086,3.0062494286199848,121.3885,-1.1218,-120.2667,-134.1751,0,1.2e-13
1.0396225402786694,0.0,-0.0429558740684948,0.0000000000000000,-0.0630476739379371,0.0000000000000000,2.9388354821307590,3.0061593498455692,116.1125,-1.1767,-114.9357,-134.6318,0,1.1e-13
1.0394513426319205,0.0,-0.0432513097130749,0.0000000000000000,-0.0631447511452308,0.0000000000000000,2.9326044051961238,3.0060704881287426,111.0467,-1.2304,-109.8163,-134.6308,0,1.5e-13
1.0392794205955262,0.0,-0.0435421845246731,0.0000000000000000,-0.0632360082163405,0.0000000000000000,2.9262564765963419,3.0059828424174673,106.1827,-1.2828,-104.9000,-134.2070,0,3.6e-14
1.0391067388777793,0.0,-0.0438285474948499,0.0000000000000000,-0.0633214705168877,0.0000000000000000,2.9197892045041010,3.0058964120867766,101.5122,-1.3338,-100.1784,-133.3936,0,1.8e-14
1.0389332602610384,0.0,-0.0441104443493014,0.0000000000000000,-0.0634011575109647,0.0000000000000000,2.9132000404593672,3.0058111969805084,97.0273,-1.3833,-95.6440,-132.2223,0,4.1e-14
1.0387589456185520,0.0,-0.0443879176060186,0.0000000000000000,-0.0634750827387231,0.0000000000000000,2.9064863795486153,3.0057271974475026,92.7206,-1.4314,-91.2891,-130.7233,0,1.3e-13
1.0385837539222051,0.0,-0.0446610066415284,0.0000000000000000,-0.0635432537934493,0.0000000000000000,2.8996455604518210,3.0056444143731551,88.5846,-1.4780,-87.1067,-128.9254,0,4.6e-14
1.0384076422415731,0.0,-0.0449297477638108,0.0000000000000000,-0.0636056722962917,0.0000000000000000,2.8926748653653496,3.0055628492069153,84.6127,-1.5229,-83.0898,-126.8561,0,5.3e-14
1.0382305657353368,0.0,-0.0451941742895293,0.0000000000000000,-0.0636623338668847,0.0000000000000000,2.8855715198071450,3.0054825039865976,80.7981,-1.5661,-79.2319,-124.5414,0,7.3e-14
1.0380524776352960,0.0,-0.0454543166247011,0.0000000000000000,-0.0637132280885515,0.0000000000000000,2.8783326923118779,3.0054033813599585,77.1344,-1.6077,-75.5268,-122.0061,0,8.2e-14
1.0378733292235867,0.0,-0.0457102023473327,0.0000000000000000,-0.0637583384667352,0.0000000000000000,2.8709554940223918,3.0053254846041293,73.6157,-1.6474,-71.9684,-119.2739,0,2.2e-14
1.0376930698035411,0.0,-0.0459618562910310,0.0000000000000000,-0.0637976423796181,0.0000000000000000,2.8634369781837803,3.0052488176433796,70.2361,-1.6853,-68.5509,-116.3671,0,8.0e-14
1.0375116466646208,0.0,-0.0462093006285380,0.0000000000000000,-0.0638311110198224,0.0000000000000000,2.8557741395457632,3.0051733850656701,66.9901,-1.7213,-65.2688,-113.3069,0,7.3e-14
1.0373290050414750,0.0,-0.0464525549548318,0.0000000000000000,-0.0638587093264216,0.0000000000000000,2.8479639136793047,3.0050991921382733,63.8722,-1.7553,-62.1169,-110.1135,0,6.1e-14
1.0371450880677699,0.0,-0.0466916363685512,0.0000000000000000,-0.0638803959062636,0.0000000000000000,2.8400031762118139,3.0050262448229570,60.8774,-1.7873,-59.0901,-106.8059,0,4.8e-14
1.0369598367246760,0.0,-0.0469265595516730,0.0000000000000000,-0.0638961229439164,0.0000000000000000,2.8318887419861234,3.0049545497909222,58.0009,-1.8172,-56.1836,-103.4020,0,4.6e-14
1.0367731897842862,0.0,-0.0471573368467682,0.0000000000000000,-0.0639058360994113,0.0000000000000000,2.8236173641472488,3.0048841144378193,55.2378,-1.8451,-53.3927,-99.9190,0,5.2e-14
1.0365850837480426,0.0,-0.0473839783314726,0.0000000000000000,-0.0639094743930547,0.0000000000000000,2.8151857331608281,3.0048149468990784,52.5837,-1.8708,-50.7129,-96.3729,0,2.2e-14
1.0363954527802086,0.0,-0.0476064918898445,0.0000000000000000,-0.0639069700764994,0.0000000000000000,2.8065904757667348,3.0047470560657943,50.0343,-1.8943,-48.1401,-92.7787,0,3.7e-14
1.0362042286364010,0.0,-0.0478248832803154,0.0000000000000000,-0.0638982484893204,0.0000000000000000,2.7978281538710061,3.0046804516013741,47.5856,-1.9155,-45.6700,-89.1508,0,1.3e-14
1.0360113405871079,0.0,-0.0480391562000047,0.0000000000000000,-0.0638832279002535,0.0000000000000000,2.7888952633789033,3.0046151439591284,45.2334,-1.9345,-43.2989,-85.5025,0,8.8e-14
1.0358167153361846,0.0,-0.0482493123450657,0.0000000000000000,-0.0638618193322304,0.0000000000000000,2.7797882329714816,3.0045511444010309,42.9741,-1.9511,-41.0230,-81.8463,0,1.0e-13
1.0356202769339617,0.0,-0.0484553514671540,0.0000000000000000,-0.0638339263702220,0.0000000000000000,2.7705034228281460,3.0044884650177353,40.8040,-1.9654,-38.8387,-78.1942,0,5.2e-14
1.0354219466850880,0.0,-0.0486572714254363,0.0000000000000000,-0.0637994449509413,0.0000000000000000,2.7610371232966933,3.0044271187501277,38.7196,-1.9772,-36.7424,-74.5569,0,3.8e-14
1.0352216430506374,0.0,-0.0488550682342873,0.0000000000000000,-0.0637582631332037,0.0000000000000000,2.7513855535127849,3.0043671194125006,36.7177,-1.9866,-34.7310,-70.9450,0,2.8e-14
1.0350192815442707,0.0,-0.0490487361063595,0.0000000000000000,-0.0637102608477742,0.0000000000000000,2.7415448599701042,3.0043084817175263,34.7949,-1.9936,-32.8013,-67.3678,0,2.3e-14
1.0348147746221206,0.0,-0.0492382674908882,0.0000000000000000,-0.0636553096253231,0.0000000000000000,2.7315111150423563,3.0042512213032149,32.9483,-1.9981,-30.9502,-63.8342,0,1.4e-14
1.0346080315659816,0.0,-0.0494236531070524,0.0000000000000000,-0.0635932723009685,0.0000000000000000,2.7212803154580323,3.0041953547619937,31.1749,-2.0001,-29.1748,-60.3526,0,5.1e-14
1.0343989583593771,0.0,-0.0496048819721967,0.0000000000000000,-0.0635240026937732,0.0000000000000000,2.7108483807286290,3.0041408996721062,29.4719,-1.9995,-27.4724,-56.9304,0,2.9e-14
1.0341874575559582,0.0,-0.0497819414247074,0.0000000000000000,-0.0634473452593366,0.0000000000000000,2.7002111515308189,3.0040878746314843,27.8366,-1.9965,-25.8402,-53.5748,0,1.4e-14
1.0339734281396695,0.0,-0.0499548171413286,0.0000000000000000,-0.0633631347133794,0.0000000000000000,2.6893643880428693,3.0040362992943037,26.2665,-1.9908,-24.2757,-50.2920,0,2.2e-14
1.0337567653760040,0.0,-0.0501234931486523,0.0000000000000000,-0.0632711956241080,0.0000000000000000,2.6783037682354069,3.0039861944103912,24.7590,-1.9826,-22.7764,-47.0880,0,1.3e-14
1.0335373606536253,0.0,-0.0502879518285144,0.0000000000000000,-0.0631713419707176,0.0000000000000000,2.6670248861164505,3.0039375818677336,23.3118,-1.9719,-21.3399,-43.9681,0,7.5e-15
1.0333151013154922,0.0,-0.0504481739169831,0.0000000000000000,-0.0630633766652442,0.0000000000000000,2.6555232499304395,3.0038904847382724,21.9226,-1.9586,-19.9641,-40.9370,0,2.1e-14
1.0330898704785492,0.0,-0.0506041384965995,0.0000000000000000,-0.0629470910345207,0.0000000000000000,2.6437942803108263,3.0038449273272625,20.5894,-1.9427,-18.6466,-37.9990,0,1.0e-13
1.0328615468410198,0.0,-0.0507558229814180,0.0000000000000000,-0.0628222642587689,0.0000000000000000,2.6318333083855183,3.0038009352264492,19.3099,-1.9243,-17.3856,-35.1580,0,7.9e-14
1.0326300044758860,0.0,-0.0509032030945725,0.0000000000000000,-0.0626886627626537,0.0000000000000000,2.6196355738345343,3.0037585353713157,18.0822,-1.9034,-16.1788,-32.4173,0,6.3e-14
1.0323951126095321,0.0,-0.0510462528376526,0.0000000000000000,-0.0625460395545686,0.0000000000000000,2.6071962228986023,3.0037177561027755,16.9044,-1.8800,-15.0244,-29.7798,0,5.0e-14
1.0321567353838481,0.0,-0.0511849444515136,0.0000000000000000,-0.0623941335089324,0.0000000000000000,2.5945103063376713,3.0036786272336022,15.7748,-1.8541,-13.9207,-27.2480,0,9.0e-14
1.0319147316001758,0.0,-0.0513192483678355,0.0000000000000000,-0.0622326685859633,0.0000000000000000,2.5815727773378048,3.0036411801199723,14.6915,-1.8258,-12.8657,-24.8240,0,3.6e-14
1.0316689544432198,0.0,-0.0514491331507425,0.0000000000000000,-0.0620613529825731,0.0000000000000000,2.5683784893647945,3.0036054477385439,13.6530,-1.7952,-11.8578,-22.5094,0,7.7e-14
1.0314192511827915,0.0,-0.0515745654277289,0.0000000000000000,-0.0618798782071984,0.0000000000000000,2.5549221939625575,3.0035714647695073,12.6577,-1.7622,-10.8955,-20.3055,0,6.2e-14
1.0311654628509539,0.0,-0.0516955098089910,0.0000000000000000,-0.0616879180705764,0.0000000000000000,2.5411985384940734,3.0035392676860928,11.7041,-1.7270,-9.9770,-18.2133,0,3.1e-14
1.0309074238918710,0.0,-0.0518119287942199,0.0000000000000000,-0.0614851275832593,0.0000000000000000,2.5272020638223331,3.0035088948510822,10.7908,-1.6897,-9.1011,-16.2334,0,2.7e-14
1.0306449617812494,0.0,-0.0519237826657297,0.0000000000000000,-0.0612711417496249,0.0000000000000000,2.5129272019283651,3.0034803866209079,9.9165,-1.6504,-8.2661,-14.3659,0,5.0e-14
1.0303778966118748,0.0,-0.0520310293666961,0.0000000000000000,-0.0610455742466099,0.0000000000000000,2.4983682734630195,3.0034537854580092,9.0799,-1.6091,-7.4708,-12.6107,0,3.9e-14
1.0301060406412208,0.0,-0.0521336243630954,0.0000000000000000,-0.0608080159738793,0.0000000000000000,2.4835194852286970,3.0034291360521563,8.2800,-1.5661,-6.7138,-10.9675,0,4.3e-14
1.0298291977965917,0.0,-0.0522315204877559,0.0000000000000000,-0.0605580334602297,0.0000000000000000,2.4683749275866536,3.0034064854515496,7.5155,-1.5216,-5.9940,-9.4356,0,1.3e-14
1.0295471631325539,0.0,-0.0523246677647256,0.0000000000000000,-0.0602951671088941,0.0000000000000000,2.4529285717848719,3.0033858832045945,6.7857,-1.4757,-5.3100,-8.0138,0,3.2e-14
1.0292597222346667,0.0,-0.0524130132118833,0.0000000000000000,-0.0600189292619154,0.0000000000000000,2.4371742672007173,3.0033673815133346,6.0895,-1.4288,-4.6607,-6.7010,0,4.0e-14
1.0289666505626387,0.0,-0.0524965006194491,0.0000000000000000,-0.0597288020607984,0.0000000000000000,2.4211057384917045,3.0033510353996538,5.4264,-1.3813,-4.0451,-5.4956,0,3.3e-14
1.0286677127249477,0.0,-0.0525750703016845,0.0000000000000000,-0.0594242350772439,0.0000000000000000,2.4047165826466377,3.0033369028854922,4.7957,-1.3336,-3.4620,-4.3957,0,2.8e-14
1.0283626616757560,0.0,-0.0526486588186534,0.0000000000000000,-0.0591046426837572,0.0000000000000000,2.3880002659281070,3.0033250451884501,4.1970,-1.2864,-2.9106,-3.3993,0,2.6e-14
1.0280512378234858,0.0,-0.0527171986644276,0.0000000000000000,-0.0587694011291303,0.0000000000000000,2.3709501206958192,3.0033155269343612,3.6304,-1.2406,-2.3898,-2.5039,0,2.9e-14
1.0277331680386719,0.0,-0.0527806179175129,0.0000000000000000,-0.0584178452782625,0.0000000000000000,2.3535593420984102,3.0033084163885726,3.0960,-1.1974,-1.8987,-1.7071,0,2.7e-14
1.0274081645466742,0.0,-0.0528388398485473,0.0000000000000000,-0.0580492649691030,0.0000000000000000,2.3358209846191875,3.0033037857079425,2.5949,-1.1584,-1.4364,-1.0060,0,2.9e-14
1.0270759236883706,0.0,-0.0528917824794301,0.0000000000000000,-0.0576629009315971,0.0000000000000000,2.3177279584585997,3.0033017112158054,2.1286,-1.1264,-1.0022,-0.3976,0,3.5e-14
1.0267361245290427,0.0,-0.0529393580870037,0.0000000000000000,-0.0572579402040632,0.0000000000000000,2.2992730257330023,3.0033022737024844,1.7002,-1.1050,-0.5952,0.1213,0,3.4e-14
1.0263884272920927,0.0,-0.0529814726429902,0.0000000000000000,-0.0568335109711906,0.0000000000000000,2.2804487964653322,3.0033055587542963,1.3145,-1.0998,-0.2147,0.5543,0,3.0e-14
1.0260324715900908,0.0,-0.0530180251803330,0.0000000000000000,-0.0563886767340785,0.0000000000000000,2.2612477243385292,3.0033116571144447,-1.1188,0.9788,0.1400,0.9049,0,3.9e-14
1.0256678744204135,0.0,-0.0530489070739454,0.0000000000000000,-0.0559224297064158,0.0000000000000000,2.2416621021765812,3.0033206650797082,-1.1719,0.7023,0.4696,1.1770,0,4.6e-14
1.0252942278865913,0.0,-0.0530740012213093,0.0000000000000000,-0.0554336833108418,0.0000000000000000,2.2216840571108172,3.0033326849374613,-1.2679,0.4931,0.7748,1.3747,0,3.3e-14
1.0249110965988626,0.0,-0.0530931811050448,0.0000000000000000,-0.0549212636252129,0.0000000000000000,2.2013055453800154,3.0033478254483352,-1.4093,0.3532,1.0561,1.5022,0,3.5e-14
1.0245180146981241,0.0,-0.0531063097153842,0.0000000000000000,-0.0543838995986797,0.0000000000000000,2.1805183467017102,3.0033662023807479,-1.5887,0.2746,1.3141,1.5638,0,5.8e-14
1.0241144824360850,0.0,-0.0531132383050453,0.0000000000000000,-0.0538202118208725,0.0000000000000000,2.1593140581380492,3.0033879391046492,-1.7925,0.2432,1.5493,1.5641,0,5.7e-14
1.0236999622302791,0.0,-0.0531138049419556,0.0000000000000000,-0.0532286995822231,0.0000000000000000,2.1376840873620471,3.0034131672532411,-2.0075,0.2452,1.7623,1.5078,0,5.7e-14
1.0232738740951666,0.0,-0.0531078328161070,0.0000000000000000,-0.0526077259073192,0.0000000000000000,2.1156196452080018,3.0034420274632021,-2.2235,0.2700,1.9536,1.3997,0,8.3e-14
1.0228443931770312,0.0,-0.0530954465361529,0.0000000000000000,-0.0519687331146370,0.0000000000000000,2.0935618690783095,3.0034739859881281,-2.4297,0.3094,2.1204,1.2484,0,9.1e-14
1.0224112595463530,0.0,-0.0530768266445774,0.0000000000000000,-0.0513112154492991,0.0000000000000000,2.0715105180174667,3.0035089989245551,-2.6225,0.3581,2.2644,1.0610,0,9.5e-14
1.0219742038024042,0.0,-0.0530521313732867,0.0000000000000000,-0.0506346111173653,0.0000000000000000,2.0494653410087134,3.0035470290215578,-2.8001,0.4128,2.3873,0.8441,0,1.2e-13
1.0215329451959188,0.0,-0.0530214973319281,0.0000000000000000,-0.0499382984494777,0.0000000000000000,2.0274260742890609,3.0035880454061550,-2.9619,0.4714,2.4905,0.6039,0,1.9e-14
1.0212107786630062,0.0,-0.0529956861175966,0.0000000000000000,-0.0494216335928565,0.0000000000000000,2.0114777979730873,3.0036195813708098,-3.0690,0.5153,2.5537,0.4186,0,1.1e-13
