x0,y0,z0,xd0,yd0,zd0,Tp,JC,stabilityIndex1,stabilityIndex2,alpha,beta,impactFlag,error
1.0433094531131066,0.0,0.0000000000000000,0.0000000000000000,-0.0003427154342376,0.0000000000000000,3.1242473339566494,3.0154504730502474,1853.1042,1.9482,-1855.0524,3612.1719,0,3.4e-13
1.0433094531130729,0.0,0.0000000000000000,0.0000000000000000,-0.0003427154340262,0.0000000000000000,3.1242473340331562,3.0154504730502474,1853.1042,1.9482,-1855.0524,3612.1719,0,6.0e-13
1.0434209952192004,0.0,0.0000000000000000,0.0000000000000000,-0.0010458748491711,0.0000000000000000,3.1242731716800143,3.0154497055209082,1852.9317,1.9482,-1854.8799,3611.8910,0,4.2e-13
1.0435331323790276,0.0,0.0000000000000000,0.0000000000000000,-0.0017557418338308,0.0000000000000000,3.1243259273666020,3.0154481385805139,1852.5795,1.9483,-1854.5278,3611.3176,0,6.8e-13
1.0436435676397928,0.0,-0.0000000000000000,0.0000000000000000,-0.0024577850368972,0.0000000000000000,3.1244045979042006,3.0154458024589235,1852.0545,1.9484,-1854.0029,3610.4628,0,7.1e-13
1.0437545014763547,0.0,-0.0000000000000000,0.0000000000000000,-0.0031659985636041,0.0000000000000000,3.1245108052932093,3.0154426496534681,1851.3462,1.9485,-1853.2947,3609.3094,0,2.3e-12
1.0438658836166492,0.0,0.0000000000000000,0.0000000000000000,-0.0038801551869697,0.0000000000000000,3.1246453643033454,3.0154386569053231,1850.4494,1.9486,-1852.3981,3607.8491,0,2.1e-12
1.0439776616059007,0.0,-0.0000000000000000,0.0000000000000000,-0.0046000107253844,0.0000000000000000,3.1248090714116659,3.0154338017893183,1849.3594,1.9488,-1851.3082,3606.0739,0,5.2e-13
1.0440897809248286,0.0,-0.0000000000000000,0.0000000000000000,-0.0053253042725841,0.0000000000000000,3.1250027011232975,3.0154280628437853,1848.0715,1.9490,-1850.0205,3603.9763,0,8.1e-13
1.0441999440033181,0.0,0.0000000000000000,0.0000000000000000,-0.0060411618359675,0.0000000000000000,3.1252222308646949,3.0154215609603550,1846.6132,1.9493,-1848.5625,3601.6008,0,1.7e-13
1.0443103475601971,0.0,0.0000000000000000,0.0000000000000000,-0.0067618422132879,0.0000000000000000,3.1254719519307441,3.0154141709640156,1844.9566,1.9496,-1846.9062,3598.9020,0,5.7e-13
1.0444209352260618,0.0,-0.0000000000000000,0.0000000000000000,-0.0074870567038899,0.0000000000000000,3.1257525292012320,3.0154058755404676,1843.0984,1.9499,-1845.0483,3595.8743,0,1.1e-12
1.0445316492896208,0.0,0.0000000000000000,0.0000000000000000,-0.0082165029226722,0.0000000000000000,3.1260645943760594,3.0153966587156726,1841.0353,1.9503,-1842.9856,3592.5122,0,1.6e-12
1.0446424308990105,0.0,-0.0000000000000000,0.0000000000000000,-0.0089498656393748,0.0000000000000000,3.1264087427686085,3.0153865059628120,1838.7647,1.9507,-1840.7153,3588.8111,0,9.3e-13
1.0447532202794922,0.0,0.0000000000000000,0.0000000000000000,-0.0096868177475628,0.0000000000000000,3.1267855302944945,3.0153754043022949,1836.2841,1.9511,-1838.2352,3584.7669,0,1.9e-12
1.0448617511769023,0.0,0.0000000000000000,0.0000000000000000,-0.0104122414898918,0.0000000000000000,3.1271869747229402,3.0153635921978021,1833.6474,1.9516,-1835.5989,3580.4673,0,1.9e-13
1.0449701953272230,0.0,0.0000000000000000,0.0000000000000000,-0.0111406042267827,0.0000000000000000,3.1276207938050988,3.0153508460692202,1830.8052,1.9521,-1832.7573,3575.8315,0,3.6e-13
1.0450763382157189,0.0,-0.0000000000000000,0.0000000000000000,-0.0118569795018589,0.0000000000000000,3.1280777817099983,3.0153374400208479,1827.8193,1.9526,-1829.7718,3570.9599,0,3.9e-13
1.0451823085196876,0.0,-0.0000000000000000,0.0000000000000000,-0.0125756760162340,0.0000000000000000,3.1285667161912696,3.0153231203760473,1824.6337,1.9531,-1826.5868,3565.7612,0,6.4e-13
1.0452880516663741,0.0,0.0000000000000000,0.0000000000000000,-0.0132963671992109,0.0000000000000000,3.1290879224244503,3.0153078823384480,1821.2481,1.9537,-1823.2019,3560.2346,0,1.4e-12
1.0453914141508445,0.0,-0.0000000000000000,0.0000000000000000,-0.0140043079302957,0.0000000000000000,3.1296303224843443,3.0152920539160708,1817.7362,1.9544,-1819.6905,3554.4999,0,1.2e-12
1.0454944761197729,0.0,0.0000000000000000,0.0000000000000000,-0.0147136723517379,0.0000000000000000,3.1302043286601773,3.0152753355360327,1814.0320,1.9550,-1815.9870,3548.4493,0,1.4e-12
1.0455971874868497,0.0,-0.0000000000000000,0.0000000000000000,-0.0154241446078000,0.0000000000000000,3.1308101389577314,3.0152577268300331,1810.1364,1.9557,-1812.0921,3542.0839,0,5.8e-13
1.0456994990836206,0.0,-0.0000000000000000,0.0000000000000000,-0.0161354084936815,0.0000000000000000,3.1314479089850522,3.0152392289729213,1806.0505,1.9564,-1808.0069,3535.4051,0,9.0e-14
1.0458013628555429,0.0,-0.0000000000000000,0.0000000000000000,-0.0168471487351840,0.0000000000000000,3.1321177519636021,3.0152198446691219,1801.7759,1.9572,-1803.7331,3528.4153,0,4.4e-13
1.0459027320500860,0.0,-0.0000000000000000,0.0000000000000000,-0.0175590522626522,0.0000000000000000,3.1328197390527603,3.0151995781278629,1797.3144,1.9580,-1799.2724,3521.1170,0,3.3e-13
1.0460035613948873,0.0,0.0000000000000000,0.0000000000000000,-0.0182708094654479,0.0000000000000000,3.1335538999816399,3.0151784350275044,1792.6684,1.9588,-1794.6272,3513.5137,0,4.6e-13
1.0461038072638358,0.0,-0.0000000000000000,0.0000000000000000,-0.0189821154115193,0.0000000000000000,3.1343202239896675,3.0151564224695111,1787.8405,1.9597,-1789.8002,3505.6092,0,1.0e-12
1.0462034278299654,0.0,0.0000000000000000,0.0000000000000000,-0.0196926710230999,0.0000000000000000,3.1351186610372022,3.0151335489225835,1782.8335,1.9606,-1784.7941,3497.4080,0,1.2e-12
1.0463023832029152,0.0,0.0000000000000000,0.0000000000000000,-0.0204021841906114,0.0000000000000000,3.1359491233021175,3.0151098241579111,1777.6509,1.9615,-1779.6124,3488.9149,0,1.1e-12
1.0464006355503999,0.0,0.0000000000000000,0.0000000000000000,-0.0211103708181601,0.0000000000000000,3.1368114869139219,3.0150852591763480,1772.2960,1.9625,-1774.2585,3480.1354,0,7.5e-13
1.0464981492022947,0.0,-0.0000000000000000,0.0000000000000000,-0.0218169557875787,0.0000000000000000,3.1377055939182648,3.0150598661286172,1766.7727,1.9635,-1768.7362,3471.0752,0,1.7e-12
1.0465948907373475,0.0,-0.0000000000000000,0.0000000000000000,-0.0225216738371844,0.0000000000000000,3.1386312544213109,3.0150336582295227,1761.0851,1.9646,-1763.0497,3461.7406,0,2.1e-13
1.0466908290514081,0.0,0.0000000000000000,0.0000000000000000,-0.0232242703430491,0.0000000000000000,3.1395882489122622,3.0150066496675003,1755.2375,1.9656,-1757.2031,3452.1380,0,1.1e-13
1.0467840458997297,0.0,-0.0000000000000000,0.0000000000000000,-0.0239105537401233,0.0000000000000000,3.1405563115958928,3.0149794177147249,1749.3555,1.9667,-1751.3222,3442.4738,0,4.9e-13
1.0468764569719478,0.0,0.0000000000000000,0.0000000000000000,-0.0245944822966532,0.0000000000000000,3.1415541777978726,3.0149514405325597,1743.3273,1.9678,-1745.2951,3432.5637,0,8.6e-13
1.0469680390109783,0.0,-0.0000000000000000,0.0000000000000000,-0.0252758466105548,0.0000000000000000,3.1425815874149925,3.0149227332982127,1737.1572,1.9690,-1739.1262,3422.4145,0,5.6e-13
1.0470587709706238,0.0,-0.0000000000000000,0.0000000000000000,-0.0259544488344349,0.0000000000000000,3.1436382618700920,3.0148933117585712,1730.8498,1.9701,-1732.8200,3412.0332,0,9.8e-14
1.0471486340050873,0.0,0.0000000000000000,0.0000000000000000,-0.0266301029508598,0.0000000000000000,3.1447239064979398,3.0148631921430202,1724.4098,1.9714,-1726.3811,3401.4270,0,1.3e-13
1.0472376114448949,0.0,-0.0000000000000000,0.0000000000000000,-0.0273026349565476,0.0000000000000000,3.1458382129337621,3.0148323910777575,1717.8418,1.9726,-1719.8143,3390.6033,0,1.1e-12
1.0473256887606373,0.0,0.0000000000000000,0.0000000000000000,-0.0279718829617582,0.0000000000000000,3.1469808614693586,3.0148009255022519,1711.1505,1.9739,-1713.1244,3379.5694,0,9.8e-13
1.0474128535159257,0.0,-0.0000000000000000,0.0000000000000000,-0.0286376972113071,0.0000000000000000,3.1481515233486910,3.0147688125884264,1704.3409,1.9752,-1706.3161,3368.3329,0,4.6e-13
1.0474990953098950,0.0,0.0000000000000000,0.0000000000000000,-0.0292999400258277,0.0000000000000000,3.1493498630077150,3.0147360696634729,1697.4177,1.9765,-1699.3942,3356.9011,0,1.1e-12
1.0475844057115544,0.0,-0.0000000000000000,0.0000000000000000,-0.0299584856771015,0.0000000000000000,3.1505755402133655,3.0147027141364071,1690.3857,1.9778,-1692.3635,3345.2816,0,1.7e-12
1.0476687781862843,0.0,-0.0000000000000000,0.0000000000000000,-0.0306132201964548,0.0000000000000000,3.1518282121131649,3.0146687634291247,1683.2496,1.9792,-1685.2288,3333.4818,0,2.1e-13
1.0477522080161537,0.0,-0.0000000000000000,0.0000000000000000,-0.0312640411262007,0.0000000000000000,3.1531075351718987,3.0146342349120938,1676.0143,1.9806,-1677.9949,3321.5093,0,1.7e-12
1.0478346922154880,0.0,0.0000000000000000,0.0000000000000000,-0.0319108572223275,0.0000000000000000,3.1544131669822328,3.0145991458448353,1668.6844,1.9820,-1670.6664,3309.3712,0,2.9e-13
1.0479162294421094,0.0,0.0000000000000000,0.0000000000000000,-0.0325535881096486,0.0000000000000000,3.1557447679598933,3.0145635133216104,1661.2644,1.9835,-1663.2479,3297.0748,0,1.6e-12
1.0479968199062790,0.0,0.0000000000000000,0.0000000000000000,-0.0331921639032169,0.0000000000000000,3.1571020028971746,3.0145273542219990,1653.7591,1.9849,-1655.7440,3284.6273,0,7.9e-13
1.0480764652773917,0.0,-0.0000000000000000,0.0000000000000000,-0.0338265247948114,0.0000000000000000,3.1584845423954668,3.0144906851667743,1646.1727,1.9864,-1648.1592,3272.0356,0,6.5e-13
1.0481551685903192,0.0,0.0000000000000000,0.0000000000000000,-0.0344566206182588,0.0000000000000000,3.1598920641543065,3.0144535224785831,1638.5097,1.9880,-1640.4977,3259.3066,0,1.2e-12
1.0482329341514505,0.0,-0.0000000000000000,0.0000000000000000,-0.0350824103930017,0.0000000000000000,3.1613242541367210,3.0144158821476696,1630.7744,1.9895,-1632.7639,3246.4469,0,3.7e-13
1.0483097674455732,0.0,-0.0000000000000000,0.0000000000000000,-0.0357038618544631,0.0000000000000000,3.1627808076046096,3.0143777798023033,1622.9708,1.9911,-1624.9619,3233.4632,0,2.4e-13
1.0483856750444849,0.0,-0.0000000000000000,0.0000000000000000,-0.0363209509778247,0.0000000000000000,3.1642614300241427,3.0143392306836017,1615.1030,1.9927,-1617.0957,3220.3617,0,1.5e-13
1.0484591766707780,0.0,-0.0000000000000000,0.0000000000000000,-0.0369214748255060,0.0000000000000000,3.1657355793538100,3.0143010318089623,1607.3338,1.9942,-1609.3280,3207.4134,0,1.9e-12
1.0485318187601071,0.0,0.0000000000000000,0.0000000000000000,-0.0375179025294833,0.0000000000000000,3.1672326173837702,3.0142624239310996,1599.5087,1.9958,-1601.5045,3194.3610,0,6.8e-13
1.0486036094051356,0.0,-0.0000000000000000,0.0000000000000000,-0.0381102282330519,0.0000000000000000,3.1687523097658774,3.0142234200588498,1591.6311,1.9975,-1593.6286,3181.2098,0,6.7e-13
1.0486745574080123,0.0,0.0000000000000000,0.0000000000000000,-0.0386984519792768,0.0000000000000000,3.1702944334478587,3.0141840328058458,1583.7045,1.9991,-1585.7036,3167.9651,0,7.9e-13
1.0487446722115172,0.0,0.0000000000000000,0.0000000000000000,-0.0392825793048081,0.0000000000000000,3.1718587770403608,3.0141442743834563,1575.7320,2.0007,-1577.7327,3154.6320,0,3.0e-13
1.0488139638329363,0.0,0.0000000000000000,0.0000000000000000,-0.0398626208400276,0.0000000000000000,3.1734451411134414,3.0141041565965083,1567.7167,2.0024,-1569.7191,3141.2153,0,1.1e-12
1.0488824428015924,0.0,-0.0000000000000000,0.0000000000000000,-0.0404385919235903,0.0000000000000000,3.1750533384140542,3.0140636908411373,1559.6616,2.0041,-1561.6657,3127.7198,0,4.0e-13
1.0489501200992568,0.0,-0.0000000000000000,0.0000000000000000,-0.0410105122257568,0.0000000000000000,3.1766831940263556,3.0140228881050244,1551.5697,2.0058,-1553.5755,3114.1501,0,2.1e-12
1.0490170071043621,0.0,0.0000000000000000,0.0000000000000000,-0.0415784053889725,0.0000000000000000,3.1783345454646645,3.0139817589692832,1543.4436,2.0075,-1545.4511,3100.5104,0,1.9e-13
1.0490831155392868,0.0,0.0000000000000000,0.0000000000000000,-0.0421422986804512,0.0000000000000000,3.1800072427181236,3.0139403136122156,1535.2861,2.0093,-1537.2954,3086.8051,0,7.4e-13
1.0491484574210606,0.0,-0.0000000000000000,0.0000000000000000,-0.0427022226603100,0.0000000000000000,3.1817011482463049,3.0138985618145475,1527.0997,2.0110,-1529.1108,3073.0381,0,1.0e-12
1.0492130450155983,0.0,0.0000000000000000,0.0000000000000000,-0.0432582108673996,0.0000000000000000,3.1834161369277374,3.0138565129658041,1518.8869,2.0128,-1520.8997,3059.2133,0,1.2e-13
1.0492768907948056,0.0,-0.0000000000000000,0.0000000000000000,-0.0438102995177283,0.0000000000000000,3.1851520959771253,3.0138141760720556,1510.6501,2.0146,-1512.6647,3045.3345,0,3.9e-13
1.0493400073972605,0.0,-0.0000000000000000,0.0000000000000000,-0.0443585272227011,0.0000000000000000,3.1869089248218185,3.0137715597643329,1502.3914,2.0164,-1504.4078,3031.4052,0,1.1e-12
1.0494024075916371,0.0,-0.0000000000000000,0.0000000000000000,-0.0449029347205684,0.0000000000000000,3.1886865349548379,3.0137286723080496,1494.1131,2.0182,-1496.1313,3017.4288,0,5.8e-13
1.0494641042430979,0.0,-0.0000000000000000,0.0000000000000000,-0.0454435646240510,0.0000000000000000,3.1904848497623459,3.0136855216130622,1485.8173,2.0200,-1487.8373,3003.4085,0,1.2e-13
1.0495251102827465,0.0,0.0000000000000000,0.0000000000000000,-0.0459804611857405,0.0000000000000000,3.1923038043260008,3.0136421152440733,1477.5059,2.0219,-1479.5278,2989.3476,0,5.3e-13
1.0495854386794867,0.0,0.0000000000000000,0.0000000000000000,-0.0465136700762155,0.0000000000000000,3.1941433452123502,3.0135984604316426,1469.1808,2.0237,-1471.2046,2975.2489,0,9.9e-13
1.0496451024144609,0.0,0.0000000000000000,0.0000000000000000,-0.0470432381773456,0.0000000000000000,3.1960034302470146,3.0135545640834760,1460.8439,2.0256,-1462.8695,2961.1154,0,6.0e-13
1.0497041144581336,0.0,0.0000000000000000,0.0000000000000000,-0.0475692133918667,0.0000000000000000,3.1978840282739331,3.0135104327957505,1452.4968,2.0275,-1454.5243,2946.9498,0,6.8e-13
1.0497624877493807,0.0,0.0000000000000000,0.0000000000000000,-0.0480916444645038,0.0000000000000000,3.1997851189095696,3.0134660728647455,1444.1413,2.0294,-1446.1707,2932.7546,0,4.5e-13
1.0498202351767314,0.0,-0.0000000000000000,0.0000000000000000,-0.0486105808163591,0.0000000000000000,3.2017066922904087,3.0134214902985206,1435.7789,2.0313,-1437.8102,2918.5324,0,1.1e-12
1.0498773695618666,0.0,-0.0000000000000000,0.0000000000000000,-0.0491260723942360,0.0000000000000000,3.2036487488121552,3.0133766908283763,1427.4111,2.0333,-1429.4443,2904.2855,0,7.4e-13
1.0499339036446700,0.0,0.0000000000000000,0.0000000000000000,-0.0496381695291903,0.0000000000000000,3.2056112988709593,3.0133316799204750,1419.0394,2.0352,-1421.0746,2890.0163,0,4.8e-13
1.0499898500702098,0.0,-0.0000000000000000,0.0000000000000000,-0.0501469228082028,0.0000000000000000,3.2075943626009242,3.0132864627871871,1410.6652,2.0371,-1412.7024,2875.7268,0,1.5e-12
1.0500452213771871,0.0,-0.0000000000000000,0.0000000000000000,-0.0506523829552547,0.0000000000000000,3.2095979696143551,3.0132410443983955,1402.2898,2.0391,-1404.3289,2861.4192,0,2.6e-13
1.0501000299881056,0.0,-0.0000000000000000,0.0000000000000000,-0.0511546007246778,0.0000000000000000,3.2116221587405729,3.0131954294924097,1393.9145,2.0411,-1395.9555,2847.0955,0,1.5e-12
1.0501542882005879,0.0,-0.0000000000000000,0.0000000000000000,-0.0516536268019493,0.0000000000000000,3.2136669777709685,3.0131496225868322,1385.5404,2.0431,-1387.5835,2832.7574,0,6.0e-13
1.0502080081801035,0.0,0.0000000000000000,0.0000000000000000,-0.0521495117147440,0.0000000000000000,3.2157324832060117,3.0131036279890622,1377.1687,2.0451,-1379.2138,2818.4069,0,1.3e-12
1.0502612019537614,0.0,0.0000000000000000,0.0000000000000000,-0.0526423057513537,0.0000000000000000,3.2178187400085276,3.0130574498066145,1368.8006,2.0471,-1370.8477,2804.0457,0,1.5e-12
1.0503138814053514,0.0,0.0000000000000000,0.0000000000000000,-0.0531320588888517,0.0000000000000000,3.2199258213596327,3.0130110919569737,1360.4371,2.0491,-1362.4862,2789.6753,0,2.6e-12
1.0503660582711849,0.0,0.0000000000000000,0.0000000000000000,-0.0536188207266236,0.0000000000000000,3.2220538084234955,3.0129645581773294,1352.0792,2.0511,-1354.1303,2775.2975,0,8.6e-13
1.0504177441369473,0.0,0.0000000000000000,0.0000000000000000,-0.0541026404280034,0.0000000000000000,3.2242027901166881,3.0129178520338802,1343.7279,2.0532,-1345.7811,2760.9136,0,8.5e-13
1.0504689504352531,0.0,0.0000000000000000,0.0000000000000000,-0.0545835666672426,0.0000000000000000,3.2263728628857580,3.0128709769309157,1335.3841,2.0552,-1337.4393,2746.5252,0,6.4e-14
1.0505196884441410,0.0,0.0000000000000000,0.0000000000000000,-0.0550616475841295,0.0000000000000000,3.2285641304894570,3.0128239361194087,1327.0486,2.0573,-1329.1059,2732.1336,0,2.3e-12
1.0505699692860357,0.0,-0.0000000000000000,0.0000000000000000,-0.0555369307422670,0.0000000000000000,3.2307767037907156,3.0127767327054640,1318.7225,2.0594,-1320.7819,2717.7402,0,1.2e-12
1.0506198039274399,0.0,-0.0000000000000000,0.0000000000000000,-0.0560094630935530,0.0000000000000000,3.2330107005544986,3.0127293696583237,1310.4064,2.0615,-1312.4679,2703.3461,0,6.6e-13
1.0506692031790668,0.0,-0.0000000000000000,0.0000000000000000,-0.0564792909463790,0.0000000000000000,3.2352662452544125,3.0126818498181565,1302.1012,2.0636,-1304.1648,2688.9527,0,1.3e-13
1.0507181776966446,0.0,-0.0000000000000000,0.0000000000000000,-0.0569464599397742,0.0000000000000000,3.2375434688847498,3.0126341759033628,1293.8076,2.0657,-1295.8733,2674.5610,0,1.4e-12
1.0507667379819725,0.0,0.0000000000000000,0.0000000000000000,-0.0574110150198619,0.0000000000000000,3.2398425087821998,3.0125863505177350,1285.5264,2.0678,-1287.5942,2660.1722,0,1.5e-12
1.0508148943844662,0.0,0.0000000000000000,0.0000000000000000,-0.0578730004207876,0.0000000000000000,3.2421635084540168,3.0125383761572264,1277.2582,2.0699,-1279.3281,2645.7874,0,1.2e-12
1.0508626571030428,0.0,-0.0000000000000000,0.0000000000000000,-0.0583324596490483,0.0000000000000000,3.2445066174135548,3.0124902552164206,1269.0038,2.0720,-1271.0758,2631.4077,0,1.7e-13
1.0509100361882466,0.0,-0.0000000000000000,0.0000000000000000,-0.0587894354701085,0.0000000000000000,3.2468719910240922,3.0124419899947821,1260.7637,2.0742,-1262.8379,2617.0339,0,9.7e-13
1.0509570415448040,0.0,-0.0000000000000000,0.0000000000000000,-0.0592439698994226,0.0000000000000000,3.2492597903479337,3.0123935827024630,1252.5386,2.0763,-1254.6149,2602.6670,0,1.2e-12
1.0510036829342351,0.0,0.0000000000000000,0.0000000000000000,-0.0596961041943153,0.0000000000000000,3.2516701820046419,3.0123450354660117,1244.3292,2.0785,-1246.4076,2588.3081,0,5.7e-13
1.0510499699777811,0.0,-0.0000000000000000,0.0000000000000000,-0.0601458788491810,0.0000000000000000,3.2541033380350148,3.0122963503336995,1236.1359,2.0806,-1238.2165,2573.9578,0,1.1e-13
1.0510959121594938,0.0,0.0000000000000000,0.0000000000000000,-0.0605933335926483,0.0000000000000000,3.2565594357720165,3.0122475292806206,1227.9594,2.0828,-1230.0422,2559.6172,0,7.6e-13
1.0511415188294000,0.0,-0.0000000000000000,0.0000000000000000,-0.0610385073860060,0.0000000000000000,3.2590386577190560,3.0121985742136035,1219.8001,2.0850,-1221.8852,2545.2870,0,1.3e-12
1.0511867992069597,0.0,-0.0000000000000000,0.0000000000000000,-0.0614814384249304,0.0000000000000000,3.2615411914329027,3.0121494869757148,1211.6588,2.0872,-1213.7460,2530.9680,0,9.3e-13
1.0512317623844722,0.0,-0.0000000000000000,0.0000000000000000,-0.0619221641411309,0.0000000000000000,3.2640672294146933,3.0121002693507153,1203.5357,2.0894,-1205.6251,2516.6610,0,1.1e-12
1.0512764173306333,0.0,0.0000000000000000,0.0000000000000000,-0.0623607212062873,0.0000000000000000,3.2666169690059936,3.0120509230671884,1195.4315,2.0916,-1197.5231,2502.3668,0,2.7e-13
1.0513207728941860,0.0,0.0000000000000000,0.0000000000000000,-0.0627971455370847,0.0000000000000000,3.2691906122908949,3.0120014498024865,1187.3466,2.0938,-1189.4404,2488.0859,0,5.7e-13
1.0513648378075999,0.0,-0.0000000000000000,0.0000000000000000,-0.0632314723015504,0.0000000000000000,3.2717883660035914,3.0119518511864416,1179.2815,2.0960,-1181.3775,2473.8193,0,2.9e-13
1.0514086206907478,0.0,0.0000000000000000,0.0000000000000000,-0.0636637359256812,0.0000000000000000,3.2744104414421842,3.0119021288049685,1171.2366,2.0983,-1173.3349,2459.5674,0,4.1e-13
1.0514521300547517,0.0,-0.0000000000000000,0.0000000000000000,-0.0640939701024555,0.0000000000000000,3.2770570543862005,3.0118522842033100,1163.2124,2.1005,-1165.3129,2445.3310,0,7.9e-13
1.0514953743056821,0.0,0.0000000000000000,0.0000000000000000,-0.0645222078001385,0.0000000000000000,3.2797284250207643,3.0118023188892722,1155.2093,2.1027,-1157.3120,2431.1107,0,4.8e-13
1.0515383617483665,0.0,-0.0000000000000000,0.0000000000000000,-0.0649484812720868,0.0000000000000000,3.2824247778648479,3.0117522343361949,1147.2277,2.1050,-1149.3327,2416.9072,0,4.3e-14
1.0515811005901592,0.0,0.0000000000000000,0.0000000000000000,-0.0653728220669986,0.0000000000000000,3.2851463417044058,3.0117020319857821,1139.2680,2.1072,-1141.3753,2402.7210,0,2.1e-12
1.0516235989447120,0.0,0.0000000000000000,0.0000000000000000,-0.0657952610397349,0.0000000000000000,3.2878933495300235,3.0116517132507639,1131.3307,2.1095,-1133.4402,2388.5526,0,5.7e-13
1.0516658648357353,0.0,0.0000000000000000,0.0000000000000000,-0.0662158283627092,0.0000000000000000,3.2906660384788209,3.0116012795174045,1123.4161,2.1118,-1125.5279,2374.4028,0,1.3e-13
1.0517079062006807,0.0,0.0000000000000000,0.0000000000000000,-0.0666345535370955,0.0000000000000000,3.2934646497811242,3.0115507321479251,1115.5246,2.1140,-1117.6386,2360.2720,0,1.5e-13
1.0517497308945143,0.0,0.0000000000000000,0.0000000000000000,-0.0670514654056085,0.0000000000000000,3.2962894287099664,3.0115000724826548,1107.6565,2.1163,-1109.7729,2346.1607,0,1.0e-12
1.0517913466933295,0.0,0.0000000000000000,0.0000000000000000,-0.0674665921643003,0.0000000000000000,3.2991406245356849,3.0114493018421884,1099.8123,2.1186,-1101.9309,2332.0696,0,1.0e-12
1.0518327612979883,0.0,0.0000000000000000,0.0000000000000000,-0.0678799613752287,0.0000000000000000,3.3020184904836234,3.0113984215293570,1091.9922,2.1209,-1094.1131,2317.9990,0,1.4e-12
1.0518739823377075,0.0,-0.0000000000000000,0.0000000000000000,-0.0682915999792421,0.0000000000000000,3.3049232836954725,3.0113474328310761,1084.1967,2.1232,-1086.3199,2303.9496,0,1.7e-13
1.0519150173736047,0.0,0.0000000000000000,0.0000000000000000,-0.0687015343088353,0.0000000000000000,3.3078552651941018,3.0112963370200996,1076.4260,2.1255,-1078.5515,2289.9218,0,1.1e-12
1.0519558739022017,0.0,-0.0000000000000000,0.0000000000000000,-0.0691097901013325,0.0000000000000000,3.3108146998514885,3.0112451353566301,1068.6805,2.1278,-1070.8083,2275.9160,0,1.3e-12
1.0519965593588205,0.0,0.0000000000000000,0.0000000000000000,-0.0695163925114089,0.0000000000000000,3.3138018563604597,3.0111938290899278,1060.9606,2.1301,-1063.0906,2261.9328,0,5.3e-13
1.0520370811210586,0.0,0.0000000000000000,0.0000000000000000,-0.0699213661250599,0.0000000000000000,3.3168170072082011,3.0111424194596346,1053.2664,2.1324,-1055.3988,2247.9726,0,4.2e-13
1.0520774465120775,0.0,-0.0000000000000000,0.0000000000000000,-0.0703247349721845,0.0000000000000000,3.3198604286539295,3.0110909076971932,1045.5984,2.1347,-1047.7331,2234.0358,0,6.4e-13
1.0521176628039035,0.0,-0.0000000000000000,0.0000000000000000,-0.0707265225398937,0.0000000000000000,3.3229324007086900,3.0110392950270737,1037.9569,2.1370,-1040.0939,2220.1229,0,8.3e-13
1.0521577372206643,0.0,0.0000000000000000,0.0000000000000000,-0.0711267517855875,0.0000000000000000,3.3260332071180168,3.0109875826679517,1030.3421,2.1393,-1032.4815,2206.2343,0,1.0e-12
1.0521976769417667,0.0,-0.0000000000000000,0.0000000000000000,-0.0715254451500920,0.0000000000000000,3.3291631353470570,3.0109357718337852,1022.7544,2.1416,-1024.8960,2192.3705,0,7.1e-13
1.0522374891050275,0.0,0.0000000000000000,0.0000000000000000,-0.0719226245706065,0.0000000000000000,3.3323224765682631,3.0108838637348292,1015.1940,2.1440,-1017.3380,2178.5318,0,5.0e-13
1.0522771808097320,0.0,-0.0000000000000000,0.0000000000000000,-0.0723183114936783,0.0000000000000000,3.3355115256513579,3.0108318595785759,1007.6612,2.1463,-1009.8075,2164.7186,0,1.1e-13
1.0523167591196676,0.0,-0.0000000000000000,0.0000000000000000,-0.0727125268880800,0.0000000000000000,3.3387305811555721,3.0107797605706059,1000.1564,2.1486,-1002.3050,2150.9314,0,8.8e-13
1.0523562310660364,0.0,-0.0000000000000000,0.0000000000000000,-0.0731052912571525,0.0000000000000000,3.3419799453244030,3.0107275679154490,992.6797,2.1509,-994.8306,2137.1705,0,8.7e-14
1.0523956036504247,0.0,-0.0000000000000000,0.0000000000000000,-0.0734966246520453,0.0000000000000000,3.3452599240816441,3.0106752828172345,985.2315,2.1532,-987.3847,2123.4363,0,1.6e-12
1.0524348838476072,0.0,0.0000000000000000,0.0000000000000000,-0.0738865466837594,0.0000000000000000,3.3485708270302883,3.0106229064804313,977.8119,2.1556,-979.9675,2109.7292,0,5.4e-13
1.0524740786083546,0.0,-0.0000000000000000,0.0000000000000000,-0.0742750765355624,0.0000000000000000,3.3519129674529569,3.0105704401104596,970.4214,2.1579,-972.5792,2096.0495,0,9.6e-13
1.0525131948621786,0.0,-0.0000000000000000,0.0000000000000000,-0.0746622329752059,0.0000000000000000,3.3552866623142275,3.0105178849142566,963.0600,2.1602,-965.2202,2082.3976,0,2.3e-13
1.0525522395200155,0.0,-0.0000000000000000,0.0000000000000000,-0.0750480343669866,0.0000000000000000,3.3586922322647568,3.0104652421007931,955.7282,2.1625,-957.8907,2068.7739,0,8.6e-13
1.0525912194768772,0.0,0.0000000000000000,0.0000000000000000,-0.0754324986836183,0.0000000000000000,3.3621300016471500,3.0104125128815471,948.4261,2.1648,-950.5909,2055.1786,0,1.4e-12
1.0526301416144277,0.0,-0.0000000000000000,0.0000000000000000,-0.0758156435179900,0.0000000000000000,3.3656002985034497,3.0103596984709200,941.1539,2.1671,-943.3210,2041.6122,0,6.3e-13
1.0526690128035285,0.0,0.0000000000000000,0.0000000000000000,-0.0761974860946993,0.0000000000000000,3.3691034545842724,3.0103068000866244,933.9120,2.1694,-936.0814,2028.0748,0,1.8e-13
1.0527078399067431,0.0,-0.0000000000000000,0.0000000000000000,-0.0765780432816242,0.0000000000000000,3.3726398053593192,3.0102538189499972,926.7004,2.1718,-928.8722,2014.5669,0,1.6e-13
1.0527466297807291,0.0,0.0000000000000000,0.0000000000000000,-0.0769573316007017,0.0000000000000000,3.3762096900298482,3.0102007562863582,919.5196,2.1741,-921.6937,2001.0888,0,2.9e-13
1.0527853892787089,0.0,0.0000000000000000,0.0000000000000000,-0.0773353672396861,0.0000000000000000,3.3798134515417138,3.0101476133251808,912.3696,2.1764,-914.5460,1987.6408,0,9.5e-13
1.0528241252527724,0.0,-0.0000000000000000,0.0000000000000000,-0.0777121660626075,0.0000000000000000,3.3834514366006236,3.0100943913003722,905.2508,2.1786,-907.4295,1974.2231,0,8.4e-13
1.0528628445561972,0.0,0.0000000000000000,0.0000000000000000,-0.0780877436206329,0.0000000000000000,3.3871239956883090,3.0100410914504483,898.1633,2.1809,-900.3442,1960.8361,0,4.7e-13
1.0529015540457194,0.0,0.0000000000000000,0.0000000000000000,-0.0784621151626463,0.0000000000000000,3.3908314830800608,3.0099877150186880,891.1073,2.1832,-893.2906,1947.4801,0,1.1e-12
1.0529402605837450,0.0,0.0000000000000000,0.0000000000000000,-0.0788352956456677,0.0000000000000000,3.3945742568635078,3.0099342632532582,884.0831,2.1855,-886.2686,1934.1552,0,5.6e-13
1.0529789710405479,0.0,-0.0000000000000000,0.0000000000000000,-0.0792072997451104,0.0000000000000000,3.3983526789585903,3.0098807374073080,877.0909,2.1878,-879.2787,1920.8619,0,5.3e-13
1.0530176922964041,0.0,-0.0000000000000000,0.0000000000000000,-0.0795781418648478,0.0000000000000000,3.4021671151387216,3.0098271387390358,870.1308,2.1900,-872.3208,1907.6003,0,8.1e-14
1.0530564312437032,0.0,-0.0000000000000000,0.0000000000000000,-0.0799478361471583,0.0000000000000000,3.4060179350530420,3.0097734685117281,863.2031,2.1923,-865.3954,1894.3707,0,6.5e-13
1.0530951947890133,0.0,0.0000000000000000,0.0000000000000000,-0.0803163964824929,0.0000000000000000,3.4099055122497837,3.0097197279937724,856.3079,2.1945,-858.5024,1881.1734,0,1.2e-13
1.0531339898551222,0.0,-0.0000000000000000,0.0000000000000000,-0.0806838365190583,0.0000000000000000,3.4138302242007108,3.0096659184586536,849.4455,2.1967,-851.6422,1868.0085,0,1.6e-14
1.0531728233830304,0.0,0.0000000000000000,0.0000000000000000,-0.0810501696723027,0.0000000000000000,3.4177924523265482,3.0096120411849112,842.6159,2.1990,-844.8149,1854.8764,0,4.7e-13
1.0532117023339325,0.0,-0.0000000000000000,0.0000000000000000,-0.0814154091342588,0.0000000000000000,3.4217925820234041,3.0095580974560852,835.8195,2.2012,-838.0207,1841.7772,0,1.4e-12
1.0532506336911074,0.0,0.0000000000000000,0.0000000000000000,-0.0817795678824114,0.0000000000000000,3.4258310026903849,3.0095040885606736,829.0563,2.2034,-831.2597,1828.7112,0,1.6e-13
1.0532896244618921,0.0,-0.0000000000000000,0.0000000000000000,-0.0821426586891657,0.0000000000000000,3.4299081077576532,3.0094500157919755,822.3266,2.2055,-824.5322,1815.6786,0,9.5e-13
1.0533286816795044,0.0,0.0000000000000000,0.0000000000000000,-0.0825046941303776,0.0000000000000000,3.4340242947159387,3.0093958804480190,815.6305,2.2077,-817.8383,1802.6796,0,3.7e-13
1.0533678124049106,0.0,0.0000000000000000,0.0000000000000000,-0.0828656865941578,0.0000000000000000,3.4381799651466669,3.0093416838314213,808.9682,2.2099,-811.1781,1789.7144,0,7.3e-13
1.0534070237286395,0.0,-0.0000000000000000,0.0000000000000000,-0.0832256482894557,0.0000000000000000,3.4423755247530261,3.0092874272492347,802.3399,2.2120,-804.5519,1776.7831,0,7.8e-14
1.0534463227725757,0.0,0.0000000000000000,0.0000000000000000,-0.0835845912544967,0.0000000000000000,3.4466113833918879,3.0092331120127809,795.7456,2.2141,-797.9597,1763.8860,0,6.9e-13
1.0534857166917344,0.0,0.0000000000000000,0.0000000000000000,-0.0839425273650909,0.0000000000000000,3.4508879551065732,3.0091787394374743,789.1855,2.2162,-791.4018,1751.0232,0,5.7e-13
1.0535252126760004,0.0,0.0000000000000000,0.0000000000000000,-0.0842994683428365,0.0000000000000000,3.4552056581604114,3.0091243108426187,782.6599,2.2183,-784.8782,1738.1948,0,3.3e-14
1.0535648179518591,0.0,-0.0000000000000000,0.0000000000000000,-0.0846554257631646,0.0000000000000000,3.4595649150711290,3.0090698275512007,776.1687,2.2204,-778.3891,1725.4012,0,1.1e-12
1.0536045397840930,0.0,0.0000000000000000,0.0000000000000000,-0.0850104110632756,0.0000000000000000,3.4639661526460084,3.0090152908896686,769.7123,2.2224,-771.9347,1712.6423,0,6.6e-13
1.0536443854774664,0.0,0.0000000000000000,0.0000000000000000,-0.0853644355499689,0.0000000000000000,3.4684098020178178,3.0089607021876894,763.2906,2.2245,-765.5151,1699.9183,0,5.3e-13
1.0536843623783880,0.0,-0.0000000000000000,0.0000000000000000,-0.0857175104073471,0.0000000000000000,3.4728962986814955,3.0089060627779047,756.9039,2.2265,-759.1303,1687.2294,0,4.7e-13
1.0537244778765587,0.0,0.0000000000000000,0.0000000000000000,-0.0860696467044074,0.0000000000000000,3.4774260825315828,3.0088513739956704,750.5522,2.2285,-752.7806,1674.5757,0,3.5e-14
1.0537647394065981,0.0,-0.0000000000000000,0.0000000000000000,-0.0864208554025362,0.0000000000000000,3.4819995979003791,3.0087966371787815,744.2357,2.2304,-746.4661,1661.9573,0,3.8e-13
1.0538051544496567,0.0,0.0000000000000000,0.0000000000000000,-0.0867711473628778,0.0000000000000000,3.4866172935968285,3.0087418536671966,737.9544,2.2324,-740.1868,1649.3743,0,3.3e-13
1.0538457305350304,0.0,-0.0000000000000000,0.0000000000000000,-0.0871205333536916,0.0000000000000000,3.4912796229460636,3.0086870248027315,731.7086,2.2343,-733.9429,1636.8268,0,5.1e-13
1.0538864752417032,0.0,-0.0000000000000000,0.0000000000000000,-0.0874690240572665,0.0000000000000000,3.4959870438298495,3.0086321519288024,725.4983,2.2361,-727.7345,1624.3149,0,6.6e-13
1.0539273961999787,0.0,-0.0000000000000000,0.0000000000000000,-0.0878166300774409,0.0000000000000000,3.5007400187273081,3.0085772363900465,719.3236,2.2380,-721.5616,1611.8387,0,7.0e-13
1.0539685010930029,0.0,-0.0000000000000000,0.0000000000000000,-0.0881633619462974,0.0000000000000000,3.5055390147567556,3.0085222795320550,713.1846,2.2398,-715.4244,1599.3982,0,2.6e-13
1.0540097976583285,0.0,0.0000000000000000,0.0000000000000000,-0.0885092301311607,0.0000000000000000,3.5103845037179808,3.0084672827010297,707.0814,2.2416,-709.3230,1586.9936,0,1.8e-13
1.0540512936894564,0.0,-0.0000000000000000,0.0000000000000000,-0.0888542450414302,0.0000000000000000,3.5152769621352440,3.0084122472434474,701.0142,2.2434,-703.2575,1574.6248,0,2.7e-13
1.0540929970373696,0.0,0.0000000000000000,0.0000000000000000,-0.0891984170353319,0.0000000000000000,3.5202168713009305,3.0083571745057216,694.9828,2.2451,-697.2279,1562.2919,0,2.5e-13
1.0541349156120652,0.0,-0.0000000000000000,0.0000000000000000,-0.0895417564265951,0.0000000000000000,3.5252047173198631,3.0083020658338482,688.9876,2.2468,-691.2344,1549.9949,0,1.8e-13
1.0541770573840732,0.0,-0.0000000000000000,0.0000000000000000,-0.0898842734910459,0.0000000000000000,3.5302409911542663,3.0082469225730550,683.0285,2.2484,-685.2769,1537.7339,0,4.1e-13
1.0542194303859742,0.0,0.0000000000000000,0.0000000000000000,-0.0902259784731354,0.0000000000000000,3.5353261886693730,3.0081917460674368,677.1056,2.2500,-679.3556,1525.5089,0,7.3e-13
1.0542620427139160,0.0,-0.0000000000000000,0.0000000000000000,-0.0905668815924420,0.0000000000000000,3.5404608106796505,3.0081365376595812,671.2189,2.2516,-673.4705,1513.3199,0,5.8e-13
1.0543049025291278,0.0,0.0000000000000000,0.0000000000000000,-0.0909069930500266,0.0000000000000000,3.5456453629957099,3.0080812986902039,665.3686,2.2531,-667.6218,1501.1669,0,5.2e-13
1.0543480180594182,0.0,0.0000000000000000,0.0000000000000000,-0.0912463230348032,0.0000000000000000,3.5508803564718043,3.0080260304977608,659.5547,2.2546,-661.8093,1489.0499,0,3.0e-13
1.0543913976007022,0.0,-0.0000000000000000,0.0000000000000000,-0.0915848817298263,0.0000000000000000,3.5561663070539802,3.0079707344180653,653.7773,2.2561,-656.0333,1476.9688,0,8.2e-14
1.0544350495184933,0.0,-0.0000000000000000,0.0000000000000000,-0.0919226793185123,0.0000000000000000,3.5615037358288575,3.0079154117838982,648.0363,2.2575,-650.2938,1464.9237,0,9.4e-13
1.0544789822494314,0.0,-0.0000000000000000,0.0000000000000000,-0.0922597259908345,0.0000000000000000,3.5668931690730292,3.0078600639246114,642.3319,2.2588,-644.5907,1452.9145,0,4.4e-13
1.0545232043027877,0.0,-0.0000000000000000,0.0000000000000000,-0.0925960319494573,0.0000000000000000,3.5723351383030915,3.0078046921657267,636.6641,2.2601,-638.9242,1440.9411,0,4.2e-13
1.0545677242619846,0.0,0.0000000000000000,0.0000000000000000,-0.0929316074158350,0.0000000000000000,3.5778301803262975,3.0077492978285316,631.0328,2.2614,-633.2942,1429.0034,0,2.3e-13
1.0546125507861279,0.0,-0.0000000000000000,0.0000000000000000,-0.0932664626362613,0.0000000000000000,3.5833788372918396,3.0076938822296726,625.4383,2.2626,-627.7009,1417.1015,0,1.5e-13
1.0546576926115319,0.0,0.0000000000000000,0.0000000000000000,-0.0936006078879541,0.0000000000000000,3.5889816567427180,3.0076384466807289,619.8804,2.2637,-622.1441,1405.2352,0,2.4e-13
1.0547031585532332,0.0,0.0000000000000000,0.0000000000000000,-0.0939340534847814,0.0000000000000000,3.5946391916684011,3.0075829924878383,614.3592,2.2648,-616.6240,1393.4045,0,4.0e-13
1.0547489575065851,0.0,0.0000000000000000,0.0000000000000000,-0.0942668097836163,0.0000000000000000,3.6003520005577778,3.0075275209512133,608.8748,2.2658,-611.1406,1381.6092,0,1.7e-13
1.0547950984487811,0.0,0.0000000000000000,0.0000000000000000,-0.0945988871899860,0.0000000000000000,3.6061206474530758,3.0074720333647584,603.4271,2.2668,-605.6939,1369.8492,0,4.1e-13
1.0548415904404185,0.0,-0.0000000000000000,0.0000000000000000,-0.0949302961640562,0.0000000000000000,3.6119457020042289,3.0074165310156293,598.0161,2.2677,-600.2838,1358.1245,0,2.1e-13
1.0548884426270957,0.0,0.0000000000000000,0.0000000000000000,-0.0952610472265007,0.0000000000000000,3.6178277395239209,3.0073610151838102,592.6418,2.2685,-594.9104,1346.4348,0,1.4e-13
1.0549356642409864,0.0,-0.0000000000000000,0.0000000000000000,-0.0955911509643855,0.0000000000000000,3.6237673410432425,3.0073054871416671,587.3044,2.2693,-589.5737,1334.7800,0,2.3e-13
1.0549832646024551,0.0,-0.0000000000000000,0.0000000000000000,-0.0959206180370040,0.0000000000000000,3.6297650933679999,3.0072499481535195,582.0036,2.2700,-584.2737,1323.1601,0,2.9e-13
1.0550312531216741,0.0,0.0000000000000000,0.0000000000000000,-0.0962494591817234,0.0000000000000000,3.6358215891356473,3.0071943994751944,576.7397,2.2707,-579.0103,1311.5748,0,5.1e-13
1.0550796393002677,0.0,0.0000000000000000,0.0000000000000000,-0.0965776852198256,0.0000000000000000,3.6419374268728588,3.0071388423535845,571.5124,2.2712,-573.7836,1300.0239,0,3.3e-13
1.0551284327329622,0.0,-0.0000000000000000,0.0000000000000000,-0.0969053070623286,0.0000000000000000,3.6481132110537433,3.0070832780261991,566.3218,2.2717,-568.5935,1288.5073,0,2.0e-13
1.0551776431092645,0.0,-0.0000000000000000,0.0000000000000000,-0.0972323357158207,0.0000000000000000,3.6543495521587053,3.0070277077207175,561.1680,2.2721,-563.4401,1277.0248,0,5.5e-13
1.0552272802151632,0.0,0.0000000000000000,0.0000000000000000,-0.0975587822882835,0.0000000000000000,3.6606470667339495,3.0069721326545324,556.0508,2.2724,-558.3232,1265.5762,0,7.4e-14
1.0552773539348410,0.0,0.0000000000000000,0.0000000000000000,-0.0978846579949371,0.0000000000000000,3.6670063774516417,3.0069165540342988,550.9702,2.2726,-553.2429,1254.1612,0,4.6e-13
1.0553278742524237,0.0,-0.0000000000000000,0.0000000000000000,-0.0982099741640700,0.0000000000000000,3.6734281131707247,3.0068609730554718,545.9263,2.2728,-548.1991,1242.7797,0,4.4e-14
1.0553788512537425,0.0,-0.0000000000000000,0.0000000000000000,-0.0985347422429195,0.0000000000000000,3.6799129089983853,3.0068053909018468,540.9189,2.2729,-543.1918,1231.4314,0,6.3e-13
1.0554302951281318,0.0,-0.0000000000000000,0.0000000000000000,-0.0988589738035221,0.0000000000000000,3.6864614063522008,3.0067498087450981,535.9481,2.2728,-538.2209,1220.1160,0,1.9e-13
1.0554822161702528,0.0,-0.0000000000000000,0.0000000000000000,-0.0991826805486079,0.0000000000000000,3.6930742530229455,3.0066942277443109,531.0137,2.2727,-533.2864,1208.8334,0,1.4e-13
1.0555346247819399,0.0,0.0000000000000000,0.0000000000000000,-0.0995058743175355,0.0000000000000000,3.6997521032380649,3.0066386490455081,526.1158,2.2725,-528.3883,1197.5832,0,5.8e-13
1.0555875314740892,0.0,0.0000000000000000,0.0000000000000000,-0.0998285670922036,0.0000000000000000,3.7064956177258459,3.0065830737811856,521.2543,2.2721,-523.5264,1186.3652,0,8.4e-13
1.0556409468685697,0.0,-0.0000000000000000,0.0000000000000000,-0.1001507710030298,0.0000000000000000,3.7133054637802592,3.0065275030698335,516.4291,2.2717,-518.7008,1175.1790,0,2.0e-13
1.0556948817001732,0.0,0.0000000000000000,0.0000000000000000,-0.1004724983349736,0.0000000000000000,3.7201823153264848,3.0064719380154536,511.6402,2.2712,-513.9113,1164.0245,0,3.6e-13
1.0557493468186028,0.0,0.0000000000000000,0.0000000000000000,-0.1007937615335412,0.0000000000000000,3.7271268529871562,3.0064163797070904,506.8874,2.2705,-509.1580,1152.9012,0,1.2e-13
1.0558043531904910,0.0,0.0000000000000000,0.0000000000000000,-0.1011145732108822,0.0000000000000000,3.7341397641492859,3.0063608292183375,502.1709,2.2698,-504.4406,1141.8089,0,3.1e-13
1.0558599119014678,0.0,-0.0000000000000000,0.0000000000000000,-0.1014349461519196,0.0000000000000000,3.7412217430318990,3.0063052876068559,497.4903,2.2689,-499.7592,1130.7472,0,9.5e-14
1.0559160341582574,0.0,0.0000000000000000,0.0000000000000000,-0.1017548933205025,0.0000000000000000,3.7483734907543980,3.0062497559138817,492.8458,2.2679,-495.1137,1119.7159,0,3.0e-13
1.0559727312908349,0.0,0.0000000000000000,0.0000000000000000,-0.1020744278656470,0.0000000000000000,3.7555957154056245,3.0061942351637354,488.2372,2.2668,-490.5039,1108.7144,0,5.2e-14
1.0560300147546058,0.0,0.0000000000000000,0.0000000000000000,-0.1023935631277995,0.0000000000000000,3.7628891321136679,3.0061387263633255,483.6644,2.2655,-485.9299,1097.7426,0,2.2e-13
1.0560878961326514,0.0,-0.0000000000000000,0.0000000000000000,-0.1027123126451883,0.0000000000000000,3.7702544631163941,3.0060832305016447,479.1274,2.2641,-481.3915,1086.8000,0,4.7e-13
1.0561463871380292,0.0,-0.0000000000000000,0.0000000000000000,-0.1030306901602612,0.0000000000000000,3.7776924378327021,3.0060277485492666,474.6260,2.2626,-476.8886,1075.8862,0,1.5e-13
1.0562054996160681,0.0,-0.0000000000000000,0.0000000000000000,-0.1033487096259707,0.0000000000000000,3.7852037929346269,3.0059722814578640,470.1602,2.2609,-472.4211,1065.0008,0,2.5e-13
1.0562652455468189,0.0,0.0000000000000000,0.0000000000000000,-0.1036663852126055,0.0000000000000000,3.7927892724199950,3.0059168301596517,465.7299,2.2591,-467.9890,1054.1435,0,1.7e-13
1.0563256370474645,0.0,-0.0000000000000000,0.0000000000000000,-0.1039837313142165,0.0000000000000000,3.8004496276860440,3.0058613955669049,461.3349,2.2572,-463.5921,1043.3139,0,2.6e-13
1.0563866863748343,0.0,-0.0000000000000000,0.0000000000000000,-0.1043007625553510,0.0000000000000000,3.8081856176037210,3.0058059785714315,456.9752,2.2551,-459.2303,1032.5115,0,1.2e-13
1.0564484059279722,0.0,-0.0000000000000000,0.0000000000000000,-0.1046174937978571,0.0000000000000000,3.8159980085927629,3.0057505800440509,452.6507,2.2528,-454.9035,1021.7358,0,6.8e-13
1.0565108082507553,0.0,0.0000000000000000,0.0000000000000000,-0.1049339401477339,0.0000000000000000,3.8238875746975816,3.0056952008340621,448.3613,2.2504,-450.6117,1010.9865,0,1.4e-13
1.0565739060346195,0.0,0.0000000000000000,0.0000000000000000,-0.1052501169621996,0.0000000000000000,3.8318550976638939,3.0056398417687027,444.1068,2.2478,-446.3546,1000.2631,0,3.8e-13
1.0566377121212636,0.0,0.0000000000000000,0.0000000000000000,-0.1055660398565527,0.0000000000000000,3.8399013670162812,3.0055845036526416,439.8871,2.2450,-442.1321,989.5651,0,1.3e-13
1.0567022395055374,0.0,0.0000000000000000,0.0000000000000000,-0.1058817247115759,0.0000000000000000,3.8480271801363797,3.0055291872673999,435.7022,2.2421,-437.9443,978.8921,0,3.8e-13
1.0567675013383195,0.0,0.0000000000000000,0.0000000000000000,-0.1061971876807003,0.0000000000000000,3.8562333423420339,3.0054738933708181,431.5518,2.2390,-433.7908,968.2436,0,2.1e-13
1.0568335109295022,0.0,-0.0000000000000000,0.0000000000000000,-0.1065124451974362,0.0000000000000000,3.8645206669672194,3.0054186226965012,427.4359,2.2357,-429.6716,957.6191,0,6.1e-13
1.0569002817510578,0.0,0.0000000000000000,0.0000000000000000,-0.1068275139828934,0.0000000000000000,3.8728899754428125,3.0053633759532574,423.3544,2.2322,-425.5867,947.0181,0,1.1e-13
1.0569678274401784,0.0,-0.0000000000000000,0.0000000000000000,-0.1071424110534463,0.0000000000000000,3.8813420973782042,3.0053081538245285,419.3072,2.2285,-421.5357,936.4400,0,2.7e-13
1.0570361618025086,0.0,-0.0000000000000000,0.0000000000000000,-0.1074571537285014,0.0000000000000000,3.8898778706437822,3.0052529569678157,415.2940,2.2247,-417.5186,925.8845,0,5.7e-14
1.0571052988154597,0.0,0.0000000000000000,0.0000000000000000,-0.1077717596384357,0.0000000000000000,3.8984981414542621,3.0051977860140977,411.3148,2.2206,-413.5354,915.3508,0,1.6e-13
1.0571752526316214,0.0,0.0000000000000000,0.0000000000000000,-0.1080862467326517,0.0000000000000000,3.9072037644529098,3.0051426415672444,407.3694,2.2163,-409.5857,904.8386,0,4.2e-13
1.0572446204290922,0.0,0.0000000000000000,0.0000000000000000,-0.1083943763803109,0.0000000000000000,3.9158197573594737,3.0050886210300565,403.5353,2.2118,-405.7471,894.5559,0,1.7e-13
1.0573148141837982,0.0,-0.0000000000000000,0.0000000000000000,-0.1087024877032895,0.0000000000000000,3.9245211118608330,3.0050346163809865,399.7326,2.2072,-401.9398,884.2907,0,3.7e-13
1.0573858480882696,0.0,0.0000000000000000,0.0000000000000000,-0.1090105979296353,0.0000000000000000,3.9333086902694201,3.0049806282268134,395.9614,2.2023,-398.1637,874.0425,0,7.6e-14
1.0574577365217050,0.0,-0.0000000000000000,0.0000000000000000,-0.1093187246399200,0.0000000000000000,3.9421833635048515,3.0049266571464699,392.2214,2.1973,-394.4187,863.8107,0,5.1e-13
1.0575304940536898,0.0,0.0000000000000000,0.0000000000000000,-0.1096268857755773,0.0000000000000000,3.9511460111807111,3.0048727036904199,388.5126,2.1919,-390.7045,853.5950,0,8.7e-13
1.0576041354480026,0.0,-0.0000000000000000,0.0000000000000000,-0.1099350996474186,0.0000000000000000,3.9601975216922525,3.0048187683800105,384.8348,2.1864,-387.0212,843.3946,0,1.1e-13
1.0576786756665442,0.0,-0.0000000000000000,0.0000000000000000,-0.1102433849442780,0.0000000000000000,3.9693387923050460,3.0047648517068444,381.1880,2.1806,-383.3686,833.2092,0,1.4e-13
1.0577541298733948,0.0,0.0000000000000000,0.0000000000000000,-0.1105517607419587,0.0000000000000000,3.9785707292445358,3.0047109541321069,377.5721,2.1745,-379.7466,823.0382,0,4.9e-14
1.0578305134389789,0.0,-0.0000000000000000,0.0000000000000000,-0.1108602465122950,0.0000000000000000,3.9878942477865706,3.0046570760859055,373.9868,2.1682,-376.1550,812.8810,0,5.2e-14
1.0579078419443655,0.0,0.0000000000000000,0.0000000000000000,-0.1111688621324844,0.0000000000000000,3.9973102723488805,3.0046032179665865,370.4321,2.1616,-372.5937,802.7370,0,1.2e-13
1.0579861311857093,0.0,-0.0000000000000000,0.0000000000000000,-0.1114776278946112,0.0000000000000000,4.0068197365835374,3.0045493801400434,366.9079,2.1548,-369.0626,792.6057,0,3.7e-13
1.0580653971788068,0.0,-0.0000000000000000,0.0000000000000000,-0.1117865645154036,0.0000000000000000,4.0164235834703934,3.0044955629390109,363.4140,2.1477,-365.5616,782.4866,0,1.9e-13
1.0581456561638245,0.0,-0.0000000000000000,0.0000000000000000,-0.1120956931462630,0.0000000000000000,4.0261227654115110,3.0044417666623442,359.9503,2.1402,-362.0905,772.3789,0,1.4e-13
1.0582252970737698,0.0,0.0000000000000000,0.0000000000000000,-0.1123988759507929,0.0000000000000000,4.0357223276914613,3.0043890617158753,356.5848,2.1327,-358.7174,762.4831,0,1.9e-13
1.0583043243889134,0.0,0.0000000000000000,0.0000000000000000,-0.1126963013398600,0.0000000000000000,4.0452233218390319,3.0043374156963245,353.3135,2.1250,-355.4385,752.7920,0,1.7e-13
1.0583843449261494,0.0,0.0000000000000000,0.0000000000000000,-0.1129940795246096,0.0000000000000000,4.0548187004494736,3.0042857695576157,350.0685,2.1170,-352.1856,743.1061,0,4.6e-13
1.0584653747709614,0.0,0.0000000000000000,0.0000000000000000,-0.1132922301188251,0.0000000000000000,4.0645094144707770,3.0042341236473313,346.8498,2.1088,-348.9585,733.4250,0,5.8e-13
1.0585474302465729,0.0,0.0000000000000000,0.0000000000000000,-0.1135907732055428,0.0000000000000000,4.0742964243786757,3.0041824782793904,343.6571,2.1002,-345.7573,723.7481,0,7.6e-14
1.0586305279190624,0.0,0.0000000000000000,0.0000000000000000,-0.1138897293475266,0.0000000000000000,4.0841807002730004,3.0041308337332637,340.4906,2.0913,-342.5819,714.0750,0,6.0e-14
1.0587146846026070,0.0,-0.0000000000000000,0.0000000000000000,-0.1141891195979763,0.0000000000000000,4.0941632219750748,3.0040791902531718,337.3500,2.0821,-339.4321,704.4050,0,2.2e-13
1.0587999173649369,0.0,-0.0000000000000000,0.0000000000000000,-0.1144889655116181,0.0000000000000000,4.1042449791261468,3.0040275480472567,334.2353,2.0726,-336.3079,694.7378,0,1.7e-13
1.0588862435329318,0.0,0.0000000000000000,0.0000000000000000,-0.1147892891559818,0.0000000000000000,4.1144269712868962,3.0039759072867538,331.1465,2.0628,-333.2092,685.0726,0,4.3e-13
1.0589719294072519,0.0,0.0000000000000000,0.0000000000000000,-0.1150841205265557,0.0000000000000000,4.1245045375047544,3.0039252959098603,328.1441,2.0528,-330.1969,675.6014,0,1.7e-13
1.0590587165207270,0.0,-0.0000000000000000,0.0000000000000000,-0.1153795125432689,0.0000000000000000,4.1346823338189616,3.0038746761621593,325.1658,2.0424,-327.2082,666.1294,0,1.6e-13
1.0591466224341752,0.0,-0.0000000000000000,0.0000000000000000,-0.1156754872434495,0.0000000000000000,4.1449613691724787,3.0038240481927252,322.2115,2.0318,-324.2432,656.6559,0,2.4e-13
1.0592356649836665,0.0,-0.0000000000000000,0.0000000000000000,-0.1159720672102846,0.0000000000000000,4.1553426626332515,3.0037734121124346,319.2811,2.0207,-321.3018,647.1806,0,3.0e-13
1.0593258622867958,0.0,0.0000000000000000,0.0000000000000000,-0.1162692755852764,0.0000000000000000,4.1658272434969579,3.0037227679930392,316.3746,2.0093,-318.3839,637.7029,0,9.9e-14
1.0594172327491709,0.0,-0.0000000000000000,0.0000000000000000,-0.1165671360810874,0.0000000000000000,4.1764161513908684,3.0036721158662081,313.4919,1.9976,-315.4895,628.2222,0,1.1e-13
1.0595097950710954,0.0,0.0000000000000000,0.0000000000000000,-0.1168656729946496,0.0000000000000000,4.1871104363788589,3.0036214557225627,310.6330,1.9854,-312.6184,618.7381,0,1.0e-13
1.0596035682545100,0.0,0.0000000000000000,0.0000000000000000,-0.1171649112207834,0.0000000000000000,4.1979111590675435,3.0035707875106743,307.7977,1.9729,-309.7706,609.2500,0,3.9e-13
1.0596985716101084,0.0,-0.0000000000000000,0.0000000000000000,-0.1174648762660128,0.0000000000000000,4.2088193907136375,3.0035201111360630,304.9861,1.9599,-306.9461,599.7573,0,5.2e-14
1.0597948247648536,0.0,-0.0000000000000000,0.0000000000000000,-0.1177655942633131,0.0000000000000000,4.2198362133323242,3.0034694264600863,302.1980,1.9466,-304.1446,590.2595,0,1.6e-13
1.0598923476695090,0.0,-0.0000000000000000,0.0000000000000000,-0.1180670919864905,0.0000000000000000,4.2309627198070903,3.0034187332989331,299.4335,1.9328,-301.3663,580.7560,0,1.8e-13
1.0599911606066803,0.0,-0.0000000000000000,0.0000000000000000,-0.1183693968658526,0.0000000000000000,4.2422000140004918,3.0033680314224505,296.6923,1.9186,-298.6109,571.2464,0,6.5e-13
1.0600892784604261,0.0,-0.0000000000000000,0.0000000000000000,-0.1186664950913528,0.0000000000000000,4.2533222222448090,3.0033183299718424,294.0284,1.9043,-295.9327,561.9193,0,1.3e-13
1.0601886947759500,0.0,0.0000000000000000,0.0000000000000000,-0.1189644815687820,0.0000000000000000,4.2645552077833599,3.0032686097757311,291.3863,1.8895,-293.2758,552.5834,0,2.4e-13
1.0602894302072634,0.0,0.0000000000000000,0.0000000000000000,-0.1192633840015830,0.0000000000000000,4.2759000849818989,3.0032188705691225,288.7659,1.8743,-290.6403,543.2380,0,2.5e-13
1.0603894608905069,0.0,0.0000000000000000,0.0000000000000000,-0.1195572533851103,0.0000000000000000,4.2871288172364848,3.0031701025997433,286.2189,1.8590,-288.0779,534.0689,0,4.4e-13
1.0604908191047613,0.0,-0.0000000000000000,0.0000000000000000,-0.1198521155208946,0.0000000000000000,4.2984694288293284,3.0031213061076709,283.6922,1.8432,-285.5353,524.8879,0,2.3e-13
1.0605935259078625,0.0,-0.0000000000000000,0.0000000000000000,-0.1201479985137078,0.0000000000000000,4.3099230447875438,3.0030724807846716,281.1858,1.8269,-283.0127,515.6944,0,3.7e-13
1.0606976027262203,0.0,0.0000000000000000,0.0000000000000000,-0.1204449311929647,0.0000000000000000,4.3214908014628568,3.0030236262731256,278.6997,1.8101,-280.5099,506.4880,0,1.8e-13
1.0608009584576208,0.0,0.0000000000000000,0.0000000000000000,-0.1207370009461278,0.0000000000000000,4.3329401818914315,3.0029757154183399,276.2828,1.7933,-278.0760,497.4518,0,3.8e-13
1.0608995238013128,0.0,-0.0000000000000000,0.0000000000000000,-0.1210130002955044,0.0000000000000000,4.3438236517043949,3.0029305740232526,274.0246,1.7770,-275.8016,488.9306,0,4.8e-13
1.0609973871745126,0.0,-0.0000000000000000,0.0000000000000000,-0.1212846521103481,0.0000000000000000,4.3545957932134964,3.0028862723776024,271.8265,1.7605,-273.5870,480.5607,0,3.4e-13
1.0610965365482758,0.0,0.0000000000000000,0.0000000000000000,-0.1215575162624381,0.0000000000000000,4.3654753532189874,3.0028419036553156,269.6428,1.7437,-271.3865,472.1707,0,1.2e-13
1.0611969918913247,0.0,0.0000000000000000,0.0000000000000000,-0.1218316176097276,0.0000000000000000,4.3764634103155045,3.0027974676646627,267.4736,1.7264,-269.2000,463.7602,0,2.1e-13
1.0612987735296713,0.0,0.0000000000000000,0.0000000000000000,-0.1221069816960134,0.0000000000000000,4.3875610539733261,3.0027529641711492,265.3191,1.7086,-267.0277,455.3288,0,3.1e-13
1.0614019021555166,0.0,0.0000000000000000,0.0000000000000000,-0.1223836347680931,0.0000000000000000,4.3987693846496390,3.0027083928961988,263.1791,1.6904,-264.8695,446.8761,0,3.8e-13
1.0615063988363749,0.0,-0.0000000000000000,0.0000000000000000,-0.1226616037932540,0.0000000000000000,4.4100895139011120,3.0026637535158232,261.0538,1.6717,-262.7255,438.4018,0,3.1e-14
1.0616122850246363,0.0,-0.0000000000000000,0.0000000000000000,-0.1229409164775361,0.0000000000000000,4.4215225644976472,3.0026190456592330,258.9431,1.6525,-260.5956,429.9054,0,1.6e-13
1.0617092578729659,0.0,0.0000000000000000,0.0000000000000000,-0.1231946935500981,0.0000000000000000,4.4319602217839327,3.0025785548104142,257.0470,1.6347,-258.6818,422.2024,0,2.8e-13
1.0618035991261920,0.0,-0.0000000000000000,0.0000000000000000,-0.1234397735663805,0.0000000000000000,4.4420845749568052,3.0025395701908497,255.2354,1.6172,-256.8526,414.7785,0,4.0e-13
1.0618972476509860,0.0,-0.0000000000000000,0.0000000000000000,-0.1236813303425144,0.0000000000000000,4.4521054613276787,3.0025012612731290,253.4683,1.5997,-255.0681,407.4760,0,2.4e-13
1.0619921055965611,0.0,-0.0000000000000000,0.0000000000000000,-0.1239242970642063,0.0000000000000000,4.4622263668564113,3.0024628453757378,251.7096,1.5818,-253.2913,400.1457,0,2.2e-13
1.0620881912506348,0.0,-0.0000000000000000,0.0000000000000000,-0.1241686954343607,0.0000000000000000,4.4724482944678758,3.0024243222914868,249.9591,1.5634,-251.5225,392.7873,0,3.7e-13
1.0621855232311070,0.0,0.0000000000000000,0.0000000000000000,-0.1244145477530406,0.0000000000000000,4.4827722572051787,3.0023856917806713,248.2171,1.5446,-249.7617,385.4006,0,1.0e-13
1.0622841204940425,0.0,-0.0000000000000000,0.0000000000000000,-0.1246618769331210,0.0000000000000000,4.4931992783332424,3.0023469535698659,246.4836,1.5254,-248.0090,377.9854,0,4.1e-13
1.0623820017259438,0.0,-0.0000000000000000,0.0000000000000000,-0.1249057392414805,0.0000000000000000,4.5035197674287133,3.0023088815674321,244.7929,1.5061,-246.2990,370.6896,0,2.4e-13
1.0624811550845588,0.0,-0.0000000000000000,0.0000000000000000,-0.1251511140877943,0.0000000000000000,4.5139432932283938,3.0022706979540605,243.1102,1.4864,-244.5966,363.3645,0,1.7e-13
1.0625815999768204,0.0,0.0000000000000000,0.0000000000000000,-0.1253980252709106,0.0000000000000000,4.5244708890482048,3.0022324023810834,241.4356,1.4663,-242.9019,356.0096,0,5.8e-13
1.0626833561683677,0.0,0.0000000000000000,0.0000000000000000,-0.1256464972383695,0.0000000000000000,4.5351035986350832,3.0021939944636427,239.7692,1.4457,-241.2149,348.6247,0,1.5e-13
1.0627864437924852,0.0,-0.0000000000000000,0.0000000000000000,-0.1258965551036889,0.0000000000000000,4.5458424762741130,3.0021554737793767,238.1111,1.4246,-239.5357,341.2095,0,1.5e-13
1.0628908833593496,0.0,-0.0000000000000000,0.0000000000000000,-0.1261482246642422,0.0000000000000000,4.5566885868968487,3.0021168398670439,236.4613,1.4030,-237.8643,333.7637,0,3.0e-13
1.0629966957655699,0.0,-0.0000000000000000,0.0000000000000000,-0.1264015324195761,0.0000000000000000,4.5676430061908624,3.0020780922251369,234.8200,1.3810,-236.2010,326.2870,0,1.9e-13
1.0630996504376082,0.0,0.0000000000000000,0.0000000000000000,-0.1266464247540683,0.0000000000000000,4.5782686908484367,3.0020407641011069,233.2514,1.3594,-234.6108,319.0757,0,1.2e-13
1.0632039517005307,0.0,0.0000000000000000,0.0000000000000000,-0.1268929751047858,0.0000000000000000,4.5890004982585459,3.0020033153806911,231.6902,1.3373,-233.0275,311.8325,0,3.3e-14
1.0633096203210153,0.0,-0.0000000000000000,0.0000000000000000,-0.1271412098770374,0.0000000000000000,4.5998394928200854,3.0019657455156810,230.1365,1.3147,-231.4512,304.5571,0,6.0e-13
1.0634145330198368,0.0,0.0000000000000000,0.0000000000000000,-0.1273861646296242,0.0000000000000000,4.6105678033154227,3.0019288052853428,228.6210,1.2921,-229.9130,297.3951,0,1.3e-13
1.0635208208981939,0.0,-0.0000000000000000,0.0000000000000000,-0.1276328384551578,0.0000000000000000,4.6214032775916492,3.0018917402100684,227.1125,1.2690,-228.3815,290.2001,0,6.0e-13
1.0636263482564612,0.0,0.0000000000000000,0.0000000000000000,-0.1278762972764893,0.0000000000000000,4.6321281151694489,3.0018552910879213,225.6410,1.2459,-226.8868,283.1162,0,1.2e-13
1.0637332587011696,0.0,-0.0000000000000000,0.0000000000000000,-0.1281215088059142,0.0000000000000000,4.6429600928950956,3.0018187135764065,224.1761,1.2222,-225.3984,275.9988,0,3.9e-13
1.0638394040480768,0.0,0.0000000000000000,0.0000000000000000,-0.1283635674096501,0.0000000000000000,4.6536814805593751,3.0017827388298990,222.7470,1.1986,-223.9456,268.9902,0,8.9e-14
1.0639469404789825,0.0,0.0000000000000000,0.0000000000000000,-0.1286074114246380,0.0000000000000000,4.6645099845030789,3.0017466322945694,221.3242,1.1745,-222.4987,261.9475,0,1.4e-12
1.0640558895875312,0.0,-0.0000000000000000,0.0000000000000000,-0.1288530689992555,0.0000000000000000,4.6754466791265914,3.0017103932446325,219.9078,1.1499,-221.0577,254.8703,0,1.6e-13
1.0641662733875883,0.0,-0.0000000000000000,0.0000000000000000,-0.1291005690287492,0.0000000000000000,4.6864926496924655,3.0016740209117487,218.4980,1.1248,-219.6227,247.7583,0,1.4e-13
1.0642781143243365,0.0,-0.0000000000000000,0.0000000000000000,-0.1293499411762107,0.0000000000000000,4.6976489924378892,3.0016375144834426,217.0947,1.0991,-218.1938,240.6113,0,9.2e-14
1.0643914352857580,0.0,0.0000000000000000,0.0000000000000000,-0.1296012158942880,0.0000000000000000,4.7089168146884415,3.0016008731014461,215.6982,1.0729,-216.7711,233.4290,0,3.1e-13
1.0645062596145609,0.0,0.0000000000000000,0.0000000000000000,-0.1298544244476841,0.0000000000000000,4.7202972349731382,3.0015640958599885,214.3085,1.0462,-215.3547,226.2110,0,5.9e-13
1.0646226111205124,0.0,-0.0000000000000000,0.0000000000000000,-0.1301095989363540,0.0000000000000000,4.7317913831408260,3.0015271818040294,212.9258,1.0189,-213.9447,218.9570,0,2.0e-13
1.0647405140932071,0.0,-0.0000000000000000,0.0000000000000000,-0.1303667723194321,0.0000000000000000,4.7434004004779329,3.0014901299274368,211.5501,0.9911,-212.5412,211.6667,0,2.6e-13
1.0648529558705304,0.0,0.0000000000000000,0.0000000000000000,-0.1306107495137902,0.0000000000000000,4.7544359119727213,3.0014551199310850,210.2614,0.9644,-211.2258,204.7696,0,2.6e-13
1.0649668823003489,0.0,-0.0000000000000000,0.0000000000000000,-0.1308567004947333,0.0000000000000000,4.7655817220191041,3.0014199654990974,208.9785,0.9371,-209.9156,197.8357,0,1.6e-13
1.0650823168179584,0.0,-0.0000000000000000,0.0000000000000000,-0.1311046569762302,0.0000000000000000,4.7768389372519247,3.0013846656194700,207.7013,0.9093,-208.6106,190.8648,0,5.9e-13
1.0651992833313406,0.0,-0.0000000000000000,0.0000000000000000,-0.1313546515068866,0.0000000000000000,4.7882086755089555,3.0013492192314568,206.4301,0.8810,-207.3110,183.8563,0,5.4e-13
1.0653178062341901,0.0,0.0000000000000000,0.0000000000000000,-0.1316067174943455,0.0000000000000000,4.7996920659476254,3.0013136252236996,205.1649,0.8520,-206.0169,176.8102,0,1.8e-13
1.0654355044172934,0.0,0.0000000000000000,0.0000000000000000,-0.1318558097231260,0.0000000000000000,4.8110582851547363,3.0012785952749299,203.9307,0.8232,-204.7539,169.8672,0,5.7e-13
1.0655523799867928,0.0,0.0000000000000000,0.0000000000000000,-0.1321019872396709,0.0000000000000000,4.8223085339070453,3.0012441159944774,202.7268,0.7943,-203.5211,163.0253,0,2.6e-13
1.0656708074748991,0.0,-0.0000000000000000,0.0000000000000000,-0.1323502692274597,0.0000000000000000,4.8336712550610477,3.0012094836657681,201.5282,0.7649,-202.2931,156.1450,0,1.6e-13
1.0657884077284370,0.0,-0.0000000000000000,0.0000000000000000,-0.1325956848621555,0.0000000000000000,4.8449180507037388,3.0011753909336187,200.3589,0.7355,-201.0944,149.3639,0,1.1e-12
1.0659075700450280,0.0,0.0000000000000000,0.0000000000000000,-0.1328432371886311,0.0000000000000000,4.8562772932432550,3.0011411420507992,199.1947,0.7056,-199.9002,142.5438,0,1.5e-13
1.0660259005551680,0.0,-0.0000000000000000,0.0000000000000000,-0.1330879694186750,0.0000000000000000,4.8675206547370706,3.0011074220690515,198.0588,0.6757,-198.7345,135.8214,0,3.2e-13
1.0661458034365305,0.0,-0.0000000000000000,0.0000000000000000,-0.1333348700934714,0.0000000000000000,4.8788764375470848,3.0010735429240878,196.9279,0.6452,-197.5731,129.0595,0,1.8e-13
1.0662648699893509,0.0,-0.0000000000000000,0.0000000000000000,-0.1335789949322182,0.0000000000000000,4.8901163833274470,3.0010401823442017,195.8244,0.6148,-196.4392,122.3937,0,6.6e-13
1.0663855193902585,0.0,-0.0000000000000000,0.0000000000000000,-0.1338253195547772,0.0000000000000000,4.9014687247840563,3.0010066596711171,194.7257,0.5838,-195.3096,115.6879,0,2.6e-13
1.0665077771133267,0.0,-0.0000000000000000,0.0000000000000000,-0.1340738797861620,0.0000000000000000,4.9129345900328136,3.0009729735187785,193.6319,0.5523,-194.1842,108.9419,0,7.2e-14
1.0666316691666895,0.0,-0.0000000000000000,0.0000000000000000,-0.1343247123841109,0.0000000000000000,4.9245151186301097,3.0009391224453479,192.5432,0.5202,-193.0633,102.1554,0,1.6e-13
1.0667572221077823,0.0,-0.0000000000000000,0.0000000000000000,-0.1345778550671415,0.0000000000000000,4.9362114616930874,3.0009051049510775,191.4595,0.4875,-191.9470,95.3278,0,7.7e-13
1.0668844630591865,0.0,-0.0000000000000000,0.0000000000000000,-0.1348333465437592,0.0000000000000000,4.9480247820213341,3.0008709194760725,190.3811,0.4541,-190.8353,88.4589,0,5.1e-13
1.0670134197250161,0.0,0.0000000000000000,0.0000000000000000,-0.1350912265425317,0.0000000000000000,4.9599562542201046,3.0008365643979946,189.3082,0.4202,-189.7284,81.5482,0,7.3e-13
1.0671441204079812,0.0,0.0000000000000000,0.0000000000000000,-0.1353515358433723,0.0000000000000000,4.9720070648250223,3.0008020380296725,188.2407,0.3857,-188.6263,74.5954,0,4.4e-13
1.0672713391525228,0.0,-0.0000000000000000,0.0000000000000000,-0.1356039124982215,0.0000000000000000,4.9836964278033697,3.0007687094617865,187.2206,0.3519,-187.5724,67.8765,0,1.6e-12
1.0674002706600856,0.0,0.0000000000000000,0.0000000000000000,-0.1358587073287858,0.0000000000000000,4.9955027160527568,3.0007352064993671,186.2054,0.3175,-186.5229,61.1152,0,2.0e-13
1.0675283252911814,0.0,-0.0000000000000000,0.0000000000000000,-0.1361108169488829,0.0000000000000000,5.0071886165249744,3.0007021994287628,185.2153,0.2832,-185.4985,54.4470,0,1.0e-12
1.0676480141884295,0.0,0.0000000000000000,0.0000000000000000,-0.1363456187292242,0.0000000000000000,5.0180751449113590,3.0006715856374644,184.3060,0.2510,-184.5569,48.2562,0,9.6e-13
1.0677621451956838,0.0,0.0000000000000000,0.0000000000000000,-0.1365687805312435,0.0000000000000000,5.0284239590173048,3.0006426028234472,183.4530,0.2202,-183.6732,42.3897,0,8.8e-14
1.0678777696336914,0.0,0.0000000000000000,0.0000000000000000,-0.1367941451868903,0.0000000000000000,5.0388762991178222,3.0006134455867395,182.6028,0.1888,-182.7916,36.4826,0,1.4e-12
1.0679858042996320,0.0,-0.0000000000000000,0.0000000000000000,-0.1370040779336282,0.0000000000000000,5.0486136539620325,3.0005863854663541,181.8207,0.1595,-181.9802,30.9957,0,1.8e-12
1.0680952338992169,0.0,0.0000000000000000,0.0000000000000000,-0.1372161054362535,0.0000000000000000,5.0584484209650586,3.0005591534052547,181.0406,0.1296,-181.1702,25.4693,0,1.1e-12
1.0682060801517985,0.0,-0.0000000000000000,0.0000000000000000,-0.1374302587860999,0.0000000000000000,5.0683815774335716,3.0005317479538491,180.2623,0.0993,-180.3617,19.9032,0,1.3e-13
1.0683161162610921,0.0,-0.0000000000000000,0.0000000000000000,-0.1376422433790402,0.0000000000000000,5.0782134604199722,3.0005047182599078,179.5016,0.0691,-179.5708,14.4089,0,1.2e-13
1.0684275778616557,0.0,0.0000000000000000,0.0000000000000000,-0.1378563736732574,0.0000000000000000,5.0881437088549690,3.0004775137558233,178.7429,0.0385,-178.7813,8.8745,0,8.2e-13
1.0685404872963189,0.0,0.0000000000000000,0.0000000000000000,-0.1380726819079400,0.0000000000000000,5.0981733097702335,3.0004501329072024,177.9862,0.0073,-177.9935,3.2998,0,6.7e-13
1.0686438629245736,0.0,0.0000000000000000,0.0000000000000000,-0.1382702036658691,0.0000000000000000,5.1073299852903205,3.0004252178106312,177.3037,-0.0213,-177.2824,-1.7768,0,1.9e-12
1.0687464615134579,0.0,0.0000000000000000,0.0000000000000000,-0.1384657570527075,0.0000000000000000,5.1163933090029010,3.0004006331188804,176.6359,-0.0498,-176.5861,-6.7897,0,7.8e-13
1.0688503674374816,0.0,-0.0000000000000000,0.0000000000000000,-0.1386633204308189,0.0000000000000000,5.1255473135712899,3.0003758783392849,175.9692,-0.0787,-175.8906,-11.8409,0,8.3e-13
1.0689514279673518,0.0,0.0000000000000000,0.0000000000000000,-0.1388550172722192,0.0000000000000000,5.1344267841583937,3.0003519376518395,175.3299,-0.1068,-175.2231,-16.7294,0,1.4e-12
1.0690497135342603,0.0,0.0000000000000000,0.0000000000000000,-0.1390410266845777,0.0000000000000000,5.1430399545036005,3.0003287813168504,174.7167,-0.1343,-174.5825,-21.4609,0,4.7e-13
1.0691452932530798,0.0,0.0000000000000000,0.0000000000000000,-0.1392215215969171,0.0000000000000000,5.1513948112795820,3.0003063809054504,174.1283,-0.1610,-173.9673,-26.0410,0,2.6e-13
1.0692345501522686,0.0,0.0000000000000000,0.0000000000000000,-0.1393897319377286,0.0000000000000000,5.1591781725418580,3.0002855663658652,173.5858,-0.1861,-173.3998,-30.2994,0,4.2e-13
1.0693249115367247,0.0,0.0000000000000000,0.0000000000000000,-0.1395596905507509,0.0000000000000000,5.1670394091060974,3.0002645952906488,173.0434,-0.2115,-172.8319,-34.5924,0,4.2e-13
1.0694163935702863,0.0,0.0000000000000000,0.0000000000000000,-0.1397314210344515,0.0000000000000000,5.1749793017367480,3.0002434663739024,172.5010,-0.2372,-172.2638,-38.9202,0,3.5e-13
1.0695090127167852,0.0,0.0000000000000000,0.0000000000000000,-0.1399049474647105,0.0000000000000000,5.1829986390795506,3.0002221782845555,171.9588,-0.2633,-171.6955,-43.2832,0,6.4e-13
1.0695990679947749,0.0,-0.0000000000000000,0.0000000000000000,-0.1400733490190020,0.0000000000000000,5.1907774754393570,3.0002015780353180,171.4383,-0.2888,-171.1495,-47.5077,0,2.7e-13
1.0696902389233769,0.0,-0.0000000000000000,0.0000000000000000,-0.1402435193643942,0.0000000000000000,5.1986341464556709,3.0001808203047950,170.9178,-0.3146,-170.6032,-51.7669,0,1.4e-12
1.0697806936543768,0.0,-0.0000000000000000,0.0000000000000000,-0.1404120424013054,0.0000000000000000,5.2064107273713791,3.0001603215938801,170.4078,-0.3402,-170.0676,-55.9754,0,1.0e-12
1.0698618045761659,0.0,-0.0000000000000000,0.0000000000000000,-0.1405628984126130,0.0000000000000000,5.2133684862979237,3.0001420206609306,169.9559,-0.3632,-169.5927,-59.7347,0,6.4e-13
1.0699360054196478,0.0,0.0000000000000000,0.0000000000000000,-0.1407006912902823,0.0000000000000000,5.2197206797794227,3.0001253445886631,169.5469,-0.3843,-169.1625,-63.1618,0,3.9e-13
1.0700066740480951,0.0,0.0000000000000000,0.0000000000000000,-0.1408317395986641,0.0000000000000000,5.2257591326781343,3.0001095201622081,169.1612,-0.4044,-168.7567,-66.4153,0,6.9e-13
1.0700726253923072,0.0,0.0000000000000000,0.0000000000000000,-0.1409538792360723,0.0000000000000000,5.2313845360745850,3.0000948024385909,168.8046,-0.4232,-168.3814,-69.4425,0,2.2e-13
1.0701380155146407,0.0,-0.0000000000000000,0.0000000000000000,-0.1410748279720193,0.0000000000000000,5.2369525875864786,3.0000802575454815,168.4543,-0.4419,-168.0124,-72.4354,0,3.1e-13
1.0702028482025925,0.0,-0.0000000000000000,0.0000000000000000,-0.1411945984183686,0.0000000000000000,5.2424638720671570,3.0000658830082862,168.1100,-0.4604,-167.6496,-75.3943,0,1.7e-12
1.0702671272367836,0.0,0.0000000000000000,0.0000000000000000,-0.1413132029965976,0.0000000000000000,5.2479189683944742,3.0000516764008744,167.7717,-0.4787,-167.2929,-78.3199,0,1.6e-12
1.0703283307236349,0.0,0.0000000000000000,0.0000000000000000,-0.1414260018279775,0.0000000000000000,5.2531046306175231,3.0000381909797449,167.4523,-0.4962,-166.9561,-81.0979,0,1.1e-12
1.0703854349730468,0.0,-0.0000000000000000,0.0000000000000000,-0.1415311318095090,0.0000000000000000,5.2579355750725023,3.0000256449325717,167.1568,-0.5126,-166.6442,-83.6833,0,1.7e-12
1.0704397970216768,0.0,-0.0000000000000000,0.0000000000000000,-0.1416311122298762,0.0000000000000000,5.2625279109917198,3.0000137335381623,166.8776,-0.5282,-166.3494,-86.1387,0,6.3e-14
1.0704884998350293,0.0,-0.0000000000000000,0.0000000000000000,-0.1417206014485894,0.0000000000000000,5.2666366964051301,3.0000030886167575,166.6292,-0.5421,-166.0871,-88.3337,0,2.1e-12
1.0705377521532449,0.0,0.0000000000000000,0.0000000000000000,-0.1418110213270650,0.0000000000000000,5.2707865858336804,2.9999923488535045,166.3797,-0.5563,-165.8235,-90.5489,0,2.1e-13
1.0705875608724003,0.0,-0.0000000000000000,0.0000000000000000,-0.1419023825529465,0.0000000000000000,5.2749779908129177,2.9999815134294301,166.1292,-0.5705,-165.5586,-92.7845,0,1.2e-12
