x0_n,y0_n,z0_n,xd0_n,yd0_n,zd0_n,Tp,JC,L2ExcessVelocity_mps,...,error_tol=1e-11,n_Nodes=6,stepsize=1.0
1.0046919966968408,-0.0000000000000000,-0.0000010775670968,0.0000000000000068,-0.0035954751196270,0.0000000000000000,3.2338105656547480,3.0010976927,41.891
1.0046900881596512,-0.0000000000000000,-0.0003562894389175,0.0000000000004489,-0.0036397552464330,-0.0000000000000329,3.2334372345052365,3.0010969985,43.192
1.0046838026886724,-0.0000000000000000,-0.0007063379579671,0.0000000000002029,-0.0037633647569801,-0.0000000000000189,3.2323073637413819,3.0010949908,46.752
1.0046730622865743,-0.0000000000000000,-0.0010202215786775,0.0000000000004047,-0.0039291121263147,-0.0000000000000788,3.2305615349593944,3.0010921311,51.399
1.0046601514420934,-0.0000000000000000,-0.0012686411467340,0.0000000000000536,-0.0040876494486096,-0.0000000000000188,3.2285956155611397,3.0010892065,55.752
1.0046449609668420,-0.0000000000000000,-0.0014876936108851,0.0000000000001308,-0.0042416161065047,-0.0000000000000545,3.2263481430945902,3.0010861782,59.927
1.0046282250672092,-0.0000000000000000,-0.0016816024504324,0.0000000000001301,-0.0043854653809097,-0.0000000000000502,3.2238805808244790,3.0010831707,63.804
1.0046104564544838,0.0000000000000000,-0.0018551118126008,0.0000000000000193,-0.0045180076409356,-0.0000000000000116,3.2212236744224283,3.0010802373,67.370
1.0045919774183865,-0.0000000000000000,-0.0020123376605417,0.0000000000001820,-0.0046398380379341,-0.0000000000000722,3.2183884359523329,3.0010773945,70.655
1.0045711013270298,-0.0000000000000000,-0.0021700459866047,0.0000000000000061,-0.0047626102659101,-0.0000000000000051,3.2150697791303986,3.0010743782,73.981
1.0045498317026007,-0.0000000000000000,-0.0023147963162146,0.0000000000000194,-0.0048750096288825,-0.0000000000000207,3.2115396336513289,3.0010714740,77.048
1.0045260996751060,-0.0000000000000000,-0.0024619676493223,0.0000000000000618,-0.0049883456299026,-0.0000000000000386,3.2074002847946819,3.0010683968,80.169
1.0044998199883952,0.0000000000000000,-0.0026112597795629,-0.0000000000000004,-0.0051017519725798,-0.0000000000000065,3.2025441284682210,3.0010651561,83.330
1.0044708431780567,-0.0000000000000000,-0.0027627465889814,0.0000000000000267,-0.0052146683035373,-0.0000000000000201,3.1968272057900076,3.0010617540,86.525
1.0044390622005959,-0.0000000000000000,-0.0029162121044694,0.0000000000000038,-0.0053263326373185,-0.0000000000000072,3.1900832522805915,3.0010581998,89.740
1.0044042997826153,-0.0000000000000000,-0.0030716901382955,0.0000000000001984,-0.0054361775040555,-0.0000000000001419,3.1820942598896207,3.0010544975,92.972
1.0043663603732560,-0.0000000000000000,-0.0032291080733182,-0.0000000000000003,-0.0055435513010021,-0.0000000000000009,3.1725906619641409,3.0010506540,96.212
1.0043251047887796,-0.0000000000000000,-0.0033879554223100,-0.0000000000000025,-0.0056474971251859,0.0000000000000011,3.1612630324113775,3.0010466874,99.445
1.0042802897361931,-0.0000000000000000,-0.0035478741458930,0.0000000000000486,-0.0057471478177822,-0.0000000000000367,3.1477131683150583,3.0010426131,102.661
1.0042316211447662,-0.0000000000000000,-0.0037082984006572,0.0000000000000016,-0.0058414530897693,0.0000000000000044,3.1314555811141425,3.0010384522,105.843
1.0041787793428396,-0.0000000000000000,-0.0038682730026023,0.0000000000000034,-0.0059290519466526,0.0000000000000043,3.1119226778028115,3.0010342370,108.973
1.0041212511432922,-0.0000000000000000,-0.0040268362830231,0.0000000000000018,-0.0060084395596887,0.0000000000000110,3.0884050022728000,3.0010300012,112.029
1.0040583261587859,-0.0000000000000000,-0.0041827844130132,0.0000000000000038,-0.0060777234969401,0.0000000000000135,3.0600462262510031,3.0010257866,114.990
1.0039890205582649,-0.0000000000000000,-0.0043346499838786,0.0000000000000061,-0.0061344703234923,0.0000000000000173,3.0258240137493941,3.0010216448,117.827
1.0039118885511575,0.0000000000000000,-0.0044808666835469,0.0000000000000119,-0.0061755402090775,0.0000000000000188,2.9844849963155147,3.0010176345,120.511
1.0038248910003806,-0.0000000000000000,-0.0046196985520969,-0.0000000000000149,-0.0061966969225541,-0.0000000000000198,2.9345167902828950,3.0010138265,123.005
1.0037251699163887,-0.0000000000000000,-0.0047493061735262,0.0000000000000143,-0.0061921163033604,0.0000000000000217,2.8741006979064565,3.0010103065,125.266
1.0037232095863791,-0.0000000000000000,-0.0047515734858989,0.0000000000000111,-0.0061917472183144,0.0000000000000309,2.8728884172199969,3.0010102456,125.305
1.0037208383640375,-0.0000000000000000,-0.0047543025845003,0.0000000000000120,-0.0061912872037252,0.0000000000000285,2.8714210067646819,3.0010101723,125.351
1.0037179714091513,-0.0000000000000000,-0.0047575826673276,0.0000000000000115,-0.0061907112591433,0.0000000000000307,2.8696453383842773,3.0010100842,125.407
1.0037145058961812,0.0000000000000000,-0.0047615191440189,0.0000000000000132,-0.0061899863372100,0.0000000000000244,2.8674968213831558,3.0010099787,125.474
1.0037103174642463,-0.0000000000000000,-0.0047662355838674,0.0000000000000113,-0.0061890684676332,0.0000000000000289,2.8648970853462212,3.0010098524,125.555
1.0037052565002607,-0.0000000000000000,-0.0047718749355673,0.0000000000000117,-0.0061878988932524,0.0000000000000299,2.8617514674146114,3.0010097015,125.650
1.0036991424857988,-0.0000000000000000,-0.0047786016319193,-0.0000000000000159,-0.0061863984255473,-0.0000000000000182,2.8579452645702115,3.0010095219,125.764
1.0036917581476452,-0.0000000000000000,-0.0047866020909696,-0.0000000000000168,-0.0061844598269646,-0.0000000000000145,2.8533397646768988,3.0010093087,125.900
1.0036828420323165,-0.0000000000000000,-0.0047960844749151,-0.0000000000000176,-0.0061819371482621,-0.0000000000000264,2.8477672160162495,3.0010090567,126.059
1.0036720794924834,-0.0000000000000000,-0.0048072767844001,-0.0000000000000167,-0.0061786309485405,-0.0000000000000232,2.8410247288622217,3.0010087602,126.246
1.0036590903906757,-0.0000000000000000,-0.0048204238196180,-0.0000000000000151,-0.0061742674138448,-0.0000000000000179,2.8328660779868429,3.0010084136,126.465
1.0036434177062641,0.0000000000000000,-0.0048357772209319,-0.0000000000000183,-0.0061684708286581,-0.0000000000000238,2.8229941452217888,3.0010080110,126.719
1.0036245088161946,-0.0000000000000000,-0.0048535852783112,-0.0000000000000154,-0.0061607243156332,-0.0000000000000230,2.8110490442850176,3.0010075476,127.010
1.0036016941431842,-0.0000000000000000,-0.0048740754046898,-0.0000000000000169,-0.0061503168818732,-0.0000000000000184,2.7965953135957746,3.0010070199,127.341
1.0035741584626401,0.0000000000000000,-0.0048974315735273,-0.0000000000000170,-0.0061362707113748,-0.0000000000000178,2.7791059545020813,3.0010064266,127.712
1.0035409025052633,-0.0000000000000000,-0.0049237661967062,-0.0000000000000139,-0.0061172415562707,-0.0000000000000077,2.7579431693772447,3.0010057706,128.121
1.0035006895780565,-0.0000000000000000,-0.0049530882699209,-0.0000000000000091,-0.0060913810660908,-0.0000000000000169,2.7323346941540625,3.0010050599,128.562
1.0034519700045512,-0.0000000000000000,-0.0049852707139991,-0.0000000000000089,-0.0060561442144720,-0.0000000000000158,2.7013449005496635,3.0010043110,129.026
1.0033927627914101,-0.0000000000000000,-0.0050200274620550,-0.0000000000000074,-0.0060080066277039,-0.0000000000000133,2.6638339186197850,3.0010035505,129.495
1.0033279856469151,-0.0000000000000000,-0.0050533286257719,0.0000000000000309,-0.0059492373486228,-0.0000000000000027,2.6231005886233052,3.0010028862,129.904
1.0032488064197531,-0.0000000000000000,-0.0050883975334628,-0.0000000000000104,-0.0058695711517406,-0.0000000000000149,2.5739042224986073,3.0010022824,130.274
1.0031597154754448,-0.0000000000000000,-0.0051217892382325,-0.0000000000000093,-0.0057706839086744,-0.0000000000000106,2.5195147518981380,3.0010018378,130.546
1.0030797312974389,0.0000000000000000,-0.0051473542906021,0.0000000000000236,-0.0056743945018631,-0.0000000000000012,2.4716913055516523,3.0010016189,130.679
1.0029801596346311,-0.0000000000000000,-0.0051745580005789,-0.0000000000000073,-0.0055455561717056,-0.0000000000000121,2.4136315822263592,3.0010015471,130.723
1.0029757057842421,-0.0000000000000000,-0.0051756730414555,-0.0000000000000037,-0.0055395751893730,-0.0000000000000175,2.4110748404366356,3.0010015485,130.722
1.0029694566622500,-0.0000000000000000,-0.0051772242144854,-0.0000000000000053,-0.0055311530050812,-0.0000000000000162,2.4074934851544816,3.0010015511,130.721
1.0029653092197379,-0.0000000000000000,-0.0051782452251263,-0.0000000000000040,-0.0055255438466834,-0.0000000000000147,2.4051204546426130,3.0010015533,130.719
1.0029602837824838,-0.0000000000000000,-0.0051794734361361,-0.0000000000000023,-0.0055187265177462,-0.0000000000000228,2.4022492000853339,3.0010015563,130.718
1.0029541918182319,-0.0000000000000000,-0.0051809493393601,-0.0000000000000037,-0.0055104320502534,-0.0000000000000206,2.3987746894258848,3.0010015605,130.715
1.0029468041317235,-0.0000000000000000,-0.0051827203976035,-0.0000000000000052,-0.0055003290594552,-0.0000000000000100,2.3945701698522894,3.0010015665,130.711
1.0029378406294527,-0.0000000000000000,-0.0051848421501666,-0.0000000000000081,-0.0054880062438502,-0.0000000000000027,2.3894821123843233,3.0010015751,130.706
1.0029269585897840,-0.0000000000000000,-0.0051873790734589,-0.0000000000000070,-0.0054729511101077,-0.0000000000000122,2.3833247064210963,3.0010015875,130.699
1.0029137369364223,-0.0000000000000000,-0.0051904055515965,-0.0000000000000051,-0.0054545206606111,-0.0000000000000156,2.3758727051981174,3.0010016051,130.688
1.0028991221966488,-0.0000000000000000,-0.0051936819325445,-0.0000000000000059,-0.0054339734516535,-0.0000000000000145,2.3676730954238927,3.0010016280,130.674
1.0028813339093874,-0.0000000000000000,-0.0051975758148086,-0.0000000000000077,-0.0054087198804359,-0.0000000000000047,2.3577465760285006,3.0010016605,130.654
1.0028616254968870,-0.0000000000000000,-0.0052017748378875,-0.0000000000000047,-0.0053804311870311,-0.0000000000000132,2.3468178311836803,3.0010017023,130.628
1.0028375325015066,-0.0000000000000000,-0.0052067519997200,-0.0000000000000044,-0.0053454146938815,-0.0000000000000106,2.3335575169356444,3.0010017613,130.592
1.0028103608791801,-0.0000000000000000,-0.0052121712397725,0.0000000000000094,-0.0053053608279747,0.0000000000000201,2.3187356715232692,3.0010018379,130.546
1.0027782005939530,-0.0000000000000000,-0.0052183377426807,0.0000000000000114,-0.0052571978021642,0.0000000000000255,2.3013763061920898,3.0010019415,130.482
1.0027425116622519,-0.0000000000000000,-0.0052248900437836,-0.0000000000000057,-0.0052028132028009,-0.0000000000000135,2.2823475837257354,3.0010020720,130.403
1.0027015201150737,-0.0000000000000000,-0.0052320694816447,-0.0000000000000048,-0.0051391615754089,-0.0000000000000146,2.2607996879419989,3.0010022409,130.299
1.0026570269130202,-0.0000000000000000,-0.0052394790165170,-0.0000000000000088,-0.0050686740360738,-0.0000000000000070,2.2377865108616897,3.0010024455,130.174
1.0026057266892261,-0.0000000000000000,-0.0052475696577676,-0.0000000000000049,-0.0049856462251739,-0.0000000000000125,2.2117397743624334,3.0010027070,130.014
1.0025437221356035,-0.0000000000000000,-0.0052567523204925,-0.0000000000000003,-0.0048828604566505,-0.0000000000000315,2.1809546186002047,3.0010030564,129.799
1.0025411889353066,-0.0000000000000000,-0.0052571141820264,-0.0000000000000037,-0.0048786057738953,-0.0000000000000166,2.1797130380593130,3.0010030714,129.790
1.0025384237075530,-0.0000000000000000,-0.0052575080145301,-0.0000000000000032,-0.0048739564875340,-0.0000000000000153,2.1783591771657944,3.0010030878,129.780
1.0025350703353768,-0.0000000000000000,-0.0052579839707890,-0.0000000000000066,-0.0048683114834044,-0.0000000000000060,2.1767193773161950,3.0010031079,129.768
1.0025317134421203,-0.0000000000000000,-0.0052584586264957,-0.0000000000000018,-0.0048626530481476,-0.0000000000000222,2.1750800687832017,3.0010031280,129.755
1.0025280143412056,-0.0000000000000000,-0.0052589795854764,-0.0000000000000077,-0.0048564091044785,0.0000000000000002,2.1732762089664872,3.0010031503,129.741
1.0025235286978655,-0.0000000000000000,-0.0052596083874927,-0.0000000000000079,-0.0048488253277141,0.0000000000000003,2.1710923936647020,3.0010031775,129.725
1.0025185825825553,-0.0000000000000000,-0.0052602980198245,-0.0000000000000038,-0.0048404476048829,-0.0000000000000143,2.1686889694059373,3.0010032078,129.706
1.0025131310047823,-0.0000000000000000,-0.0052610536107927,-0.0000000000000059,-0.0048311950274516,-0.0000000000000080,2.1660454746138447,3.0010032413,129.686
1.0025065135573961,-0.0000000000000000,-0.0052619644254557,-0.0000000000000051,-0.0048199374355976,-0.0000000000000086,2.1628444433424110,3.0010032823,129.660
1.0024992093777958,-0.0000000000000000,-0.0052629616474041,0.0000000000000005,-0.0048074782573993,-0.0000000000000319,2.1593211290834478,3.0010033281,129.632
1.0024918802433909,-0.0000000000000000,-0.0052639537022759,-0.0000000000000063,-0.0047949415140018,-0.0000000000000031,2.1557962006181683,3.0010033744,129.604
1.0024837860688509,-0.0000000000000000,-0.0052650392991252,-0.0000000000000055,-0.0047810555821365,-0.0000000000000114,2.1519154257304249,3.0010034261,129.572
1.0024748434695283,0.0000000000000000,-0.0052662264110876,-0.0000000000000058,-0.0047656648710174,-0.0000000000000065,2.1476425835014017,3.0010034838,129.536
1.0024639681151526,-0.0000000000000000,-0.0052676526028031,-0.0000000000000027,-0.0047468784611982,-0.0000000000000229,2.1424669801010112,3.0010035548,129.493
1.0024530323972014,-0.0000000000000000,-0.0052690671640410,-0.0000000000000064,-0.0047279115220200,-0.0000000000000099,2.1372854655181852,3.0010036272,129.448
1.0024397117185573,-0.0000000000000000,-0.0052707633750926,0.0000000000000008,-0.0047047055124695,-0.0000000000000325,2.1310046226454640,3.0010037167,129.393
1.0024234512050720,-0.0000000000000000,-0.0052727931651344,-0.0000000000000021,-0.0046762265119487,-0.0000000000000270,2.1233829329152449,3.0010038278,129.324
1.0024070129872493,-0.0000000000000000,-0.0052747983262555,-0.0000000000000047,-0.0046472685554864,-0.0000000000000155,2.1157280303061126,3.0010039422,129.254
1.0023886336359669,-0.0000000000000000,-0.0052769825002253,-0.0000000000000048,-0.0046146934671645,-0.0000000000000147,2.1072279709606390,3.0010040725,129.173
1.0023676613726344,-0.0000000000000000,-0.0052793967790778,-0.0000000000000046,-0.0045772709439171,-0.0000000000000141,2.0976032014812147,3.0010042245,129.080
1.0023474143871853,-0.0000000000000000,-0.0052816440225908,-0.0000000000000045,-0.0045408912446296,-0.0000000000000132,2.0883848858142859,3.0010043745,128.987
1.0023248084287733,-0.0000000000000000,-0.0052840491350042,-0.0000000000000046,-0.0044999854246723,-0.0000000000000128,2.0781755450712187,3.0010045458,128.881
1.0023133421671575,0.0000000000000000,-0.0052852243158936,-0.0000000000000036,-0.0044791225922772,-0.0000000000000243,2.0730296509521851,3.0010046343,128.826
1.0023006057567847,-0.0000000000000000,-0.0052864921650910,-0.0000000000000020,-0.0044558594667930,-0.0000000000000292,2.0673386612832072,3.0010047338,128.765
1.0022942039097000,0.0000000000000000,-0.0052871138937046,-0.0000000000000054,-0.0044441312598417,-0.0000000000000119,2.0644878352383689,3.0010047843,128.733
1.0022877742110008,-0.0000000000000000,-0.0052877274749570,-0.0000000000000066,-0.0044323284888791,-0.0000000000000097,2.0616310152453052,3.0010048354,128.702
1.0022813188852098,-0.0000000000000000,-0.0052883322499379,-0.0000000000000067,-0.0044204550681869,-0.0000000000000071,2.0587691689060237,3.0010048870,128.670
1.0022748356752662,-0.0000000000000000,-0.0052889279592113,-0.0000000000000019,-0.0044085066809393,-0.0000000000000268,2.0559012701134884,3.0010049393,128.637