x0_n,y0_n,z0_n,xd0_n,yd0_n,zd0_n,Tp,JC,L2ExcessVelocity_mps
1.0039914451426921,-0.0000000000000000,0.0000000019255980,-0.0000000000010397,-0.0000000005441934,0.0000055826984418,3.1509782335703949,3.0001421319,0.071
1.0039914428514416,-0.0000000000000000,0.0000000009008959,-0.0000000000014957,-0.0000000051391073,0.0000171608387940,3.1509781881373207,3.0001421316,0.217
1.0039914376701733,-0.0000000000000000,0.0000000000012846,-0.0000000000000038,-0.0000000155286549,0.0000298321074781,3.1509807563595489,3.0001421310,0.377
1.0039914287978393,-0.0000000000000000,0.0000000000029304,-0.0000000000000125,-0.0000000333207667,0.0000436992459386,3.1509847100032951,3.0001421300,0.552
1.0039914153197633,-0.0000000000000000,-0.0000000000042806,0.0000000000000264,-0.0000000603492682,0.0000588100246649,3.1509905954832318,3.0001421285,0.743
1.0039913962130500,-0.0000000000000000,-0.0000000000012899,0.0000000000000108,-0.0000000986657684,0.0000751964065190,3.1509989443204072,3.0001421263,0.950
1.0039913703607057,-0.0000000000000000,0.0000000000009407,-0.0000000000000094,-0.0000001505108956,0.0000928743379652,3.1510102408781626,3.0001421233,1.173
1.0039913365858473,-0.0000000000000000,-0.0000000000000343,-0.0000000000000002,-0.0000002182457322,0.0001118360868585,3.1510249942901059,3.0001421194,1.412
1.0039912936908222,-0.0000000000000000,-0.0000000000011707,0.0000000000000162,-0.0000003042735827,0.0001320498193011,3.1510437236802664,3.0001421145,1.668
1.0039912404869977,-0.0000000000000000,0.0000000000005816,-0.0000000000000094,-0.0000004109804108,0.0001534659481245,3.1510669212039839,3.0001421084,1.938
1.0039911758691988,-0.0000000000000000,0.0000000000016668,-0.0000000000000303,-0.0000005405856385,0.0001760064539637,3.1510951259816249,3.0001421010,2.223
1.0039910987514229,-0.0000000000000000,-0.0000000000007073,0.0000000000000151,-0.0000006952713482,0.0001996031485391,3.1511287627700599,3.0001420921,2.521
1.0039910081481977,-0.0000000000000000,0.0000000000006689,-0.0000000000000160,-0.0000008770191900,0.0002241752079124,3.1511682865298778,3.0001420817,2.831
1.0039909030910177,-0.0000000000000000,-0.0000000000017587,0.0000000000000471,-0.0000010877782473,0.0002496576534725,3.1512141028002318,3.0001420696,3.153
1.0039907826738845,-0.0000000000000000,0.0000000000010629,-0.0000000000000310,-0.0000013293738830,0.0002759870562783,3.1512666484054046,3.0001420558,3.485
1.0039906459146137,-0.0000000000000000,0.0000000000005226,-0.0000000000000166,-0.0000016037861005,0.0003031290197661,3.1513263329452994,3.0001420401,3.828
1.0039904917881142,-0.0000000000000000,0.0000000000012968,-0.0000000000000448,-0.0000019130832923,0.0003310617441425,3.1513936070322002,3.0001420223,4.181
1.0039903191578843,-0.0000000000000000,-0.0000000000008506,0.0000000000000319,-0.0000022595598180,0.0003597827035941,3.1514689583855540,3.0001420025,4.543
1.0039901268148166,-0.0000000000000000,0.0000000000006680,-0.0000000000000278,-0.0000026456588330,0.0003892960641108,3.1515529495697248,3.0001419804,4.916
1.0039899133166967,-0.0000000000000000,-0.0000000000001728,0.0000000000000077,-0.0000030742949114,0.0004196322986830,3.1516461853318765,3.0001419559,5.299
1.0039896771385486,0.0000000000000000,0.0000000000004224,-0.0000000000000193,-0.0000035485529835,0.0004508198609462,3.1517493735028927,3.0001419287,5.693
1.0039894164807113,-0.0000000000000000,0.0000000000003225,-0.0000000000000161,-0.0000040720745564,0.0004829081749983,3.1518632900417347,3.0001418988,6.098
1.0039891293359988,-0.0000000000000000,0.0000000000004107,-0.0000000000000229,-0.0000046489241012,0.0005159529750680,3.1519888108659173,3.0001418658,6.515
1.0039888135341546,-0.0000000000000000,0.0000000000004084,-0.0000000000000232,-0.0000052835009128,0.0005500088816639,3.1521269285662350,3.0001418295,6.946
1.0039884665685799,-0.0000000000000000,0.0000000000000692,-0.0000000000000049,-0.0000059808889047,0.0005851458279022,3.1522787376045351,3.0001417896,7.389
1.0039880856865286,-0.0000000000000000,-0.0000000000000220,0.0000000000000011,-0.0000067466773633,0.0006214353455145,3.1524454620154834,3.0001417458,7.847
1.0039876678162694,-0.0000000000000000,-0.0000000000003280,0.0000000000000228,-0.0000075871096500,0.0006589552906229,3.1526284601497947,3.0001416978,8.321
1.0039872096195204,-0.0000000000000000,0.0000000000003587,-0.0000000000000262,-0.0000085089806035,0.0006977825596599,3.1528292436673930,3.0001416451,8.811
1.0039867073375714,-0.0000000000000000,0.0000000000001870,-0.0000000000000157,-0.0000095199494066,0.0007380040124796,3.1530494793402650,3.0001415874,9.319
1.0039861568488957,-0.0000000000000000,-0.0000000000004468,0.0000000000000343,-0.0000106284278311,0.0007797082508610,3.1532910140809478,3.0001415241,9.846
1.0039855535958429,0.0000000000000000,0.0000000000000627,-0.0000000000000058,-0.0000118437327851,0.0008229887838967,3.1535558855870005,3.0001414548,10.392
1.0039848926295056,-0.0000000000000000,-0.0000000000000127,-0.0000000000000006,-0.0000131760016937,0.0008679382475818,3.1538463457601802,3.0001413788,10.959
1.0039841684284905,-0.0000000000000000,0.0000000000001413,-0.0000000000000146,-0.0000146365649114,0.0009146583875512,3.1541648761868997,3.0001412956,11.549
1.0039833749577141,0.0000000000000000,-0.0000000000000781,0.0000000000000078,-0.0000162378357871,0.0009632526305739,3.1545142136114777,3.0001412044,12.163
1.0039825055919498,0.0000000000000000,0.0000000000004041,-0.0000000000000435,-0.0000179934753603,0.0010138282085180,3.1548973738161110,3.0001411045,12.801
1.0039815530619478,-0.0000000000000000,0.0000000000001832,-0.0000000000000209,-0.0000199185133762,0.0010664962940807,3.1553176795282822,3.0001409950,13.466
1.0039805094026011,-0.0000000000000000,-0.0000000000000960,0.0000000000000097,-0.0000220294680803,0.0011213717936184,3.1557787882569208,3.0001408750,14.158
1.0039793658661857,-0.0000000000000000,0.0000000000001323,-0.0000000000000174,-0.0000243445397675,0.0011785747010202,3.1562847307451940,3.0001407436,14.880
1.0039781129298853,-0.0000000000000000,-0.0000000000000743,0.0000000000000090,-0.0000268836171209,0.0012382264790442,3.1568399419330770,3.0001405996,15.633
1.0039767401203943,-0.0000000000000000,-0.0000000000000651,0.0000000000000094,-0.0000296686584586,0.0013004553308970,3.1574493038833364,3.0001404418,16.418
1.0039752360086456,-0.0000000000000000,0.0000000000000525,-0.0000000000000075,-0.0000327237341694,0.0013653926672445,3.1581181904137061,3.0001402689,17.237
1.0039735881102585,-0.0000000000000000,-0.0000000000000907,0.0000000000000157,-0.0000360752663674,0.0014331740710088,3.1588525155194600,3.0001400795,18.092
1.0039717828050889,0.0000000000000000,0.0000000000000018,0.0000000000000049,-0.0000397522376232,0.0015039390735248,3.1596587847756403,3.0001398720,18.985
1.0039698052178676,-0.0000000000000000,-0.0000000000002144,0.0000000000000405,-0.0000437864886997,0.0015778322030606,3.1605441673039603,3.0001396447,19.917
1.0039676391874088,-0.0000000000000000,-0.0000000000000862,0.0000000000000230,-0.0000482128463083,0.0016550004532557,3.1615165317461105,3.0001393957,20.890
1.0039652670933585,-0.0000000000000000,-0.0000000000001976,0.0000000000000435,-0.0000530695552158,0.0017355959525533,3.1625845510752923,3.0001391230,21.906
1.0039626697651125,-0.0000000000000000,-0.0000000000001842,0.0000000000000413,-0.0000583985589912,0.0018197751389424,3.1637577757062814,3.0001388244,22.967
1.0039598264379659,-0.0000000000000000,-0.0000000000001000,0.0000000000000366,-0.0000642457022137,0.0019076965086515,3.1650466924150766,3.0001384975,24.076
1.0039567147770212,-0.0000000000000000,-0.0000000000000347,0.0000000000000134,-0.0000706608134119,0.0019995168282735,3.1664627536893470,3.0001381397,25.233
1.0039533100025906,0.0000000000000000,-0.0000000000001449,0.0000000000000551,-0.0000776996704689,0.0020954129879967,3.1680188526434274,3.0001377482,26.441
1.0039495859634751,-0.0000000000000000,-0.0000000000001374,0.0000000000000608,-0.0000854219799093,0.0021955467148275,3.1697288690280567,3.0001373200,27.702
1.0039455142504172,-0.0000000000000000,-0.0000000000002376,0.0000000000000878,-0.0000938934336091,0.0023000874131198,3.1716081747317433,3.0001368517,29.019
1.0039410642927418,-0.0000000000000000,-0.0000000000001998,0.0000000000000820,-0.0001031857839282,0.0024092056494283,3.1736736794760056,3.0001363399,30.393
1.0039362032560664,-0.0000000000000000,-0.0000000000001111,0.0000000000000573,-0.0001133773810728,0.0025230727142029,3.1759439916182335,3.0001357808,31.826
1.0039308959919628,-0.0000000000000000,-0.0000000000000750,0.0000000000000471,-0.0001245536632138,0.0026418591253710,3.1784395765027504,3.0001351702,33.321
1.0039251049638609,-0.0000000000000000,-0.0000000000001697,0.0000000000000764,-0.0001368077673662,0.0027657340181966,3.1811829517161261,3.0001345038,34.879
1.0039187902471236,-0.0000000000000000,-0.0000000000000861,0.0000000000000548,-0.0001502410673370,0.0028948632682479,3.1841988775165659,3.0001337770,36.503
1.0039119094900579,-0.0000000000000000,-0.0000000000000953,0.0000000000000548,-0.0001649638910715,0.0030294089514821,3.1875146011954367,3.0001329848,38.195
1.0039044179500280,-0.0000000000000000,-0.0000000000000583,0.0000000000000451,-0.0001810961911877,0.0031695277437274,3.1911601072386486,3.0001321220,39.955
1.0038962686494046,-0.0000000000000000,-0.0000000000000814,0.0000000000000501,-0.0001987680857294,0.0033153678571346,3.1951683574296021,3.0001311832,41.787
1.0038874124566783,0.0000000000000000,0.0000000000000208,-0.0000000000000135,-0.0002181207051938,0.0034670683128542,3.1995756214089934,3.0001301624,43.691
1.0038777983502507,-0.0000000000000000,-0.0000000000000095,0.0000000000000007,-0.0002393068106233,0.0036247558723790,3.2044217832702540,3.0001290537,45.670
1.0038673736104307,-0.0000000000000000,-0.0000000000000391,0.0000000000000280,-0.0002624917570315,0.0037885443122327,3.2097507561087482,3.0001278507,47.724
1.0038560844936206,-0.0000000000000000,0.0000000000000073,-0.0000000000000093,-0.0002878535951511,0.0039585273499191,3.2156107356147507,3.0001265470,49.855
1.0038438760191815,-0.0000000000000000,-0.0000000000000157,0.0000000000000014,-0.0003155853948407,0.0041347865050334,3.2220550070236986,3.0001251358,52.063
1.0038306937413140,0.0000000000000000,0.0000000000000137,-0.0000000000000065,-0.0003458933482344,0.0043173709413651,3.2291418255953861,3.0001236104,54.350
1.0038164833751804,-0.0000000000000000,-0.0000000000000077,0.0000000000000027,-0.0003789999855347,0.0045063108463279,3.2369355370556021,3.0001219639,56.714
1.0038011923592640,-0.0000000000000000,-0.0000000000000130,0.0000000000001548,-0.0004151432822356,0.0047016045400491,3.2455068101383104,3.0001201894,59.156
1.0037847716452510,-0.0000000000000000,0.0000000000000208,-0.0000000000000095,-0.0004545753852886,0.0049032067970016,3.2549328394489079,3.0001182802,61.676
1.0037671733324933,-0.0000000000000000,-0.0000000000000030,0.0000000000000296,-0.0004975716861330,0.0051110691684042,3.2653001150742051,3.0001162295,64.273
1.0037483583618936,-0.0000000000000000,0.0000000000000378,-0.0000000000000431,-0.0005444158722276,0.0053250604252123,3.2767015398067811,3.0001140312,66.945
1.0037282891699988,-0.0000000000000000,-0.0000000000000140,0.0000000000004160,-0.0005954220242202,0.0055450670840066,3.2892426006741982,3.0001116788,69.691
1.0037069433141645,-0.0000000000000000,-0.0000000000001526,0.0000000000007863,-0.0006509046954119,0.0057708565659994,3.3030350257820702,3.0001091673,72.507
1.0036843008263479,-0.0000000000000000,-0.0000000000000456,0.0000000000002221,-0.0007112156640941,0.0060022330571109,3.3182069548925170,3.0001064909,75.393
1.0036603631694749,-0.0000000000000000,-0.0000000000001008,0.0000000000004000,-0.0007766988990069,0.0062388572036543,3.3348930430178267,3.0001036460,78.345
1.0036351535592543,-0.0000000000000000,0.0000000000000564,-0.0000000000000604,-0.0008476909577488,0.0064802762621988,3.3532356661348799,3.0001006303,81.356
1.0036086709835630,-0.0000000000000000,-0.0000000000000782,0.0000000000004715,-0.0009246575051021,0.0067263735141231,3.3734223447190756,3.0000974375,84.428
1.0035809790969881,-0.0000000000000000,0.0000000000000140,0.0000000000000319,-0.0010079456876032,0.0069765425883610,3.3956237470600934,3.0000940677,87.553
1.0035521390729443,-0.0000000000000000,0.0000000000000349,-0.0000000000000289,-0.0010979770326257,0.0072303495429836,3.4200461912217222,3.0000905190,90.727
1.0035222647169491,-0.0000000000000000,0.0000000000000932,-0.0000000000001576,-0.0011950799464733,0.0074870577762406,3.4468894638603960,3.0000867938,93.944
1.0034944250088069,-0.0000000000000000,0.0000000000000351,-0.0000000000000483,-0.0012894065028815,0.0077214705053052,3.4734754336263660,3.0000832700,96.889
1.0034684549917503,-0.0000000000000000,-0.0000000000000086,0.0000000000001597,-0.0013810407735290,0.0079366372745669,3.4997955436946255,3.0000799298,99.600
1.0034415854482883,-0.0000000000000000,0.0000000000000150,-0.0000000000000051,-0.0014798942761686,0.0081563414295486,3.5287482545462101,3.0000764117,102.378
