x0_n,y0_n,z0_n,xd0_n,yd0_n,zd0_n,Tp,JC,L2ExcessVelocity_mps,...,error_tol=1e-09,n_Nodes=6,stepsize=2.0
1.0031129362693090,-0.0000000000000001,-0.0007743003727272,-0.0075049244077557,-0.0094055492346155,-0.0059058943299650,7.9530306603063758,2.9999664726,167.376
1.0031129362693090,-0.0000000000000001,-0.0007743003727272,-0.0075049244077557,-0.0094055492346155,-0.0059058943299650,7.9530306603063758,2.9999664726,167.376
1.0031124670671359,-0.0000000000000000,-0.0007732680071826,-0.0075040484431022,-0.0094050349852056,-0.0059097114890845,7.9531056348925491,2.9999664692,167.378
1.0032162874081287,0.0000000000000000,-0.0014087810286191,-0.0083182493450382,-0.0093062698755979,-0.0037712836886181,7.9532522102822565,2.9999664625,167.381
1.0032159731704875,-0.0000000000000000,-0.0014107447446536,-0.0083219049463132,-0.0093045812733624,-0.0037647353210086,7.9534061185735938,2.9999664555,167.385
1.0032156406384862,-0.0000000000000000,-0.0014127906875101,-0.0083257244354455,-0.0093028108820651,-0.0037579084483181,7.9535677002416225,2.9999664481,167.388
1.0032152886604935,0.0000000000000000,-0.0014149218584712,-0.0083297148335985,-0.0093009546716264,-0.0037507924475109,7.9537373347830531,2.9999664404,167.392
1.0032149162078894,-0.0000000000000000,-0.0014171401546143,-0.0083338812246904,-0.0092990094453134,-0.0037433803192793,7.9539153866861643,2.9999664323,167.396
1.0032145218655317,-0.0000000000000000,-0.0014194493951741,-0.0083382324434392,-0.0092969701830836,-0.0037356585722566,7.9541022902399661,2.9999664237,167.400
1.0032141044078795,-0.0000000000000000,-0.0014218518514240,-0.0083427745725339,-0.0092948330701798,-0.0037276188100084,7.9542984683898892,2.9999664148,167.404
1.0032136624258887,-0.0000000000000000,-0.0014243504424515,-0.0083475150772431,-0.0092925935621617,-0.0037192503874354,7.9545043599094090,2.9999664054,167.408
1.0032131944336995,-0.0000000000000000,-0.0014269480672516,-0.0083524615637785,-0.0092902469587770,-0.0037105426346091,7.9547204480580405,2.9999663955,167.413
1.0032126988827510,-0.0000000000000000,-0.0014296475034762,-0.0083576215966492,-0.0092877884863527,-0.0037014851891433,7.9549472095258098,2.9999663851,167.418
1.0032121741992324,-0.0000000000000000,-0.0014324511918691,-0.0083630022926384,-0.0092852134895273,-0.0036920687137846,7.9551851428039519,2.9999663742,167.423
1.0032116185272588,-0.0000000000000000,-0.0014353625739393,-0.0083686129035633,-0.0092825161885193,-0.0036822803937320,7.9554347823778375,2.9999663628,167.429
1.0032110300698576,-0.0000000000000000,-0.0014383842303932,-0.0083744612613417,-0.0092796913728441,-0.0036721101773689,7.9556966699052758,2.9999663508,167.434
1.0032104068887515,-0.0000000000000000,-0.0014415189306638,-0.0083805558024740,-0.0092767334289769,-0.0036615472427651,7.9559713977943405,2.9999663382,167.440
1.0032097469143473,-0.0000000000000000,-0.0014447695337996,-0.0083869053985170,-0.0092736364127851,-0.0036505803168712,7.9562595769502602,2.9999663250,167.447
1.0032090480252243,-0.0000000000000000,-0.0014481385662577,-0.0083935185473599,-0.0092703944381988,-0.0036391990878605,7.9565618308072592,2.9999663111,167.453
1.0032083079244767,-0.0000000000000000,-0.0014516288004932,-0.0084004045195404,-0.0092670011122769,-0.0036273922405229,7.9568788009131142,2.9999662966,167.460
1.0032075242147676,-0.0000000000000000,-0.0014552428504150,-0.0084075725864915,-0.0092634499052622,-0.0036151488067495,7.9572111447892677,2.9999662813,167.467
1.0032066943700659,-0.0000000000000000,-0.0014589832783082,-0.0084150322469646,-0.0092597340342394,-0.0036024577903693,7.9575596073884727,2.9999662653,167.475
1.0032058157212553,-0.0000000000000000,-0.0014628526255169,-0.0084227933084883,-0.0092558464159975,-0.0035893080466772,7.9579248793893962,2.9999662485,167.483
1.0032048854285431,-0.0000000000000000,-0.0014668534932151,-0.0084308660736710,-0.0092517795655868,-0.0035756879888979,7.9583078071666975,2.9999662308,167.492
1.0032039006377997,-0.0000000000000000,-0.0014709878458499,-0.0084392599514609,-0.0092475262918992,-0.0035615879434220,7.9587091373005290,2.9999662123,167.500
1.0032028582245767,-0.0000000000000000,-0.0014752580822776,-0.0084479856384851,-0.0092430785934301,-0.0035469964850355,7.9591296875703055,2.9999661929,167.510
1.0032017549079661,-0.0000000000000000,-0.0014796664932898,-0.0084570540569027,-0.0092384281827427,-0.0035319022583263,7.9595703425934889,2.9999661725,167.519
1.0032005872825327,-0.0000000000000000,-0.0014842151070338,-0.0084664760571028,-0.0092335666345293,-0.0035162944865281,7.9600320060635541,2.9999661512,167.529
1.0031993518215814,-0.0000000000000000,-0.0014889056642475,-0.0084762623795815,-0.0092284854047582,-0.0035001630392872,7.9605156314052667,2.9999661288,167.540
1.0031980445388751,-0.0000000000000000,-0.0014937408442082,-0.0084864262539216,-0.0092231744687810,-0.0034834941836652,7.9610221951944000,2.9999661053,167.551
1.0031966616963870,-0.0000000000000000,-0.0014987215796638,-0.0084969778029139,-0.0092176252305375,-0.0034662798030447,7.9615526978095801,2.9999660807,167.563
1.0031951991255024,-0.0000000000000000,-0.0015038495804399,-0.0085079293475073,-0.0092118277574130,-0.0034485086842486,7.9621082151697999,2.9999660548,167.575
1.0031936522514779,-0.0000000000000000,-0.0015091271024535,-0.0085192950159188,-0.0092057709509625,-0.0034301672488791,7.9626898844591389,2.9999660278,167.588
1.0031920166641064,-0.0000000000000000,-0.0015145549513853,-0.0085310864869312,-0.0091994448056310,-0.0034112464530524,7.9632988248124770,2.9999659994,167.602
1.0031902874418426,-0.0000000000000000,-0.0015201347711013,-0.0085433179403076,-0.0091928377704328,-0.0033917338060767,7.9639362650011920,2.9999659696,167.616
1.0031884596598963,-0.0000000000000000,-0.0015258673036724,-0.0085560023251727,-0.0091859387405240,-0.0033716193922030,7.9646034710590863,2.9999659384,167.631
1.0031865278317296,-0.0000000000000000,-0.0015317541312848,-0.0085691552337646,-0.0091787349529380,-0.0033508897295903,7.9653017543907190,2.9999659057,167.646
1.0031844864291544,-0.0000000000000000,-0.0015377959797016,-0.0085827912089854,-0.0091712139817719,-0.0033295336686794,7.9660325216407601,2.9999658714,167.663
1.0031823294642481,-0.0000000000000000,-0.0015439939547271,-0.0085969265504069,-0.0091633621969492,-0.0033075379922017,7.9667972024293805,2.9999658355,167.680
1.0031800508829540,-0.0000000000000000,-0.0015503483378055,-0.0086115766429621,-0.0091551662327001,-0.0032848916231767,7.9675973137880369,2.9999657978,167.698
1.0031776441116655,-0.0000000000000000,-0.0015568598403140,-0.0086267588744279,-0.0091466113602583,-0.0032615811165252,7.9684344359449728,2.9999657582,167.716
1.0031751022824831,-0.0000000000000000,-0.0015635288839624,-0.0086424910724841,-0.0091376823426122,-0.0032375931409455,7.9693102213084419,2.9999657168,167.736
1.0031724182127957,-0.0000000000000000,-0.0015703556119247,-0.0086587915898924,-0.0091283633823613,-0.0032129143766311,7.9702264401000713,2.9999656734,167.757
1.0031695843919235,-0.0000000000000000,-0.0015773398773762,-0.0086756793420576,-0.0091186380960195,-0.0031875314889528,7.9711849043015928,2.9999656278,167.778
1.0031665925728055,-0.0000000000000000,-0.0015844821572319,-0.0086931761309112,-0.0091084881573040,-0.0031614277060152,7.9721875374335749,2.9999655801,167.801
1.0031634345698188,-0.0000000000000000,-0.0015917815423797,-0.0087113018546315,-0.0090978960544103,-0.0031345900476120,7.9732363233394716,2.9999655300,167.825
1.0031601014843452,-0.0000000000000000,-0.0015992375534487,-0.0087300790185318,-0.0090868424762083,-0.0031070026156485,7.9743333729829899,2.9999654774,167.850
1.0031565839473273,-0.0000000000000000,-0.0016068494503978,-0.0087495311892593,-0.0090753071882871,-0.0030786489875864,7.9754809034603706,2.9999654223,167.876
1.0031528721658385,-0.0000000000000000,-0.0016146160596717,-0.0087696826696731,-0.0090632692184916,-0.0030495127462317,7.9766812270857690,2.9999653645,167.903
1.0031489558271769,-0.0000000000000000,-0.0016225359099563,-0.0087905589658876,-0.0090507065744636,-0.0030195768549466,7.9779367606596496,2.9999653038,167.932
1.0031448239887235,-0.0000000000000000,-0.0016306073594731,-0.0088121872815182,-0.0090375959342603,-0.0029888230280958,7.9792500418164556,2.9999652401,167.963
1.0031404653087026,-0.0000000000000000,-0.0016388280535516,-0.0088345952270631,-0.0090239134199050,-0.0029572336432406,7.9806237578239863,2.9999651733,167.994
1.0031358675683435,-0.0000000000000000,-0.0016471957470769,-0.0088578132166391,-0.0090096331317239,-0.0029247884284196,7.9820606972142301,2.9999651031,168.028
1.0031310180372655,-0.0000000000000000,-0.0016557074918334,-0.0088818724734925,-0.0089947283517318,-0.0028914673826705,7.9835637692231813,2.9999650294,168.063
1.0031259036287861,-0.0000000000000000,-0.0016643593220983,-0.0089068042615561,-0.0089791720357352,-0.0028572518729710,7.9851360517211756,2.9999649520,168.099
1.0031205101112868,-0.0000000000000000,-0.0016731475105572,-0.0089326436881377,-0.0089629344470315,-0.0028221194855437,7.9867807572482077,2.9999648708,168.138
1.0031148226183106,-0.0000000000000000,-0.0016820675408784,-0.0089594270660290,-0.0089459847828137,-0.0027860478016697,7.9885012072388184,2.9999647853,168.178
1.0031088259994978,-0.0000000000000000,-0.0016911135108886,-0.0089871902765927,-0.0089282922354905,-0.0027490166436773,7.9903009210929703,2.9999646956,168.221
1.0031025037458763,-0.0000000000000000,-0.0017002796892457,-0.0090159737443058,-0.0089098228454123,-0.0027110015019545,7.9921835262322469,2.9999646012,168.266
1.0030958388623250,-0.0000000000000000,-0.0017095590460965,-0.0090458182880112,-0.0088905421421389,-0.0026719792236526,7.9941528109867450,2.9999645020,168.313
1.0030888137714808,-0.0000000000000000,-0.0017189433592694,-0.0090767656163991,-0.0088704148705447,-0.0026319273937067,7.9962127059202706,2.9999643976,168.362
1.0030814089747699,-0.0000000000000000,-0.0017284248473846,-0.0091088641365870,-0.0088494012210375,-0.0025908169847078,7.9983674737280159,2.9999642879,168.414
1.0030736067278085,-0.0000000000000000,-0.0017379913575273,-0.0091421530054221,-0.0088274673013845,-0.0025486329034236,8.0006209406676145,2.9999641724,168.469
1.0030653871320667,-0.0000000000000000,-0.0017476314361530,-0.0091766792817423,-0.0088045740016138,-0.0025053519651258,8.0029774150839863,2.9999640508,168.526
1.0030567304213283,-0.0000000000000000,-0.0017573313674384,-0.0092124881052793,-0.0087806834889185,-0.0024609555295786,8.0054409292559185,2.9999639229,168.587
1.0030476197940053,-0.0000000000000000,-0.0017670723647956,-0.0092496115643560,-0.0087557668352906,-0.0024154429244806,8.0080148656125285,2.9999637884,168.650
1.0030380468736206,-0.0000000000000000,-0.0017768259866099,-0.0092880480704063,-0.0087298183360412,-0.0023688553731181,8.0106999424859691,2.9999636470,168.717
1.0030280700422014,-0.0000000000000000,-0.0017865010975995,-0.0093275356694204,-0.0087030105515716,-0.0023215436362892,8.0134785401104320,2.9999634996,168.787
1.0028257794259676,-0.0000000000000000,-0.0019091163091938,-0.0100525669946174,-0.0081939346980257,-0.0015356806102967,8.0668353321169679,2.9999604338,170.229
1.0028258502443936,-0.0000000000000000,-0.0019090912330872,-0.0100523287157311,-0.0081941047652032,-0.0015359168356459,8.0668174124763112,2.9999604349,170.229
1.0028259245168485,-0.0000000000000000,-0.0019090649236109,-0.0100520788080394,-0.0081942831316806,-0.0015361646031559,8.0667985772780479,2.9999604360,170.228
1.0028260025526299,-0.0000000000000000,-0.0019090372696647,-0.0100518162297690,-0.0081944705409216,-0.0015364249476917,8.0667787924535386,2.9999604373,170.227
1.0028260844016375,-0.0000000000000000,-0.0019090082518588,-0.0100515408118181,-0.0081946671135231,-0.0015366980391681,8.0667580248661395,2.9999604385,170.227
1.0028261704117130,-0.0000000000000000,-0.0019089777450034,-0.0100512513824092,-0.0081948736857094,-0.0015369850419076,8.0667362101040450,2.9999604399,170.226
1.0028262605774545,-0.0000000000000000,-0.0019089457489498,-0.0100509479582773,-0.0081950902454224,-0.0015372859420276,8.0667133379085918,2.9999604413,170.226
1.0028263553549435,-0.0000000000000000,-0.0019089120995521,-0.0100506290030150,-0.0081953178891122,-0.0015376022661992,8.0666893000328788,2.9999604428,170.225
1.0028264548467776,-0.0000000000000000,-0.0019088767578653,-0.0100502941695814,-0.0081955568643156,-0.0015379343618747,8.0666640680526811,2.9999604444,170.224
1.0028265593108936,-0.0000000000000000,-0.0019088396294499,-0.0100499425879229,-0.0081958077918582,-0.0015382830957161,8.0666375658808107,2.9999604460,170.223
1.0028266689941880,-0.0000000000000000,-0.0019088006234963,-0.0100495734249581,-0.0081960712661496,-0.0015386492980624,8.0666097306974134,2.9999604477,170.223
1.0028267842246705,-0.0000000000000000,-0.0019087596199584,-0.0100491855743216,-0.0081963480766134,-0.0015390340708558,8.0665805193045568,2.9999604495,170.222
1.0028269050871230,-0.0000000000000000,-0.0019087165849124,-0.0100487787480003,-0.0081966384286126,-0.0015394377047750,8.0665498498070818,2.9999604514,170.221
1.0028270320329555,-0.0000000000000000,-0.0019086713535404,-0.0100483514236642,-0.0081969434083996,-0.0015398617155607,8.0665176447835680,2.9999604534,170.220
1.0028271653813885,-0.0000000000000000,-0.0019086238075242,-0.0100479025235496,-0.0081972637849176,-0.0015403071786250,8.0664838117023603,2.9999604555,170.219
1.0028273053454122,-0.0000000000000000,-0.0019085738659028,-0.0100474313271126,-0.0081976000721157,-0.0015407748155663,8.0664483007755425,2.9999604577,170.218
1.0028274523194673,-0.0000000000000000,-0.0019085213823816,-0.0100469365025400,-0.0081979532202016,-0.0015412659554433,8.0664110067926007,2.9999604600,170.217
1.0028276066254525,-0.0000000000000001,-0.0019084662359312,-0.0100464169618156,-0.0081983240053113,-0.0015417816861423,8.0663718561358539,2.9999604624,170.216
1.0028277686297549,-0.0000000000000001,-0.0019084082888700,-0.0100458714665671,-0.0081987133108711,-0.0015423232457955,8.0663307519265146,2.9999604650,170.214
1.0028279386622621,-0.0000000000000000,-0.0019083474157963,-0.0100452989007772,-0.0081991219329258,-0.0015428917520867,8.0662875926402631,2.9999604676,170.213
1.0028281172357179,-0.0000000000000000,-0.0019082834249615,-0.0100446975321087,-0.0081995511073217,-0.0015434889358107,8.0662422765308293,2.9999604704,170.212
1.0028283047767856,-0.0000000000000000,-0.0019082161544009,-0.0100440659172775,-0.0082000018635530,-0.0015441162421009,8.0661946838935119,2.9999604734,170.211
1.0028285016261007,-0.0000000000000000,-0.0019081454719577,-0.0100434029020124,-0.0082004750247656,-0.0015447748304072,8.0661447173710865,2.9999604765,170.209
1.0028287083300564,-0.0000000000000001,-0.0019080711704622,-0.0100427066382675,-0.0082009719091938,-0.0015454665508564,8.0660922534836743,2.9999604797,170.208
1.0028289253358378,-0.0000000000000001,-0.0019079930769981,-0.0100419756110652,-0.0082014935972797,-0.0015461929245000,8.0660371675965905,2.9999604831,170.206
1.0028291531967570,-0.0000000000000000,-0.0019079109790935,-0.0100412079470784,-0.0082020414250937,-0.0015469558302508,8.0659793279484369,2.9999604867,170.204
1.0028293924145648,-0.0000000000000000,-0.0019078246811886,-0.0100404019453763,-0.0082026166055868,-0.0015477569778529,8.0659185894885361,2.9999604904,170.203
1.0028296436038695,-0.0000000000000000,-0.0019077339452482,-0.0100395555235637,-0.0082032206238003,-0.0015485984585280,8.0658548184870238,2.9999604944,170.201
1.0028299073450644,-0.0000000000000000,-0.0019076385436066,-0.0100386667131555,-0.0082038548834088,-0.0015494822529199,8.0657878540994954,2.9999604985,170.199
1.0028301842230849,-0.0000000000000001,-0.0019075382448519,-0.0100377335287588,-0.0082045207999385,-0.0015504103611509,8.0657175415848084,2.9999605029,170.197
1.0028304749503834,-0.0000000000000000,-0.0019074327689977,-0.0100367535535795,-0.0082052200966700,-0.0015513852155734,8.0656437104895247,2.9999605074,170.195
1.0028307801947212,-0.0000000000000000,-0.0019073218495775,-0.0100357245194672,-0.0082059543905884,-0.0015524091041731,8.0655661861943386,2.9999605122,170.192
1.0028311006762192,-0.0000000000000001,-0.0019072051982307,-0.0100346439797321,-0.0082067254259236,-0.0015534844963514,8.0654847849548084,2.9999605172,170.190
1.0028314368138624,-0.0000000000000000,-0.0019070826333290,-0.0100335105008637,-0.0082075342237254,-0.0015546128569299,8.0653993150925007,2.9999605225,170.188
1.0028317900938564,-0.0000000000000000,-0.0019069535804677,-0.0100323190480658,-0.0082083843744839,-0.0015557992404858,8.0653095654486773,2.9999605280,170.185
1.0028321604582058,-0.0000000000000000,-0.0019068180251982,-0.0100310697913586,-0.0082092757545636,-0.0015570435243526,8.0652154653389019,2.9999605338,170.182
1.0028325500407305,-0.0000000000000000,-0.0019066751467496,-0.0100297555046924,-0.0082102135173363,-0.0015583529578683,8.0651164661394361,2.9999605399,170.179
1.0028329587738791,-0.0000000000000001,-0.0019065249256987,-0.0100283763841876,-0.0082111975199359,-0.0015597274034439,8.0650125889034747,2.9999605463,170.176
1.0028333881456164,-0.0000000000000000,-0.0019063667669666,-0.0100269273745135,-0.0082122313660816,-0.0015611719623118,8.0649034633996539,2.9999605530,170.173
1.0028338387227993,-0.0000000000000000,-0.0019062004084087,-0.0100254065242109,-0.0082133164444779,-0.0015626886496790,8.0647889142484939,2.9999605601,170.170
1.0028343118460021,-0.0000000000000001,-0.0019060252964018,-0.0100238092659529,-0.0082144560097191,-0.0015642820970568,8.0646686192850492,2.9999605675,170.166
1.0028348085792831,-0.0000000000000001,-0.0019058409720375,-0.0100221319603467,-0.0082156526537745,-0.0015659560201668,8.0645423112595758,2.9999605753,170.163
1.0028353300800761,-0.0000000000000001,-0.0019056469340665,-0.0100203706470818,-0.0082169091969864,-0.0015677144650818,8.0644096810931831,2.9999605834,170.159
1.0028358776197157,-0.0000000000000001,-0.0019054426301273,-0.0100185209745882,-0.0082182287380745,-0.0015695618798289,8.0642704146945405,2.9999605920,170.155
1.0028364523505000,-0.0000000000000000,-0.0019052275428092,-0.0100165789864830,-0.0082196140931448,-0.0015715023301525,8.0641241794252032,2.9999606010,170.151
1.0028370558646353,-0.0000000000000000,-0.0019050009795480,-0.0100145392321594,-0.0082210691433109,-0.0015735413884936,8.0639706222421417,2.9999606104,170.146
1.0028376894032704,-0.0000000000000001,-0.0019047623673876,-0.0100123974383759,-0.0082225969288377,-0.0015756834662439,8.0638093796447361,2.9999606203,170.142
1.0028383545257624,-0.0000000000000001,-0.0019045110010491,-0.0100101482468047,-0.0082242012629113,-0.0015779340762589,8.0636400680835152,2.9999606307,170.137
1.0028390527627586,-0.0000000000000000,-0.0019042461716308,-0.0100077863853304,-0.0082258858959666,-0.0015802986639670,8.0634622845027639,2.9999606416,170.132
1.0028397858874629,-0.0000000000000000,-0.0019039670622769,-0.0100053057493776,-0.0082276551707743,-0.0015827835289945,8.0632755911064340,2.9999606531,170.126
1.0028405554448137,-0.0000000000000000,-0.0019036729253602,-0.0100027009932987,-0.0082295128872267,-0.0015853942337414,8.0630795552798471,2.9999606651,170.121
1.0028413634223461,-0.0000000000000000,-0.0019033628250252,-0.0099999652589743,-0.0082314639221157,-0.0015881378813062,8.0628737008141265,2.9999606777,170.115
1.0028422115486719,-0.0000000000000001,-0.0019030359029859,-0.0099970925482600,-0.0082335125368685,-0.0015910207406657,8.0626575442936410,2.9999606909,170.109
1.0028431018995079,-0.0000000000000000,-0.0019026911439277,-0.0099940756695724,-0.0082356638417450,-0.0015940503086463,8.0624305696522622,2.9999607048,170.102
1.0028440365993530,-0.0000000000000001,-0.0019023274868955,-0.0099909072454178,-0.0082379230768676,-0.0015972343034273,8.0621922306552545,2.9999607194,170.095
1.0028450177570007,-0.0000000000000000,-0.0019019438479401,-0.0099875799290387,-0.0082402954575736,-0.0016005804501678,8.0619419547226610,2.9999607346,170.088
1.0028460477231764,-0.0000000000000000,-0.0019015390165734,-0.0099840855284292,-0.0082427867984299,-0.0016040973653578,8.0616791505708711,2.9999607507,170.081
1.0028471289354612,-0.0000000000000000,-0.0019011117120753,-0.0099804155286822,-0.0082454031404201,-0.0016077940372889,8.0614031823760115,2.9999607675,170.073
1.0028482639174283,-0.0000000000000001,-0.0019006605799567,-0.0099765610917683,-0.0082481507505227,-0.0016116798312251,8.0611133875454222,2.9999607852,170.064
1.0028494552880389,-0.0000000000000000,-0.0019001841840718,-0.0099725130211884,-0.0082510361463459,-0.0016157645304293,8.0608090814147744,2.9999608037,170.056
1.0028507058738445,-0.0000000000000000,-0.0018996809566163,-0.0099682613764401,-0.0082540663701825,-0.0016200587317771,8.0604895265529262,2.9999608232,170.047
1.0028520185573877,-0.0000000000000001,-0.0018991492530968,-0.0099637959833945,-0.0082572486244484,-0.0016245733380953,8.0601539616272078,2.9999608436,170.037
1.0028533964102826,-0.0000000000000001,-0.0018985872926577,-0.0099591059765776,-0.0082605905969383,-0.0016293200283122,8.0598015860458645,2.9999608650,170.027
1.0028548426289619,-0.0000000000000001,-0.0018979931770364,-0.0099541800119411,-0.0082641003081793,-0.0016343110515096,8.0594315534412857,2.9999608874,170.016
1.0028563606589340,-0.0000000000000000,-0.0018973648314336,-0.0099490058364942,-0.0082677864167904,-0.0016395596733494,8.0590429670969002,2.9999609109,170.005
