x0_n,y0_n,z0_n,xd0_n,yd0_n,zd0_n,Tp,JC,L2ExcessVelocity_mps,landingVelocity_mps,stabilityIndex1,stabilityIndex2...,error_tol=1e-13,n=1.000375693269153
1.0040708732338919,-0.0000000000000020,0.0000000000000000,-0.0000000000000022,-0.0000001399220678,-0.0000890080953350,3.2175957074976402,3.0018661720,1.124,189.147,2490.8792,1.9480
1.0040709405575765,0.0000000000000031,0.0000000000000000,0.0000000000000011,-0.0000000023863272,0.0000116240387631,3.2175634082997289,3.0018661798,0.147,189.144,2491.1478,1.9480
1.0040708327827492,-0.0000000000000032,0.0000000000000000,-0.0000000000000022,-0.0000002225636177,0.0001122561728612,3.2176151090731082,3.0018661673,1.417,189.149,2490.7177,1.9479
1.0040705499157441,-0.0000000000000005,0.0000000000000000,-0.0000000000000005,-0.0000008005394398,0.0002128883069593,3.2177508096266831,3.0018661346,2.687,189.163,2489.5892,1.9478
1.0040700919732226,0.0000000000000012,0.0000000000000000,0.0000000000000007,-0.0000017365384222,0.0003135204410574,3.2179706088827129,3.0018660816,3.958,189.186,2487.7630,1.9476
1.0040694589822012,0.0000000000000022,0.0000000000000000,0.0000000000000003,-0.0000030309244293,0.0004141525751556,3.2182746438975980,3.0018660084,5.228,189.216,2485.2403,1.9472
1.0040686509801418,0.0000000000000088,0.0000000000000000,0.0000000000000035,-0.0000046842010444,0.0005147847092537,3.2186631067126266,3.0018659149,6.498,189.256,2482.0230,1.9468
1.0040676680150542,-0.0000000000000018,0.0000000000000000,0.0000000000000004,-0.0000066970120946,0.0006154168433518,3.2191362428201211,3.0018658012,7.769,189.304,2478.1133,1.9463
1.0040665101456294,0.0000000000000024,0.0000000000000000,-0.0000000000000009,-0.0000090701423221,0.0007160489774499,3.2196943518286743,3.0018656673,9.039,189.360,2473.5139,1.9458
1.0040651774414084,-0.0000000000000019,0.0000000000000000,0.0000000000000011,-0.0000118045182455,0.0008166811115480,3.2203377874551551,3.0018655131,10.309,189.425,2468.2279,1.9451
1.0040636699829804,-0.0000000000000042,0.0000000000000000,-0.0000000000000015,-0.0000149012091849,0.0009173132456461,3.2210669585582510,3.0018653387,11.579,189.498,2462.2590,1.9443
1.0040619878622161,-0.0000000000000005,0.0000000000000000,0.0000000000000014,-0.0000183614284383,0.0010179453797442,3.2218823292648446,3.0018651440,12.848,189.580,2455.6115,1.9435
1.0040601311825115,-0.0000000000000006,0.0000000000000000,-0.0000000000000006,-0.0000221865345201,0.0011185775138423,3.2227844199031441,3.0018649292,14.118,189.670,2448.2897,1.9425
1.0040581000590940,-0.0000000000000007,0.0000000000000000,0.0000000000000005,-0.0000263780327074,0.0012192096479404,3.2237738076429698,3.0018646941,15.387,189.769,2440.2989,1.9415
1.0040558946193450,-0.0000000000000020,0.0000000000000000,-0.0000000000000007,-0.0000309375766923,0.0013198417820385,3.2248511274712168,3.0018644389,16.657,189.876,2431.6446,1.9404
1.0040535150031578,-0.0000000000000013,0.0000000000000000,-0.0000000000000009,-0.0000358669703729,0.0014204739161367,3.2260170729218065,3.0018641635,17.926,189.992,2422.3327,1.9392
1.0040509613633299,-0.0000000000000016,0.0000000000000000,-0.0000000000000007,-0.0000411681698301,0.0015211060502348,3.2272723973097315,3.0018638679,19.195,190.116,2412.3697,1.9379
1.0040482338659800,0.0000000000000056,0.0000000000000000,0.0000000000000028,-0.0000468432854234,0.0016217381843329,3.2286179146403189,3.0018635521,20.464,190.248,2401.7625,1.9365
1.0040453326910412,-0.0000000000000003,0.0000000000000000,-0.0000000000000004,-0.0000528945842583,0.0017223703184310,3.2300545010120083,3.0018632162,21.733,190.389,2390.5183,1.9350
1.0040422580327408,-0.0000000000000001,0.0000000000000000,0.0000000000000018,-0.0000593244925841,0.0018230024525291,3.2315830957422826,3.0018628602,23.001,190.537,2378.6449,1.9335
1.0040390101001431,-0.0000000000000008,0.0000000000000000,0.0000000000000017,-0.0000661355984646,0.0019236345866272,3.2332047029509785,3.0018624840,24.269,190.695,2366.1506,1.9318
1.0040355891177470,0.0000000000000013,0.0000000000000000,0.0000000000000002,-0.0000733306547871,0.0020242667207253,3.2349203929190127,3.0018620877,25.537,190.860,2353.0438,1.9300
1.0040319953260926,-0.0000000000000011,0.0000000000000000,-0.0000000000000021,-0.0000809125821932,0.0021248988548234,3.2367313038575705,3.0018616713,26.805,191.034,2339.3337,1.9282
1.0040282289824380,-0.0000000000000011,0.0000000000000000,-0.0000000000000014,-0.0000888844724162,0.0022255309889215,3.2386386435507890,3.0018612348,28.072,191.216,2325.0296,1.9263
1.0040242903614691,0.0000000000000016,0.0000000000000000,0.0000000000000003,-0.0000972495917812,0.0023261631230196,3.2406436912701371,3.0018607783,29.340,191.406,2310.1413,1.9242
1.0040201797560706,0.0000000000000000,0.0000000000000000,0.0000000000000030,-0.0001060113848863,0.0024267952571178,3.2427477997655596,3.0018603017,30.607,191.604,2294.6791,1.9221
1.0040158974780988,0.0000000000000021,0.0000000000000000,-0.0000000000000000,-0.0001151734783488,0.0025274273912159,3.2449523973857017,3.0018598051,31.873,191.811,2278.6536,1.9199
1.0040114438592966,0.0000000000000010,0.0000000000000000,0.0000000000000006,-0.0001247396852471,0.0026280595253140,3.2472589902927962,3.0018592884,33.140,192.025,2262.0756,1.9176
1.0040068192521550,0.0000000000000025,0.0000000000000000,0.0000000000000005,-0.0001347140091424,0.0027286916594121,3.2496691649443652,3.0018587518,34.406,192.248,2244.9566,1.9152
1.0040020240309060,-0.0000000000000040,0.0000000000000000,-0.0000000000000015,-0.0001451006488178,0.0028293237935102,3.2521845905982025,3.0018581952,35.672,192.478,2227.3082,1.9127
1.0039970585925544,0.0000000000000008,0.0000000000000000,0.0000000000000004,-0.0001559040031289,0.0029299559276083,3.2548070220494476,3.0018576186,36.937,192.717,2209.1424,1.9101
1.0039919233579544,-0.0000000000000013,0.0000000000000000,-0.0000000000000011,-0.0001671286759995,0.0030305880617064,3.2575383024666804,3.0018570220,38.203,192.964,2190.4716,1.9075
1.0039866187729791,-0.0000000000000017,0.0000000000000000,-0.0000000000000008,-0.0001787794818442,0.0031312201958045,3.2603803665176398,3.0018564055,39.467,193.218,2171.3085,1.9047
1.0039811453097238,-0.0000000000000013,0.0000000000000000,-0.0000000000000002,-0.0001908614510629,0.0032318523299026,3.2633352435647938,3.0018557691,40.732,193.480,2151.6660,1.9018
1.0039755034678146,0.0000000000000015,0.0000000000000000,0.0000000000000010,-0.0002033798359567,0.0033324844640008,3.2664050611191859,3.0018551128,41.996,193.750,2131.5575,1.8989
1.0039696937757796,-0.0000000000000022,0.0000000000000000,-0.0000000000000000,-0.0002163401169372,0.0034331165980989,3.2695920484485779,3.0018544367,43.260,194.028,2110.9966,1.8958
1.0039637167924824,0.0000000000000024,0.0000000000000000,0.0000000000000000,-0.0002297480088369,0.0035337487321970,3.2728985405002500,3.0018537406,44.524,194.314,2089.9970,1.8927
1.0039575731086843,-0.0000000000000012,0.0000000000000000,0.0000000000000019,-0.0002436094677880,0.0036343808662951,3.2763269819243050,3.0018530247,45.787,194.607,2068.5729,1.8894
1.0039512633486301,0.0000000000000013,0.0000000000000000,0.0000000000000021,-0.0002579306980836,0.0037350130003932,3.2798799314513447,3.0018522890,47.050,194.908,2046.7388,1.8861
1.0039447881718151,0.0000000000000008,0.0000000000000000,0.0000000000000015,-0.0002727181597746,0.0038356451344913,3.2835600664280000,3.0018515334,48.313,195.217,2024.5093,1.8826
1.0039381482747614,0.0000000000000005,0.0000000000000000,-0.0000000000000005,-0.0002879785760927,0.0039362772685894,3.2873701877318746,3.0018507581,49.575,195.533,2001.8992,1.8791
1.0039313443929638,-0.0000000000000005,0.0000000000000000,0.0000000000000017,-0.0003037189416049,0.0040369094026875,3.2913132248762356,3.0018499629,50.837,195.857,1978.9235,1.8755
1.0039243773029320,0.0000000000000017,0.0000000000000000,0.0000000000000003,-0.0003199465305146,0.0041375415367856,3.2953922414723773,3.0018491480,52.099,196.188,1955.5977,1.8717
1.0039172478243454,-0.0000000000000002,0.0000000000000000,0.0000000000000014,-0.0003366689053693,0.0042381736708837,3.2996104410071720,3.0018483133,53.360,196.527,1931.9372,1.8679
1.0039099568223295,0.0000000000000029,0.0000000000000000,-0.0000000000000035,-0.0003538939259209,0.0043388058049819,3.3039711729246077,3.0018474589,54.621,196.873,1907.9577,1.8640
1.0039025052099384,0.0000000000000012,0.0000000000000000,0.0000000000000007,-0.0003716297590124,0.0044394379390800,3.3084779391473504,3.0018465847,55.882,197.226,1883.6749,1.8600
1.0038948939506205,0.0000000000000016,0.0000000000000000,-0.0000000000000012,-0.0003898848874576,0.0045400700731781,3.3131344009098407,3.0018456908,57.142,197.587,1859.1049,1.8559
1.0038871240610483,-0.0000000000000009,0.0000000000000000,-0.0000000000000000,-0.0004086681209360,0.0046407022072762,3.3179443860425919,3.0018447771,58.402,197.955,1834.2638,1.8517
1.0038791966139724,0.0000000000000001,0.0000000000000000,0.0000000000000007,-0.0004279886060985,0.0047413343413743,3.3229118966520894,3.0018438437,59.662,198.331,1809.1679,1.8474
1.0038711127413000,0.0000000000000007,0.0000000000000000,-0.0000000000000050,-0.0004478558374258,0.0048419664754724,3.3280411173202826,3.0018428906,60.922,198.713,1783.8335,1.8430
1.0038628736373481,-0.0000000000000014,0.0000000000000000,-0.0000000000000006,-0.0004682796683295,0.0049425986095705,3.3333364237245573,3.0018419177,62.181,199.103,1758.2772,1.8385
1.0038544805623382,-0.0000000000000027,0.0000000000000000,-0.0000000000000009,-0.0004892703227556,0.0050432307436686,3.3388023918520320,3.0018409252,63.441,199.500,1732.5154,1.8339
1.0038459348460849,-0.0000000000000220,0.0000000000000000,-0.0000000000000086,-0.0005108384070271,0.0051438628777667,3.3444438076877403,3.0018399128,64.700,199.904,1706.5648,1.8293
1.0038372378919047,0.0000000000000010,0.0000000000000000,0.0000000000000001,-0.0005329949217575,0.0052444950118648,3.3502656775469148,3.0018388808,65.958,200.315,1680.4422,1.8245
1.0038283911808232,-0.0000000000000116,0.0000000000000000,0.0000000000000066,-0.0005557512746197,0.0053451271459630,3.3562732390109788,3.0018378289,67.217,200.733,1654.1642,1.8197
1.0038193962760609,0.0000000000000018,0.0000000000000000,0.0000000000000015,-0.0005791192928984,0.0054457592800611,3.3624719724920125,3.0018367573,68.476,201.158,1627.7476,1.8147
1.0038102548276997,0.0000000000000005,0.0000000000000000,0.0000000000000001,-0.0006031112360540,0.0055463914141592,3.3688676135856563,3.0018356659,69.734,201.590,1601.2093,1.8097
1.0038009685778593,-0.0000000000000011,0.0000000000000000,0.0000000000000026,-0.0006277398092396,0.0056470235482573,3.3754661660305634,3.0018345546,70.993,202.028,1574.5660,1.8046
1.0037915393660830,-0.0000000000000017,0.0000000000000000,-0.0000000000000016,-0.0006530181763095,0.0057476556823554,3.3822739155870081,3.0018334235,72.251,202.474,1547.8346,1.7995
1.0037819691351093,0.0000000000000016,0.0000000000000000,-0.0000000000000021,-0.0006789599727783,0.0058482878164535,3.3892974446530615,3.0018322724,73.509,202.926,1521.0319,1.7942
1.0037722599371051,0.0000000000000036,0.0000000000000000,-0.0000000000000089,-0.0007055793191554,0.0059489199505516,3.3965436477783970,3.0018311014,74.768,203.386,1494.1745,1.7889
1.0037624139402874,-0.0000000000000002,0.0000000000000000,0.0000000000000002,-0.0007328908338787,0.0060495520846497,3.4040197481341137,3.0018299105,76.027,203.852,1467.2792,1.7835
1.0037524334360213,-0.0000000000000020,0.0000000000000000,0.0000000000000004,-0.0007609096455495,0.0061501842187478,3.4117333149015190,3.0018286994,77.285,204.325,1440.3627,1.7780
1.0037423208464467,-0.0000000000000013,0.0000000000000000,0.0000000000000013,-0.0007896514053458,0.0062508163528460,3.4196922817068898,3.0018274683,78.545,204.804,1413.4416,1.7725
1.0037320787326660,-0.0000000000000007,0.0000000000000000,-0.0000000000000005,-0.0008191322983441,0.0063514484869441,3.4279049661084193,3.0018262169,79.804,205.290,1386.5324,1.7669
1.0037217098034945,-0.0000000000000023,0.0000000000000000,0.0000000000000021,-0.0008493690538750,0.0064520806210422,3.4363800901904664,3.0018249453,81.064,205.783,1359.6515,1.7613
1.0037112169248781,-0.0000000000000018,0.0000000000000000,0.0000000000000005,-0.0008803789546162,0.0065527127551403,3.4451268022863357,3.0018236533,82.324,206.283,1332.8154,1.7556
1.0037006031300684,-0.0000000000000005,0.0000000000000000,0.0000000000000008,-0.0009121798446147,0.0066533448892384,3.4541546999237163,3.0018223408,83.585,206.789,1306.0402,1.7499
1.0036898716304665,0.0000000000000006,0.0000000000000000,-0.0000000000000005,-0.0009447901345857,0.0067539770233365,3.4634738539266428,3.0018210078,84.846,207.302,1279.3420,1.7442
1.0036790258273762,-0.0000000000000006,0.0000000000000000,-0.0000000000000005,-0.0009782288053113,0.0068546091574346,3.4730948337611087,3.0018196540,86.108,207.822,1252.7369,1.7384
1.0036680693246143,-0.0000000000000001,0.0000000000000000,-0.0000000000000004,-0.0010125154078118,0.0069552412915327,3.4830287341009480,3.0018182794,87.371,208.349,1226.2408,1.7327
1.0036570059420959,0.0000000000000010,0.0000000000000000,-0.0000000000000007,-0.0010476700597802,0.0070558734256308,3.4932872025900084,3.0018168837,88.634,208.882,1199.8694,1.7269
1.0036458397304679,-0.0000000000000001,0.0000000000000000,-0.0000000000000003,-0.0010837134376417,0.0071565055597289,3.5038824687790586,3.0018154669,89.899,209.421,1173.6383,1.7212
1.0036345749868745,-0.0000000000000001,0.0000000000000000,-0.0000000000000022,-0.0011206667630023,0.0072571376938271,3.5148273741097369,3.0018140288,91.165,209.968,1147.5630,1.7154
1.0036232162719247,0.0000000000000015,0.0000000000000000,-0.0000000000000028,-0.0011585517827287,0.0073577698279252,3.5261354029055045,3.0018125691,92.432,210.521,1121.6589,1.7098
1.0036117684279726,0.0000000000000006,0.0000000000000000,-0.0000000000000020,-0.0011973907411048,0.0074584019620233,3.5378207141379798,3.0018110876,93.700,211.081,1095.9412,1.7041
1.0036002365987693,0.0000000000000004,0.0000000000000000,0.0000000000000000,-0.0012372063424519,0.0075590340961214,3.5498981737532072,3.0018095841,94.970,211.648,1070.4249,1.6986
1.0035886262505980,-0.0000000000000013,0.0000000000000000,-0.0000000000000018,-0.0012780217027133,0.0076596662302195,3.5623833872378365,3.0018080583,96.242,212.222,1045.1249,1.6932
1.0035769431949491,0.0000000000000004,0.0000000000000000,-0.0000000000000000,-0.0013198602875710,0.0077602983643176,3.5752927320307295,3.0018065100,97.515,212.802,1020.0561,1.6879
1.0035651936128760,-0.0000000000000004,0.0000000000000000,0.0000000000000005,-0.0013627458350411,0.0078609304984157,3.5886433892050036,3.0018049388,98.791,213.390,995.2330,1.6827
1.0035533840809692,-0.0000000000000003,0.0000000000000000,-0.0000000000000001,-0.0014067022589364,0.0079615626325138,3.6024533736960103,3.0018033444,100.069,213.984,970.6703,1.6777
1.0035415215991099,0.0000000000000003,0.0000000000000000,-0.0000000000000001,-0.0014517535305722,0.0080621947666119,3.6167415622764119,3.0018017265,101.349,214.586,946.3823,1.6729
1.0035296136199539,0.0000000000000007,0.0000000000000000,0.0000000000000016,-0.0014979235343910,0.0081628269007100,3.6315277180328365,3.0018000847,102.631,215.195,922.3835,1.6684
1.0035176680801192,-0.0000000000000012,0.0000000000000000,0.0000000000000003,-0.0015452358931273,0.0082634590348082,3.6468325100052033,3.0017984186,103.917,215.811,898.6881,1.6642
1.0035056934329878,-0.0000000000000008,0.0000000000000000,0.0000000000000008,-0.0015937137572191,0.0083640911689063,3.6626775262122777,3.0017967276,105.206,216.434,875.3103,1.6603
1.0034936986829452,0.0000000000000006,0.0000000000000000,-0.0000000000000001,-0.0016433795524843,0.0084647233030044,3.6790852778557945,3.0017950115,106.497,217.065,852.2643,1.6568
1.0034816934207968,0.0000000000000018,0.0000000000000000,-0.0000000000000003,-0.0016942546795071,0.0085653554371025,3.6960791921155853,3.0017932696,107.793,217.703,829.5644,1.6537
1.0034696878599616,0.0000000000000006,0.0000000000000000,-0.0000000000000007,-0.0017463591569938,0.0086659875712006,3.7136835901954264,3.0017915015,109.092,218.350,807.2246,1.6511
1.0034696878599640,-0.0000000000000000,0.0000000000000000,-0.0000000000000054,-0.0017463591570066,0.0086659875712006,3.7136835901970167,3.0017915015,109.092,218.350,807.2246,1.6511
1.0034611812961072,0.0000000000000008,0.0000000000000000,-0.0000000000000043,-0.0017840576866530,0.0087373387833371,3.7265492574670769,3.0017902316,110.016,218.813,791.6111,1.6496
1.0034526841188662,0.0000000000000020,0.0000000000000000,0.0000000000000013,-0.0018223892622372,0.0088086899954735,3.7397436863591471,3.0017889480,110.941,219.279,776.1910,1.6485
1.0034442005954782,0.0000000000000005,0.0000000000000000,-0.0000000000000002,-0.0018613590207194,0.0088800412076100,3.7532762788486269,3.0017876505,111.869,219.750,760.9694,1.6477
1.0034357351808199,0.0000000000000006,0.0000000000000000,-0.0000000000000003,-0.0019009713060554,0.0089513924197464,3.7671566013809028,3.0017863389,112.800,220.226,745.9514,1.6472
1.0034272925227254,0.0000000000000013,0.0000000000000000,0.0000000000000013,-0.0019412295434107,0.0090227436318829,3.7813943599767552,3.0017850130,113.733,220.705,731.1424,1.6472
1.0034188774667183,-0.0000000000000001,0.0000000000000000,0.0000000000000001,-0.0019821361005389,0.0090940948440193,3.7959993697711263,3.0017836724,114.668,221.188,716.5476,1.6476
1.0034104950598579,0.0000000000000006,0.0000000000000000,0.0000000000000006,-0.0020236921344532,0.0091654460561558,3.8109815181575581,3.0017823170,115.606,221.676,702.1723,1.6485
1.0034021505534196,0.0000000000000027,0.0000000000000000,-0.0000000000000041,-0.0020658974225727,0.0092367972682922,3.8263507206364320,3.0017809466,116.547,222.168,688.0218,1.6499
1.0033938494042312,-0.0000000000000007,0.0000000000000000,0.0000000000000043,-0.0021087501781093,0.0093081484804287,3.8421168685232141,3.0017795608,117.490,222.664,674.1018,1.6519
1.0033855972742862,0.0000000000000019,0.0000000000000000,-0.0000000000000010,-0.0021522468489456,0.0093794996925651,3.8582897674993788,3.0017781594,118.437,223.165,660.4177,1.6545
1.0033774000281768,0.0000000000000013,0.0000000000000000,0.0000000000000011,-0.0021963818991641,0.0094508509047016,3.8748790659965597,3.0017767423,119.387,223.671,646.9752,1.6578
1.0033692637280707,0.0000000000000013,0.0000000000000000,-0.0000000000000011,-0.0022411475740504,0.0095222021168380,3.8918941723727660,3.0017753090,120.339,224.181,633.7799,1.6618
1.0033611946256682,0.0000000000000011,0.0000000000000000,0.0000000000000003,-0.0022865336488302,0.0095935533289745,3.9093441599476884,3.0017738594,121.295,224.696,620.8377,1.6667
1.0033531991505813,-0.0000000000000017,0.0000000000000000,-0.0000000000000009,-0.0023325271615993,0.0096649045411109,3.9272376587945952,3.0017723933,122.255,225.215,608.1545,1.6724
1.0033452838947510,0.0000000000000023,0.0000000000000000,-0.0000000000000009,-0.0023791121335871,0.0097362557532474,3.9455827336487954,3.0017709104,123.218,225.739,595.7364,1.6790
1.0033374555919234,0.0000000000000032,0.0000000000000000,-0.0000000000000100,-0.0024262692768989,0.0098076069653838,3.9643867470258485,3.0017694104,124.184,226.268,583.5893,1.6866
1.0033297210922980,0.0000000000000035,0.0000000000000000,-0.0000000000000079,-0.0024739756984034,0.0098789581775203,3.9836562075449691,3.0017678933,125.153,226.801,571.7195,1.6954
1.0033220873306621,0.0000000000000007,0.0000000000000000,0.0000000000000019,-0.0025222045967380,0.0099503093896568,4.0033966028951395,3.0017663588,126.127,227.340,560.1332,1.7053
1.0033145612885925,0.0000000000000006,0.0000000000000000,-0.0000000000000013,-0.0025709249678391,0.0100216606017932,4.0236122185441490,3.0017648067,127.103,227.883,548.8366,1.7164
1.0033071499494608,0.0000000000000031,0.0000000000000000,-0.0000000000000040,-0.0026201013207068,0.0100930118139297,4.0443059428680375,3.0017632370,128.084,228.431,537.8361,1.7290
1.0032998602459160,0.0000000000000002,0.0000000000000000,-0.0000000000000009,-0.0026696934135576,0.0101643630260661,4.0654790606210760,3.0017616494,129.067,228.985,527.1380,1.7429
1.0032926990000075,0.0000000000000009,0.0000000000000000,-0.0000000000000009,-0.0027196560243497,0.0102357142382026,4.0871310376672962,3.0017600441,130.055,229.542,516.7486,1.7585
1.0032856728554942,0.0000000000000003,0.0000000000000000,-0.0000000000000000,-0.0027699387650610,0.0103070654503390,4.1092593006204536,3.0017584209,131.046,230.105,506.6741,1.7757
1.0032856728554753,0.0000000000000002,0.0000000000000000,0.0000000000000032,-0.0027699387649307,0.0103070654503390,4.1092593006226430,3.0017584209,131.046,230.105,506.6741,1.7757
1.0032818470281957,0.0000000000000017,0.0000000000000000,0.0000000000000012,-0.0027978678276385,0.0103465302490357,4.1217014847750635,3.0017575155,131.595,230.419,501.2392,1.7860
1.0032780655328113,0.0000000000000002,0.0000000000000000,0.0000000000000004,-0.0028258677632588,0.0103859950477324,4.1342868056834394,3.0017566046,132.145,230.733,495.9036,1.7968
1.0032743293734478,0.0000000000000009,0.0000000000000000,0.0000000000000005,-0.0028539279474215,0.0104254598464291,4.1470138840067472,3.0017556883,132.697,231.050,490.6681,1.8082
1.0032706395138318,0.0000000000000017,0.0000000000000000,0.0000000000000021,-0.0028820372585001,0.0104649246451259,4.1598810877752292,3.0017547666,133.249,231.367,485.5337,1.8202
1.0032669968726293,0.0000000000000007,0.0000000000000000,0.0000000000000010,-0.0029101840845667,0.0105043894438226,4.1728865228613001,3.0017538395,133.802,231.686,480.5013,1.8329
1.0032634023185998,0.0000000000000014,0.0000000000000000,0.0000000000000000,-0.0029383563329410,0.0105438542425193,4.1860280241483734,3.0017529071,134.356,232.007,475.5719,1.8462
1.0032598566657260,-0.0000000000000004,0.0000000000000000,0.0000000000000005,-0.0029665414432544,0.0105833190412160,4.1993031476734615,3.0017519695,134.911,232.329,470.7463,1.8602
1.0032563606683496,0.0000000000000025,0.0000000000000000,0.0000000000000007,-0.0029947264042817,0.0106227838399127,4.2127091638486389,3.0017510266,135.467,232.652,466.0253,1.8748
1.0032529150163783,-0.0000000000000002,0.0000000000000000,-0.0000000000000008,-0.0030228977748719,0.0106622486386094,4.2262430518443006,3.0017500785,136.024,232.976,461.4096,1.8901
1.0032495203304677,0.0000000000000018,0.0000000000000000,-0.0000000000000003,-0.0030510417078730,0.0107017134373062,4.2399014954870289,3.0017491253,136.581,233.302,456.9000,1.9062
1.0032495203304739,0.0000000000000007,0.0000000000000000,-0.0000000000000000,-0.0030510417079215,0.0107017134373062,4.2399014955005550,3.0017491253,136.581,233.302,456.9000,1.9062
1.0032491274967574,0.0000000000000009,0.0000000000000000,0.0000000000000048,-0.0030543238394803,0.0107063192220010,4.2415034731391721,3.0017490137,136.646,233.340,456.3807,1.9081
1.0032487353656019,0.0000000000000008,0.0000000000000000,0.0000000000000002,-0.0030576053814040,0.0107109250066958,4.2431070924263610,3.0017489021,136.711,233.378,455.8628,1.9101
1.0032483439377435,0.0000000000000010,0.0000000000000000,0.0000000000000003,-0.0030608863103259,0.0107155307913905,4.2447123472212338,3.0017487904,136.776,233.416,455.3463,1.9120
1.0032479532138761,-0.0000000000000011,0.0000000000000000,0.0000000000000007,-0.0030641666026424,0.0107201365760853,4.2463192313720759,3.0017486786,136.841,233.454,454.8313,1.9140
1.0032475631949269,0.0000000000000005,0.0000000000000000,0.0000000000000002,-0.0030674462364423,0.0107247423607801,4.2479277387594960,3.0017485668,136.906,233.493,454.3178,1.9159
1.0032471738815407,0.0000000000000011,0.0000000000000000,0.0000000000000005,-0.0030707251878509,0.0107293481454749,4.2495378631726046,3.0017484548,136.971,233.531,453.8057,1.9179
1.0032467852743672,-0.0000000000000023,0.0000000000000000,0.0000000000000014,-0.0030740034330852,0.0107339539301696,4.2511495982128320,3.0017483429,137.037,233.569,453.2951,1.9199
1.0032463973743240,0.0000000000000004,0.0000000000000000,-0.0000000000000000,-0.0030772809502734,0.0107385597148644,4.2527629376817204,3.0017482308,137.102,233.607,452.7860,1.9219
1.0032460101819123,-0.0000000000000025,0.0000000000000000,0.0000000000000005,-0.0030805577147123,0.0107431654995592,4.2543778750639838,3.0017481187,137.167,233.645,452.2783,1.9239
1.0032456236979057,0.0000000000000005,0.0000000000000000,0.0000000000000000,-0.0030838337035854,0.0107477712842540,4.2559944039660129,3.0017480065,137.232,233.684,451.7721,1.9259
1.0032452379229440,0.0000000000000008,0.0000000000000000,0.0000000000000002,-0.0030871088932595,0.0107523770689487,4.2576125178299158,3.0017478942,137.297,233.722,451.2673,1.9279
1.0032448528577278,0.0000000000000014,0.0000000000000000,0.0000000000000001,-0.0030903832605736,0.0107569828536435,4.2592322101742930,3.0017477819,137.362,233.760,450.7640,1.9300
1.0032444685027360,-0.0000000000000006,0.0000000000000000,0.0000000000000010,-0.0030936567807928,0.0107615886383383,4.2608534742361259,3.0017476695,137.427,233.799,450.2622,1.9320
1.0032440848588535,0.0000000000000017,0.0000000000000000,-0.0000000000000004,-0.0030969294321999,0.0107661944230331,4.2624763035162632,3.0017475571,137.493,233.837,449.7618,1.9341
1.0032437019265075,0.0000000000000009,0.0000000000000000,0.0000000000000007,-0.0031002011898048,0.0107708002077279,4.2641006911709498,3.0017474446,137.558,233.875,449.2629,1.9361
1.0032433197063133,0.0000000000000020,0.0000000000000000,-0.0000000000000013,-0.0031034720300787,0.0107754059924226,4.2657266304535835,3.0017473320,137.623,233.914,448.7654,1.9382
1.0032429381987353,0.0000000000000006,0.0000000000000000,0.0000000000000006,-0.0031067419284415,0.0107800117771174,4.2673541144277580,3.0017472193,137.688,233.952,448.2695,1.9403
1.0032425574045818,0.0000000000000006,0.0000000000000000,0.0000000000000100,-0.0031100108628698,0.0107846175618122,4.2689831363679405,3.0017471066,137.753,233.990,447.7750,1.9424
1.0032421773241871,0.0000000000000024,0.0000000000000000,-0.0000000000000017,-0.0031132788079143,0.0107892233465070,4.2706136891726745,3.0017469938,137.819,234.029,447.2820,1.9445
1.0032417979581785,0.0000000000000012,0.0000000000000000,0.0000000000000001,-0.0031165457404374,0.0107938291312017,4.2722457659384139,3.0017468809,137.884,234.067,446.7904,1.9466
1.0032414193069652,0.0000000000000047,0.0000000000000000,-0.0000000000000009,-0.0031198116357080,0.0107984349158965,4.2738793595294071,3.0017467680,137.949,234.106,446.3003,1.9488
1.0032410413711772,0.0000000000000002,0.0000000000000000,0.0000000000000004,-0.0031230764706645,0.0108030407005913,4.2755144628823629,3.0017466550,138.014,234.144,445.8117,1.9509
1.0032406641511979,0.0000000000000010,0.0000000000000000,0.0000000000000014,-0.0031263402205650,0.0108076464852861,4.2771510688210528,3.0017465420,138.080,234.183,445.3246,1.9531
1.0032402876474937,0.0000000000000007,0.0000000000000000,0.0000000000000009,-0.0031296028613263,0.0108122522699809,4.2787891700856413,3.0017464288,138.145,234.221,444.8389,1.9552
1.0032399118604673,0.0000000000000010,0.0000000000000000,-0.0000000000000004,-0.0031328643684789,0.0108168580546756,4.2804287593709933,3.0017463157,138.210,234.260,444.3547,1.9574
1.0032395367906881,0.0000000000000012,0.0000000000000000,0.0000000000000008,-0.0031361247188085,0.0108214638393704,4.2820698294784165,3.0017462024,138.276,234.298,443.8720,1.9596
1.0032391624384400,-0.0000000000000006,0.0000000000000000,-0.0000000000000007,-0.0031393838871772,0.0108260696240652,4.2837123728857840,3.0017460891,138.341,234.337,443.3907,1.9618
1.0032391624384613,0.0000000000000010,0.0000000000000000,0.0000000000000029,-0.0031393838873288,0.0108260696240652,4.2837123729119293,3.0017460891,138.341,234.337,443.3907,1.9618
1.0032388090022308,0.0000000000000036,0.0000000000000000,0.0000000000000008,-0.0031424655966386,0.0108304261979649,4.2852673902380740,3.0017459818,138.403,234.373,442.9369,1.9639
1.0032384562091750,0.0000000000000007,0.0000000000000000,-0.0000000000000010,-0.0031455462097570,0.0108347827718645,4.2868237132117075,3.0017458745,138.464,234.410,442.4844,1.9660
1.0032381040587799,0.0000000000000010,0.0000000000000000,-0.0000000000000001,-0.0031486257002713,0.0108391393457642,4.2883813347113291,3.0017457672,138.526,234.446,442.0332,1.9681
1.0032377525517855,0.0000000000000005,0.0000000000000000,0.0000000000000002,-0.0031517040506607,0.0108434959196639,4.2899402487479588,3.0017456597,138.588,234.483,441.5833,1.9702
1.0032374016882462,-0.0000000000000003,0.0000000000000000,-0.0000000000000012,-0.0031547812386509,0.0108478524935635,4.2915004486050838,3.0017455523,138.650,234.519,441.1347,1.9723
1.0032370514685993,0.0000000000000005,0.0000000000000000,0.0000000000000003,-0.0031578572447506,0.0108522090674632,4.2930619279719027,3.0017454447,138.711,234.556,440.6875,1.9745
1.0032367018930306,0.0000000000000014,0.0000000000000000,-0.0000000000000004,-0.0031609320477307,0.0108565656413629,4.2946246802235413,3.0017453371,138.773,234.592,440.2416,1.9766
1.0032363529617847,0.0000000000000011,0.0000000000000000,-0.0000000000000001,-0.0031640056268664,0.0108609222152626,4.2961886987609237,3.0017452295,138.835,234.629,439.7970,1.9788
1.0032360046750899,0.0000000000000004,0.0000000000000000,0.0000000000000000,-0.0031670779613873,0.0108652787891622,4.2977539768933823,3.0017451218,138.897,234.665,439.3537,1.9810
1.0032356570330201,-0.0000000000000002,0.0000000000000000,0.0000000000000009,-0.0031701490295002,0.0108696353630619,4.2993205079190639,3.0017450140,138.959,234.702,438.9118,1.9831
1.0032356570331034,0.0000000000000017,0.0000000000000000,-0.0000000000000004,-0.0031701490300833,0.0108696353630619,4.2993205079754668,3.0017450140,138.959,234.702,438.9118,1.9831
1.0032354871010170,0.0000000000000006,0.0000000000000000,0.0000000000000003,-0.0031716518176599,0.0108717678601960,4.3000877631174728,3.0017449612,138.989,234.720,438.6960,1.9842
1.0032353173236666,0.0000000000000004,0.0000000000000000,-0.0000000000000002,-0.0031731542958783,0.0108739003573300,4.3008553162489198,3.0017449085,139.019,234.738,438.4804,1.9853
1.0032351477006363,-0.0000000000000001,0.0000000000000000,0.0000000000000012,-0.0031746564592012,0.0108760328544641,4.3016231661284507,3.0017448557,139.049,234.756,438.2652,1.9864
1.0032349782324976,0.0000000000000015,0.0000000000000000,0.0000000000000008,-0.0031761583090679,0.0108781653515982,4.3023913125125741,3.0017448028,139.080,234.774,438.0504,1.9874
1.0032348089187937,0.0000000000000003,0.0000000000000000,0.0000000000000020,-0.0031776598396779,0.0108802978487323,4.3031597541483206,3.0017447500,139.110,234.792,437.8358,1.9885
1.0032346397597742,0.0000000000000002,0.0000000000000000,0.0000000000000008,-0.0031791610501862,0.0108824303458663,4.3039284904461290,3.0017446972,139.140,234.809,437.6215,1.9896
1.0032344707551273,0.0000000000000006,0.0000000000000000,0.0000000000000004,-0.0031806619358337,0.0108845628430004,4.3046975202964042,3.0017446443,139.170,234.827,437.4076,1.9907
1.0032343019055798,0.0000000000000004,0.0000000000000000,0.0000000000000002,-0.0031821624991589,0.0108866953401345,4.3054668435063803,3.0017445915,139.201,234.845,437.1940,1.9918
1.0032341332104857,0.0000000000000009,0.0000000000000000,-0.0000000000000011,-0.0031836627330304,0.0108888278372685,4.3062364587414583,3.0017445386,139.231,234.863,436.9807,1.9929
1.0032339646701476,0.0000000000000007,0.0000000000000000,-0.0000000000000001,-0.0031851626370258,0.0108909603344026,4.3070063654240105,3.0017444857,139.261,234.881,436.7677,1.9939
1.0032337962848743,0.0000000000000022,0.0000000000000000,-0.0000000000000017,-0.0031866622107533,0.0108930928315367,4.3077765629776525,3.0017444328,139.292,234.899,436.5551,1.9950
1.0032337962845688,0.0000000000000008,0.0000000000000000,0.0000000000000000,-0.0031866622086063,0.0108930928315367,4.3077765626811946,3.0017444328,139.292,234.899,436.5551,1.9950
1.0032337547065566,-0.0000000000000001,0.0000000000000000,0.0000000000000005,-0.0031870326424003,0.0108936196900434,4.3079668934674444,3.0017444197,139.299,234.904,436.5026,1.9953
1.0032337131383577,-0.0000000000000003,0.0000000000000000,0.0000000000000013,-0.0031874030582776,0.0108941465485502,4.3081572422375300,3.0017444066,139.306,234.908,436.4501,1.9956
1.0032336715801025,0.0000000000000011,0.0000000000000000,-0.0000000000000001,-0.0031877734571274,0.0108946734070569,4.3083476091452244,3.0017443936,139.314,234.912,436.3976,1.9959
1.0032336300300577,0.0000000000000007,0.0000000000000000,-0.0000000000000004,-0.0031881438267330,0.0108952002655637,4.3085379925685539,3.0017443805,139.321,234.917,436.3452,1.9961
1.0032335884896555,0.0000000000000012,0.0000000000000000,-0.0000000000000035,-0.0031885141770930,0.0108957271240704,4.3087283938215739,3.0017443674,139.329,234.921,436.2928,1.9964
1.0032335469600497,-0.0000000000000008,0.0000000000000000,-0.0000000000000017,-0.0031888845163285,0.0108962539825772,4.3089188138969305,3.0017443543,139.336,234.926,436.2404,1.9967
1.0032335054381498,0.0000000000000005,0.0000000000000000,0.0000000000000001,-0.0031892548226595,0.0108967808410839,4.3091092500225470,3.0017443412,139.344,234.930,436.1880,1.9969
1.0032334639262763,0.0000000000000006,0.0000000000000000,0.0000000000000002,-0.0031896251123394,0.0108973076995906,4.3092997042796881,3.0017443282,139.351,234.935,436.1357,1.9972
1.0032334224240866,0.0000000000000000,0.0000000000000000,0.0000000000000014,-0.0031899953829320,0.0108978345580974,4.3094901763354851,3.0017443151,139.359,234.939,436.0833,1.9975
1.0032334224237085,0.0000000000000009,0.0000000000000000,0.0000000000000000,-0.0031899953802786,0.0108978345580974,4.3094901759856485,3.0017443151,139.359,234.939,436.0833,1.9975
1.0032334017257356,0.0000000000000002,0.0000000000000000,0.0000000000000001,-0.0031901800701620,0.0108980973616281,4.3095851926605562,3.0017443086,139.363,234.941,436.0572,1.9976
1.0032333810297638,0.0000000000000004,0.0000000000000000,-0.0000000000000005,-0.0031903647524169,0.0108983601651588,4.3096802133752634,3.0017443020,139.366,234.944,436.0311,1.9978
1.0032333603362500,0.0000000000000021,0.0000000000000000,-0.0000000000000006,-0.0031905494302483,0.0108986229686894,4.3097752385414969,3.0017442955,139.370,234.946,436.0051,1.9979
1.0032333396446449,0.0000000000000018,0.0000000000000000,0.0000000000000002,-0.0031907340997832,0.0108988857722201,4.3098702677120277,3.0017442890,139.374,234.948,435.9790,1.9980
1.0032333189564504,0.0000000000000012,0.0000000000000000,0.0000000000000007,-0.0031909187715676,0.0108991485757508,4.3099653021710438,3.0017442825,139.377,234.950,435.9529,1.9982
1.0032332982682846,0.0000000000000000,0.0000000000000000,0.0000000000000005,-0.0031911034218707,0.0108994113792815,4.3100603388838685,3.0017442759,139.381,234.952,435.9268,1.9983
1.0032332775851707,-0.0000000000000003,0.0000000000000000,-0.0000000000000003,-0.0031912880859193,0.0108996741828122,4.3101553824702776,3.0017442694,139.385,234.955,435.9008,1.9984
1.0032332569032147,-0.0000000000000003,0.0000000000000000,-0.0000000000000001,-0.0031914727363921,0.0108999369863428,4.3102504292692272,3.0017442629,139.389,234.957,435.8747,1.9986
1.0032332362243725,0.0000000000000006,0.0000000000000000,0.0000000000000004,-0.0031916573870109,0.0109001997898735,4.3103454811872268,3.0017442564,139.392,234.959,435.8486,1.9987
1.0032332155464709,0.0000000000000000,0.0000000000000000,0.0000000000000000,-0.0031918420225285,0.0109004625934042,4.3104405361156442,3.0017442498,139.396,234.961,435.8226,1.9988
1.0032312816465625,-0.0000013261678027,0.0000045147504683,-0.0000064752717202,-0.0032091647395399,0.0109251523020268,4.3193922357508852,3.0017436356,139.747,235.169,433.3957,2.0118
1.0032291731732184,-0.0000026694360054,0.0000090566565507,-0.0000130135298990,-0.0032281773247143,0.0109523328142868,4.3292942951662843,3.0017429571,140.133,235.399,430.7724,2.0264
1.0032270961061442,-0.0000040296313796,0.0000136255660030,-0.0000196138536711,-0.0032470332587385,0.0109793824718055,4.3391963545816843,3.0017422794,140.518,235.629,428.2120,2.0414
1.0032250495603692,-0.0000054065130240,0.0000182211092877,-0.0000262750075788,-0.0032657326605504,0.0110063075634772,4.3490984139970834,3.0017416024,140.901,235.857,425.7133,2.0567
1.0032230326627252,-0.0000067998813379,0.0000228430692176,-0.0000329959728494,-0.0032842756448663,0.0110331142930605,4.3590004734124834,3.0017409261,141.283,236.086,423.2752,2.0724
1.0032210445508729,-0.0000082095035834,0.0000274911292680,-0.0000397755852169,-0.0033026623190490,0.0110598087876753,4.3689025328278825,3.0017402504,141.664,236.314,420.8965,2.0885
1.0032190843734732,-0.0000096351736140,0.0000321650744090,-0.0000466128248637,-0.0033208927859584,0.0110863970970930,4.3788045922432826,3.0017395751,142.043,236.541,418.5760,2.1048
1.0032171512893171,-0.0000110767097104,0.0000368647824145,-0.0000535068050553,-0.0033389671419674,0.0111128851970132,4.3887066516586817,3.0017389001,142.421,236.769,416.3127,2.1216
1.0032152444688112,-0.0000125338386522,0.0000415898377479,-0.0000604562120112,-0.0033568854827315,0.0111392790012611,4.3986087110740817,3.0017382254,142.798,236.995,414.1056,2.1387
1.0032133630911564,-0.0000140063579764,0.0000463400727750,-0.0000674600895829,-0.0033746478951248,0.0111655843548186,4.4085107704894808,3.0017375509,143.174,237.222,411.9535,2.1562
1.0032115063452900,-0.0000154940653604,0.0000511153311177,-0.0000745174970258,-0.0033922544616866,0.0111918070402874,4.4184128299048808,3.0017368764,143.549,237.449,409.8556,2.1740
1.0032096734294664,-0.0000169967419036,0.0000559154125731,-0.0000816274287582,-0.0034097052597618,0.0112179527841395,4.4283148893202799,3.0017362019,143.923,237.675,407.8108,2.1923
1.0032078635513879,-0.0000185141536111,0.0000607400785367,-0.0000887888218844,-0.0034270003632335,0.0112440272598743,4.4382169487356800,3.0017355272,144.296,237.901,405.8183,2.2109
1.0032060759267221,-0.0000200460983446,0.0000655892062260,-0.0000960007815682,-0.0034441398386901,0.0112700360858504,4.4481190081510791,3.0017348524,144.668,238.127,403.8771,2.2299
1.0032043097807164,-0.0000215923237470,0.0000704625192536,-0.0001032621874263,-0.0034611237513426,0.0112959848387401,4.4580210675664791,3.0017341772,145.040,238.353,401.9864,2.2492
1.0032025643439557,-0.0000231526694334,0.0000753600525399,-0.0001105723740392,-0.0034779521524480,0.0113218790377519,4.4679231269818782,3.0017335015,145.410,238.578,400.1454,2.2690
1.0032008388582165,-0.0000247268850912,0.0000802815576642,-0.0001179302607121,-0.0034946250994793,0.0113477241699820,4.4778251863972782,3.0017328254,145.780,238.804,398.3531,2.2892
1.0031991325718150,-0.0000263147164058,0.0000852267848777,-0.0001253347632698,-0.0035111426407288,0.0113735256876899,4.4877272458126773,3.0017321486,146.150,239.030,396.6088,2.3097
1.0031974447386536,-0.0000279159830681,0.0000901957351277,-0.0001327851653147,-0.0035275048144680,0.0113992889931608,4.4976293052280774,3.0017314711,146.519,239.256,394.9118,2.3307
1.0031957746208509,-0.0000295304606409,0.0000951882762403,-0.0001402805546852,-0.0035437116575449,0.0114250194620085,4.5075313646434765,3.0017307928,146.887,239.481,393.2613,2.3521
1.0031941214866562,-0.0000311579374715,0.0001002043276580,-0.0001478200948122,-0.0035597631995941,0.0114507224367115,4.5174334240588765,3.0017301136,147.255,239.707,391.6566,2.3738
1.0031924846112088,-0.0000327981890386,0.0001052437775309,-0.0001554029027621,-0.0035756594662363,0.0114764032338939,4.5273354834742756,3.0017294334,147.623,239.933,390.0969,2.3960
1.0031908632747824,-0.0000344510144715,0.0001103066001064,-0.0001630282223624,-0.0035914004742572,0.0115020671397942,4.5372375428896756,3.0017287521,147.990,240.159,388.5817,2.4187
1.0031892567634098,-0.0000361162126934,0.0001153927785826,-0.0001706953106990,-0.0036069862343522,0.0115277194171353,4.5471396023050747,3.0017280695,148.357,240.386,387.1102,2.4417
1.0031876643701194,-0.0000377935517400,0.0001205022073194,-0.0001784032935236,-0.0036224167558428,0.0115533653148047,4.5570416617204748,3.0017273856,148.724,240.612,385.6818,2.4652
1.0031860853916590,-0.0000394828323181,0.0001256348950534,-0.0001861514654314,-0.0036376920368462,0.0115790100568682,4.5669437211358739,3.0017267003,149.091,240.839,384.2959,2.4891
1.0031845191318078,-0.0000411838185324,0.0001307907438857,-0.0001939389632907,-0.0036528120754507,0.0116046588604634,4.5768457805512739,3.0017260135,149.457,241.066,382.9518,2.5134
1.0031829648918262,-0.0000428964087692,0.0001359700920765,-0.0002017655696668,-0.0036677768400176,0.0116303168966362,4.5867478399666730,3.0017253251,149.824,241.294,381.6491,2.5382
1.0031814219849355,-0.0000446203577770,0.0001411728306261,-0.0002096304052566,-0.0036825863162374,0.0116559893601414,4.5966498993820730,3.0017246349,150.191,241.522,380.3871,2.5635
1.0031798897245441,-0.0000463554941039,0.0001463990944719,-0.0002175329519944,-0.0036972404698441,0.0116816814191350,4.6065519587974721,3.0017239429,150.557,241.750,379.1654,2.5892
1.0031783674267225,-0.0000481016654242,0.0001516490879384,-0.0002254727949421,-0.0037117392553162,0.0117073982296079,4.6164540182128722,3.0017232490,150.924,241.978,377.9833,2.6153
1.0031768544058521,-0.0000498587994476,0.0001569232762139,-0.0002334499066531,-0.0037260826022552,0.0117331449195305,4.6263560776282713,3.0017225530,151.291,242.208,376.8403,2.6419
1.0031753499785325,-0.0000516268293304,0.0001622221489578,-0.0002414642966896,-0.0037402704287185,0.0117589266099700,4.6362581370436713,3.0017218548,151.658,242.437,375.7361,2.6690
1.0031738534605057,-0.0000534057342980,0.0001675463479270,-0.0002495162009893,-0.0037543026317579,0.0117847484049739,4.6461601964590704,3.0017211544,152.026,242.667,374.6700,2.6965
1.0031723641759842,-0.0000551953947627,0.0001728962121593,-0.0002576054058675,-0.0037681791185716,0.0118106154378604,4.6560622558744704,3.0017204516,152.394,242.898,373.6416,2.7246
1.0031708813999947,-0.0000569964220042,0.0001782743772822,-0.0002657351115019,-0.0037818996184837,0.0118365326069109,4.6659643152898695,3.0017197463,152.762,243.129,372.6505,2.7531
1.0031694044312538,-0.0000588090492070,0.0001836822938840,-0.0002739067582540,-0.0037954639215270,0.0118625049176161,4.6758663747052696,3.0017190385,153.131,243.361,371.6963,2.7821
1.0031679325268403,-0.0000606340586653,0.0001891231310289,-0.0002821243420380,-0.0038088716652014,0.0118885371821194,4.6857684341206687,3.0017183278,153.500,243.594,370.7785,2.8116
1.0031664648005318,-0.0000624740467836,0.0001946057092738,-0.0002904002663862,-0.0038221220012907,0.0119146335486862,4.6956704935360687,3.0017176144,153.870,243.827,369.8967,2.8415
1.0031650000994659,-0.0000643347841988,0.0002001487028914,-0.0002987615982665,-0.0038352131895584,0.0119407969263079,4.7055725529514678,3.0017168980,154.241,244.061,369.0505,2.8720
1.0031635356972697,-0.0000662411875236,0.0002058302559169,-0.0003073238951734,-0.0038481383027767,0.0119670228851666,4.7154746123668678,3.0017161785,154.612,244.296,368.2395,2.9030
1.0031620597831896,-0.0000683265807898,0.0002120649396197,-0.0003167033159443,-0.0038608605199827,0.0119932645489634,4.7253766717822669,3.0017154558,154.984,244.531,367.4634,2.9345
1.0031606151336696,-0.0000700611107408,0.0002172077316302,-0.0003244513110010,-0.0038735224602804,0.0120197300915838,4.7352787311976670,3.0017147299,155.357,244.768,366.7218,2.9666
1.0031591670554754,-0.0000718654953753,0.0002225671322641,-0.0003325141808101,-0.0038860121330213,0.0120462658703214,4.7451807906130661,3.0017140004,155.730,245.005,366.0144,2.9991
1.0031577185522249,-0.0000736939275118,0.0002280014848086,-0.0003406804443608,-0.0038983413887017,0.0120728943016665,4.7550828500284661,3.0017132674,156.105,245.243,365.3408,3.0322
1.0031562696988778,-0.0000755371110280,0.0002334826884471,-0.0003489075772466,-0.0039105124474406,0.0120996241607379,4.7649849094438652,3.0017125307,156.481,245.483,364.7007,3.0658
1.0031548201661453,-0.0000773909201340,0.0002389987500197,-0.0003571770201282,-0.0039225261922331,0.0121264623715932,4.7748869688592652,3.0017117901,156.857,245.723,364.0938,3.0999
1.0031533694124588,-0.0000792538224698,0.0002445457449807,-0.0003654822174032,-0.0039343827983275,0.0121534149063122,4.7847890282746643,3.0017110456,157.235,245.964,363.5198,3.1346
1.0031519168826404,-0.0000811245305856,0.0002501205318976,-0.0003738177778894,-0.0039460823876579,0.0121804877170352,4.7946910876900644,3.0017102970,157.614,246.207,362.9785,3.1699
1.0031504619651734,-0.0000830024175514,0.0002557220297921,-0.0003821813743983,-0.0039576248879495,0.0122076865399049,4.8045931471054635,3.0017095441,157.994,246.450,362.4695,3.2057
1.0031490040557727,-0.0000848868066072,0.0002613490203205,-0.0003905704747442,-0.0039690102428677,0.0122350171973514,4.8144952065208635,3.0017087868,158.376,246.695,361.9925,3.2421
1.0031475425535201,-0.0000867770127680,0.0002670002759032,-0.0003989825330060,-0.0039802383999288,0.0122624855836739,4.8243972659362626,3.0017080251,158.758,246.941,361.5473,3.2790
1.0031460768209111,-0.0000886727317543,0.0002726757568274,-0.0004074167679910,-0.0039913091787448,0.0122900974818305,4.8342993253516626,3.0017072586,159.143,247.188,361.1337,3.3165
1.0031446062351403,-0.0000905735102733,0.0002783749775884,-0.0004158717351672,-0.0040022224411451,0.0123178588090126,4.8442013847670617,3.0017064873,159.528,247.436,360.7515,3.3546
1.0031431301742113,-0.0000924788883864,0.0002840974459647,-0.0004243459796119,-0.0040129780458671,0.0123457755556009,4.8541034441824618,3.0017057110,159.916,247.686,360.4003,3.3933
1.0031416479962014,-0.0000943885895572,0.0002898432472626,-0.0004328389027263,-0.0040235757803953,0.0123738536925324,4.8640055035978609,3.0017049296,160.304,247.938,360.0800,3.4326
1.0031401590746192,-0.0000963021807794,0.0002956119985719,-0.0004413492101769,-0.0040340154785843,0.0124020993420390,4.8739075630132609,3.0017041429,160.695,248.190,359.7903,3.4725
1.0031386627626746,-0.0000982194032610,0.0003014038658247,-0.0004498764204233,-0.0040442969028913,0.0124305186145311,4.8838096224286609,3.0017033507,161.087,248.444,359.5311,3.5130
1.0031371584268869,-0.0001001398589519,0.0003072185999664,-0.0004584194354402,-0.0040544198563666,0.0124591177721766,4.8937116818440600,3.0017025529,161.482,248.700,359.3021,3.5541
1.0031356454136540,-0.0001020633103906,0.0003130564587247,-0.0004669779064376,-0.0040643840723054,0.0124879030757028,4.9036137412594591,3.0017017493,161.878,248.958,359.1033,3.5958
1.0031341230851099,-0.0001039893580810,0.0003189172153464,-0.0004755507656652,-0.0040741893338882,0.0125168809597910,4.9135158006748592,3.0017009398,162.276,249.216,358.9343,3.6381
1.0031325907818878,-0.0001059177648841,0.0003248011554394,-0.0004841377017221,-0.0040838353510953,0.0125460578618100,4.9234178600902592,3.0017001240,162.676,249.477,358.7950,3.6811
1.0031310478609052,-0.0001078481273006,0.0003307080672757,-0.0004927376659533,-0.0040933218869234,0.0125754404067321,4.9333199195056583,3.0016993020,163.078,249.740,358.6852,3.7247
1.0031294936614494,-0.0001097801631544,0.0003366381257824,-0.0005013501793421,-0.0041026486452445,0.0126050352517041,4.9432219789210574,3.0016984734,163.482,250.004,358.6049,3.7689
1.0031279275257770,-0.0001117135336198,0.0003425913459922,-0.0005099745245115,-0.0041118153399100,0.0126348491902386,4.9531240383364574,3.0016976382,163.889,250.270,358.5538,3.8138
1.0031263488172211,-0.0001136477012130,0.0003485671467409,-0.0005186091039084,-0.0041208217559114,0.0126648892447179,4.9630260977518574,3.0016967960,164.298,250.538,358.5319,3.8594
1.0031247568134116,-0.0001155827779325,0.0003545669574402,-0.0005272552799510,-0.0041296673939082,0.0126951621629063,4.9729281571672566,3.0016959468,164.709,250.808,358.5389,3.9056
1.0031231508634062,-0.0001175182634657,0.0003605903408323,-0.0005359116608354,-0.0041383519948147,0.0127256751742596,4.9828302165826557,3.0016950902,165.123,251.080,358.5747,3.9525
1.0031215302983938,-0.0001194537649033,0.0003666372047099,-0.0005445773616887,-0.0041468752428277,0.0127564355711478,4.9927322759980557,3.0016942261,165.539,251.354,358.6393,4.0001
1.0031198944313080,-0.0001213889900250,0.0003727077818349,-0.0005532519727603,-0.0041552367647712,0.0127874507132928,5.0026343354134557,3.0016933543,165.958,251.630,358.7325,4.0484
1.0031182425742440,-0.0001233236085942,0.0003788022038751,-0.0005619349323330,-0.0041634361888873,0.0128187281184799,5.0125363948288548,3.0016924745,166.380,251.909,358.8541,4.0973
1.0031165740337271,-0.0001252572869207,0.0003849206079475,-0.0005706256833613,-0.0041714731298117,0.0128502754472949,5.0224384542442539,3.0016915866,166.805,252.189,359.0042,4.1470
1.0031148881066980,-0.0001271897141929,0.0003910632181219,-0.0005793237924856,-0.0041793471758915,0.0128821004916709,5.0323405136596540,3.0016906902,167.233,252.472,359.1826,4.1973
1.0031131840928285,-0.0001291205107321,0.0003972300629718,-0.0005880285364923,-0.0041870579311464,0.0129142112420818,5.0422425730750540,3.0016897852,167.663,252.758,359.3892,4.2484
1.0031114612756973,-0.0001310493616588,0.0004034213879503,-0.0005967395055975,-0.0041946049530918,0.0129466158054567,5.0521446324904531,3.0016888713,168.097,253.046,359.6240,4.3002
1.0031097189326470,-0.0001329759420036,0.0004096374250446,-0.0006054562656655,-0.0042019877865172,0.0129793224608105,5.0620466919058522,3.0016879482,168.534,253.336,359.8868,4.3527
1.0031079563455498,-0.0001348998400643,0.0004158781562840,-0.0006141780138709,-0.0042092060003839,0.0130123397210008,5.0719487513212522,3.0016870157,168.974,253.629,360.1776,4.4060
1.0031061727687067,-0.0001368207776147,0.0004221439943174,-0.0006229045702845,-0.0042162590812029,0.0130456761862227,5.0818508107366522,3.0016860735,169.418,253.925,360.4963,4.4600
1.0031043674580506,-0.0001387384030817,0.0004284351442695,-0.0006316354470726,-0.0042231465316878,0.0130793406953805,5.0917528701520514,3.0016851214,169.865,254.224,360.8429,4.5148
1.0031025396629891,-0.0001406523471842,0.0004347517756664,-0.0006403700995652,-0.0042298678443879,0.0131133422964789,5.1016549295674505,3.0016841591,170.316,254.525,361.2173,4.5703
1.0031006886268907,-0.0001425622172857,0.0004410940051568,-0.0006491079013796,-0.0042364225042782,0.0131476902600415,5.1115569889828505,3.0016831862,170.771,254.830,361.6195,4.6266
1.0030988135732413,-0.0001444676851849,0.0004474621693785,-0.0006578485392697,-0.0042428099432956,0.0131823940222792,5.1214590483982505,3.0016822025,171.229,255.137,362.0494,4.6836
1.0030969137187022,-0.0001463683966225,0.0004538565452390,-0.0006665916067837,-0.0042490295851525,0.0132174632602483,5.1313611078136496,3.0016812076,171.691,255.448,362.5069,4.7415
1.0030949882721756,-0.0001482639753996,0.0004602773628063,-0.0006753366232334,-0.0042550808432351,0.0132529078993339,5.1412631672290496,3.0016802013,172.158,255.761,362.9922,4.8001
1.0030930364362360,-0.0001501540123784,0.0004667247713402,-0.0006840829850430,-0.0042609631265290,0.0132887381327467,5.1511652266444488,3.0016791832,172.628,256.078,363.5050,4.8596
1.0030910573901675,-0.0001520381680856,0.0004731991595546,-0.0006928304266316,-0.0042666757838017,0.0133249643515706,5.1610672860598488,3.0016781529,173.103,256.399,364.0455,4.9198
1.0030890503140388,-0.0001539160186924,0.0004797006762185,-0.0007015783296486,-0.0042722181856019,0.0133615972764463,5.1709693454752479,3.0016771102,173.583,256.722,364.6135,4.9809
1.0030870143580251,-0.0001557872418209,0.0004862298109229,-0.0007103265572495,-0.0042775896224381,0.0133986478208170,5.1808714048906479,3.0016760546,174.067,257.050,365.2091,5.0428
1.0030849486804467,-0.0001576513804629,0.0004927866566831,-0.0007190743954858,-0.0042827894338256,0.0134361272934347,5.1907734643060470,3.0016749858,174.555,257.381,365.8323,5.1056
1.0030828524110262,-0.0001595080628925,0.0004993715984085,-0.0007278215403751,-0.0042878168861841,0.0134740472327931,5.2006755237214470,3.0016739034,175.049,257.716,366.4830,5.1691
1.0030807246637909,-0.0001613569188888,0.0005059850522241,-0.0007365677226155,-0.0042926712175218,0.0135124194868555,5.2105775831368462,3.0016728070,175.547,258.055,367.1613,5.2336
1.0030785645513682,-0.0001631974930950,0.0005126271933068,-0.0007453123198063,-0.0042973516869424,0.0135512563012645,5.2204796425522462,3.0016716962,176.050,258.397,367.8672,5.2989
1.0030763711676596,-0.0001650293438806,0.0005192982666150,-0.0007540548002718,-0.0043018575179458,0.0135905702518921,5.2303817019676453,3.0016705706,176.559,258.744,368.6006,5.3650
1.0030741435584873,-0.0001668522041221,0.0005259990972941,-0.0007627954448001,-0.0043061878011470,0.0136303741165965,5.2402837613830453,3.0016694296,177.073,259.095,369.3617,5.4321
1.0030718807950407,-0.0001686655573560,0.0005327297526564,-0.0007715334466910,-0.0043103417430192,0.0136706812612472,5.2501858207984444,3.0016682729,177.593,259.451,370.1503,5.5000
1.0030695819082491,-0.0001704690085610,0.0005394907139818,-0.0007802685751151,-0.0043143184468357,0.0137115053335788,5.2600878802138444,3.0016671000,178.119,259.811,370.9666,5.5689
1.0030672459343424,-0.0001722620238104,0.0005462820524034,-0.0007890000085281,-0.0043181170677379,0.0137528605130808,5.2699899396292436,3.0016659104,178.650,260.175,371.8105,5.6386
1.0030648718508519,-0.0001740442789199,0.0005531045381459,-0.0007977278987466,-0.0043217365992090,0.0137947612127672,5.2798919990446436,3.0016647036,179.187,260.545,372.6822,5.7093
1.0030624586306907,-0.0001758153540566,0.0005599586720816,-0.0008064520023642,-0.0043251760570890,0.0138372223741281,5.2897940584600427,3.0016634790,179.731,260.919,373.5816,5.7809
1.0030600052477325,-0.0001775747030015,0.0005668445853253,-0.0008151715437841,-0.0043284345003246,0.0138802595223912,5.2996961178754427,3.0016622362,180.281,261.298,374.5087,5.8534
1.0030575106206641,-0.0001793219492895,0.0005737629876682,-0.0008238865442568,-0.0043315108442005,0.0139238885092879,5.3095981772908418,3.0016609744,180.838,261.683,375.4637,5.9269
1.0030549736575836,-0.0001810566399302,0.0005807143819600,-0.0008325967182607,-0.0043344040126779,0.0139681257665416,5.3195002367062418,3.0016596933,181.402,262.073,376.4465,6.0013
1.0030523932504483,-0.0001827782715860,0.0005876991473840,-0.0008413015918397,-0.0043371129221275,0.0140129883083914,5.3294022961216410,3.0016583921,181.972,262.468,377.4572,6.0767
1.0030497682560553,-0.0001844863840214,0.0005947178415777,-0.0008500009228439,-0.0043396364197576,0.0140584936662798,5.3393043555370410,3.0016570701,182.550,262.869,378.4959,6.1531
1.0030470975551622,-0.0001861802525641,0.0006017702052840,-0.0008586933208775,-0.0043419734853541,0.0141046602249251,5.3492064149524401,3.0016557269,183.136,263.276,379.5626,6.2305
1.0030443798597941,-0.0001878598591546,0.0006088583153354,-0.0008673806102512,-0.0043441225850757,0.0141515062698813,5.3591084743678401,3.0016543615,183.729,263.689,380.6574,6.3089
1.0030416139724188,-0.0001895245659201,0.0006159822858385,-0.0008760618737654,-0.0043460825473147,0.0141990513521730,5.3690105337832392,3.0016529735,184.330,264.108,381.7803,6.3883
1.0030387986674096,-0.0001911737196595,0.0006231422221722,-0.0008847361676545,-0.0043478521664457,0.0142473157227045,5.3789125931986392,3.0016515619,184.939,264.533,382.9314,6.4688
1.0030359326152873,-0.0001928070137671,0.0006303394115276,-0.0008934041511570,-0.0043494299510056,0.0142963199816266,5.3888146526140384,3.0016501260,185.557,264.966,384.1109,6.5502
1.0030330145387321,-0.0001944237119477,0.0006375737831004,-0.0009020645966076,-0.0043508146525058,0.0143460859284800,5.3987167120294384,3.0016486651,186.183,265.405,385.3186,6.6327
1.0030300430493821,-0.0001960234390443,0.0006448465043508,-0.0009107179487340,-0.0043520047195088,0.0143966357652137,5.4086187714448375,3.0016471782,186.818,265.851,386.5548,6.7163
1.0030270167447453,-0.0001976056976933,0.0006521583984181,-0.0009193641518724,-0.0043529986277737,0.0144479926463691,5.4185208308602375,3.0016456646,187.463,266.304,387.8196,6.8009
1.0030239342183962,-0.0001991698163841,0.0006595097675201,-0.0009280024159516,-0.0043537949186797,0.0145001807881124,5.4284228902756375,3.0016441232,188.117,266.765,389.1129,6.8867
1.0030207939851286,-0.0002007152964832,0.0006669015455174,-0.0009366327821164,-0.0043543919514570,0.0145532251325603,5.4383249496910366,3.0016425531,188.781,267.233,390.4349,6.9735
1.0030175945321591,-0.0002022415581243,0.0006743344586784,-0.0009452549793647,-0.0043547880802210,0.0146071516757731,5.4482270091064358,3.0016409533,189.455,267.710,391.7856,7.0614
1.0030143342601112,-0.0002037482031949,0.0006818099095054,-0.0009538696142036,-0.0043549814601232,0.0146619872198187,5.4581290685218358,3.0016393228,190.139,268.195,393.1652,7.1505
1.0030110116104081,-0.0002052344198246,0.0006893279791764,-0.0009624754817736,-0.0043549704813088,0.0147177601140384,5.4680311279372358,3.0016376605,190.834,268.688,394.5738,7.2407
1.0030076247980027,-0.0002067001879718,0.0006968914948979,-0.0009710750196566,-0.0043547528748549,0.0147744989104555,5.4779331873526349,3.0016359653,191.541,269.190,396.0113,7.3320
1.0030041723121519,-0.0002081440065906,0.0007044983446466,-0.0009796640247184,-0.0043543274038598,0.0148322351032842,5.4878352467680340,3.0016342358,192.259,269.702,397.4781,7.4245
1.0030006522744950,-0.0002095657741317,0.0007121512323587,-0.0009882446928915,-0.0043536917093868,0.0148909997965314,5.4977373061834340,3.0016324710,192.989,270.223,398.9740,7.5182
1.0029970628697251,-0.0002109648335628,0.0007198510646343,-0.0009968167736376,-0.0043528437664199,0.0149508260824774,5.5076393655988340,3.0016306694,193.732,270.753,400.4993,7.6130
1.0029934022063638,-0.0002123405850979,0.0007275990300705,-0.0010053803461845,-0.0043517814223642,0.0150117483949302,5.5175414250142332,3.0016288297,194.487,271.294,402.0541,7.7091
1.0029896683242101,-0.0002136924371521,0.0007353964387063,-0.0010139356008007,-0.0043505024296768,0.0150738026489188,5.5274434844296323,3.0016269505,195.255,271.846,403.6383,7.8064
1.0029858592190739,-0.0002150196852337,0.0007432443066418,-0.0010224822904583,-0.0043490045370421,0.0151370264830816,5.5373455438450323,3.0016250302,196.037,272.408,405.2522,7.9049
1.0029819727875846,-0.0002163217331367,0.0007511441264593,-0.0010310207403846,-0.0043472853123821,0.0152014590765846,5.5472476032604323,3.0016230672,196.834,272.982,406.8959,8.0046
1.0029780068734555,-0.0002175978776251,0.0007590971257628,-0.0010395508712997,-0.0043453423075915,0.0152671415244975,5.5571496626758314,3.0016210598,197.645,273.567,408.5694,8.1056
1.0029739592349445,-0.0002188474296395,0.0007671046929309,-0.0010480727546081,-0.0043431729590041,0.0153341167947077,5.5670517220912306,3.0016190063,198.471,274.164,410.2729,8.2079
1.0029698275363188,-0.0002200697293358,0.0007751684388074,-0.0010565866858648,-0.0043407745693078,0.0154024298242389,5.5769537815066306,3.0016169048,199.313,274.774,412.0064,8.3115
1.0029656093591510,-0.0002212640783209,0.0007832899653934,-0.0010650928794071,-0.0043381443568456,0.0154721277358474,5.5868558409220306,3.0016147534,200.171,275.398,413.7701,8.4164
1.0029613022001209,-0.0002224297284942,0.0007914708307469,-0.0010735914206768,-0.0043352794603916,0.0155432599933917,5.5967579003374297,3.0016125499,201.046,276.034,415.5641,8.5226
1.0029569034378887,-0.0002235659935680,0.0007997129551971,-0.0010820827826003,-0.0043321768410848,0.0156158783980878,5.6066599597528297,3.0016102922,201.939,276.685,417.3885,8.6301
1.0029524103541316,-0.0002246721385367,0.0008080182364331,-0.0010905673240283,-0.0043288333671793,0.0156900373990772,5.6165620191682288,3.0016079779,202.850,277.351,419.2434,8.7390
1.0029478200785067,-0.0002257475720795,0.0008163892564983,-0.0010990461817161,-0.0043252456447296,0.0157657939947281,5.6264640785836288,3.0016056047,203.780,278.032,421.1289,8.8493
1.0029431297620492,-0.0002267911361404,0.0008248267038700,-0.0011075179984058,-0.0043214106153846,0.0158432089384762,5.6363661379990280,3.0016031699,204.730,278.729,423.0451,8.9610
1.0029383361568571,-0.0002278027261961,0.0008333353005379,-0.0011159864099176,-0.0043173241651675,0.0159223446106055,5.6462681974144280,3.0016006708,205.700,279.443,424.9921,9.0741
1.0029334362861844,-0.0002287806448596,0.0008419141117157,-0.0011244478186000,-0.0043129833894903,0.0160032690848046,5.6561702568298271,3.0015981045,206.692,280.173,426.9700,9.1886
1.0029284268339136,-0.0002297239571496,0.0008505651741433,-0.0011329022805388,-0.0043083845674996,0.0160860529643301,5.6660723162452271,3.0015954678,207.706,280.922,428.9789,9.3045
1.0029233040619072,-0.0002306327340318,0.0008592945115417,-0.0011413546803470,-0.0043035229096360,0.0161707691964804,5.6759743756606262,3.0015927576,208.743,281.690,431.0189,9.4219
1.0029180643610336,-0.0002315059109346,0.0008681041751140,-0.0011498047934955,-0.0042983944268637,0.0162574965788788,5.6858764350760262,3.0015899703,209.804,282.477,433.0902,9.5408
1.0029127039738621,-0.0002323423216097,0.0008769960610655,-0.0011582520781465,-0.0042929950283374,0.0163463185604491,5.6957784944914254,3.0015871023,210.891,283.285,435.1927,9.6612
1.0029072187741392,-0.0002331414682932,0.0008859748686586,-0.0011666992897427,-0.0042873198135346,0.0164373223651981,5.7056805539068254,3.0015841495,212.004,284.114,437.3266,9.7831
1.0029016046794657,-0.0002339019417201,0.0008950421099150,-0.0011751451041182,-0.0042813644834812,0.0165306018490344,5.7155826133222245,3.0015811078,213.144,284.966,439.4919,9.9065
1.0028958572095530,-0.0002346230036029,0.0009042021638858,-0.0011835915327749,-0.0042751238991819,0.0166262554147461,5.7254846727376245,3.0015779727,214.313,285.842,441.6888,10.0315
1.0028899716326167,-0.0002353039780983,0.0009134600113871,-0.0011920411000786,-0.0042685926095737,0.0167243873992578,5.7353867321530236,3.0015747392,215.511,286.742,443.9172,10.1581
1.0028839431743592,-0.0002359434465755,0.0009228180960615,-0.0012004930514959,-0.0042617655899527,0.0168251099199186,5.7452887915684236,3.0015714024,216.742,287.667,446.1773,10.2863
1.0028777666912925,-0.0002365403637450,0.0009322806850348,-0.0012089486202491,-0.0042546371975693,0.0169285415991308,5.7551908509838228,3.0015679566,218.005,288.620,448.4691,10.4161
1.0028714370945593,-0.0002370924924419,0.0009418476812006,-0.0012174036197781,-0.0042472026337348,0.0170348108435485,5.7650929103992228,3.0015643960,219.302,289.602,450.7927,10.5475
1.0028649478974154,-0.0002376014021362,0.0009515346777880,-0.0012258722290854,-0.0042394531639248,0.0171440478527855,5.7749949698146219,3.0015607141,220.636,290.613,453.1479,10.6806
1.0028582932406800,-0.0002380652762972,0.0009613443057346,-0.0012343528557070,-0.0042313829242590,0.0172563977383278,5.7848970292300219,3.0015569041,222.008,291.656,455.5350,10.8154
1.0028514668114481,-0.0002384826415443,0.0009712810520826,-0.0012428458245716,-0.0042229853865313,0.0173720150133622,5.7947990886454210,3.0015529586,223.419,292.732,457.9539,10.9519
1.0028444619940862,-0.0002388517452582,0.0009813487834591,-0.0012513504278432,-0.0042142539356719,0.0174910656156110,5.8047011480608210,3.0015488696,224.873,293.842,460.4045,11.0901
1.0028372709869118,-0.0002391734078978,0.0009915626935798,-0.0012598786991902,-0.0042051790230063,0.0176137226302121,5.8146032074762202,3.0015446286,226.371,294.990,462.8868,11.2301
1.0028298867443288,-0.0002394443651401,0.0010019217180360,-0.0012684233916428,-0.0041957547044365,0.0177401797299976,5.8245052668916202,3.0015402260,227.915,296.177,465.4009,11.3718
1.0028223007895904,-0.0002396644881671,0.0010124386225777,-0.0012769927787896,-0.0041859714870638,0.0178706391036032,5.8344073263070193,3.0015356519,229.509,297.405,467.9465,11.5153
1.0028145047132544,-0.0002398316328553,0.0010231185118510,-0.0012855858215317,-0.0041758214146072,0.0180053225464040,5.8443093857224193,3.0015308951,231.154,298.677,470.5237,11.6607
1.0028064890628443,-0.0002399451451921,0.0010339737620640,-0.0012942091928658,-0.0041652945200557,0.0181444664012597,5.8542114451378184,3.0015259438,232.855,299.995,473.1323,11.8079
1.0027982431928584,-0.0002400060963120,0.0010450254866335,-0.0013028786022150,-0.0041543784845715,0.0182883226786070,5.8641135045532184,3.0015207847,234.614,301.362,475.7722,11.9570
1.0027897581462994,-0.0002400079043028,0.0010562623430837,-0.0013115727663875,-0.0041430683134114,0.0184371802060570,5.8740155639686176,3.0015154035,236.434,302.782,478.4431,12.1079
1.0027810217504527,-0.0002399518196668,0.0010677084874214,-0.0013203093886717,-0.0041313503291363,0.0185913357953708,5.8839176233840176,3.0015097847,238.320,304.257,481.1448,12.2608
1.0027720216485867,-0.0002398369253578,0.0010793801336353,-0.0013290962630635,-0.0041192124009664,0.0187511169389708,5.8938196827994167,3.0015039108,240.276,305.791,483.8771,12.4156
1.0027627446576450,-0.0002396619385130,0.0010912934912538,-0.0013379401218255,-0.0041066420644603,0.0189168813582440,5.9037217422148167,3.0014977631,242.307,307.389,486.6397,12.5723
1.0027531767877382,-0.0002394248665634,0.0011034632651771,-0.0013468449457035,-0.0040936268598350,0.0190890213754529,5.9136238016302158,3.0014913205,244.416,309.054,489.4321,12.7311
1.0027433029445114,-0.0002391235988001,0.0011159054680300,-0.0013558149409952,-0.0040801536685803,0.0192679668041551,5.9235258610456158,3.0014845598,246.610,310.793,492.2540,12.8918
1.0027331056808386,-0.0002387592502540,0.0011286536274563,-0.0013648715101849,-0.0040662049913036,0.0194541820076206,5.9334279204610159,3.0014774555,248.895,312.609,495.1048,13.0546
1.0027225677853995,-0.0002383279334240,0.0011417202135247,-0.0013740119316470,-0.0040517678540937,0.0196481899728997,5.9433299798764150,3.0014699787,251.277,314.509,497.9840,13.2194
1.0027116695901177,-0.0002378283769042,0.0011551328296826,-0.0013832477555546,-0.0040368254720988,0.0198505615900073,5.9532320392918141,3.0014620977,253.764,316.499,500.8909,13.3863
1.0027003893562598,-0.0002372601194282,0.0011689264699402,-0.0013925959663706,-0.0040213590983511,0.0200619269544387,5.9631340987072141,3.0014537765,256.364,318.587,503.8246,13.5553
1.0026887039191321,-0.0002366209833525,0.0011831315158658,-0.0014020662011229,-0.0040053507966015,0.0202829902622493,5.9730361581226141,3.0014449751,259.085,320.781,506.7844,13.7263
1.0026765871431769,-0.0002359107934560,0.0011977927905066,-0.0014116799315387,-0.0039887791959022,0.0205145311960313,5.9829382175380132,3.0014356479,261.938,323.090,509.7691,13.8995
1.0026640109683711,-0.0002351274930658,0.0012129507389464,-0.0014214506740163,-0.0039716238332939,0.0207574268783778,5.9928402769534124,3.0014257436,264.934,325.523,512.7777,14.0748
1.0026509444329208,-0.0002342689583994,0.0012286511042535,-0.0014313934092914,-0.0039538630819859,0.0210126623854748,6.0027423363688124,3.0014152036,268.085,328.093,515.8086,14.2523
1.0026373524372607,-0.0002333352270835,0.0012449578827895,-0.0014415364805166,-0.0039354714881987,0.0212813425645811,6.0126443957842124,3.0014039611,271.406,330.812,518.8603,14.4319
1.0026231955788953,-0.0002323274661792,0.0012619498320025,-0.0014519166478758,-0.0039164208680358,0.0215647158566012,6.0225464551996115,3.0013919391,274.913,333.695,521.9309,14.6136
1.0026084311175885,-0.0002312437305961,0.0012796987568820,-0.0014625569385792,-0.0038966853735441,0.0218642123569753,6.0324485146150106,3.0013790491,278.624,336.759,525.0184,14.7975
1.0025930103665466,-0.0002300841164655,0.0012982991621027,-0.0014734939794993,-0.0038762354731713,0.0221814622212809,6.0423505740304106,3.0013651878,282.560,340.023,528.1202,14.9835
1.0025768779735911,-0.0002288502335782,0.0013178684794914,-0.0014847756932382,-0.0038550386274486,0.0225183367479524,6.0522526334458107,3.0013502349,286.746,343.509,531.2334,15.1716
1.0025599708179740,-0.0002275451946268,0.0013385507271468,-0.0014964616824831,-0.0038330594685608,0.0228769981175380,6.0621546928612098,3.0013340486,291.209,347.244,534.3546,15.3617
1.0025422174053213,-0.0002261717097522,0.0013605094818393,-0.0015086132794603,-0.0038102625278568,0.0232599683119892,6.0720567522766089,3.0013164610,295.982,351.256,537.4797,15.5540
1.0025235351562736,-0.0002247347790512,0.0013839490687088,-0.0015213082586187,-0.0037866095247135,0.0236702016263749,6.0819588116920089,3.0012972714,301.104,355.583,540.6040,15.7482
1.0025038277104228,-0.0002232430849004,0.0014091311472100,-0.0015346486676174,-0.0037620584832304,0.0241111837893757,6.0918608711074089,3.0012762378,306.620,360.265,543.7220,15.9443
1.0024829817292618,-0.0002217100986841,0.0014363929400114,-0.0015487669107165,-0.0037365636635939,0.0245870635076335,6.1017629305228080,3.0012530656,312.584,365.355,546.8266,16.1421
1.0024608636020576,-0.0002201534907730,0.0014661583343894,-0.0015638218958181,-0.0037100784925275,0.0251028341204083,6.1116649899382072,3.0012273924,319.061,370.912,549.9099,16.3417
1.0024373126785622,-0.0002186002516280,0.0014989925842744,-0.0015800254573586,-0.0036825522826415,0.0256645579969842,6.1215670493536072,3.0011987665,326.132,377.011,552.9617,16.5427
1.0024121333501874,-0.0002170905695317,0.0015356609667002,-0.0015976599919323,-0.0036539302658067,0.0262796835725122,6.1314691087690072,3.0011666175,333.894,383.746,555.9698,16.7450
1.0023850833830523,-0.0002156849677530,0.0015772276497741,-0.0016171097701272,-0.0036241521978519,0.0269574815707739,6.1413711681844063,3.0011302137,342.471,391.232,558.9189,16.9483
1.0023558563400115,-0.0002144768092983,0.0016252238264349,-0.0016389128993486,-0.0035931484240340,0.0277096582351269,6.1512732275998054,3.0010885996,352.021,399.617,561.7896,17.1520
1.0023240534030586,-0.0002136159478587,0.0016819551206788,-0.0016638549148508,-0.0035608285033756,0.0285512306076495,6.1611752870152054,3.0010405020,362.744,409.095,564.5571,17.3559
1.0022891372312603,-0.0002133513446149,0.0017510640276757,-0.0016931200025143,-0.0035270569725541,0.0295018157387031,6.1710773464306055,3.0009841822,374.912,419.922,567.1890,17.5590
1.0022503456581981,-0.0002141241600490,0.0018387246546339,-0.0017285989927624,-0.0034915819058422,0.0305875287189650,6.1809794058460046,3.0009171989,388.888,432.445,569.6418,17.7604
1.0022065142581316,-0.0002167817162312,0.0019563858709178,-0.0017735094475303,-0.0034538339141321,0.0318437995528574,6.1908814652614037,3.0008360034,405.183,447.156,571.8562,17.9588
1.0021556413008346,-0.0002231541172630,0.0021281487474336,-0.0018337999149958,-0.0034122783918897,0.0333193078923831,6.2007835246768037,3.0007352180,424.541,464.769,573.7474,18.1521
1.0020930415029614,-0.0002388075433974,0.0024241508070503,-0.0019249607885929,-0.0033606298909204,0.0350756968179309,6.2106855840922037,3.0006062502,448.093,486.378,575.1901,18.3374
1.0020191209777827,-0.0002587689039194,0.0028190193063067,-0.0020091478175197,-0.0033114173644089,0.0372859310251923,6.2205876435076028,3.0004343975,477.677,513.761,575.9883,18.5098
1.0019183782866663,-0.0003027743453632,0.0035850837965712,-0.0021170315754120,-0.0032452061375172,0.0401315787593939,6.2304897029230020,3.0001920522,516.523,550.065,575.8116,18.6612
1.0018547211899849,-0.0002634494647127,0.0033873714291278,-0.0020079332402866,-0.0033512590551222,0.0445883161275598,6.2403917623384020,2.9998199416,571.049,601.559,574.0405,18.7763
1.0017704898005086,-0.0002089963128413,0.0029479818556626,-0.0018331144106701,-0.0035772477627092,0.0515814614291892,6.2502938217538020,2.9991606260,656.634,683.333,569.3027,18.8208
1.0014298588682762,-0.0005390915704023,0.0086743185894389,-0.0022480697896659,-0.0037348353738976,0.0640024191240964,6.2601958811692011,2.9975856317,825.933,847.314,557.4572,18.6913
1.0014015339703268,-0.0005576607589326,0.0090396645915009,-0.0022625117084724,-0.0038472308565230,0.0663249354544580,6.2612382032129270,2.9972736688,855.501,876.161,555.3141,18.6555
1.0013706324522662,-0.0005799787014052,0.0094556768045607,-0.0022825644165993,-0.0039853772077668,0.0689895210828867,6.2622805252566538,2.9969022579,889.422,909.311,552.8661,18.6122
1.0013365198312012,-0.0006073896507984,0.0099369973107212,-0.0023105304096589,-0.0041582336720683,0.0720930531208034,6.2633228473003797,2.9964514251,928.934,947.994,550.0409,18.5594
1.0012983005806668,-0.0006419427413933,0.0105047768588070,-0.0023499925889847,-0.0043795376516631,0.0757767763252096,6.2643651693441065,2.9958907756,975.841,994.003,546.7383,18.4949
1.0012546356119087,-0.0006869596815198,0.0111914637861249,-0.0024068633090013,-0.0046714866595702,0.0802566795874526,6.2654074913878324,2.9951715014,1032.905,1050.080,542.8131,18.4150
1.0012033991246245,-0.0007482022061209,0.0120498158604569,-0.0024915863008852,-0.0050725587434479,0.0858842731105117,6.2664498134315592,2.9942095592,1104.623,1120.699,538.0452,18.3142
1.0011409530918218,-0.0008365729670780,0.0131716971127964,-0.0026243093403678,-0.0056561472113433,0.0932818763406949,6.2674921354752851,2.9928458901,1198.963,1213.790,532.0779,18.1840
1.0010607375125948,-0.0009745719266798,0.0147193857793007,-0.0028477022189256,-0.0065835317047353,0.1036938307559666,6.2685344575190109,2.9907357598,1331.837,1345.201,524.2818,18.0091
1.0009408729918086,-0.0012385013364971,0.0173099171275760,-0.0033046067493756,-0.0082769001864682,0.1200717535797945,6.2695767795627377,2.9869554423,1541.505,1553.066,513.4105,17.7606
1.0007277919167314,-0.0018757932079361,0.0222336625398857,-0.0044816279250226,-0.0124552190904371,0.1523191582975146,6.2706191016064636,2.9778749391,1955.338,1964.464,496.7117,17.3793
1.0000044572135598,-0.0051298954240720,0.0383247326962594,-0.0108360209097838,-0.0334885269830665,0.2566375762948961,6.2716614236501904,2.9331634472,3308.890,3314.292,478.7798,17.1025
