x0_n,y0_n,z0_n,xd0_n,yd0_n,zd0_n,Tp,JC,L2ExcessVelocity_mps,...,error_tol=1e-11,n_Nodes=6,stepsize=1.0
1.0041811546993631,-0.0000000000000000,0.0000000000000000,0.0000000000004610,-0.0001271386264900,0.0000000000000000,3.1755694188678469,3.0011084413,6.374
1.0042416781334114,-0.0000000000000000,0.0000000000000000,0.0000000000759491,-0.0005022546263047,0.0000000000000000,3.1765067924005308,3.0011082556,8.381
1.0042990185315088,-0.0000000000000000,0.0000000000000000,-0.0000000000000011,-0.0008652929597816,0.0000000000000000,3.1785055579041757,3.0011078608,11.542
1.0043382511692236,0.0000000000000000,0.0000000000000000,0.0000000000000063,-0.0011182580650182,0.0000000000000000,3.1805549774052961,3.0011074581,14.051
1.0043733459105995,-0.0000000000000000,0.0000000000000000,0.0000000000000030,-0.0013478579998415,0.0000000000000000,3.1828973670429610,3.0011070004,16.445
1.0044066899572370,-0.0000000000000000,0.0000000000000000,0.0000000000000015,-0.0015690252045742,0.0000000000000000,3.1856009028310392,3.0011064756,18.818
1.0044394940454675,-0.0000000000000000,0.0000000000000000,-0.0000000000000010,-0.0017895900932084,0.0000000000000000,3.1887479399078607,3.0011058693,21.233
1.0044724853557241,-0.0000000000000000,0.0000000000000000,0.0000000000000102,-0.0020144957951471,0.0000000000000000,3.1924362588342632,3.0011051649,23.731
1.0045061492355640,-0.0000000000000000,0.0000000000000000,0.0000000000000217,-0.0022472727349823,0.0000000000000000,3.1967823263219350,3.0011043433,26.348
1.0045408308313981,-0.0000000000000000,0.0000000000000000,0.0000000000000226,-0.0024906572439518,0.0000000000000000,3.2019252075958491,3.0011033827,29.110
1.0045767999138782,-0.0000000000000000,0.0000000000000000,0.0000000000000123,-0.0027469983924869,0.0000000000000000,3.2080341654619322,3.0011022576,32.044
1.0046142342587987,-0.0000000000000000,0.0000000000000000,0.0000000000000108,-0.0030181015449573,0.0000000000000000,3.2153076831584357,3.0011009402,35.170
1.0046532837721907,-0.0000000000000000,0.0000000000000000,0.0000000000000126,-0.0033056440670368,0.0000000000000000,3.2239886251497958,3.0010993984,38.508
1.0046940533493773,-0.0000000000000000,0.0000000000000000,0.0000000000000065,-0.0036110033575546,0.0000000000000000,3.2343686039086412,3.0010975970,42.073
1.0047366283440355,-0.0000000000000000,0.0000000000000000,0.0000000000000349,-0.0039353708728298,0.0000000000000000,3.2468027175940497,3.0010954973,45.880
1.0047810826482726,-0.0000000000000000,0.0000000000000000,0.0000000000002398,-0.0042797085685799,0.0000000000000000,3.2617238177908785,3.0010930573,49.941
1.0048274874254224,-0.0000000000000000,0.0000000000000000,0.0000000000000038,-0.0046446581142138,0.0000000000000000,3.2796581892798304,3.0010902335,54.263
1.0048759120747279,-0.0000000000000000,0.0000000000000000,0.0000000000000292,-0.0050303142339197,0.0000000000000000,3.3012359685298889,3.0010869834,58.846
1.0049264890393732,-0.0000000000000000,0.0000000000000000,-0.0000000000000044,-0.0054364168155296,0.0000000000000000,3.3272256909696711,3.0010832667,63.683
1.0049794434758843,-0.0000000000000000,0.0000000000000000,-0.0000000000000077,-0.0058621693244203,0.0000000000000000,3.3585549209550387,3.0010790489,68.762
1.0050351641582485,-0.0000000000000000,0.0000000000000000,-0.0000000000000030,-0.0063062717605793,0.0000000000000000,3.3963448554132714,3.0010743052,74.059
1.0050942942275849,-0.0000000000000000,0.0000000000000000,0.0000000000000079,-0.0067669978661689,0.0000000000000000,3.4419526095607949,3.0010690232,79.544
1.0051579997696676,-0.0000000000000000,0.0000000000000000,0.0000000000000123,-0.0072434676832399,0.0000000000000000,3.4971648413248131,3.0010631919,85.189
1.0052090410436683,-0.0000000000000000,0.0000000000000000,-0.0000000000002176,-0.0076054204752908,0.0000000000000000,3.5454713527846486,3.0010585274,89.449
1.0052102822741420,-0.0000000000000000,0.0000000000000000,0.0000000000000439,-0.0076139748461787,0.0000000000000000,3.5466863383440752,3.0010584148,89.549
1.0052117811315275,-0.0000000000000001,0.0000000000000000,0.0000000000000379,-0.0076242884356206,0.0000000000000000,3.5481558911929976,3.0010582790,89.670
1.0052135912686215,-0.0000000000000001,0.0000000000000000,0.0000000000000361,-0.0076367200794187,0.0000000000000000,3.5499341004176297,3.0010581151,89.816
1.0052157766865710,-0.0000000000000001,0.0000000000000000,0.0000000000000712,-0.0076516941886063,0.0000000000000000,3.5520859795663426,3.0010579173,89.991
1.0052184131838970,-0.0000000000000000,0.0000000000000000,0.0000000000000106,-0.0076697080328619,0.0000000000000000,3.5546892417508653,3.0010576790,90.202
1.0052215929399901,-0.0000000000000001,0.0000000000000000,0.0000000000000675,-0.0076913591884589,0.0000000000000000,3.5578393203267686,3.0010573920,90.455
1.0052254241151006,-0.0000000000000000,0.0000000000000000,0.0000000000000048,-0.0077173371471518,0.0000000000000000,3.5616496492674576,3.0010570467,90.759
1.0052300392488371,-0.0000000000000001,0.0000000000000000,0.0000000000000523,-0.0077484721384210,0.0000000000000000,3.5662609545764909,3.0010566317,91.123
1.0052355928546117,-0.0000000000000000,0.0000000000000000,0.0000000000000284,-0.0077857068768862,0.0000000000000000,3.5718401863678868,3.0010561337,91.558
1.0052422694802443,-0.0000000000000000,0.0000000000000000,0.0000000000000581,-0.0078301340104876,0.0000000000000000,3.5785902488769725,3.0010555370,92.076
1.0052502883124508,-0.0000000000000000,0.0000000000000000,-0.0000000000000045,-0.0078830024161094,0.0000000000000000,3.5867569368246914,3.0010548235,92.692
1.0052599086274621,-0.0000000000000001,0.0000000000000000,0.0000000000000298,-0.0079457186597396,0.0000000000000000,3.5966372911617679,3.0010539725,93.421
1.0052714376920278,-0.0000000000000001,0.0000000000000000,0.0000000000000664,-0.0080198499188393,0.0000000000000000,3.6085911578058552,3.0010529600,94.282
1.0052852392763432,-0.0000000000000001,0.0000000000000000,-0.0000000000001123,-0.0081071106221866,0.0000000000000000,3.6230539357888567,3.0010517595,95.291
1.0053002525313144,-0.0000000000000001,0.0000000000000000,-0.0000000000000227,-0.0082001918485166,0.0000000000000000,3.6389617640433909,3.0010504689,96.365
1.0053182111975330,-0.0000000000000001,0.0000000000000000,-0.0000000000001493,-0.0083090175872860,0.0000000000000000,3.6582093471390995,3.0010489475,97.616
1.0053396813642832,-0.0000000000000001,0.0000000000000000,0.0000000000001072,-0.0084355466571210,0.0000000000000000,3.6814991851936707,3.0010471625,99.064
1.0053653496781845,-0.0000000000000000,0.0000000000000000,-0.0000000000000601,-0.0085817782494974,0.0000000000000000,3.7096856636199425,3.0010450795,100.726
1.0053960454331119,-0.0000000000000001,0.0000000000000000,-0.0000000000000538,-0.0087496281419425,0.0000000000000000,3.7437939758015695,3.0010426648,102.620
1.0054328000080499,-0.0000000000000000,0.0000000000000000,-0.0000000000000419,-0.0089409467497239,0.0000000000000000,3.7850717312426969,3.0010398855,104.758
1.0054338748821652,-0.0000000000000001,0.0000000000000000,0.0000000000000051,-0.0089463888317915,0.0000000000000000,3.7862845378964320,3.0010398061,104.818
1.0054351761132581,-0.0000000000000000,0.0000000000000000,-0.0000000000000768,-0.0089529655828166,0.0000000000000000,3.7877531191192202,3.0010397101,104.891
1.0054367501995054,-0.0000000000000000,0.0000000000000000,-0.0000000000000016,-0.0089609047999779,0.0000000000000000,3.7895301748505208,3.0010395941,104.979
1.0054386539956142,-0.0000000000000000,0.0000000000000000,0.0000000000000254,-0.0089704827405082,0.0000000000000000,3.7916802218646626,3.0010394542,105.086
1.0054409567316926,-0.0000000000000000,0.0000000000000000,0.0000000000000169,-0.0089820324053136,0.0000000000000000,3.7942818972586103,3.0010392854,105.214
1.0054434885671633,-0.0000000000000001,0.0000000000000000,0.0000000000000198,-0.0089946866827954,0.0000000000000000,3.7971437485317163,3.0010391004,105.354
1.0054465507914148,-0.0000000000000000,0.0000000000000000,-0.0000000000000850,-0.0090099299493631,0.0000000000000000,3.8006069368502660,3.0010388774,105.522
1.0054502539003065,-0.0000000000000001,0.0000000000000000,-0.0000000000000078,-0.0090282733856442,0.0000000000000000,3.8047974618399931,3.0010386088,105.725
1.0054543246118803,-0.0000000000000001,0.0000000000000000,-0.0000000000000730,-0.0090483247694616,0.0000000000000000,3.8094070262523063,3.0010383151,105.946
1.0054587990737731,-0.0000000000000001,0.0000000000000000,-0.0000000000000747,-0.0090702294763183,0.0000000000000000,3.8144772723482463,3.0010379939,106.188
1.0054642096550870,-0.0000000000000000,0.0000000000000000,-0.0000000000000336,-0.0090965291592170,0.0000000000000000,3.8206128287718784,3.0010376079,106.477
1.0054707503563560,-0.0000000000000001,0.0000000000000000,-0.0000000000000849,-0.0091280505659801,0.0000000000000000,3.8280360386620882,3.0010371449,106.824
1.0054786598208545,-0.0000000000000000,0.0000000000000000,-0.0000000000000427,-0.0091657765699890,0.0000000000000000,3.8370206938265365,3.0010365900,107.237
1.0054882219088568,-0.0000000000000000,0.0000000000000000,-0.0000000000000242,-0.0092108216004354,0.0000000000000000,3.8478927381075381,3.0010359268,107.729
1.0054987316446788,-0.0000000000000000,0.0000000000000000,-0.0000000000000336,-0.0092596328541944,0.0000000000000000,3.8598528002325683,3.0010352071,108.260
1.0055114392085081,-0.0000000000000000,0.0000000000000000,0.0000000000000457,-0.0093176978576807,0.0000000000000000,3.8743252916381756,3.0010343499,108.890
1.0055268089696185,-0.0000000000000001,0.0000000000000000,-0.0000000000000522,-0.0093865706014976,0.0000000000000000,3.8918406896855631,3.0010333319,109.633
1.0055452538277159,-0.0000000000000001,0.0000000000000000,-0.0000000000001140,-0.0094673286445559,0.0000000000000000,3.9128673484425169,3.0010321368,110.499
1.0055676898755905,-0.0000000000000000,0.0000000000000000,-0.0000000000001985,-0.0095628922300996,0.0000000000000000,3.9384394807735772,3.0010307213,111.516
1.0055948527067438,-0.0000000000000001,0.0000000000000000,-0.0000000000000248,-0.0096748703559860,0.0000000000000000,3.9693698514235396,3.0010290621,112.696
1.0056244734137081,-0.0000000000000001,0.0000000000000000,0.0000000000000667,-0.0097926220490696,0.0000000000000000,4.0030337605300179,3.0010273182,113.923
1.0056255349228302,-0.0000000000000001,0.0000000000000000,0.0000000000000693,-0.0097967613507406,0.0000000000000000,4.0042385419082107,3.0010272570,113.966
1.0056268267697754,-0.0000000000000001,0.0000000000000000,0.0000000000001776,-0.0098017915203009,0.0000000000000000,4.0057045815549186,3.0010271825,114.018
1.0056283901887537,-0.0000000000000000,0.0000000000000000,0.0000000000001715,-0.0098078684139838,0.0000000000000000,4.0074785615882993,3.0010270926,114.081
1.0056302821922605,-0.0000000000000000,0.0000000000000000,0.0000000000001592,-0.0098152068549833,0.0000000000000000,4.0096250096250756,3.0010269840,114.157
1.0056325719899097,-0.0000000000000000,0.0000000000000000,0.0000000000001665,-0.0098240654102948,0.0000000000000000,4.0122221952281372,3.0010268530,114.248
1.0056353434777401,-0.0000000000000001,0.0000000000000000,0.0000000000000432,-0.0098347542813552,0.0000000000000000,4.0153649096794286,3.0010266948,114.359
1.0056386981329413,-0.0000000000000001,0.0000000000000000,0.0000000000001627,-0.0098476439596725,0.0000000000000000,4.0191676669266068,3.0010265042,114.491
1.0056427589639689,-0.0000000000000000,0.0000000000000000,0.0000000000000975,-0.0098631767983490,0.0000000000000000,4.0237690680547775,3.0010262745,114.651
1.0056476770805387,-0.0000000000000001,0.0000000000000000,0.0000000000001854,-0.0098818868839476,0.0000000000000000,4.0293390688273121,3.0010259979,114.843
1.0056536306788482,-0.0000000000000000,0.0000000000000000,0.0000000000001837,-0.0099043887338402,0.0000000000000000,4.0360775431339597,3.0010256654,115.074
1.0056608405646874,-0.0000000000000001,0.0000000000000000,-0.0000000000000637,-0.0099314256335136,0.0000000000000000,4.0442314444520848,3.0010252661,115.351
1.0056695738783850,-0.0000000000000000,0.0000000000000000,-0.0000000000000738,-0.0099638682604350,0.0000000000000000,4.0540983157063089,3.0010247873,115.681
1.0056801552041419,-0.0000000000000001,0.0000000000000000,-0.0000000000000784,-0.0100027349266577,0.0000000000000000,4.0660378070686942,3.0010242142,116.075
1.0056918136339283,-0.0000000000000000,0.0000000000000000,-0.0000000000000879,-0.0100450126529474,0.0000000000000000,4.0791723277754670,3.0010235916,116.502
1.0057059492220566,-0.0000000000000000,0.0000000000000000,-0.0000000000000413,-0.0100955294099990,0.0000000000000000,4.0950675791157449,3.0010228487,117.010
1.0057230974342473,-0.0000000000000000,0.0000000000000000,0.0000000000000428,-0.0101557560119611,0.0000000000000000,4.1143038809767996,3.0010219648,117.611
1.0057439157169530,-0.0000000000000001,0.0000000000000000,0.0000000000000175,-0.0102273815759432,0.0000000000000000,4.1375847031748130,3.0010209164,118.319