x0_n,y0_n,z0_n,xd0_n,yd0_n,zd0_n,Tp,JC,L2ExcessVelocity_mps,...,error_tol=1e-09,n_Nodes=5,stepsize=1.0
0.9960330881334446,-0.0000000000000000,0.0000000000000000,0.0000000078287016,-0.0000953716466963,0.0000000000000000,3.0244897058651992,3.0001423781,0.000
0.9960330853081766,-0.0000000000000000,0.0000000000000000,-0.0000000000341198,-0.0000953673295890,0.0000000000000000,3.0244897060732945,3.0001423781,0.000
0.9960339421494179,0.0000000000000000,0.0000000000000000,0.0000000000000011,-0.0001010561417061,0.0000000000000000,3.0244910612800444,3.0001423772,0.000
0.9960348356718373,-0.0000000000000000,0.0000000000000000,0.0000000000000017,-0.0001069863266538,0.0000000000000000,3.0244934649858259,3.0001423762,0.000
0.9960357687335311,0.0000000000000000,0.0000000000000000,0.0000000000000018,-0.0001131765027080,0.0000000000000000,3.0244966909123612,3.0001423751,0.000
0.9960367439450015,-0.0000000000000000,0.0000000000000000,0.0000000000000023,-0.0001196436671124,0.0000000000000000,3.0245006138947215,3.0001423739,0.000
0.9960377637021268,-0.0000000000000000,0.0000000000000000,0.0000000000000014,-0.0001264033523782,0.0000000000000000,3.0245051735631296,3.0001423726,0.000
0.9960388302400973,-0.0000000000000000,0.0000000000000000,0.0000000000000008,-0.0001334699838432,0.0000000000000000,3.0245103516216250,3.0001423712,0.000
0.9960399281016339,-0.0000000000000000,0.0000000000000000,0.0000000000000004,-0.0001407407988101,0.0000000000000000,3.0245181590439350,3.0001423696,0.000
0.9960410841902722,-0.0000000000000000,0.0000000000000000,-0.0000000000000005,-0.0001483935585295,0.0000000000000000,3.0245258227985521,3.0001423678,0.000
0.9960422967733650,-0.0000000000000000,0.0000000000000000,0.0000000000000007,-0.0001564162405585,0.0000000000000000,3.0245338081253266,3.0001423659,0.000
0.9960435484360091,-0.0000000000000000,0.0000000000000000,0.0000000000000003,-0.0001646931460326,0.0000000000000000,3.0245441113731548,3.0001423638,0.000
0.9960448672526997,-0.0000000000000000,0.0000000000000000,0.0000000000000007,-0.0001734093698305,0.0000000000000000,3.0245542432311447,3.0001423614,0.000
0.9960462484075203,0.0000000000000000,0.0000000000000000,0.0000000000000013,-0.0001825323771480,0.0000000000000000,3.0245649216842350,3.0001423589,0.000
0.9960476734590300,0.0000000000000000,0.0000000000000000,-0.0000000000000002,-0.0001919397556255,0.0000000000000000,3.0245779899273604,3.0001423561,0.000
0.9960491719891211,0.0000000000000000,0.0000000000000000,0.0000000000000012,-0.0002018260981574,0.0000000000000000,3.0245911724141710,3.0001423530,0.000
0.9960507209630136,-0.0000000000000000,0.0000000000000000,0.0000000000000005,-0.0002120386806993,0.0000000000000000,3.0246065454927331,3.0001423496,0.000
0.9960523471480955,-0.0000000000000000,0.0000000000000000,0.0000000000000008,-0.0002227531748164,0.0000000000000000,3.0246222676640864,3.0001423460,0.000
0.9960540419997677,0.0000000000000000,0.0000000000000000,0.0000000000000007,-0.0002339123198762,0.0000000000000000,3.0246391997560464,3.0001423419,0.000
0.9960557875878892,0.0000000000000000,0.0000000000000000,0.0000000000000001,-0.0002453972491941,0.0000000000000000,3.0246587722414695,3.0001423376,0.000
0.9960576148218208,0.0000000000000000,0.0000000000000000,0.0000000000000004,-0.0002574103947314,0.0000000000000000,3.0246791159398327,3.0001423328,0.000
0.9960594978134339,0.0000000000000000,0.0000000000000000,0.0000000000000001,-0.0002697805549160,0.0000000000000000,3.0247020613533477,3.0001423277,0.000
0.9960614644589523,-0.0000000000000000,0.0000000000000000,0.0000000000000010,-0.0002826899419621,0.0000000000000000,3.0247260974359906,3.0001423220,0.000
0.9960635035830353,-0.0000000000000000,0.0000000000000000,0.0000000000000010,-0.0002960639814815,0.0000000000000000,3.0247520613304086,3.0001423159,0.000
0.9960655983983983,0.0000000000000000,0.0000000000000000,0.0000000000000006,-0.0003097915473753,0.0000000000000000,3.0247810281549934,3.0001423094,0.000
0.9960677793947318,-0.0000000000000000,0.0000000000000000,0.0000000000000007,-0.0003240712733734,0.0000000000000000,3.0248115512940097,3.0001423022,0.000
0.9960700338843930,-0.0000000000000000,0.0000000000000000,0.0000000000000008,-0.0003388187306399,0.0000000000000000,3.0248444381689166,3.0001422945,0.000
0.9960723455375727,-0.0000000000000000,0.0000000000000000,0.0000000000000008,-0.0003539259675051,0.0000000000000000,3.0248806098144354,3.0001422863,0.000
0.9960747443243112,-0.0000000000000000,0.0000000000000000,0.0000000000000012,-0.0003695875585848,0.0000000000000000,3.0249188360227190,3.0001422773,0.000
0.9960772165629957,-0.0000000000000000,0.0000000000000000,0.0000000000000007,-0.0003857127021155,0.0000000000000000,3.0249598707016130,3.0001422678,0.000
0.9960797614028685,-0.0000000000000000,0.0000000000000000,0.0000000000000014,-0.0004022944797557,0.0000000000000000,3.0250038892756850,3.0001422575,0.000
0.9960823637123400,0.0000000000000000,0.0000000000000000,0.0000000000000007,-0.0004192330599795,0.0000000000000000,3.0250516280905551,3.0001422466,0.000
0.9960850528766142,-0.0000000000000000,0.0000000000000000,0.0000000000000009,-0.0004367183048041,0.0000000000000000,3.0251020943999789,3.0001422348,0.000
0.9960878144086025,0.0000000000000000,0.0000000000000000,0.0000000000000013,-0.0004546544237392,0.0000000000000000,3.0251559657816345,3.0001422223,0.000
0.9960906475659712,-0.0000000000000000,0.0000000000000000,0.0000000000000011,-0.0004730351330927,0.0000000000000000,3.0252134058457529,3.0001422089,0.000
0.9960935520190252,-0.0000000000000000,0.0000000000000000,0.0000000000000015,-0.0004918568174723,0.0000000000000000,3.0252745646341910,3.0001421946,0.000
0.9960965274593540,-0.0000000000000000,0.0000000000000000,0.0000000000000023,-0.0005111159843139,0.0000000000000000,3.0253395935885590,3.0001421795,0.000
0.9960995736062339,-0.0000000000000000,0.0000000000000000,0.0000000000000020,-0.0005308093057144,0.0000000000000000,3.0254086462786196,3.0001421635,0.000
0.9961026902233069,-0.0000000000000000,0.0000000000000000,0.0000000000000017,-0.0005509337262370,0.0000000000000000,3.0254818788244453,3.0001421464,0.000
0.9961058771340618,-0.0000000000000000,0.0000000000000000,0.0000000000000034,-0.0005714865621168,0.0000000000000000,3.0255594503746250,3.0001421284,0.751
0.9961091342359736,-0.0000000000000000,0.0000000000000000,0.0000000000000025,-0.0005924655909565,0.0000000000000000,3.0256415236440706,3.0001421093,1.899
0.9961124615125004,-0.0000000000000000,0.0000000000000000,0.0000000000000039,-0.0006138691268617,0.0000000000000000,3.0257282655054607,3.0001420892,2.611
0.9961158590440828,-0.0000000000000000,0.0000000000000000,0.0000000000000031,-0.0006356960883584,0.0000000000000000,3.0258198476170834,3.0001420679,3.195
0.9961193270167230,-0.0000000000000000,0.0000000000000000,0.0000000000000043,-0.0006579460501202,0.0000000000000000,3.0259164470898385,3.0001420455,3.713
0.9961228657297269,-0.0000000000000000,0.0000000000000000,0.0000000000000040,-0.0006806192886771,0.0000000000000000,3.0260182471765260,3.0001420219,4.190
0.9961264756011325,0.0000000000000000,0.0000000000000000,0.0000000000000047,-0.0007037168127522,0.0000000000000000,3.0261254379859670,3.0001419970,4.639
0.9961301571726182,0.0000000000000000,0.0000000000000000,0.0000000000000050,-0.0007272403897859,0.0000000000000000,3.0262382172099942,3.0001419709,5.068
0.9961339111125587,-0.0000000000000000,0.0000000000000000,0.0000000000000052,-0.0007511925602223,0.0000000000000000,3.0263567908583506,3.0001419434,5.484
0.9961377382185816,-0.0000000000000000,0.0000000000000000,0.0000000000000042,-0.0007755766481800,0.0000000000000000,3.0264813740104377,3.0001419145,5.889
0.9961416394190769,-0.0000000000000000,0.0000000000000000,0.0000000000000038,-0.0008003967652222,0.0000000000000000,3.0266121915698929,3.0001418842,6.286
0.9961456157738999,-0.0000000000000000,0.0000000000000000,0.0000000000000041,-0.0008256578086563,0.0000000000000000,3.0267494790293097,3.0001418524,6.677
0.9961496684749701,-0.0000000000000000,0.0000000000000000,0.0000000000000029,-0.0008513654589511,0.0000000000000000,3.0268934832377932,3.0001418190,7.064
0.9961537988457350,-0.0000000000000000,0.0000000000000000,0.0000000000000048,-0.0008775261697862,0.0000000000000000,3.0270444631845739,3.0001417841,7.448
0.9961580083417434,-0.0000000000000000,0.0000000000000000,0.0000000000000028,-0.0009041471649155,0.0000000000000000,3.0272026907969964,3.0001417475,7.830
0.9961623096692130,-0.0000000000000000,0.0000000000000000,0.0000000000000114,-0.0009313065814399,0.0000000000000000,3.0273682635109749,3.0001417091,8.212
0.9961666809921035,-0.0000000000000000,0.0000000000000000,0.0000000000000101,-0.0009588644439304,0.0000000000000000,3.0275418628361557,3.0001416689,8.593
0.9961711366525876,-0.0000000000000000,0.0000000000000000,0.0000000000000099,-0.0009869091712123,0.0000000000000000,3.0277236115127679,3.0001416270,8.974
0.9961756786440504,-0.0000000000000000,0.0000000000000000,0.0000000000000097,-0.0010154510539578,0.0000000000000000,3.0279138411578477,3.0001415830,9.356
0.9961803090726350,-0.0000000000000000,0.0000000000000000,0.0000000000000085,-0.0010445009946374,0.0000000000000000,3.0281129007824794,3.0001415371,9.740
0.9961850301708470,0.0000000000000000,0.0000000000000000,0.0000000000000072,-0.0010740705857723,0.0000000000000000,3.0283211574920395,3.0001414891,10.126
0.9961898442974565,-0.0000000000000000,0.0000000000000000,0.0000000000000054,-0.0011041721016260,0.0000000000000000,3.0285389974479404,3.0001414388,10.514
0.9961947539370165,-0.0000000000000000,0.0000000000000000,0.0000000000000049,-0.0011348184873153,0.0000000000000000,3.0287668268601635,3.0001413864,10.904
0.9961997616998485,-0.0000000000000000,0.0000000000000000,0.0000000000000065,-0.0011660233507072,0.0000000000000000,3.0290050730008855,3.0001413315,11.299
0.9962048794234313,-0.0000000000000000,0.0000000000000000,0.0000000000000179,-0.0011978575188119,0.0000000000000000,3.0292540685314511,3.0001412741,11.697
0.9962100905326506,-0.0000000000000000,0.0000000000000000,0.0000000000000163,-0.0012302150135018,0.0000000000000000,3.0295145232565446,3.0001412142,12.098
0.9962154084652685,0.0000000000000000,0.0000000000000000,0.0000000000000160,-0.0012631764395655,0.0000000000000000,3.0297868138092157,3.0001411517,12.504
0.9962208363341527,0.0000000000000000,0.0000000000000000,0.0000000000000134,-0.0012967579660614,0.0000000000000000,3.0300714629781105,3.0001410863,12.913
0.9962263773780302,-0.0000000000000000,0.0000000000000000,0.0000000000000099,-0.0013309763830025,0.0000000000000000,3.0303690205325626,3.0001410181,13.328
0.9962320349637237,0.0000000000000000,0.0000000000000000,0.0000000000000097,-0.0013658491062647,0.0000000000000000,3.0306800645594110,3.0001409468,13.748
0.9962378125875763,-0.0000000000000000,0.0000000000000000,0.0000000000000085,-0.0014013941771808,0.0000000000000000,3.0310052028655945,3.0001408724,14.173
0.9962437138759205,-0.0000000000000000,0.0000000000000000,0.0000000000000073,-0.0014376302561232,0.0000000000000000,3.0313450744739914,3.0001407946,14.604
0.9962497425869159,-0.0000000000000000,0.0000000000000000,0.0000000000000053,-0.0014745766242612,0.0000000000000000,3.0317003511476357,3.0001407134,15.041
0.9962559101216891,-0.0000000000000000,0.0000000000000000,0.0000000000000357,-0.0015122990689591,0.0000000000000000,3.0320716648964257,3.0001406285,15.484
0.9962622044230183,-0.0000000000000000,0.0000000000000000,0.0000000000000328,-0.0015507197572050,0.0000000000000000,3.0324599084222337,3.0001405400,15.934
0.9962686383450283,-0.0000000000000000,0.0000000000000000,0.0000000000000283,-0.0015899130379542,0.0000000000000000,3.0328657855322323,3.0001404476,16.390
0.9962752161797034,-0.0000000000000000,0.0000000000000000,0.0000000000000230,-0.0016299006130801,0.0000000000000000,3.0332901162334820,3.0001403510,16.853
0.9962819423596734,0.0000000000000000,0.0000000000000000,0.0000000000000196,-0.0016707048092510,0.0000000000000000,3.0337337622874361,3.0001402502,17.323
0.9962888214604371,-0.0000000000000000,0.0000000000000000,0.0000000000000180,-0.0017123485808383,0.0000000000000000,3.0341976293457633,3.0001401450,17.801
0.9962958582029915,-0.0000000000000000,0.0000000000000000,0.0000000000000130,-0.0017548555151838,0.0000000000000000,3.0346826691706714,3.0001400351,18.287
0.9963030574534029,-0.0000000000000000,0.0000000000000000,0.0000000000000115,-0.0017982498192507,0.0000000000000000,3.0351898818458056,3.0001399203,18.781
0.9963104242265446,-0.0000000000000000,0.0000000000000000,0.0000000000000097,-0.0018425563313777,0.0000000000000000,3.0357203182436816,3.0001398004,19.283
0.9963179636909923,0.0000000000000000,0.0000000000000000,0.0000000000000045,-0.0018878005397718,0.0000000000000000,3.0362750826816933,3.0001396753,19.794
0.9963256811646377,0.0000000000000000,0.0000000000000000,0.0000000000000044,-0.0019340085452324,0.0000000000000000,3.0368553353311767,3.0001395446,20.314
0.9963335877751431,-0.0000000000000000,0.0000000000000000,0.0000000000000763,-0.0019812408263920,0.0000000000000000,3.0374622544442942,3.0001394080,20.843
0.9963416770637222,-0.0000000000000000,0.0000000000000000,0.0000000000000617,-0.0020294525562533,0.0000000000000000,3.0380972042729613,3.0001392655,21.381
0.9963499613577741,-0.0000000000000000,0.0000000000000000,0.0000000000000516,-0.0020787108478262,0.0000000000000000,3.0387614878400742,3.0001391166,21.929
0.9963584466009630,0.0000000000000000,0.0000000000000000,0.0000000000000393,-0.0021290443116219,0.0000000000000000,3.0394565188973872,3.0001389612,22.487
0.9963671389029191,-0.0000000000000000,0.0000000000000000,0.0000000000000317,-0.0021804822170490,0.0000000000000000,3.0401837827286378,3.0001387989,23.056
0.9963760445371885,-0.0000000000000000,0.0000000000000000,0.0000000000000219,-0.0022330544701115,0.0000000000000000,3.0409448396159666,3.0001386295,23.634
0.9963851699468725,-0.0000000000000000,0.0000000000000000,0.0000000000000166,-0.0022867916370370,0.0000000000000000,3.0417413288216504,3.0001384525,24.224
0.9963945217432574,-0.0000000000000000,0.0000000000000000,0.0000000000000075,-0.0023417249268083,0.0000000000000000,3.0425749723106641,3.0001382677,24.825
0.9964041067065460,-0.0000000000000000,0.0000000000000000,0.0000000000000261,-0.0023978861868160,0.0000000000000000,3.0434475788947855,3.0001380747,25.437
0.9964139317918057,-0.0000000000000000,0.0000000000000000,0.0000000000000226,-0.0024553079296139,0.0000000000000000,3.0443610488849795,3.0001378732,26.061
0.9964240041227856,-0.0000000000000000,0.0000000000000000,0.0000000000000208,-0.0025140232894149,0.0000000000000000,3.0453173783034253,3.0001376628,26.697
0.9964343309983678,-0.0000000000000000,0.0000000000000000,0.0000000000000171,-0.0025740660534056,0.0000000000000000,3.0463186637943669,3.0001374431,27.346
0.9964449198869058,-0.0000000000000000,0.0000000000000000,0.0000000000000161,-0.0026354706234723,0.0000000000000000,3.0473671074545421,3.0001372138,28.007
0.9964557784293312,-0.0000000000000000,0.0000000000000000,0.0000000000000154,-0.0026982720302558,0.0000000000000000,3.0484650223899017,3.0001369743,28.680
0.9964669144438612,-0.0000000000000000,0.0000000000000000,0.0000000000000134,-0.0027625059575551,0.0000000000000000,3.0496148384541044,3.0001367243,29.367
0.9964783395841778,-0.0000000000000000,0.0000000000000000,0.0000000000002225,-0.0028282297566554,0.0000000000000000,3.0508190897275593,3.0001364633,30.068
0.9964900542068182,-0.0000000000000000,0.0000000000000000,0.0000000000001925,-0.0028954354612317,0.0000000000000000,3.0520804957858867,3.0001361909,30.781
0.9965020708030664,-0.0000000000000000,0.0000000000000000,0.0000000000001660,-0.0029641845683421,0.0000000000000000,3.0534018482599774,3.0001359066,31.509
0.9965143978438937,-0.0000000000000000,0.0000000000000000,0.0000000000001425,-0.0030345150557285,0.0000000000000000,3.0547861025442771,3.0001356099,32.252
0.9965270439579232,-0.0000000000000000,0.0000000000000000,0.0000000000001227,-0.0031064654569251,0.0000000000000000,3.0562363620565205,3.0001353002,33.008
0.9965400179277796,-0.0000000000000000,0.0000000000000000,0.0000000000000904,-0.0031800748509085,0.0000000000000000,3.0577558855654092,3.0001349771,33.780
0.9965533286819738,-0.0000000000000000,0.0000000000000000,0.0000000000000733,-0.0032553828295945,0.0000000000000000,3.0593480945968432,3.0001346400,34.566
0.9965669852871154,-0.0000000000000000,0.0000000000000000,0.0000000000000601,-0.0033324294709089,0.0000000000000000,3.0610165814734653,3.0001342884,35.368
0.9965809969449513,-0.0000000000000000,0.0000000000000000,0.0000000000000474,-0.0034112553430057,0.0000000000000000,3.0627651177778437,3.0001339216,36.186
0.9965953729776903,-0.0000000000000000,0.0000000000000000,0.0000000000000374,-0.0034919014467163,0.0000000000000000,3.0645976626979885,3.0001335390,37.019
0.9966101228226572,-0.0000000000000000,0.0000000000000000,0.0000000000000323,-0.0035744092153512,0.0000000000000000,3.0665183726036176,3.0001331401,37.869
0.9966252560195183,-0.0000000000000000,0.0000000000000000,0.0000000000000271,-0.0036588204778115,0.0000000000000000,3.0685316103980540,3.0001327243,38.735
0.9966407821957326,-0.0000000000000000,0.0000000000000000,0.0000000000000203,-0.0037451774176729,0.0000000000000000,3.0706419555119022,3.0001322908,39.617
0.9966567110530746,-0.0000000000000000,0.0000000000000000,-0.0000000000000104,-0.0038335225443642,0.0000000000000000,3.0728542142029012,3.0001318390,40.516
0.9966730523602561,-0.0000000000000000,0.0000000000000000,-0.0000000000000093,-0.0039238987047106,0.0000000000000000,3.0751734317269284,3.0001313683,41.432
0.9966898159381526,-0.0000000000000000,0.0000000000000000,-0.0000000000000234,-0.0040163490599867,0.0000000000000000,3.0776049037042168,3.0001308780,42.365
0.9967070116296741,-0.0000000000000000,0.0000000000000000,-0.0000000000000210,-0.0041109169862975,0.0000000000000000,3.0801541878227416,3.0001303673,43.316
0.9967246493052276,-0.0000000000000000,0.0000000000000000,-0.0000000000000161,-0.0042076461790195,0.0000000000000000,3.0828271189289991,3.0001298356,44.284
0.9967427388425106,-0.0000000000000000,0.0000000000000000,0.0000000000000513,-0.0043065806237721,0.0000000000000000,3.0856298237093363,3.0001292821,45.270
0.9967612901002990,-0.0000000000000000,0.0000000000000000,0.0000000000000979,-0.0044077645439057,0.0000000000000000,3.0885687342639820,3.0001287062,46.273
0.9967803128950090,-0.0000000000000000,0.0000000000000000,0.0000000000000987,-0.0045112423734876,0.0000000000000000,3.0916506039520621,3.0001281069,47.294
0.9967998170245685,-0.0000000000000000,0.0000000000000000,-0.0000000000000348,-0.0046170589973217,0.0000000000000000,3.0948825306894587,3.0001274837,48.334
0.9968198122047628,-0.0000000000000000,0.0000000000000000,-0.0000000000000393,-0.0047252595249400,0.0000000000000000,3.0982719688176474,3.0001268358,49.391
0.9968403080784952,-0.0000000000000000,0.0000000000000000,-0.0000000000000359,-0.0048358894732037,0.0000000000000000,3.1018267550920049,3.0001261624,50.467
0.9968613141797412,-0.0000000000000000,0.0000000000000000,-0.0000000000000515,-0.0049489947148001,0.0000000000000000,3.1055551260631868,3.0001254627,51.560
0.9968828398942540,-0.0000000000000000,0.0000000000000000,-0.0000000000000210,-0.0050646214235018,0.0000000000000000,3.1094657381688378,3.0001247359,52.672
0.9969048944650841,-0.0000000000000000,0.0000000000000000,-0.0000000000000138,-0.0051828162743973,0.0000000000000000,3.1135676979004159,3.0001239814,53.803
0.9969274881591725,-0.0000000000000000,0.0000000000000000,-0.0000000000002843,-0.0053036328598936,0.0000000000000000,3.1178705741381836,3.0001231983,54.951
0.9969506271582986,-0.0000000000000000,0.0000000000000000,-0.0000000000003398,-0.0054271045811781,0.0000000000000000,3.1223844479993668,3.0001223859,56.118
0.9969743212700242,-0.0000000000000000,0.0000000000000000,-0.0000000000003708,-0.0055532861067573,0.0000000000000000,3.1271198802850093,3.0001215434,57.302
0.9969985785882713,-0.0000000000000000,0.0000000000000000,-0.0000000000003801,-0.0056822250372922,0.0000000000000000,3.1320879872615754,3.0001206702,58.505
0.9970234067799347,-0.0000000000000000,0.0000000000000000,-0.0000000000004725,-0.0058139690515288,0.0000000000000000,3.1373004485960942,3.0001197655,59.725
0.9970488130256550,-0.0000000000000000,0.0000000000000000,-0.0000000000004849,-0.0059485658648592,0.0000000000000000,3.1427695337972463,3.0001188285,60.963
0.9970748039560549,-0.0000000000000000,0.0000000000000000,-0.0000000000004273,-0.0060860631838554,0.0000000000000000,3.1485081296414936,3.0001178588,62.219
0.9971013855900825,-0.0000000000000000,0.0000000000000000,-0.0000000000004236,-0.0062265086915419,0.0000000000000000,3.1545297693884180,3.0001168555,63.492
0.9971285632732989,-0.0000000000000000,0.0000000000000000,-0.0000000000003840,-0.0063699500522936,0.0000000000000000,3.1608486636954742,3.0001158181,64.781
0.9971563416171201,-0.0000000000000000,0.0000000000000000,-0.0000000000001417,-0.0065164349416395,0.0000000000000000,3.1674797334672102,3.0001147460,66.088
0.9971847244400236,-0.0000000000000000,0.0000000000000000,-0.0000000000000973,-0.0066660111065131,0.0000000000000000,3.1744386450373998,3.0001136387,67.411
0.9972137147053791,-0.0000000000000000,0.0000000000000000,-0.0000000000000738,-0.0068187264268235,0.0000000000000000,3.1817418463359797,3.0001124958,68.749
0.9972433144668543,-0.0000000000000000,0.0000000000000000,-0.0000000000003482,-0.0069746290369383,0.0000000000000000,3.1894066068677076,3.0001113167,70.104
0.9972735248092091,-0.0000000000000000,0.0000000000000000,-0.0000000000002958,-0.0071337674415687,0.0000000000000000,3.1974510584924536,3.0001101012,71.473
0.9973043457868066,-0.0000000000000000,0.0000000000000000,-0.0000000000002562,-0.0072961906385325,0.0000000000000000,3.2058942376545123,3.0001088489,72.857
0.9973357763787171,-0.0000000000000000,0.0000000000000000,-0.0000000000002639,-0.0074619483470196,0.0000000000000000,3.2147561337889816,3.0001075595,74.255
0.9973678144142861,-0.0000000000000000,0.0000000000000000,-0.0000000000001575,-0.0076310910976202,0.0000000000000000,3.2240577317467722,3.0001062329,75.666
0.9974004565481475,-0.0000000000000000,0.0000000000000000,-0.0000000000001822,-0.0078036705999964,0.0000000000000000,3.2338210700766608,3.0001048690,77.090
0.9974336981834185,-0.0000000000000000,0.0000000000000000,-0.0000000000001108,-0.0079797398528115,0.0000000000000000,3.2440692858855078,3.0001034677,78.526
0.9974675334387962,-0.0000000000000000,0.0000000000000000,-0.0000000000000685,-0.0081593535004532,0.0000000000000000,3.2548266748951904,3.0001020292,79.973
0.9975019550938045,-0.0000000000000000,0.0000000000000000,-0.0000000000000554,-0.0083425680878075,0.0000000000000000,3.2661187458844094,3.0001005534,81.432
0.9975369545619586,-0.0000000000000000,0.0000000000000000,-0.0000000000001007,-0.0085294424759670,0.0000000000000000,3.2779722863334837,3.0000990407,82.900
0.9975725218454513,-0.0000000000000000,0.0000000000000000,-0.0000000000000811,-0.0087200381714184,0.0000000000000000,3.2904154227080675,3.0000974913,84.377
0.9976086454982902,-0.0000000000000000,0.0000000000000000,-0.0000000000000563,-0.0089144197098312,0.0000000000000000,3.3034776854936623,3.0000959056,85.862
0.9976453126461641,-0.0000000000000000,0.0000000000000000,-0.0000000000000484,-0.0091126553551919,0.0000000000000000,3.3171900951283448,3.0000942841,87.355
0.9976825088892003,-0.0000000000000000,0.0000000000000000,-0.0000000000000626,-0.0093148171761665,0.0000000000000000,3.3315852074913788,3.0000926274,88.855
0.9977202183897828,0.0000000000000000,0.0000000000000000,-0.0000000000000458,-0.0095209821303733,0.0000000000000000,3.3466972276098308,3.0000909361,90.360
0.9977584238284390,-0.0000000000000000,0.0000000000000000,-0.0000000000000157,-0.0097312324465854,0.0000000000000000,3.3625620776224738,3.0000892110,91.870
0.9977971064940674,-0.0000000000000000,0.0000000000000000,0.0000000000000338,-0.0099456567539777,0.0000000000000000,3.3792175211509781,3.0000874529,93.383
0.9978362461788411,-0.0000000000000000,0.0000000000000000,0.0000000000000513,-0.0101643501471298,0.0000000000000000,3.3967032048135435,3.0000856627,94.900
0.9978758213690252,-0.0000000000000000,0.0000000000000000,-0.0000000000001149,-0.0103874159052113,0.0000000000000000,3.4150608312644364,3.0000838414,96.418
0.9979158092538563,-0.0000000000000000,0.0000000000000000,-0.0000000000001062,-0.0106149662367301,0.0000000000000000,3.4343342621467290,3.0000819900,97.937
0.9979561858551699,-0.0000000000000000,0.0000000000000000,-0.0000000000000361,-0.0108471237389623,0.0000000000000000,3.4545696792984777,3.0000801098,99.456
0.9979969261873929,-0.0000000000000000,0.0000000000000000,0.0000000000000223,-0.0110840231003535,0.0000000000000000,3.4758157767594344,3.0000782018,100.974
0.9980380044349102,-0.0000000000000000,0.0000000000000000,0.0000000000000121,-0.0113258129995168,0.0000000000000000,3.4981239800914632,3.0000762673,102.491
0.9980793939536845,-0.0000000000000000,0.0000000000000000,-0.0000000000000064,-0.0115726570726914,0.0000000000000000,3.5215485895539200,3.0000743075,104.004
0.9981210683134814,-0.0000000000000000,0.0000000000000000,-0.0000000000000069,-0.0118247412806859,0.0000000000000000,3.5461475550855086,3.0000723237,105.514
0.9981629998630505,-0.0000000000000000,0.0000000000000000,-0.0000000000000614,-0.0120822666076183,0.0000000000000000,3.5719818410784723,3.0000703171,107.020
0.9982051610128696,-0.0000000000000001,0.0000000000000000,-0.0000000000000065,-0.0123454581619369,0.0000000000000000,3.5991163816362164,3.0000682890,108.521
0.9982475207758401,-0.0000000000000000,0.0000000000000000,-0.0000000000000713,-0.0126145447879059,0.0000000000000000,3.6276179661720840,3.0000662408,110.016
0.9982900200323863,-0.0000000000000001,0.0000000000000000,0.0000000000000956,-0.0128895972681249,0.0000000000000000,3.6575371637945375,3.0000641751,111.503
0.9983325898029930,-0.0000000000000001,0.0000000000000000,-0.0000000000000186,-0.0131706329958390,0.0000000000000000,3.6889175578176832,3.0000620952,112.980
0.9983752523618334,-0.0000000000000001,0.0000000000000000,0.0000000000007081,-0.0134582968058195,0.0000000000000000,3.7218733870924368,3.0000599999,114.450
0.9984179332468396,-0.0000000000000000,0.0000000000000000,-0.0000000000000604,-0.0137526193968401,0.0000000000000000,3.7564508199629554,3.0000578923,115.909
0.9984605414533481,-0.0000000000000001,0.0000000000000000,0.0000000000002048,-0.0140535160349476,0.0000000000000000,3.7926788732738825,3.0000557769,117.355
0.9985031791899347,-0.0000000000000001,0.0000000000000000,0.0000000000000085,-0.0143623062713846,0.0000000000000000,3.8307571182619893,3.0000536481,118.793
0.9985457843334182,-0.0000000000000001,0.0000000000000000,0.0000000000000699,-0.0146792072320273,0.0000000000000000,3.8707551435374912,3.0000515085,120.221
0.9985883298717323,-0.0000000000000001,0.0000000000000000,0.0000000000002889,-0.0150047249875184,0.0000000000000000,3.9127774783459039,3.0000493588,121.638
0.9986308761585410,-0.0000000000000000,0.0000000000000000,0.0000000000001732,-0.0153401132127716,0.0000000000000000,3.9570278718011336,3.0000471952,123.048
0.9986730605825292,-0.0000000000000001,0.0000000000000000,0.0000000000004105,-0.0156832732466088,0.0000000000000000,4.0032605351343067,3.0000450355,124.440
0.9987151733537832,-0.0000000000000000,0.0000000000000000,0.0000000000034396,-0.0160373773485203,0.0000000000000000,4.0519300041319255,3.0000428639,125.824
0.9987571493021147,-0.0000000000000000,0.0000000000000000,0.0000000000004924,-0.0164028696018494,0.0000000000000000,4.1031294492642463,3.0000406827,127.199
