x0,y0,z0,xd0,yd0,zd0,Tp,JC,stabilityIndex1,stabilityIndex2,alpha,beta,impactFlag,error
0.9991216383004651,0.0,-0.0027418715738810,-0.0000000000000025,-0.0074561134374601,0.0000000000000026,6.0790182172828420,3.0000704386115427,42.189328,2.033507,-44.2228356673448,87.7923032586747,0,2.7e-13
0.9991306977648977,0.0,-0.0027272593249361,-0.0000000000000033,-0.0075081961952491,0.0000000000000038,6.0780155312607942,3.0000704611431877,41.725549,2.066793,-43.7923423804164,88.2380830683918,0,5.9e-13
0.9991373296796973,0.0,-0.0027163022133131,-0.0000000000000032,-0.0075469818800910,0.0000000000000003,6.0770499818238104,3.0000704828429976,41.279320,2.099499,-43.3788183840122,88.6658721954702,0,8.8e-14
0.9991428150923907,0.0,-0.0027070663265183,-0.0000000000000018,-0.0075795049725952,0.0000000000000022,6.0760966196836801,3.0000705042714713,40.839060,2.132440,-42.9714998921890,89.0868388964100,0,1.8e-13
0.9991476263636033,0.0,-0.0026988323032569,-0.0000000000000042,-0.0076083747218953,0.0000000000000018,6.0751407598182503,3.0000705257586335,40.397961,2.166136,-42.5640968657929,89.5074906890087,0,6.0e-14
0.9991519942008568,0.0,-0.0026912462337361,0.0000000000000017,-0.0076348720341973,-0.0000000000000009,6.0741729509073856,3.0000705475169931,39.951643,2.200960,-42.1526025716981,89.9319565468028,0,5.8e-13
0.9991560500362264,0.0,-0.0026841049843998,-0.0000000000000031,-0.0076597306099167,0.0000000000000005,6.0731864395404918,3.0000705696984977,39.496980,2.237212,-41.7341925382520,90.3631307645601,0,5.5e-13
0.9991598025492560,0.0,-0.0026774124798368,0.0000000000000004,-0.0076829547863563,-0.0000000000000018,6.0721962518698325,3.0000705919653678,39.040879,2.274395,-41.3152742773752,90.7943967964600,0,3.2e-13
0.9991633908571752,0.0,-0.0026709343046543,0.0000000000000006,-0.0077053707103003,-0.0000000000000008,6.0711779023018861,3.0000706148683483,38.572041,2.313498,-40.8855389324998,91.2363473645287,0,5.1e-13
0.9991668519294140,0.0,-0.0026646114427287,0.0000000000000018,-0.0077271899697566,-0.0000000000000004,6.0701277457773077,3.0000706384896576,38.088772,2.354773,-40.4435455367867,91.6904247067986,0,5.2e-13
0.9991702132252972,0.0,-0.0026583993787758,0.0000000000000009,-0.0077485716656259,0.0000000000000012,6.0690424337464934,3.0000706629048941,37.589511,2.398486,-39.9879967198322,92.1579159992785,0,2.1e-13
0.9991734957732259,0.0,-0.0026522633840458,0.0000000000000005,-0.0077696394813651,0.0000000000000011,6.0679187967487662,3.0000706881856734,37.072768,2.444921,-39.5176890844052,92.6400048047983,0,1.1e-12
0.9991767160852931,0.0,-0.0026461755778161,-0.0000000000000025,-0.0077904923163829,0.0000000000000019,6.0667537649375332,3.0000707144014154,36.537088,2.494392,-39.0314798793434,93.1378035168481,0,2.7e-13
0.9991798874026043,0.0,-0.0026401130113398,-0.0000000000000029,-0.0078112112163106,-0.0000000000000003,6.0655443119020678,3.0000707416206138,35.981023,2.547242,-38.5282649833183,93.6523784025320,0,7.2e-13
0.9991830205331733,0.0,-0.0026340563748958,-0.0000000000000024,-0.0078318640474794,0.0000000000000035,6.0642874132805407,3.0000707699117650,35.403101,2.603861,-38.0069621276998,94.1847634932565,0,8.4e-13
0.9991861244350538,0.0,-0.0026279890951663,-0.0000000000000030,-0.0078525087596100,0.0000000000000024,6.0629800150796394,3.0000707993440874,34.801811,2.664688,-37.4664994958708,94.7359731803613,0,1.3e-13
0.9991892066306913,0.0,-0.0026218966911336,-0.0000000000000020,-0.0078731957134259,0.0000000000000006,6.0616190084794059,3.0000708299880916,34.175583,2.730224,-36.9058072717279,95.3070104440952,0,1.5e-13
0.9991922735097769,0.0,-0.0026157663010948,-0.0000000000000051,-0.0078939693901733,0.0000000000000027,6.0602012090795396,3.0000708619160532,33.522763,2.801048,-36.3238107127339,95.8988720093570,0,3.8e-13
0.9991953305532928,0.0,-0.0026095863304518,-0.0000000000000018,-0.0079148696648127,-0.0000000000000004,6.0587233391977300,3.0000708952024144,32.841595,2.877831,-35.7194254420094,96.5125526333609,0,9.9e-14
0.9991983825038335,0.0,-0.0026033461821920,0.0000000000000034,-0.0079359327813636,-0.0000000000000006,6.0571820122977735,3.0000709299241408,32.130195,2.961359,-35.0915538037191,97.1490485415864,0,4.3e-13
0.9992014334950258,0.0,-0.0025970360497021,-0.0000000000000055,-0.0079571921030512,0.0000000000000067,6.0555737188738021,3.0000709661610454,31.386518,3.052564,-34.4390817244474,97.8093579682338,0,5.7e-14
0.9992044871527017,0.0,-0.0025906467531318,-0.0000000000000023,-0.0079786787062397,0.0000000000000035,6.0538948133336339,3.0000710039960929,30.608320,3.152557,-33.7608771199261,98.4944830969558,0,1.7e-13
0.9992075466742871,0.0,-0.0025841696089252,0.0000000000000033,-0.0080004218551623,-0.0000000000000004,6.0521415015331455,3.0000710435156850,29.793106,3.262682,-33.0557880846961,99.2054292104942,0,2.2e-13
0.9992106148916466,0.0,-0.0025775963246989,-0.0000000000000036,-0.0080224493860399,0.0000000000000038,6.0503098287030364,3.0000710848099423,28.938062,3.384581,-32.3226422786217,99.9432044972033,0,7.2e-13
0.9992136943211981,0.0,-0.0025709189131793,-0.0000000000000032,-0.0080447880229430,-0.0000000000000002,6.0483956675686752,3.0000711279729826,28.039955,3.520292,-31.5602464197224,100.7088180688357,0,4.2e-13
0.9992167872050277,0.0,-0.0025641296201177,-0.0000000000000071,-0.0080674636447845,0.0000000000000062,6.0463947065204593,3.0000711731031906,27.095002,3.672385,-30.7673867089034,101.5032788618086,0,8.3e-13
0.9992198955433383,0.0,-0.0025572208648485,-0.0000000000000007,-0.0080905015071606,0.0000000000000025,6.0443024376945411,3.0000712203035058,26.098663,3.844166,-29.9428291120115,102.3275918332627,0,1.1e-12
0.9992230211217740,0.0,-0.0025501851887234,0.0000000000000040,-0.0081139264374975,-0.0000000000000024,6.0421141448777353,3.0000712696816985,25.045337,4.039984,-29.0853206628137,103.1827552141493,0,9.3e-13
0.9992261655334026,0.0,-0.0025430152112521,0.0000000000000030,-0.0081377630034904,-0.0000000000000031,6.0398248911424739,3.0000713213506653,23.927863,4.265728,-28.1935909771289,104.0697561831178,0,4.1e-13
0.9992293301969863,0.0,-0.0025357035916490,-0.0000000000000010,-0.0081620356636304,0.0000000000000029,6.0374295061419918,3.0000713754287260,22.736691,4.529664,-27.2663547905835,104.9895666963475,0,5.0e-13
0.9992325163722429,0.0,-0.0025282429947278,0.0000000000000023,-0.0081867689039213,-0.0000000000000014,6.0349225730021212,3.0000714320399333,21.458370,4.843944,-26.3023135928247,105.9431361383668,0,2.4e-13
0.9992357251722415,0.0,-0.0025206260605845,-0.0000000000000009,-0.0082119873624970,0.0000000000000001,6.0322984147469931,3.0000714913143933,20.072555,5.227605,-25.3001600613276,106.9313866689228,0,5.2e-13
0.9992389575742565,0.0,-0.0025128453766518,-0.0000000000000009,-0.0082377159484269,0.0000000000000017,6.0295510802108661,3.0000715533885973,18.545246,5.713335,-24.2585810259487,107.9552044841071,0,9.9e-14
0.9992422144282539,0.0,-0.0025048934524952,-0.0000000000000015,-0.0082639799523393,0.0000000000000014,6.0266743293767471,3.0000716184057699,16.810138,6.366124,-23.1762628531372,109.0154323241865,0,5.1e-13
0.9992454964647656,0.0,-0.0024967626955747,-0.0000000000000011,-0.0082908051569757,0.0000000000000006,6.0236616181020795,3.0000716865162325,14.694554,7.357342,-22.0518958787996,110.1128588035101,0,3.5e-13
0.9992488043010762,0.0,-0.0024884453888825,0.0000000000000003,-0.0083182179435539,-0.0000000000000010,6.0205060821755172,3.0000717578777722,20.691251,0.192931,-20.8841815409037,111.2482090478352,0,4.9e-13
0.9992521384468965,0.0,-0.0024799336690259,-0.0000000000000092,-0.0083462454001863,0.0000000000000057,6.0172005206626906,3.0000718326560465,19.492881,0.178958,-19.6718386518180,112.4221315509012,0,6.2e-13
0.9992554993091523,0.0,-0.0024712195052561,0.0000000000000005,-0.0083749154307157,-0.0000000000000000,6.0137373784902106,3.0000719110249836,18.248639,0.164973,-18.4136119754071,113.6351855275941,0,7.2e-13
0.9992588871964321,0.0,-0.0024622946784995,0.0000000000000003,-0.0084042568678830,0.0000000000000014,6.0101087282217716,3.0000719931672211,16.957306,0.150975,-17.1082806928527,114.8878251793672,0,6.8e-13
0.9992623023230623,0.0,-0.0024531507605900,0.0000000000000069,-0.0084342995907438,-0.0000000000000036,6.0063062509772127,3.0000720792745481,15.617711,0.136958,-15.7546694545780,116.1803842589838,0,2.8e-13
0.9992657448130088,0.0,-0.0024437790932479,-0.0000000000000001,-0.0084650746485013,0.0000000000000042,6.0023212164442503,3.0000721695483801,14.228739,0.122921,-14.3516595081089,117.5130571854079,0,3.5e-13
0.9992692147037620,0.0,-0.0024341707667558,-0.0000000000000058,-0.0084966143917977,0.0000000000000055,5.9981444619314432,3.0000722642002429,12.789343,0.108859,-12.8982018005121,118.8858791481990,0,3.0e-13
0.9992727119502838,0.0,-0.0024243165979852,-0.0000000000000007,-0.0085289526133334,0.0000000000000006,5.9937663704090962,3.0000723634522855,11.298560,0.094771,-11.3933310846710,120.2987034450592,0,5.7e-13
0.9992762364294159,0.0,-0.0024142071074083,0.0000000000000001,-0.0085621247003492,-0.0000000000000009,5.9891768474841509,3.0000724675378176,9.755529,0.080653,-9.8361821244433,121.7511774084477,0,1.2e-12
0.9992797879445429,0.0,-0.0024038324953934,-0.0000000000000048,-0.0085961677988370,0.0000000000000027,5.9843652972502115,3.0000725767018559,8.159504,0.066504,-8.2260083130545,123.2427164670321,0,5.6e-13
0.9992833662308862,0.0,-0.0023931826170573,-0.0000000000000024,-0.0086311209932177,0.0000000000000016,5.9793205969534844,3.0000726912017122,6.509880,0.052320,-6.5621999686680,124.7724733791757,0,4.1e-14
0.9992869709617698,0.0,-0.0023822469555045,-0.0000000000000032,-0.0086670255039424,0.0000000000000029,5.9740310704137638,3.0000728113075819,4.806207,0.038100,-4.8443070086552,126.3393074378411,0,2.4e-13
0.9992906017556038,0.0,-0.0023710145936671,-0.0000000000000015,-0.0087039249034281,0.0000000000000033,5.9684844601331211,3.0000729373031780,3.048223,0.023840,-3.0720630666239,127.9417497929795,0,2.3e-12
0.9992942581844404,0.0,-0.0023594741836369,-0.0000000000000011,-0.0087418653567177,0.0000000000000008,5.9626678980272212,3.0000730694863669,1.235871,0.009539,-1.2454104397878,129.5779647736665,0,1.4e-12
0.9992979397836381,0.0,-0.0023476139142152,-0.0000000000000050,-0.0087808958860086,0.0000000000000033,5.9565678747052306,3.0000732081698378,-0.630664,-0.004806,0.6354693712905,131.2457104348311,0,7.8e-13
0.9993016460635671,0.0,-0.0023354214755191,0.0000000000000030,-0.0088210686662935,-0.0000000000000044,5.9501702072264315,3.0000733536817874,-2.550929,-0.019196,2.5701249793975,132.9422938424028,0,9.3e-14
0.9993053765232616,0.0,-0.0023228840207476,0.0000000000000067,-0.0088624393544046,-0.0000000000000040,5.9434600052537983,3.0000735063666184,-4.524166,-0.033636,4.5578020363738,134.6645228459895,0,6.4e-13
0.9993091306666003,0.0,-0.0023099881245892,-0.0000000000000051,-0.0089050674570650,0.0000000000000052,5.9364216355238755,3.0000736665856627,-6.549279,-0.048126,6.5974052199008,136.4086557370905,0,7.3e-13
0.9993129080213020,0.0,-0.0022967197378926,0.0000000000000082,-0.0089490167432618,-0.0000000000000049,5.9290386845465530,3.0000738347179019,-8.624788,-0.062670,8.6874583433558,138.1703463016805,0,1.9e-12
0.9993167081612878,0.0,-0.0022830641381405,0.0000000000000003,-0.0089943557075140,-0.0000000000000002,5.9212939194452376,3.0000740111607080,-10.748792,-0.077270,10.8260622078460,139.9445849600346,0,9.4e-13
0.9993205307329736,0.0,-0.0022690058751327,-0.0000000000000037,-0.0090411580918051,0.0000000000000049,5.9131692468428323,3.0000741963305764,-12.918918,-0.091929,13.0108475028880,141.7256368984242,0,1.1e-12
0.9993243754860257,0.0,-0.0022545287114629,0.0000000000000048,-0.0090895034742470,-0.0000000000000039,5.9046456696944176,3.0000743906638530,-15.132275,-0.106651,15.2389258219569,143.5069757331627,0,8.2e-13
0.9993282423094568,0.0,-0.0022396155569442,0.0000000000000040,-0.0091394779355127,-0.0000000000000028,5.8957032419629334,3.0000745946174487,-17.385401,-0.121438,17.5068383756453,145.2812136163986,0,6.2e-13
0.9993321312735901,0.0,-0.0022242483966781,-0.0000000000000034,-0.0091911748130755,0.0000000000000011,5.8863210210275057,3.0000748086695190,-19.674207,-0.136294,19.8105004100259,147.0400280955120,0,8.7e-13
0.9993360426792226,0.0,-0.0022084082114094,-0.0000000000000055,-0.0092446955594332,0.0000000000000045,5.8764770177108474,3.0000750333201065,-21.993921,-0.151222,22.1451430756575,148.7740854442143,0,7.3e-13
0.9993399771147209,0.0,-0.0021920748899731,0.0000000000000080,-0.0093001507178199,-0.0000000000000067,5.8661481438036827,3.0000752690917181,-13.538665,-10.966588,24.5052529021401,150.4729609294135,0,9.2e-13
0.9993439355223785,0.0,-0.0021752271325471,-0.0000000000000038,-0.0093576610354013,0.0000000000000044,5.8553101569589803,3.0000755165298192,-18.971194,-7.913316,26.8845103436408,152.1250567253860,0,1.3e-12
0.9993479192754555,0.0,-0.0021578423438888,0.0000000000000056,-0.0094173587354924,-0.0000000000000041,5.8439376028217218,3.0000757762032157,-22.546689,-6.729037,29.2757269448338,153.7175182410829,0,1.7e-13
0.9993519302674811,0.0,-0.0021398965153631,0.0000000000000059,-0.0094793889749460,-0.0000000000000048,5.8320037542525602,3.0000760487042908,-25.710783,-5.959995,31.6707787574198,155.2361484970446,0,2.3e-12
0.9993559710154083,0.0,-0.0021213640950075,-0.0000000000000047,-0.0095439115156013,0.0000000000000014,5.8194805474945701,3.0000763346490520,-28.664915,-5.395632,34.0605464662797,156.6653244940852,0,1.4e-12
0.9993600447788478,0.0,-0.0021022178442145,0.0000000000000006,-0.0096111026465880,0.0000000000000017,5.8063385151243478,3.0000766346769412,-31.479650,-4.955198,36.4348487262105,157.9879119253883,0,5.0e-13
0.9993641556974218,0.0,-0.0020824286801445,0.0000000000000024,-0.0096811573982989,-0.0000000000000044,5.7925467156175587,3.0000769494503436,-34.184208,-4.598181,38.7823896509859,159.1851880180859,0,2.9e-12
0.9993683089487583,0.0,-0.0020619655027876,0.0000000000000009,-0.0097542920974330,-0.0000000000000003,5.7780726593477532,3.0000772796537190,-36.789568,-4.301131,41.0906996951066,160.2367638118900,0,1.9e-13
0.9993725109297922,0.0,-0.0020407950058417,0.0000000000000025,-0.0098307473208226,-0.0000000000000021,5.7628822308238119,3.0000776259922644,-39.296910,-4.049187,43.3460964879547,161.1205219946148,0,5.4e-13
0.9993767694642620,0.0,-0.0020188814708089,0.0000000000000047,-0.0099107913161697,-0.0000000000000017,5.7469396069555190,3.0000779891899945,-41.701333,-3.832313,45.5336457487414,161.8125598546444,0,6.0e-13
0.9993810940394755,0.0,-0.0019961865441533,-0.0000000000000015,-0.0099947239699076,0.0000000000000017,5.7302071711181055,3.0000783699871092,-43.993736,-3.643409,47.6371445134339,162.2871544619875,0,1.3e-12
0.9993854960754043,0.0,-0.0019726689980937,-0.0000000000000001,-0.0100828814161169,-0.0000000000000001,5.7126454227637291,3.0000787691364716,-46.161858,-3.477259,49.6391168829516,162.5167451944537,0,7.9e-13
0.9993899892292912,0.0,-0.0019482844764004,0.0000000000000012,-0.0101756413978993,-0.0000000000000011,5.6942128823005014,3.0000791873990131,-48.190917,-3.329921,51.5208382843076,162.4719500432363,0,1.2e-12
0.9993945897384440,0.0,-0.0019229852282338,-0.0000000000000010,-0.0102734295101632,-0.0000000000000006,5.6748659909247277,3.0000796255378166,-50.064051,-3.198335,53.2623862300967,162.1216179949784,0,4.4e-13
0.9993993168035012,0.0,-0.0018967198347685,0.0000000000000009,-0.0103767264759223,0.0000000000000016,5.6545590050495056,3.0000800843105950,-51.762648,-3.080077,54.8427245275454,161.4329271889078,0,2.0e-12
0.9994035231102153,0.0,-0.0018731895807100,-0.0000000000000013,-0.0104708943132756,0.0000000000000008,5.6361908375841718,3.0000804981688063,-53.075158,-2.987054,56.0622121051331,160.5383657112679,0,1.9e-12
0.9994076255257804,0.0,-0.0018501620341330,-0.0000000000000022,-0.0105646234427874,-0.0000000000000003,5.6180674429981687,3.0000809053491038,-54.171906,-2.905811,57.0777164781737,159.4133029517420,0,1.3e-12
0.9994118968633939,0.0,-0.0018261702067869,0.0000000000000108,-0.0106640199156380,-0.0000000000000077,5.5990426483704212,3.0000813314023782,-55.121356,-2.829830,57.9511866610853,157.9840856869941,0,1.3e-13
0.9994163585832293,0.0,-0.0018011629456936,0.0000000000000059,-0.0107696145871816,-0.0000000000000031,5.5790714244630983,3.0000817769723298,-55.906491,-2.758580,58.6650715398830,156.2225399832291,0,1.3e-12
0.9994210354957531,0.0,-0.0017750855481822,-0.0000000000000034,-0.0108820071747038,-0.0000000000000018,5.5581064750831208,3.0000822426746545,-56.509699,-2.691567,59.2012654933298,154.0996391743683,0,6.5e-13
0.9994259561619556,0.0,-0.0017478796158124,0.0000000000000019,-0.0110018766006724,0.0000000000000013,5.5360981196239401,3.0000827290838692,-56.912988,-2.628325,59.5413132176095,151.5858343895620,0,1.1e-12
0.9994311533097500,0.0,-0.0017194829625662,0.0000000000000089,-0.0111299929658955,-0.0000000000000039,5.5129941684936608,3.0000832367172912,-57.098262,-2.568406,59.6666676498626,148.6514918023986,0,2.2e-12
0.9994362772046063,0.0,-0.0016918954138025,0.0000000000000043,-0.0112575523287668,-0.0000000000000015,5.4904333894133845,3.0000837291838374,-57.058963,-2.515177,59.5741396166304,145.5133771953435,0,4.2e-13
0.9994415477618178,0.0,-0.0016639982972476,-0.0000000000000153,-0.0113898079039006,0.0000000000000081,5.4675169644802670,3.0000842258523459,-56.811433,-2.465519,59.2769514083402,142.0696474781214,0,2.2e-12
0.9994471685479976,0.0,-0.0016348301810687,0.0000000000000139,-0.0115317841808645,-0.0000000000000071,5.4434584456360611,3.0000847430840980,-56.342745,-2.417319,58.7600632895281,138.1983651603948,0,5.9e-13
0.9994531823610308,0.0,-0.0016043238436355,-0.0000000000000076,-0.0116845312556944,0.0000000000000052,5.4182006120288708,3.0000852810996648,-55.638811,-2.370237,58.0090480892081,133.8771546034504,0,1.5e-12
0.9994596368787166,0.0,-0.0015724094911313,0.0000000000000037,-0.0118492429730818,-0.0000000000000018,5.3916833204564831,3.0000858399808976,-54.686919,-2.323892,57.0108118790671,129.0865188277523,0,3.0e-13
0.9994654507420665,0.0,-0.0015443986613831,0.0000000000000087,-0.0119981713322570,-0.0000000000000073,5.3683373981469735,3.0000863265827218,-53.685352,-2.285134,55.9704857470603,124.6782076114994,0,3.1e-12
0.9994714816868001,0.0,-0.0015160686827452,-0.0000000000000045,-0.0121531601441021,0.0000000000000032,5.3446614812861153,3.0000868144971578,-52.528736,-2.247313,54.7760489205914,120.0485277203875,0,1.5e-12
0.9994779680537462,0.0,-0.0014864034522606,0.0000000000000046,-0.0123203935625289,-0.0000000000000032,5.3198034287876439,3.0000873203537832,-51.177668,-2.208776,53.3864445366939,115.0400351420731,0,5.7e-12
0.9994844452753080,0.0,-0.0014575807796350,-0.0000000000000132,-0.0124879622910185,0.0000000000000067,5.2955873390297894,3.0000878064352530,-49.742325,-2.171996,51.9143201962662,110.0401110152848,0,6.6e-13
0.9994912076016381,0.0,-0.0014283039883774,0.0000000000000387,-0.0126635650467561,-0.0000000000000206,5.2709240562602817,3.0000882942858489,-48.175038,-2.134938,50.3099757338206,104.8506938354296,0,2.5e-12
0.9994979362479618,0.0,-0.0013999559721108,0.0000000000000096,-0.0128390396963242,-0.0000000000000059,5.2469774528559565,3.0000887606218742,-46.565735,-2.099019,48.6647534960786,99.7423469556088,0,1.2e-12
0.9995043613188324,0.0,-0.0013735753181854,-0.0000000000000035,-0.0130073852453059,0.0000000000000006,5.2246309533140689,3.0000891889500081,-44.998059,-2.065291,47.0633495463904,94.9340831103850,0,1.2e-12
0.9995106252171260,0.0,-0.0013484671106204,0.0000000000000028,-0.0131723465219896,-0.0000000000000015,5.2033027257956004,3.0000895913178116,-43.452320,-2.032696,45.4850160562415,90.3253540762375,0,2.4e-12
0.9995171762943460,0.0,-0.0013228156100839,0.0000000000000064,-0.0133458683741653,-0.0000000000000022,5.1814478334741674,3.0000899968259800,-41.827570,-1.998682,43.8262522746941,85.6000222339254,0,2.5e-12
0.9995229239900346,0.0,-0.0013007927552897,0.0000000000000345,-0.0134990468555257,-0.0000000000000181,5.1626273671658920,3.0000903403168793,-40.402141,-1.968740,42.3708814245897,81.5413288130751,0,1.6e-13
0.9995289869865123,0.0,-0.0012780235171327,-0.0000000000000022,-0.0136616768288250,0.0000000000000028,5.1431085903170475,3.0000906907770042,-38.904406,-1.936909,40.8413144211378,77.3542763945102,0,2.3e-12
0.9995305565628635,0.0,-0.0012722031151539,0.0000000000000000,-0.0137039660856846,0.0000000000000000,5.1381085903170476,3.0000907795839797,-38.518274,-1.928610,40.4468840711126,76.2867278802048,0,2.1e-12
0.9995321327697334,0.0,-0.0012663878999894,0.0000000000000000,-0.0137465153880150,0.0000000000000000,5.1331085903170477,3.0000908679900720,-38.131227,-1.920259,40.0514748426035,75.2213697430566,0,4.1e-10
0.9995337155619938,0.0,-0.0012605779725190,0.0000000000000000,-0.0137893264340356,0.0000000000000000,5.1281085903170478,3.0000909559922126,-37.743665,-1.911820,39.6554846445730,74.1590854331274,0,6.2e-12
0.9995353048930057,0.0,-0.0012547734342888,0.0000000000000000,-0.0138324009268117,0.0000000000000000,5.1231085903170479,3.0000910435874069,-37.355377,-1.903323,39.2587006983370,73.0993637793986,0,7.7e-13
0.9995369007139754,0.0,-0.0012489743890690,0.0000000000000000,-0.0138757405648266,0.0000000000000000,5.1181085903170471,3.0000911307726406,-36.966556,-1.894757,38.8613122893888,72.0426134982448,0,2.6e-11
0.9995385029743969,0.0,-0.0012431809418664,0.0000000000000000,-0.0139193470481424,0.0000000000000000,5.1131085903170472,3.0000912175449228,-36.577314,-1.886116,38.4634302095111,70.9890642386541,0,7.9e-12
0.9995401116218752,0.0,-0.0012373931992982,0.0000000000000000,-0.0139632220751539,0.0000000000000000,5.1081085903170473,3.0000913039012795,-36.187718,-1.877401,38.0651181115746,69.9388398532374,0,2.5e-13
0.9995417266023428,0.0,-0.0012316112691942,0.0000000000000000,-0.0140073673459728,0.0000000000000000,5.1031085903170474,3.0000913898387558,-35.797877,-1.868606,37.6664835755128,68.8921643447828,0,2.6e-11
0.9995433478599645,0.0,-0.0012258352607043,0.0000000000000000,-0.0140517845608985,0.0000000000000000,5.0981085903170476,3.0000914753544126,-35.407857,-1.859733,37.2675904664412,67.8491633453370,0,2.0e-12
0.9995449753372856,0.0,-0.0012200652842409,0.0000000000000000,-0.0140964754212291,0.0000000000000000,5.0931085903170477,3.0000915604453264,-35.017769,-1.850777,36.8685452902234,66.8100598742454,0,5.6e-12
0.9995466089751817,0.0,-0.0012143014513528,0.0000000000000000,-0.0141414416295430,0.0000000000000000,5.0881085903170469,3.0000916451085926,-34.627694,-1.841735,36.4694282467705,65.7750182566783,0,1.6e-12
0.9995482487129486,0.0,-0.0012085438746840,0.0000000000000000,-0.0141866848901325,0.0000000000000000,5.0831085903170470,3.0000917293413236,-34.237715,-1.832605,36.0703195998750,64.7442031358436,0,2.9e-12
0.9995498944883437,0.0,-0.0012027926679029,0.0000000000000000,-0.0142322069093478,0.0000000000000000,5.0781085903170471,3.0000918131406493,-33.847920,-1.823385,35.6713049977470,63.7177921965956,0,2.8e-12
0.9995515462376188,0.0,-0.0011970479456300,0.0000000000000000,-0.0142780093959717,0.0000000000000000,5.0731085903170472,3.0000918965037178,-33.458385,-1.814073,35.2724576387810,62.6959347684924,0,1.5e-11
0.9995532038955539,0.0,-0.0011913098233863,0.0000000000000000,-0.0143240940616015,0.0000000000000000,5.0681085903170473,3.0000919794276903,-33.069220,-1.804663,34.8738849810481,61.6788607469761,0,4.6e-11
0.9995548673955019,0.0,-0.0011855784175492,0.0000000000000000,-0.0143704626205723,0.0000000000000000,5.0631085903170474,3.0000920619097533,-32.680459,-1.795159,34.4756175681549,60.6666211855701,0,6.7e-12
0.9995565366696431,0.0,-0.0011798538449182,0.0000000000000000,-0.0144171167942700,0.0000000000000000,5.0581085903170475,3.0000921439471044,-32.292266,-1.785547,34.0778190588960,59.6595754164354,0,1.8e-10
0.9995582116481054,0.0,-0.0011741362241351,0.0000000000000000,-0.0144640582968276,0.0000000000000000,5.0531085903170476,3.0000922255369624,-31.904566,-1.775844,33.6804098509407,58.6575254073733,0,1.0e-12
0.9995598922607672,0.0,-0.0011684256728218,0.0000000000000000,-0.0145112888629026,0.0000000000000000,5.0481085903170468,3.0000923066765619,-31.517578,-1.766030,33.2836070148801,57.6609513005322,0,1.8e-11
0.9995615784355639,0.0,-0.0011627223102700,0.0000000000000000,-0.0145588102213110,0.0000000000000000,5.0431085903170469,3.0000923873631531,-31.131347,-1.756105,32.8874530206552,56.6699360495704,0,6.4e-12
0.9995632700994769,0.0,-0.0011570262558667,0.0000000000000000,-0.0146066241098958,0.0000000000000000,5.0381085903170471,3.0000924675940124,-30.745877,-1.746078,32.4919481055421,55.6844585138615,0,1.8e-10
0.9995649671780709,0.0,-0.0011513376298718,0.0000000000000000,-0.0146547322687070,0.0000000000000000,5.0331085903170472,3.0000925473664144,-30.361418,-1.735922,32.0973409532272,54.7050888981986,0,3.7e-11
0.9995666695961164,0.0,-0.0011456565523653,0.0000000000000000,-0.0147031364484648,0.0000000000000000,5.0281085903170473,3.0000926266776760,-29.977857,-1.725658,31.7035153812101,53.7315297290407,0,9.3e-12
0.9995683772771204,0.0,-0.0011399831440778,0.0000000000000000,-0.0147518384040015,0.0000000000000000,5.0231085903170474,3.0000927055251143,-29.595345,-1.715273,31.3106181581103,52.7641084286422,0,4.0e-12
0.9995700901435783,0.0,-0.0011343175259406,0.0000000000000000,-0.0148008398975947,0.0000000000000000,5.0181085903170475,3.0000927839060694,-29.213943,-1.704767,30.9187097969408,51.8029483293600,0,5.8e-12
0.9995718081170081,0.0,-0.0011286598190687,0.0000000000000000,-0.0148501426992722,0.0000000000000000,5.0131085903170467,3.0000928618178961,-28.833721,-1.694135,30.5278551447138,50.8481825366637,0,2.8e-11
0.9995735311179660,0.0,-0.0011230101447169,0.0000000000000000,-0.0148997485871740,0.0000000000000000,5.0081085903170468,3.0000929392579661,-28.454765,-1.683373,30.1381387443317,49.8999916276854,0,8.2e-13
0.9995735311179660,0.0,-0.0011230101447169,0.0000000000000000,-0.0148997485871740,0.0000000000000000,5.0081085903170468,3.0000929392579661,-28.454766,-1.683373,30.1381389438452,49.8999921348326,0,2.7e-13
0.9995752590661203,0.0,-0.0011173686241879,0.0000000000000000,-0.0149496593482194,0.0000000000000000,5.0031085903170469,3.0000930162236736,-28.077095,-1.672484,29.7495762036947,48.9583910507448,0,8.7e-11
0.9995769918802054,0.0,-0.0011117353789719,0.0000000000000000,-0.0149998767771419,0.0000000000000000,4.9981085903170470,3.0000930927124161,-27.700860,-1.661455,29.3623141843437,48.0237108681931,0,1.5e-11
0.9995787294781975,0.0,-0.0011061105303179,0.0000000000000000,-0.0150504026798391,0.0000000000000000,4.9931085903170471,3.0000931687216235,-27.326043,-1.650292,28.9763329040304,47.0958813211882,0,5.2e-11
0.9995804717773026,0.0,-0.0011004941994076,0.0000000000000000,-0.0151012388724993,0.0000000000000000,4.9881085903170472,3.0000932442487294,-26.952772,-1.638984,28.5917566197338,46.1751780158725,0,3.0e-12
0.9995822186938895,0.0,-0.0010948865074445,0.0000000000000000,-0.0151523871801293,0.0000000000000000,4.9831085903170464,3.0000933192911905,-26.581065,-1.627535,28.2086000236172,45.2616142472073,0,5.6e-12
0.9995839701437018,0.0,-0.0010892875752830,0.0000000000000000,-0.0152038494405297,0.0000000000000000,4.9781085903170466,3.0000933938464756,-26.211004,-1.615937,27.8269422211296,44.3553571824203,0,2.0e-11
0.9995850231542140,0.0,-0.0010859324709149,0.0000000000000000,-0.0152348782625609,0.0000000000000000,4.9751085903170464,3.0000934383447557,-25.989770,-1.608908,27.5986768844444,43.8151242900808,0,1.1e-11
0.9995860777476651,0.0,-0.0010825805895164,0.0000000000000000,-0.0152660211746276,0.0000000000000000,4.9721085903170463,3.0000934826662058,-25.769183,-1.601820,27.3710047249328,43.2776378630998,0,2.6e-11
0.9995871339054971,0.0,-0.0010792319570791,0.0000000000000000,-0.0152972785795368,0.0000000000000000,4.9691085903170462,3.0000935268102880,-25.549224,-1.594679,27.1439036281722,42.7428392956127,0,2.5e-11
0.9995881916091187,0.0,-0.0010758865995188,0.0000000000000000,-0.0153286508822117,0.0000000000000000,4.9661085903170470,3.0000935707764653,-25.329910,-1.587481,26.9173917820669,42.2107667572494,0,4.8e-12
0.9995892508398359,0.0,-0.0010725445426941,0.0000000000000000,-0.0153601384892641,0.0000000000000000,4.9631085903170469,3.0000936145642036,-25.111266,-1.580226,26.6914919993385,41.6814706863641,0,1.2e-12
0.9995903115789244,0.0,-0.0010692058123832,0.0000000000000000,-0.0153917418094414,0.0000000000000000,4.9601085903170468,3.0000936581729674,-24.893333,-1.572908,26.4662453258330,41.1550452578618,0,9.5e-11
0.9995913738074881,0.0,-0.0010658704344701,0.0000000000000000,-0.0154234612513688,0.0000000000000000,4.9571085903170466,3.0000937016022302,-24.676025,-1.565539,26.2415637291670,40.6312713054211,0,4.8e-12
0.9995924375067201,0.0,-0.0010625384345205,0.0000000000000000,-0.0154552972285097,0.0000000000000000,4.9541085903170465,3.0000937448514589,-24.459452,-1.558106,26.0175578986197,40.1104120248641,0,3.6e-12
0.9995935026576387,0.0,-0.0010592098382055,0.0000000000000000,-0.0154872501541342,0.0000000000000000,4.9511085903170464,3.0000937879201302,-24.243554,-1.550617,25.7941652469601,39.5923094310784,0,1.2e-10
0.9995945692412941,0.0,-0.0010558846710670,0.0000000000000000,-0.0155193204445884,0.0000000000000000,4.9481085903170463,3.0000938308077103,-24.028461,-1.543057,25.5715177933330,39.0772798806040,0,1.3e-12
0.9995956372385719,0.0,-0.0010525629586275,0.0000000000000000,-0.0155515085169598,0.0000000000000000,4.9451085903170462,3.0000938735136837,-23.814054,-1.535441,25.3494927212226,38.5650178806803,0,3.3e-11
0.9995967066304119,0.0,-0.0010492447262231,0.0000000000000000,-0.0155838147920237,0.0000000000000000,4.9421085903170470,3.0000939160375246,-23.600421,-1.527758,25.1281785942600,38.0557339698695,0,6.2e-12
0.9995977773976326,0.0,-0.0010459299992412,0.0000000000000000,-0.0156162396910946,0.0000000000000000,4.9391085903170469,3.0000939583787138,-23.387531,-1.520013,24.9075432796996,37.5493434483562,0,6.9e-12
0.9995988495210577,0.0,-0.0010426188028783,0.0000000000000000,-0.0156487836388447,0.0000000000000000,4.9361085903170467,3.0000940005367314,-23.175440,-1.512200,24.6876433680337,37.0459791962050,0,6.1e-11
0.9995999229813892,0.0,-0.0010393111623788,0.0000000000000000,-0.0156814470605348,0.0000000000000000,4.9331085903170466,3.0000940425110612,-22.964091,-1.504326,24.4684174279961,36.5454844458142,0,4.4e-12
0.9996009977593998,0.0,-0.0010360071027223,0.0000000000000000,-0.0157142303857413,0.0000000000000000,4.9301085903170465,3.0000940843011881,-22.753550,-1.496384,24.2499324051001,36.0480167384383,0,1.4e-11
0.9996020738357556,0.0,-0.0010327066488780,0.0000000000000000,-0.0157471340452854,0.0000000000000000,4.9271085903170464,3.0000941259065974,-22.543828,-1.488371,24.0321998165822,35.5535987690981,0,8.4e-12
0.9996031511911032,0.0,-0.0010294098257324,0.0000000000000000,-0.0157801584721583,0.0000000000000000,4.9241085903170463,3.0000941673267794,-22.334852,-1.480300,23.8151418195062,35.0620308728059,0,1.7e-10
0.9996042298060285,0.0,-0.0010261166580850,0.0000000000000000,-0.0158133041018535,0.0000000000000000,4.9211085903170462,3.0000942085612161,-22.126824,-1.472142,23.5989661744996,34.5738217508860,0,5.7e-12
0.9996053096611263,0.0,-0.0010228271705918,0.0000000000000000,-0.0158465713722580,0.0000000000000000,4.9181085903170461,3.0000942496094081,-21.919526,-1.463928,23.3834457281018,34.0884013281432,0,1.5e-10
0.9996063907369610,0.0,-0.0010195413877828,0.0000000000000000,-0.0158799607244816,0.0000000000000000,4.9151085903170459,3.0000942904708388,-21.713182,-1.455628,23.1688107228896,33.6063341098858,0,8.7e-12
0.9996074730140583,0.0,-0.0010162593341299,0.0000000000000000,-0.0159134726012257,0.0000000000000000,4.9121085903170467,3.0000943311450072,-21.507661,-1.447260,22.9549249652184,33.1272753035872,0,6.5e-11
0.9996085564729043,0.0,-0.0010129810339886,0.0000000000000000,-0.0159471074478950,0.0000000000000000,4.9091085903170466,3.0000943716314095,-21.302969,-1.438824,22.7417931707980,32.6512296415331,0,9.4e-12
0.9996096410940112,0.0,-0.0010097065115641,0.0000000000000000,-0.0159808657131181,0.0000000000000000,4.9061085903170465,3.0000944119295387,-21.099179,-1.430309,22.5294891964664,32.1783732022871,0,1.8e-11
0.9996107268578375,0.0,-0.0010064357909663,0.0000000000000000,-0.0160147478477584,0.0000000000000000,4.9031085903170464,3.0000944520388955,-20.896267,-1.421720,22.3179861927712,31.7086325753965,0,4.0e-12
0.9996118137448406,0.0,-0.0010031688961746,0.0000000000000000,-0.0160487543056089,0.0000000000000000,4.9001085903170463,3.0000944919589769,-20.694261,-1.413053,22.1073130993597,31.2420725186407,0,4.1e-12
0.9996129017354553,0.0,-0.0009999058510649,0.0000000000000000,-0.0160828855430024,0.0000000000000000,4.8971085903170462,3.0000945316892853,-20.493159,-1.404308,21.8974660046540,30.7786760437157,0,1.5e-11
0.9996139908101452,0.0,-0.0009966466793188,0.0000000000000000,-0.0161171420199062,0.0000000000000000,4.8941085903170460,3.0000945712293232,-20.292947,-1.395487,21.6884273280967,30.3183909906280,0,1.1e-10
0.9996150809493018,0.0,-0.0009933914045908,0.0000000000000000,-0.0161515241980995,0.0000000000000000,4.8911085903170459,3.0000946105785897,-20.093732,-1.386576,21.4803083788171,29.8614898062663,0,4.5e-12
0.9996161721333552,0.0,-0.0009901400503321,0.0000000000000000,-0.0161860325429804,0.0000000000000000,4.8881085903170467,3.0000946497365923,-19.895458,-1.377584,21.2730482054019,29.4078119599917,0,1.0e-10
0.9996161944131658,0.0,-0.0009900737371548,0.0000000000000000,-0.0161867381117707,0.0000000000000000,4.8880473658272505,3.0000946505337427,-19.891356,-1.377408,21.2687594136164,29.3984156619341,0,6.9e-11
0.9996162166933977,0.0,-0.0009900074256108,0.0000000000000000,-0.0161874437334767,0.0000000000000000,4.8879861413374552,3.0000946513308100,-19.887336,-1.377222,21.2645560708339,29.3892349650127,0,2.2e-11
0.9996162389740545,0.0,-0.0009899411157173,0.0000000000000000,-0.0161881494078405,0.0000000000000000,4.8879249168476591,3.0000946521277982,-19.883310,-1.377036,21.2603463331360,29.3800386087061,0,6.6e-12
0.9996162612551466,0.0,-0.0009898748074500,0.0000000000000000,-0.0161888551351264,0.0000000000000000,4.8878636923578629,3.0000946529247070,-19.879256,-1.376854,21.2561067254751,29.3707673683719,0,4.2e-11
0.9996162835366548,0.0,-0.0009898085008477,0.0000000000000000,-0.0161895609149310,0.0000000000000000,4.8878024678680667,3.0000946537215358,-19.875213,-1.376670,21.2518797746318,29.3615286559475,0,6.0e-11
0.9996163058186772,0.0,-0.0009897421957157,0.0000000000000000,-0.0161902667489737,0.0000000000000000,4.8877412433782714,3.0000946545183025,-19.870715,-1.376550,21.2471817411158,29.3511042985814,0,1.3e-09
0.9996163281010039,0.0,-0.0009896758924994,0.0000000000000000,-0.0161909726335063,0.0000000000000000,4.8876800188884753,3.0000946553149617,-19.866900,-1.376335,21.2431894097118,29.3424565875792,0,7.1e-10
0.9996163503837235,0.0,-0.0009896095909041,0.0000000000000000,-0.0161916785707204,0.0000000000000000,4.8876187943986791,3.0000946561115480,-19.862933,-1.376141,21.2390402276837,29.3334162857972,0,5.2e-10
0.9996163726669641,0.0,-0.0009895432908298,0.0000000000000000,-0.0161923845622786,0.0000000000000000,4.8875575699088838,3.0000946569080535,-19.859001,-1.375943,21.2349268876681,29.3244644538843,0,2.5e-10
0.9996163949506643,0.0,-0.0009894769923964,0.0000000000000000,-0.0161930906063880,0.0000000000000000,4.8874963454190876,3.0000946577044920,-19.854697,-1.375795,21.2304300878393,29.3145476340317,0,9.7e-10
0.9996164172346678,0.0,-0.0009894106957027,0.0000000000000000,-0.0161937967024783,0.0000000000000000,4.8874351209292914,3.0000946585008310,-19.850933,-1.375573,21.2264902560831,29.3060351445313,0,2.5e-10
0.9996164395191534,0.0,-0.0009893444006083,0.0000000000000000,-0.0161945028518256,0.0000000000000000,4.8873738964394953,3.0000946592970967,-19.846995,-1.375376,21.2223705679843,29.2970692959711,0,1.4e-12
0.9996164618040650,0.0,-0.0009892781071700,0.0000000000000000,-0.0161952090537892,0.0000000000000000,4.8873126719497000,3.0000946600932847,-19.842995,-1.375186,21.2181863775477,29.2879414903319,0,8.4e-11
0.9996164840894117,0.0,-0.0009892118153366,0.0000000000000000,-0.0161959153088864,0.0000000000000000,4.8872514474599038,3.0000946608893959,-19.838927,-1.375007,21.2139326858722,29.2786394426665,0,1.0e-11
0.9996165063751647,0.0,-0.0009891455251828,0.0000000000000000,-0.0161966216163495,0.0000000000000000,4.8871902229701076,3.0000946616854276,-19.834817,-1.374833,21.2096357758683,29.2692294085394,0,2.2e-10
0.9996165286614656,0.0,-0.0009890792364341,0.0000000000000000,-0.0161973279788486,0.0000000000000000,4.8871289984803123,3.0000946624813984,-19.830250,-1.374722,21.2048662562520,29.2586291082563,0,1.6e-09
0.9996165509480310,0.0,-0.0009890129497104,0.0000000000000000,-0.0161980343911253,0.0000000000000000,4.8870677739905162,3.0000946632772481,-19.826726,-1.374467,21.2011745118492,29.2507420066118,0,2.9e-10
0.9996165732350225,0.0,-0.0009889466645456,0.0000000000000000,-0.0161987408565805,0.0000000000000000,4.8870065495007200,3.0000946640730337,-19.822803,-1.374267,21.1970698431198,29.2418175122142,0,6.1e-12
0.9996165955224877,0.0,-0.0009888803809539,0.0000000000000000,-0.0161994473756402,0.0000000000000000,4.8869453250109238,3.0000946648687430,-19.818798,-1.374079,21.1928806733687,29.2326798947310,0,6.1e-11
0.9996166178105720,0.0,-0.0009888140987209,0.0000000000000000,-0.0162001539500490,0.0000000000000000,4.8868841005211285,3.0000946656644047,-19.813916,-1.374012,21.1877856569083,29.2212601407534,0,2.2e-09
0.9996166400986835,0.0,-0.0009887478187349,0.0000000000000000,-0.0162008605718901,0.0000000000000000,4.8868228760313324,3.0000946664599231,-19.810709,-1.373713,21.1844212630320,29.2142020458766,0,1.6e-11
0.9996166623874552,0.0,-0.0009886815400252,0.0000000000000000,-0.0162015672500655,0.0000000000000000,4.8867616515415362,3.0000946672553934,-19.806670,-1.373529,21.1801968332550,29.2049763458886,0,4.3e-11
0.9996166846765600,0.0,-0.0009886152631186,0.0000000000000000,-0.0162022739791512,0.0000000000000000,4.8867004270517409,3.0000946680507861,-19.802549,-1.373357,21.1758873006688,29.1955386425671,0,2.9e-10
0.9996167069661479,0.0,-0.0009885489877403,0.0000000000000000,-0.0162029807626724,0.0000000000000000,4.8866392025619447,3.0000946688460917,-19.798652,-1.373154,21.1718097029861,29.1866839181492,0,6.0e-11
0.9996167292561654,0.0,-0.0009884827140331,0.0000000000000000,-0.0162036875986403,0.0000000000000000,4.8865779780721486,3.0000946696413231,-19.794570,-1.372976,21.1675405228358,29.1773472197239,0,8.4e-11
0.9996167515465887,0.0,-0.0009884164419799,0.0000000000000000,-0.0162043944873758,0.0000000000000000,4.8865167535823524,3.0000946704364728,-19.790545,-1.372791,21.1633308593576,29.1681612506666,0,7.6e-11
0.9996167738374627,0.0,-0.0009883501715899,0.0000000000000000,-0.0162051014289668,0.0000000000000000,4.8864555290925571,3.0000946712315413,-19.786549,-1.372601,21.1591507250758,29.1590489003421,0,7.8e-12
0.9996167961287068,0.0,-0.0009882839028246,0.0000000000000000,-0.0162058084233592,0.0000000000000000,4.8863943046027609,3.0000946720265325,-19.782517,-1.372417,21.1549332338412,29.1498449466382,0,7.8e-12
0.9996168184203251,0.0,-0.0009882176357688,0.0000000000000000,-0.0162065154687749,0.0000000000000000,4.8863330801129647,3.0000946728214770,-19.777530,-1.372365,21.1497292022301,29.1381603665832,0,2.6e-09
0.9996168407125270,0.0,-0.0009881513702708,0.0000000000000000,-0.0162072225705625,0.0000000000000000,4.8862718556231695,3.0000946736162764,-19.774341,-1.372063,21.1463825909570,29.1311449077094,0,3.4e-10
0.9996168630050605,0.0,-0.0009880851064304,0.0000000000000000,-0.0162079297239583,0.0000000000000000,4.8862106311333733,3.0000946744110220,-19.770442,-1.371860,21.1423027741587,29.1222881176153,0,5.6e-13
0.9996168852982891,0.0,-0.0009880188438084,0.0000000000000000,-0.0162086369351342,0.0000000000000000,4.8861494066435771,3.0000946752056983,-19.766322,-1.371688,21.1379934639937,29.1128490371424,0,2.6e-10
0.9996169075914741,0.0,-0.0009879525837976,0.0000000000000000,-0.0162093441877102,0.0000000000000000,4.8860881821537809,3.0000946760003049,-19.761709,-1.371584,21.1331763201583,29.1021394315059,0,1.8e-09
0.9996169298852080,0.0,-0.0009878863248770,0.0000000000000000,-0.0162100515003186,0.0000000000000000,4.8860269576639856,3.0000946767947925,-19.758366,-1.371304,21.1296706733833,29.0947310988302,0,3.6e-12
0.9996169521794256,0.0,-0.0009878200676706,0.0000000000000000,-0.0162107588646766,0.0000000000000000,4.8859657331741895,3.0000946775892228,-19.754320,-1.371122,21.1254383229830,29.0854920062874,0,6.2e-11
0.9996169744740788,0.0,-0.0009877538120989,0.0000000000000000,-0.0162114662821144,0.0000000000000000,4.8859045086843933,3.0000946783835740,-19.750270,-1.370940,21.1212017072314,29.0762422840245,0,1.3e-10
0.9996169967691417,0.0,-0.0009876875581824,0.0000000000000000,-0.0162121737524108,0.0000000000000000,4.8858432841945980,3.0000946791778431,-19.746293,-1.370748,21.1170404513263,29.0671828766904,0,1.1e-11
0.9996170190646327,0.0,-0.0009876213059072,0.0000000000000000,-0.0162128812756706,0.0000000000000000,4.8857820597048018,3.0000946799720318,-19.742270,-1.370563,21.1128322582860,29.0580056835234,0,1.1e-11
0.9996170413605416,0.0,-0.0009875550552867,0.0000000000000000,-0.0162135888517656,0.0000000000000000,4.8857208352150057,3.0000946807661419,-19.738256,-1.370376,21.1086324191061,29.0488500743853,0,1.0e-11
0.9996170636568692,0.0,-0.0009874888063235,0.0000000000000000,-0.0162142964806415,0.0000000000000000,4.8856596107252095,3.0000946815601730,-19.734196,-1.370196,21.1043855394022,29.0395764045980,0,9.0e-11
0.9996172643427361,0.0,-0.0009868926398885,0.0000000000000000,-0.0162206675226956,0.0000000000000000,4.8851085903170466,3.0000946887028390,-19.698051,-1.368519,21.0665696189717,28.9571548951820,1,2.9e-12
0.9996183575578467,0.0,-0.0009836491964456,0.0000000000000000,-0.0162554296087850,0.0000000000000000,4.8821085903170465,3.0000947274768328,-19.501635,-1.359365,20.8610000034773,28.5098316754364,1,3.6e-13
0.9996194517591052,0.0,-0.0009804097430743,0.0000000000000000,-0.0162903192755726,0.0000000000000000,4.8791085903170464,3.0000947660580817,-19.306202,-1.350123,20.6563279370359,28.0658056014229,1,4.4e-11
0.9996205469269526,0.0,-0.0009771743026637,0.0000000000000000,-0.0163253370009870,0.0000000000000000,4.8761085903170462,3.0000948044460962,-19.111702,-1.340799,20.4525003404198,27.6249344579953,1,1.6e-11
0.9996216430418050,0.0,-0.0009739428979999,0.0000000000000000,-0.0163604832658126,0.0000000000000000,4.8731085903170461,3.0000948426403853,-18.918214,-1.331384,20.2495981053895,27.1874145142968,1,2.6e-12
0.9996227400840854,0.0,-0.0009707155517342,0.0000000000000000,-0.0163957585538835,0.0000000000000000,4.8701085903170460,3.0000948806404608,-18.725706,-1.321881,20.0475865065484,26.7531499743057,1,4.1e-12
0.9996238380342696,0.0,-0.0009674922862967,0.0000000000000000,-0.0164311633532931,0.0000000000000000,4.8671085903170459,3.0000949184458348,-18.534184,-1.312289,19.8464699042385,26.3221428724623,1,4.3e-11
0.9996249368727940,0.0,-0.0009642731240373,0.0000000000000000,-0.0164666981547032,0.0000000000000000,4.8641085903170467,3.0000949560560177,-18.343706,-1.302600,19.6463073960412,25.8945352152798,1,1.4e-11
0.9996260365801358,0.0,-0.0009610580871294,0.0000000000000000,-0.0165023634524500,0.0000000000000000,4.8611085903170466,3.0000949934705265,-18.154219,-1.292821,19.4470407082748,25.4701703745169,1,6.1e-12
0.9996271371367941,0.0,-0.0009578471975791,0.0000000000000000,-0.0165381597445963,0.0000000000000000,4.8581085903170464,3.0000950306888758,-17.965720,-1.282953,19.2486661619805,25.0490298187967,1,9.0e-11
0.9996282385232530,0.0,-0.0009546404772587,0.0000000000000000,-0.0165740875325263,0.0000000000000000,4.8551085903170463,3.0000950677105775,-17.778334,-1.272977,19.0513115256988,24.6314306563370,1,1.8e-11
0.9996293407202924,0.0,-0.0009514379475400,0.0000000000000000,-0.0166101473254318,0.0000000000000000,4.8521085903170462,3.0000951045351583,-17.591761,-1.262934,18.8546622431144,24.2165569999248,1,4.4e-10
0.9996304437077609,0.0,-0.0009482396307215,0.0000000000000000,-0.0166463396227911,0.0000000000000000,4.8491085903170461,3.0000951411620975,-17.407279,-1.252648,18.6600541599328,23.8078245020201,1,1.7e-09
0.9996315474669354,0.0,-0.0009450455477747,0.0000000000000000,-0.0166826649418083,0.0000000000000000,4.8461085903170460,3.0000951775909859,-17.222298,-1.242477,18.4647733387178,23.3982780751859,1,1.9e-11
0.9996326519783546,0.0,-0.0009418557192631,0.0000000000000000,-0.0167191238069264,0.0000000000000000,4.8431085903170459,3.0000952138212940,-17.038771,-1.232149,18.2708619654859,22.9931270405466,1,7.5e-10
0.9996337572221036,0.0,-0.0009386701676931,0.0000000000000000,-0.0167557167216269,0.0000000000000000,4.8401085903170467,3.0000952498525209,-16.856931,-1.221632,18.0785646358229,22.5929967338783,1,1.5e-11
0.9996348631793467,0.0,-0.0009354889126604,0.0000000000000000,-0.0167924442243151,0.0000000000000000,4.8371085903170465,3.0000952856842260,-16.675847,-1.211055,17.8869016795213,22.1953661313345,1,7.2e-13
0.9996359698305067,0.0,-0.0009323119753765,0.0000000000000000,-0.0168293068375081,0.0000000000000000,4.8341085903170464,3.0000953213159094,-16.496122,-1.200332,17.6965067248398,21.8018535326480,1,6.5e-10
0.9996370771566970,0.0,-0.0009291393760650,0.0000000000000000,-0.0168663050977117,0.0000000000000000,4.8311085903170463,3.0000953567471140,-16.316953,-1.189575,17.5065290572811,21.4102553122684,1,5.0e-12
0.9996381851381654,0.0,-0.0009259711356536,0.0000000000000000,-0.0169034395338787,0.0000000000000000,4.8281085903170462,3.0000953919773394,-16.139039,-1.178687,17.3177048251069,21.0224625288345,1,2.6e-10
0.9996392937560862,0.0,-0.0009228072735142,0.0000000000000000,-0.0169407106966549,0.0000000000000000,4.8251085903170461,3.0000954270061158,-15.962389,-1.167664,17.1300408083818,20.6384787066269,1,1.5e-10
0.9996404029910633,0.0,-0.0009196478102843,0.0000000000000000,-0.0169781191233354,0.0000000000000000,4.8221085903170460,3.0000954618329638,-15.786868,-1.156526,16.9433947382843,20.2579303416993,1,6.2e-12
