x0_n,y0_n,z0_n,xd0_n,yd0_n,zd0_n,Tp,JC,L2ExcessVelocity_mps,...,error_tol=1e-11,n_Nodes=6,stepsize=1.0
0.9994120279889416,-0.0000000000000000,0.0000000000000000,-0.0000000002673714,-0.0000007830054518,0.0000000000000000,3.0317572945623521,3.0000031118,0.000
0.9994120280044168,-0.0000000000000000,0.0000000000000000,-0.0000000000000577,-0.0000007826132811,0.0000000000000000,3.0317572980703882,3.0000031118,0.000
0.9994121027778146,-0.0000000000000000,0.0000000000000000,-0.0000000000000928,-0.0000012797095390,0.0000000000000000,3.0317573436920533,3.0000031118,0.000
0.9994121772155868,-0.0000000000000000,0.0000000000000000,0.0000000000000388,-0.0000017744657138,0.0000000000000000,3.0317574532872253,3.0000031118,0.000
0.9994122513260800,-0.0000000000000000,0.0000000000000000,0.0000000000000089,-0.0000022669394047,0.0000000000000000,3.0317576271265483,3.0000031118,0.000
0.9994123249774570,-0.0000000000000000,0.0000000000000000,-0.0000000000001280,-0.0000027562561812,0.0000000000000000,3.0317578669992491,3.0000031118,0.000
0.9994123980438160,-0.0000000000000000,0.0000000000000000,-0.0000000000001507,-0.0000032415816437,0.0000000000000000,3.0317581736941142,3.0000031118,0.000
0.9994124704055110,-0.0000000000000000,0.0000000000000000,-0.0000000000003037,-0.0000037221242898,0.0000000000000000,3.0317585473653006,3.0000031118,0.000
0.9994125419564731,-0.0000000000000000,0.0000000000000000,-0.0000000000004088,-0.0000041971827146,0.0000000000000000,3.0317589870125876,3.0000031118,0.000
0.9994126126011702,-0.0000000000000000,0.0000000000000000,-0.0000000000006315,-0.0000046661265950,0.0000000000000000,3.0317594911908978,3.0000031118,0.000
0.9994126822586488,-0.0000000000000000,0.0000000000000000,-0.0000000000006655,-0.0000051284219831,0.0000000000000000,3.0317600578011734,3.0000031118,0.000
0.9994127508614948,-0.0000000000000000,0.0000000000000000,-0.0000000000012113,-0.0000055836269684,0.0000000000000000,3.0317606843327871,3.0000031118,0.000
0.9994128183568809,-0.0000000000000000,0.0000000000000000,-0.0000000000016068,-0.0000060313941864,0.0000000000000000,3.0317613679238034,3.0000031118,0.000
0.9994128847048621,-0.0000000000000000,0.0000000000000000,-0.0000000000021649,-0.0000064714637275,0.0000000000000000,3.0317621054930903,3.0000031118,0.000
0.9994129498780489,-0.0000000000000000,0.0000000000000000,-0.0000000000028948,-0.0000069036584803,0.0000000000000000,3.0317628938199266,3.0000031118,0.000
0.9994130138596831,-0.0000000000000000,0.0000000000000000,-0.0000000000036179,-0.0000073278715243,0.0000000000000000,3.0317637296718991,3.0000031118,0.000
0.9994130718232889,-0.0000000000000000,0.0000000000000000,-0.0000000000026774,-0.0000077121123627,0.0000000000000000,3.0317649167218836,3.0000031118,0.000
0.9994131309363983,-0.0000000000000000,0.0000000000000000,-0.0000000000021634,-0.0000081039074342,0.0000000000000000,3.0317660071630921,3.0000031118,0.000
0.9994131900884765,-0.0000000000000000,0.0000000000000000,-0.0000000000020723,-0.0000084958936666,0.0000000000000000,3.0317670647454187,3.0000031118,0.000
0.9994132487183368,-0.0000000000000000,0.0000000000000000,-0.0000000000022132,-0.0000088843533871,0.0000000000000000,3.0317681208008147,3.0000031118,0.000
0.9994133065430794,-0.0000000000000000,0.0000000000000000,-0.0000000000026468,-0.0000092674140010,0.0000000000000000,3.0317691900487134,3.0000031118,0.000
0.9994133634282890,-0.0000000000000000,0.0000000000000000,-0.0000000000031146,-0.0000096441879356,0.0000000000000000,3.0317702786533176,3.0000031118,0.000
0.9994134150159849,-0.0000000000000000,0.0000000000000000,-0.0000000000018435,-0.0000099858174009,0.0000000000000000,3.0317716086606028,3.0000031117,0.000
0.9994134724145598,-0.0000000000000000,0.0000000000000000,-0.0000000000027354,-0.0000103658722120,0.0000000000000000,3.0317726244390881,3.0000031117,0.000
0.9994135230232447,-0.0000000000000000,0.0000000000000000,-0.0000000000021169,-0.0000107009137331,0.0000000000000000,3.0317739371695147,3.0000031117,0.000
0.9994135748557160,-0.0000000000000000,0.0000000000000000,-0.0000000000017709,-0.0000110440066043,0.0000000000000000,3.0317751686663250,3.0000031117,0.000
0.9994136265200733,-0.0000000000000000,0.0000000000000000,-0.0000000000017030,-0.0000113859357280,0.0000000000000000,3.0317763820556087,3.0000031117,0.000
0.9994136775304194,-0.0000000000000000,0.0000000000000000,-0.0000000000020234,-0.0000117234868618,0.0000000000000000,3.0317775988442843,3.0000031117,0.000
0.9994137277302170,-0.0000000000000000,0.0000000000000000,-0.0000000000022277,-0.0000120556253978,0.0000000000000000,3.0317788256910734,3.0000031117,0.000
0.9994137770836637,-0.0000000000000000,0.0000000000000000,-0.0000000000025075,-0.0000123821172777,0.0000000000000000,3.0317800639955528,3.0000031117,0.000
0.9994138255950759,-0.0000000000000000,0.0000000000000000,-0.0000000000025054,-0.0000127029927338,0.0000000000000000,3.0317813135235605,3.0000031117,0.000
0.9994138732832999,-0.0000000000000000,0.0000000000000000,-0.0000000000026394,-0.0000130183795775,0.0000000000000000,3.0317825735088455,3.0000031117,0.000
0.9994139201724622,-0.0000000000000000,0.0000000000000000,-0.0000000000027468,-0.0000133284393194,0.0000000000000000,3.0317838430366302,3.0000031117,0.000
0.9994139662863213,-0.0000000000000000,0.0000000000000000,-0.0000000000029180,-0.0000136333313718,0.0000000000000000,3.0317851212670375,3.0000031117,0.000
0.9994140116507383,-0.0000000000000000,0.0000000000000000,-0.0000000000029827,-0.0000139332284408,0.0000000000000000,3.0317864073262295,3.0000031117,0.000
0.9994140562894416,-0.0000000000000000,0.0000000000000000,-0.0000000000033441,-0.0000142282900844,0.0000000000000000,3.0317877004638123,3.0000031117,0.000
0.9994141002250738,-0.0000000000000000,0.0000000000000000,-0.0000000000032655,-0.0000145186664632,0.0000000000000000,3.0317890000088443,3.0000031117,0.000
0.9994141395055616,-0.0000000000000000,0.0000000000000000,-0.0000000000018598,-0.0000147782427235,0.0000000000000000,3.0317904445070076,3.0000031117,0.000
0.9994141851190951,-0.0000000000000000,0.0000000000000000,-0.0000000000031660,-0.0000150796379208,0.0000000000000000,3.0317916559822393,3.0000031116,0.000
0.9994142239335588,-0.0000000000000000,0.0000000000000000,-0.0000000000019142,-0.0000153360721084,0.0000000000000000,3.0317930786266620,3.0000031116,0.000
0.9994142685305261,-0.0000000000000000,0.0000000000000000,-0.0000000000033390,-0.0000156306791517,0.0000000000000000,3.0317942945855223,3.0000031116,0.000
0.9994143061037777,-0.0000000000000000,0.0000000000000000,-0.0000000000017176,-0.0000158788530271,0.0000000000000000,3.0317957221303153,3.0000031116,0.000
0.9994143495941260,-0.0000000000000000,0.0000000000000000,-0.0000000000033231,-0.0000161660825183,0.0000000000000000,3.0317969461227654,3.0000031116,0.000
0.9994143859637162,-0.0000000000000000,0.0000000000000000,-0.0000000000018973,-0.0000164062506585,0.0000000000000000,3.0317983783048708,3.0000031116,0.000
0.9994144245665325,-0.0000000000000000,0.0000000000000000,-0.0000000000017941,-0.0000166611410393,0.0000000000000000,3.0317997287583642,3.0000031116,0.000
0.9994144631163091,-0.0000000000000000,0.0000000000000000,-0.0000000000017338,-0.0000169156529826,0.0000000000000000,3.0318010670843516,3.0000031116,0.000
0.9994145012312413,-0.0000000000000000,0.0000000000000000,-0.0000000000023178,-0.0000171672674274,0.0000000000000000,3.0318024049428494,3.0000031116,0.000
0.9994145388598251,-0.0000000000000000,0.0000000000000000,-0.0000000000022530,-0.0000174156429790,0.0000000000000000,3.0318037440554226,3.0000031116,0.000
0.9994145760053863,-0.0000000000000000,0.0000000000000000,-0.0000000000023749,-0.0000176608041963,0.0000000000000000,3.0318050845022668,3.0000031116,0.000
0.9994146126799692,-0.0000000000000000,0.0000000000000000,-0.0000000000024332,-0.0000179028311386,0.0000000000000000,3.0318064261205464,3.0000031116,0.000
0.9994146488970815,-0.0000000000000000,0.0000000000000000,-0.0000000000023770,-0.0000181418138052,0.0000000000000000,3.0318077687061695,3.0000031116,0.000
0.9994146846695832,-0.0000000000000000,0.0000000000000000,-0.0000000000027251,-0.0000183778390269,0.0000000000000000,3.0318091120720805,3.0000031116,0.000
0.9994147200105277,-0.0000000000000000,0.0000000000000000,-0.0000000000027826,-0.0000186109924564,0.0000000000000000,3.0318104560320931,3.0000031115,0.000
0.9994147549313547,-0.0000000000000000,0.0000000000000000,-0.0000000000029195,-0.0000188413511627,0.0000000000000000,3.0318118004444754,3.0000031115,0.000
0.9994147894441743,-0.0000000000000000,0.0000000000000000,-0.0000000000026158,-0.0000190689948879,0.0000000000000000,3.0318131451481878,3.0000031115,0.000
0.9994148235599732,-0.0000000000000000,0.0000000000000000,-0.0000000000024917,-0.0000192939980404,0.0000000000000000,3.0318144900076227,3.0000031115,0.000
0.9994148572891098,-0.0000000000000000,0.0000000000000000,-0.0000000000026065,-0.0000195164298124,0.0000000000000000,3.0318158349078259,3.0000031115,0.000
0.9994148906424409,-0.0000000000000000,0.0000000000000000,-0.0000000000025095,-0.0000197363617229,0.0000000000000000,3.0318171797221707,3.0000031115,0.000
0.9994149236296950,-0.0000000000000000,0.0000000000000000,-0.0000000000025581,-0.0000199538592774,0.0000000000000000,3.0318185243518210,3.0000031115,0.000
0.9994149562603257,-0.0000000000000000,0.0000000000000000,-0.0000000000023775,-0.0000201689848018,0.0000000000000000,3.0318198687022533,3.0000031115,0.000
0.9994149885431629,-0.0000000000000000,0.0000000000000000,-0.0000000000026302,-0.0000203817984094,0.0000000000000000,3.0318212126870039,3.0000031115,0.000
0.9994150204876843,-0.0000000000000000,0.0000000000000000,-0.0000000000026696,-0.0000205923619944,0.0000000000000000,3.0318225562178363,3.0000031115,0.000
0.9994150521022500,-0.0000000000000000,0.0000000000000000,-0.0000000000025512,-0.0000208007314038,0.0000000000000000,3.0318238992199213,3.0000031115,0.000
0.9994150833953819,0.0000000000000000,0.0000000000000000,-0.0000000000025580,-0.0000210069639010,0.0000000000000000,3.0318252416163740,3.0000031115,0.000
0.9994151143746327,-0.0000000000000000,0.0000000000000000,-0.0000000000024577,-0.0000212111094108,0.0000000000000000,3.0318265833541180,3.0000031115,0.000
0.9994151450474483,-0.0000000000000000,0.0000000000000000,-0.0000000000023769,-0.0000214132177771,0.0000000000000000,3.0318279243780193,3.0000031115,0.000
0.9994151754216742,-0.0000000000000000,0.0000000000000000,-0.0000000000024967,-0.0000216133415586,0.0000000000000000,3.0318292646262290,3.0000031115,0.000
0.9994152055045130,-0.0000000000000000,0.0000000000000000,-0.0000000000022731,-0.0000218115277338,0.0000000000000000,3.0318306040491181,3.0000031114,0.000
0.9994152353024279,-0.0000000000000000,0.0000000000000000,-0.0000000000021898,-0.0000220078202578,0.0000000000000000,3.0318319426080738,3.0000031114,0.000
0.9994152648220871,-0.0000000000000000,0.0000000000000000,-0.0000000000023667,-0.0000222022637556,0.0000000000000000,3.0318332802615582,3.0000031114,0.000
0.9994152940701715,-0.0000000000000000,0.0000000000000000,-0.0000000000023377,-0.0000223949018501,0.0000000000000000,3.0318346169698533,3.0000031114,0.000
0.9994153230532355,-0.0000000000000000,0.0000000000000000,-0.0000000000024307,-0.0000225857787559,0.0000000000000000,3.0318359526916945,3.0000031114,0.000
0.9994153517761629,-0.0000000000000000,0.0000000000000000,-0.0000000000026324,-0.0000227749270491,0.0000000000000000,3.0318372874152848,3.0000031114,0.000
0.9994153802460476,-0.0000000000000000,0.0000000000000000,-0.0000000000023131,-0.0000229623927197,0.0000000000000000,3.0318386210870392,3.0000031114,0.000
0.9994154084673310,-0.0000000000000000,0.0000000000000000,-0.0000000000022053,-0.0000231482067568,0.0000000000000000,3.0318399537031908,3.0000031114,0.000
0.9994154364460869,-0.0000000000000000,0.0000000000000000,-0.0000000000021736,-0.0000233324092981,0.0000000000000000,3.0318412852280239,3.0000031114,0.000
0.9994154641874540,-0.0000000000000000,0.0000000000000000,-0.0000000000022088,-0.0000235150345414,0.0000000000000000,3.0318426156446900,3.0000031114,0.000
0.9994154916962030,-0.0000000000000000,0.0000000000000000,-0.0000000000022967,-0.0000236961142397,0.0000000000000000,3.0318439449371652,3.0000031114,0.000
0.9994155189775858,-0.0000000000000000,0.0000000000000000,-0.0000000000020435,-0.0000238756826119,0.0000000000000000,3.0318452730860783,3.0000031114,0.000
0.9994155460361196,-0.0000000000000000,0.0000000000000000,-0.0000000000022805,-0.0000240537712489,0.0000000000000000,3.0318466000794424,3.0000031114,0.000
0.9994155728768849,-0.0000000000000000,0.0000000000000000,-0.0000000000023214,-0.0000242304126842,0.0000000000000000,3.0318479258917757,3.0000031114,0.000
0.9994155995037798,-0.0000000000000000,0.0000000000000000,-0.0000000000022684,-0.0000244056330861,0.0000000000000000,3.0318492505278178,3.0000031114,0.000
0.9994156259215640,-0.0000000000000000,0.0000000000000000,-0.0000000000019871,-0.0000245794638531,0.0000000000000000,3.0318505739636517,3.0000031113,0.000
0.9994156521342055,-0.0000000000000000,0.0000000000000000,-0.0000000000022569,-0.0000247519328255,0.0000000000000000,3.0318518961977312,3.0000031113,0.000
0.9994156781458778,-0.0000000000000000,0.0000000000000000,-0.0000000000026121,-0.0000249230669170,0.0000000000000000,3.0318532172176629,3.0000031113,0.000
0.9994157039604095,-0.0000000000000000,0.0000000000000000,-0.0000000000020237,-0.0000250928897466,0.0000000000000000,3.0318545370238525,3.0000031113,0.000
0.9994157295818622,-0.0000000000000000,0.0000000000000000,-0.0000000000020532,-0.0000252614311552,0.0000000000000000,3.0318558555977950,3.0000031113,0.000
0.9994157550137895,-0.0000000000000000,0.0000000000000000,-0.0000000000021261,-0.0000254287137526,0.0000000000000000,3.0318571729444024,3.0000031113,0.000
0.9994157802597733,-0.0000000000000000,0.0000000000000000,-0.0000000000020184,-0.0000255947609668,0.0000000000000000,3.0318584890580893,3.0000031113,0.000
0.9994158053229351,-0.0000000000000000,0.0000000000000000,-0.0000000000019361,-0.0000257595939661,0.0000000000000000,3.0318598039451219,3.0000031113,0.000
0.9994158302077817,-0.0000000000000000,0.0000000000000000,-0.0000000000016826,-0.0000259232422948,0.0000000000000000,3.0318611175812622,3.0000031113,0.000
0.9994158549165789,-0.0000000000000000,0.0000000000000000,-0.0000000000017475,-0.0000260857219882,0.0000000000000000,3.0318624299839434,3.0000031113,0.000
0.9994158794530108,-0.0000000000000000,0.0000000000000000,-0.0000000000017340,-0.0000262470568002,0.0000000000000000,3.0318637411418012,3.0000031113,0.000
0.9994159038201649,-0.0000000000000000,0.0000000000000000,-0.0000000000018430,-0.0000264072676318,0.0000000000000000,3.0318650510627640,3.0000031113,0.000
0.9994159280209445,-0.0000000000000000,0.0000000000000000,-0.0000000000018993,-0.0000265663734900,0.0000000000000000,3.0318663597439297,3.0000031113,0.000
0.9994159520587195,-0.0000000000000000,0.0000000000000000,-0.0000000000017451,-0.0000267243964676,0.0000000000000000,3.0318676671824694,3.0000031113,0.000
0.9994159759358657,-0.0000000000000000,0.0000000000000000,-0.0000000000015324,-0.0000268813526831,0.0000000000000000,3.0318689733861603,3.0000031113,0.000
0.9994159996552932,-0.0000000000000000,0.0000000000000000,-0.0000000000017053,-0.0000270372622836,0.0000000000000000,3.0318702783588338,3.0000031112,0.000
0.9994160232197810,-0.0000000000000000,0.0000000000000000,-0.0000000000017022,-0.0000271921427295,0.0000000000000000,3.0318715820974225,3.0000031112,0.000
0.9994160466321631,-0.0000000000000000,0.0000000000000000,-0.0000000000017479,-0.0000273460132645,0.0000000000000000,3.0318728846054350,3.0000031112,0.000
0.9994160698949729,-0.0000000000000000,0.0000000000000000,-0.0000000000017590,-0.0000274988905789,0.0000000000000000,3.0318741858889298,3.0000031112,0.000
0.9994160930107618,-0.0000000000000000,0.0000000000000000,-0.0000000000015040,-0.0000276507912288,0.0000000000000000,3.0318754859466388,3.0000031112,0.000
0.9994161159813864,-0.0000000000000000,0.0000000000000000,-0.0000000000016699,-0.0000278017288407,0.0000000000000000,3.0318767847913017,3.0000031112,0.000
0.9994161388100344,-0.0000000000000000,0.0000000000000000,-0.0000000000016426,-0.0000279517234398,0.0000000000000000,3.0318780824150000,3.0000031112,0.000
0.9994161614989072,-0.0000000000000000,0.0000000000000000,-0.0000000000014659,-0.0000281007897498,0.0000000000000000,3.0318793788306242,3.0000031112,0.000
0.9994161840500917,-0.0000000000000000,0.0000000000000000,-0.0000000000015764,-0.0000282489424533,0.0000000000000000,3.0318806740356252,3.0000031112,0.000
0.9994162064654319,-0.0000000000000000,0.0000000000000000,-0.0000000000013947,-0.0000283961927899,0.0000000000000000,3.0318819680486113,3.0000031112,0.000
0.9994162287477593,-0.0000000000000000,0.0000000000000000,-0.0000000000013737,-0.0000285425603508,0.0000000000000000,3.0318832608598703,3.0000031112,0.000
0.9994162508989965,-0.0000000000000000,0.0000000000000000,-0.0000000000014209,-0.0000286880577632,0.0000000000000000,3.0318845524842137,3.0000031112,0.000
0.9994162729211632,-0.0000000000000000,0.0000000000000000,-0.0000000000014402,-0.0000288326982856,0.0000000000000000,3.0318858429236482,3.0000031112,0.000
0.9994162948158197,-0.0000000000000000,0.0000000000000000,-0.0000000000014950,-0.0000289764924375,0.0000000000000000,3.0318871321938263,3.0000031112,0.000
0.9994163195103404,-0.0000000000000000,0.0000000000000000,-0.0000000000041766,-0.0000291386688553,0.0000000000000000,3.0318883686443896,3.0000031112,0.000
0.9994163383317680,-0.0000000000000000,0.0000000000000000,-0.0000000000016765,-0.0000292622590476,0.0000000000000000,3.0318897040867907,3.0000031111,0.000
0.9994163626338635,-0.0000000000000000,0.0000000000000000,-0.0000000000038276,-0.0000294218378168,0.0000000000000000,3.0318909412700896,3.0000031111,0.000
0.9994163812400323,-0.0000000000000000,0.0000000000000000,-0.0000000000015194,-0.0000295439999271,0.0000000000000000,3.0318922735053260,3.0000031111,0.000
0.9994164052704803,-0.0000000000000000,0.0000000000000000,-0.0000000000037401,-0.0000297017759840,0.0000000000000000,3.0318935094519537,3.0000031111,0.000
0.9994164236776520,-0.0000000000000000,0.0000000000000000,-0.0000000000014007,-0.0000298226168821,0.0000000000000000,3.0318948383702939,3.0000031111,0.000
0.9994164474445234,-0.0000000000000000,0.0000000000000000,-0.0000000000038321,-0.0000299786441139,0.0000000000000000,3.0318960730626201,3.0000031111,0.000
0.9994164656595088,-0.0000000000000000,0.0000000000000000,-0.0000000000014397,-0.0000300982089490,0.0000000000000000,3.0318973987189968,3.0000031111,0.000
0.9994164891689510,-0.0000000000000000,0.0000000000000000,-0.0000000000039221,-0.0000302525280364,0.0000000000000000,3.0318986321707948,3.0000031111,0.000
0.9994476111421045,-0.0000000000000000,0.0000000000000000,-0.0000000000002843,-0.0002265117139383,0.0000000000000000,3.0395374013185075,3.0000030725,2.039
0.9994584367311201,-0.0000000000000000,0.0000000000000000,-0.0000000000016112,-0.0002915649043229,0.0000000000000000,3.0445891293375311,3.0000030474,2.619
0.9994674148419773,-0.0000000000000000,0.0000000000000000,-0.0000000000013003,-0.0003444806658613,0.0000000000000000,3.0496196598118215,3.0000030228,3.084
0.9994752984855488,-0.0000000000000000,0.0000000000000000,-0.0000000000014290,-0.0003902487010563,0.0000000000000000,3.0546410857387092,3.0000029986,3.482
0.9994824296342738,-0.0000000000000000,0.0000000000000000,-0.0000000000011243,-0.0004311361988255,0.0000000000000000,3.0596574271617643,3.0000029748,3.834
0.9994889990571850,-0.0000000000000000,0.0000000000000000,-0.0000000000025698,-0.0004684075783949,0.0000000000000000,3.0646704715193760,3.0000029513,4.151
0.9994951263489715,-0.0000000000000000,0.0000000000000000,-0.0000000000006603,-0.0005028550218714,0.0000000000000000,3.0696812652334571,3.0000029282,4.441
0.9995008925996979,-0.0000000000000000,0.0000000000000000,-0.0000000000002288,-0.0005350150741221,0.0000000000000000,3.0746903867455693,3.0000029054,4.710
0.9995063558335503,-0.0000000000000000,0.0000000000000000,0.0000000000001536,-0.0005652711880195,0.0000000000000000,3.0796982545196752,3.0000028829,4.961
0.9995115593363600,-0.0000000000000000,0.0000000000000000,0.0000000000004204,-0.0005939089914108,0.0000000000000000,3.0847051471822424,3.0000028607,5.197
0.9995165364643085,-0.0000000000000000,0.0000000000000000,0.0000000000002553,-0.0006211482057048,0.0000000000000000,3.0897112594525100,3.0000028388,5.419
0.9995213135979789,-0.0000000000000000,0.0000000000000000,-0.0000000000003423,-0.0006471622625642,0.0000000000000000,3.0947167282134367,3.0000028172,5.630
0.9995259119608797,-0.0000000000000000,0.0000000000000000,-0.0000000000015549,-0.0006720904917877,0.0000000000000000,3.0997215314151418,3.0000027959,5.831
0.9995303493341975,-0.0000000000000000,0.0000000000000000,0.0000000000003163,-0.0006960489764060,0.0000000000000000,3.1047260494189750,3.0000027749,6.022
0.9995346402478616,-0.0000000000000000,0.0000000000000000,-0.0000000000014280,-0.0007191326900987,0.0000000000000000,3.1097301843448881,3.0000027542,6.205
0.9995387971140836,-0.0000000000000000,0.0000000000000000,0.0000000000013200,-0.0007414223996070,0.0000000000000000,3.1147339905275855,3.0000027337,6.380
0.9995428305532696,-0.0000000000000000,0.0000000000000000,0.0000000000015885,-0.0007629870258855,0.0000000000000000,3.1197375086573604,3.0000027135,6.549
0.9995467497564059,-0.0000000000000000,0.0000000000000000,0.0000000000018949,-0.0007838860106316,0.0000000000000000,3.1247407760942578,3.0000026936,6.711
0.9995505627390349,-0.0000000000000000,0.0000000000000000,0.0000000000021419,-0.0008041710280358,0.0000000000000000,3.1297438201812575,3.0000026739,6.868
0.9995542765534716,-0.0000000000000000,0.0000000000000000,0.0000000000028821,-0.0008238873811200,0.0000000000000000,3.1347466677981735,3.0000026545,7.019
0.9995578974404976,-0.0000000000000000,0.0000000000000000,-0.0000000000012852,-0.0008430750276196,0.0000000000000000,3.1397493372066760,3.0000026353,7.165
0.9995614309742044,-0.0000000000000000,0.0000000000000000,-0.0000000000011606,-0.0008617694978638,0.0000000000000000,3.1447518546230655,3.0000026163,7.306
0.9995648821329215,-0.0000000000000000,0.0000000000000000,-0.0000000000008763,-0.0008800024354448,0.0000000000000000,3.1497542216027208,3.0000025976,7.443
0.9995682554154373,-0.0000000000000000,0.0000000000000000,-0.0000000000003480,-0.0008978023072306,0.0000000000000000,3.1547564553381697,3.0000025791,7.576
0.9995715548809889,-0.0000000000000000,0.0000000000000000,-0.0000000000001733,-0.0009151947095264,0.0000000000000000,3.1597585485096173,3.0000025608,7.705
0.9995747851176600,-0.0000000000000000,0.0000000000000000,-0.0000000000006609,-0.0009322075466881,0.0000000000000000,3.1647618954288590,3.0000025428,7.830
0.9995779477659965,-0.0000000000000000,0.0000000000000000,0.0000000000002454,-0.0009488527842286,0.0000000000000000,3.1697638115920581,3.0000025249,7.952
0.9995810350436911,-0.0000000000000000,0.0000000000000000,0.0000000000016659,-0.0009650924953344,0.0000000000000000,3.1747464776361771,3.0000025074,8.070
0.9995840734919211,-0.0000000000000000,0.0000000000000000,0.0000000000019463,-0.0009810689558379,0.0000000000000000,3.1797481564938650,3.0000024899,8.186
0.9995870538157210,-0.0000000000000000,0.0000000000000000,0.0000000000009438,-0.0009967356505620,0.0000000000000000,3.1847497972218868,3.0000024727,8.299
0.9995899783742389,-0.0000000000000000,0.0000000000000000,0.0000000000013849,-0.0010121071372864,0.0000000000000000,3.1897512796242049,3.0000024557,8.409
0.9995928495418465,-0.0000000000000000,0.0000000000000000,0.0000000000014105,-0.0010271978386558,0.0000000000000000,3.1947528098242493,3.0000024389,8.516
0.9995956693174262,-0.0000000000000000,0.0000000000000000,0.0000000000009706,-0.0010420200097433,0.0000000000000000,3.1997542140648507,3.0000024223,8.620
0.9995984396573205,-0.0000000000000000,0.0000000000000000,0.0000000000002034,-0.0010565855102769,0.0000000000000000,3.2047554892326486,3.0000024059,8.723
0.9996011624502269,-0.0000000000000000,0.0000000000000000,-0.0000000000023764,-0.0010709056920815,0.0000000000000000,3.2097567427806224,3.0000023896,8.823
0.9996038393772786,-0.0000000000000000,0.0000000000000000,-0.0000000000028047,-0.0010849906745302,0.0000000000000000,3.2147579170000946,3.0000023735,8.920
0.9996064721091593,-0.0000000000000000,0.0000000000000000,-0.0000000000057018,-0.0010988504056766,0.0000000000000000,3.2197591243130486,3.0000023577,9.016
0.9996090613133429,-0.0000000000000000,0.0000000000000000,-0.0000000000005488,-0.0011124894264611,0.0000000000000000,3.2247587246651368,3.0000023419,9.109
0.9996116100258784,-0.0000000000000000,0.0000000000000000,-0.0000000000013800,-0.0011259246762319,0.0000000000000000,3.2297598266946870,3.0000023264,9.201
0.9996141187819483,-0.0000000000000000,0.0000000000000000,-0.0000000000009442,-0.0011391598156631,0.0000000000000000,3.2347609013060374,3.0000023110,9.291
0.9996165888531440,-0.0000000000000000,0.0000000000000000,-0.0000000000006713,-0.0011522023092087,0.0000000000000000,3.2397619387431171,3.0000022958,9.378
0.9996190214424042,-0.0000000000000000,0.0000000000000000,-0.0000000000006009,-0.0011650591850996,0.0000000000000000,3.2447629407091410,3.0000022808,9.464
0.9996214176901328,-0.0000000000000000,0.0000000000000000,-0.0000000000002838,-0.0011777370753699,0.0000000000000000,3.2497639091369517,3.0000022659,9.549
0.9996237786779426,-0.0000000000000000,0.0000000000000000,0.0000000000000175,-0.0011902422419014,0.0000000000000000,3.2547648447195425,3.0000022512,9.632
0.9996261054349918,-0.0000000000000000,0.0000000000000000,0.0000000000009157,-0.0012025806146561,0.0000000000000000,3.2597657504548367,3.0000022366,9.713
0.9996283989406310,-0.0000000000000000,0.0000000000000000,0.0000000000012169,-0.0012147578116370,0.0000000000000000,3.2647666305107967,3.0000022222,9.793
0.9996306601263143,-0.0000000000000000,0.0000000000000000,0.0000000000016765,-0.0012267791521499,0.0000000000000000,3.2697674851894378,3.0000022080,9.871
0.9996328898782899,-0.0000000000000000,0.0000000000000000,0.0000000000008657,-0.0012386496754659,0.0000000000000000,3.2747683112668495,3.0000021939,9.948
0.9996350890468826,-0.0000000000000000,0.0000000000000000,0.0000000000010947,-0.0012503741916791,0.0000000000000000,3.2797691127730406,3.0000021799,10.023
0.9996372584431722,-0.0000000000000000,0.0000000000000000,0.0000000000008669,-0.0012619572709672,0.0000000000000000,3.2847698930900893,3.0000021661,10.097
0.9996393988416640,-0.0000000000000000,0.0000000000000000,0.0000000000004563,-0.0012734032572510,0.0000000000000000,3.2897706513412217,3.0000021524,10.170
0.9996415109858002,-0.0000000000000000,0.0000000000000000,0.0000000000006771,-0.0012847163012696,0.0000000000000000,3.2947713906293363,3.0000021388,10.242
0.9996435955862775,-0.0000000000000000,0.0000000000000000,0.0000000000004111,-0.0012959003544248,0.0000000000000000,3.2997721126831765,3.0000021254,10.312
0.9996456533245690,-0.0000000000000000,0.0000000000000000,0.0000000000001906,-0.0013069591887316,0.0000000000000000,3.3047728156158578,3.0000021121,10.381
0.9996476848561140,-0.0000000000000000,0.0000000000000000,0.0000000000000779,-0.0013178964159856,0.0000000000000000,3.3097735032259252,3.0000020990,10.450
0.9996496908098607,-0.0000000000000000,0.0000000000000000,0.0000000000000648,-0.0013287154873922,0.0000000000000000,3.3147741765485286,3.0000020860,10.517
0.9996516717892754,-0.0000000000000000,0.0000000000000000,0.0000000000009568,-0.0013394196999165,0.0000000000000000,3.3197748340675362,3.0000020731,10.582
0.9996536283761088,-0.0000000000000000,0.0000000000000000,0.0000000000010225,-0.0013500122192350,0.0000000000000000,3.3247754788219503,3.0000020603,10.647
0.9996555611271504,-0.0000000000000000,0.0000000000000000,0.0000000000007361,-0.0013604960618381,0.0000000000000000,3.3297761041231131,3.0000020477,10.711
0.9996574705843736,-0.0000000000000000,0.0000000000000000,0.0000000000010555,-0.0013708741511380,0.0000000000000000,3.3347767180231025,3.0000020352,10.774
0.9996593572659499,-0.0000000000000000,0.0000000000000000,0.0000000000010489,-0.0013811492710426,0.0000000000000000,3.3397773179632919,3.0000020228,10.836
0.9996612216728639,-0.0000000000000000,0.0000000000000000,0.0000000000006549,-0.0013913241022485,0.0000000000000000,3.3447779047717532,3.0000020105,10.897
0.9996630642913746,-0.0000000000000000,0.0000000000000000,0.0000000000006030,-0.0014014012360048,0.0000000000000000,3.3497784866325326,3.0000019983,10.957
0.9996648855854137,-0.0000000000000000,0.0000000000000000,0.0000000000004579,-0.0014113831341914,0.0000000000000000,3.3547790567335114,3.0000019862,11.016
0.9996666860051699,-0.0000000000000000,0.0000000000000000,-0.0000000000008555,-0.0014212721766066,0.0000000000000000,3.3597796141995881,3.0000019743,11.075
0.9996684659899628,-0.0000000000000000,0.0000000000000000,-0.0000000000007191,-0.0014310706758246,0.0000000000000000,3.3647801681597294,3.0000019625,11.132
0.9996702259597560,-0.0000000000000000,0.0000000000000000,-0.0000000000011174,-0.0014407808343334,0.0000000000000000,3.3697807154288477,3.0000019507,11.189
0.9996719663202502,-0.0000000000000000,0.0000000000000000,-0.0000000000010727,-0.0014504047707450,0.0000000000000000,3.3747812504889230,3.0000019391,11.245
0.9996736874685697,-0.0000000000000000,0.0000000000000000,-0.0000000000011299,-0.0014599445522194,0.0000000000000000,3.3797817808139001,3.0000019276,11.300
0.9996753897854075,-0.0000000000000000,0.0000000000000000,-0.0000000000010839,-0.0014694021514718,0.0000000000000000,3.3847823019340484,3.0000019162,11.354
0.9996770736428447,-0.0000000000000000,0.0000000000000000,-0.0000000000011154,-0.0014787794905744,0.0000000000000000,3.3897828199733824,3.0000019049,11.408
0.9996787393979141,-0.0000000000000000,0.0000000000000000,-0.0000000000012431,-0.0014880784053936,0.0000000000000000,3.3947833288365854,3.0000018937,11.460
0.9996803874016469,-0.0000000000000000,0.0000000000000000,-0.0000000000007268,-0.0014973006963941,0.0000000000000000,3.3997838370516145,3.0000018826,11.513
0.9996820179861267,-0.0000000000000000,0.0000000000000000,-0.0000000000011444,-0.0015064480562069,0.0000000000000000,3.4047843292621796,3.0000018716,11.564
0.9996836314875935,-0.0000000000000000,0.0000000000000000,-0.0000000000007006,-0.0015155222005944,0.0000000000000000,3.4097848303637215,3.0000018607,11.615
0.9996852282198097,-0.0000000000000000,0.0000000000000000,-0.0000000000014402,-0.0015245247172827,0.0000000000000000,3.4147853286969254,3.0000018499,11.665
0.9996868084891981,-0.0000000000000000,0.0000000000000000,-0.0000000000008252,-0.0015334571524462,0.0000000000000000,3.4197858137055466,3.0000018392,11.714
0.9996883726040160,-0.0000000000000000,0.0000000000000000,-0.0000000000008353,-0.0015423210630391,0.0000000000000000,3.4247863129621803,3.0000018285,11.763
0.9996899208430969,-0.0000000000000000,0.0000000000000000,-0.0000000000010810,-0.0015511178389225,0.0000000000000000,3.4297867845250081,3.0000018180,11.811
0.9996914535063702,-0.0000000000000000,0.0000000000000000,-0.0000000000013623,-0.0015598489904266,0.0000000000000000,3.4347872807261330,3.0000018075,11.859
0.9996929708606369,-0.0000000000000000,0.0000000000000000,-0.0000000000009232,-0.0015685158403616,0.0000000000000000,3.4397877718465271,3.0000017972,11.906
0.9996944731735158,-0.0000000000000000,0.0000000000000000,-0.0000000000012531,-0.0015771197162701,0.0000000000000000,3.4447882562595975,3.0000017869,11.953
0.9996959607202691,-0.0000000000000000,0.0000000000000000,-0.0000000000008023,-0.0015856619915364,0.0000000000000000,3.4497887794981739,3.0000017767,11.998
0.9996974337293468,-0.0000000000000000,0.0000000000000000,-0.0000000000013923,-0.0015941437714100,0.0000000000000000,3.4547892562743097,3.0000017666,12.044
0.9996988926311319,-0.0000000000000000,0.0000000000000000,-0.0000000000008969,-0.0016025673295445,0.0000000000000000,3.4597903123857421,3.0000017566,12.089
0.9997003373270630,-0.0000000000000001,0.0000000000000000,-0.0000000000008723,-0.0016109318852628,0.0000000000000000,3.4647907859094640,3.0000017467,12.133
0.9997017682509134,-0.0000000000000000,0.0000000000000000,-0.0000000000009091,-0.0016192397337141,0.0000000000000000,3.4697913552289079,3.0000017368,12.177
0.9997031855974223,-0.0000000000000000,0.0000000000000000,-0.0000000000008996,-0.0016274917917570,0.0000000000000000,3.4747919015921460,3.0000017271,12.220
0.9997045895731708,-0.0000000000000000,0.0000000000000000,-0.0000000000007765,-0.0016356890439286,0.0000000000000000,3.4797923654246734,3.0000017174,12.262
0.9997059804069903,-0.0000000000000000,0.0000000000000000,-0.0000000000009130,-0.0016438326083312,0.0000000000000000,3.4847927830853678,3.0000017078,12.305
0.9997073583346008,-0.0000000000000000,0.0000000000000000,-0.0000000000010952,-0.0016519236452181,0.0000000000000000,3.4897932389872870,3.0000016982,12.346
0.9997087235524557,-0.0000000000000000,0.0000000000000000,-0.0000000000006721,-0.0016599630884543,0.0000000000000000,3.4947936936256556,3.0000016888,12.388
0.9997100761773571,-0.0000000000000000,0.0000000000000000,-0.0000000000007816,-0.0016679514015410,0.0000000000000000,3.4997938305406695,3.0000016794,12.429
0.9997114165889719,-0.0000000000000000,0.0000000000000000,-0.0000000000007006,-0.0016758906055145,0.0000000000000000,3.5047943230800644,3.0000016701,12.469
0.9997127448853413,-0.0000000000000000,0.0000000000000000,-0.0000000000014938,-0.0016837810603260,0.0000000000000000,3.5097948236664096,3.0000016608,12.509
0.9997140612399414,-0.0000000000000000,0.0000000000000000,-0.0000000000009876,-0.0016916235714913,0.0000000000000000,3.5147952754200111,3.0000016517,12.548
0.9997153658482163,-0.0000000000000000,0.0000000000000000,-0.0000000000015198,-0.0016994190805500,0.0000000000000000,3.5197957221076055,3.0000016426,12.587
0.9997166588905172,-0.0000000000000000,0.0000000000000000,-0.0000000000007396,-0.0017071684385113,0.0000000000000000,3.5247961656489406,3.0000016335,12.626
0.9997179405524179,-0.0000000000000000,0.0000000000000000,-0.0000000000006866,-0.0017148725345268,0.0000000000000000,3.5297966461308152,3.0000016246,12.664
0.9997192109896806,-0.0000000000000000,0.0000000000000000,-0.0000000000005564,-0.0017225320795334,0.0000000000000000,3.5347971009755601,3.0000016157,12.702
0.9997204703422101,-0.0000000000000000,0.0000000000000000,-0.0000000000008685,-0.0017301476900132,0.0000000000000000,3.5397974195561308,3.0000016069,12.739
0.9997217188450125,-0.0000000000000000,0.0000000000000000,-0.0000000000011747,-0.0017377205619406,0.0000000000000000,3.5447978835784415,3.0000015981,12.776
0.9997229566148119,-0.0000000000000000,0.0000000000000000,-0.0000000000012228,-0.0017452511796177,0.0000000000000000,3.5497983181985635,3.0000015894,12.813
0.9997241838244831,-0.0000000000000000,0.0000000000000000,-0.0000000000016190,-0.0017527403686583,0.0000000000000000,3.5547987909822543,3.0000015808,12.849
0.9997254006093569,-0.0000000000000000,0.0000000000000000,-0.0000000000016725,-0.0017601887305394,0.0000000000000000,3.5597992255151629,3.0000015722,12.885
0.9997266071351127,-0.0000000000000001,0.0000000000000000,-0.0000000000013077,-0.0017675970542529,0.0000000000000000,3.5647996842652803,3.0000015638,12.921
0.9997278035318092,-0.0000000000000001,0.0000000000000000,-0.0000000000009046,-0.0017749659142142,0.0000000000000000,3.5698000981592792,3.0000015553,12.956
0.9997289899568235,-0.0000000000000000,0.0000000000000000,-0.0000000000015268,-0.0017822960547797,0.0000000000000000,3.5748005235757674,3.0000015469,12.991
0.9997301665570725,-0.0000000000000001,0.0000000000000000,-0.0000000000014627,-0.0017895881605652,0.0000000000000000,3.5798009846189860,3.0000015386,13.025
0.9997313334505201,-0.0000000000000001,0.0000000000000000,-0.0000000000023525,-0.0017968427396397,0.0000000000000000,3.5848013998538857,3.0000015304,13.059
0.9997324907946501,-0.0000000000000001,0.0000000000000000,-0.0000000000020917,-0.0018040605472676,0.0000000000000000,3.5898018597872081,3.0000015222,13.093
0.9997336387152227,-0.0000000000000000,0.0000000000000000,-0.0000000000024720,-0.0018112421470338,0.0000000000000000,3.5948023404254492,3.0000015141,13.126
0.9997347773325870,-0.0000000000000001,0.0000000000000000,-0.0000000000012617,-0.0018183880689388,0.0000000000000000,3.5998027965026513,3.0000015060,13.160
0.9997359066976704,-0.0000000000000000,0.0000000000000000,-0.0000000000031270,-0.0018254984110451,0.0000000000000000,3.6048028952498052,3.0000014980,13.192
0.9997370270852501,-0.0000000000000000,0.0000000000000000,-0.0000000000009858,-0.0018325746795230,0.0000000000000000,3.6098032968817302,3.0000014900,13.225
0.9997381386904772,-0.0000000000000001,0.0000000000000000,-0.0000000000014956,-0.0018396178964135,0.0000000000000000,3.6148043415929396,3.0000014821,13.257
0.9997392413511437,-0.0000000000000001,0.0000000000000000,-0.0000000000014168,-0.0018466268137968,0.0000000000000000,3.6198047589870823,3.0000014743,13.289
0.9997403353394134,-0.0000000000000000,0.0000000000000000,-0.0000000000059631,-0.0018536029417414,0.0000000000000000,3.6248052489272702,3.0000014665,13.321
0.9997414207457537,-0.0000000000000001,0.0000000000000000,-0.0000000000011128,-0.0018605466338023,0.0000000000000000,3.6298056903578813,3.0000014587,13.352
0.9997424977029676,-0.0000000000000000,0.0000000000000000,-0.0000000000011174,-0.0018674585286517,0.0000000000000000,3.6348061847424877,3.0000014511,13.383
0.9997435663092943,-0.0000000000000001,0.0000000000000000,-0.0000000000024854,-0.0018743390407996,0.0000000000000000,3.6398066702473533,3.0000014434,13.414
0.9997446266748969,-0.0000000000000000,0.0000000000000000,-0.0000000000098786,-0.0018811886654736,0.0000000000000000,3.6448071613257316,3.0000014358,13.444
0.9997456788955152,-0.0000000000000001,0.0000000000000000,-0.0000000000029005,-0.0018880077982686,0.0000000000000000,3.6498075918974275,3.0000014283,13.474
0.9997467230992602,-0.0000000000000001,0.0000000000000000,-0.0000000000008579,-0.0018947970645134,0.0000000000000000,3.6548080826604217,3.0000014208,13.504
0.9997477593837683,-0.0000000000000001,0.0000000000000000,-0.0000000000009970,-0.0019015568861066,0.0000000000000000,3.6598086149258648,3.0000014134,13.534
0.9997487878412041,-0.0000000000000001,0.0000000000000000,-0.0000000000008368,-0.0019082876517947,0.0000000000000000,3.6648091434521191,3.0000014060,13.563
0.9997498085641842,-0.0000000000000000,0.0000000000000000,-0.0000000000030585,-0.0019149897580867,0.0000000000000000,3.6698096381902299,3.0000013987,13.592
0.9997508216593910,-0.0000000000000000,0.0000000000000000,-0.0000000000034525,-0.0019216636943298,0.0000000000000000,3.6748101503884554,3.0000013914,13.621
0.9997518272194105,-0.0000000000000000,0.0000000000000000,-0.0000000000046824,-0.0019283098628309,0.0000000000000000,3.6798106616320378,3.0000013842,13.650
0.9997528253462636,-0.0000000000000000,0.0000000000000000,-0.0000000000045866,-0.0019349287296673,0.0000000000000000,3.6848112074185249,3.0000013770,13.678
0.9997538161178614,-0.0000000000000000,0.0000000000000000,-0.0000000000021801,-0.0019415206046857,0.0000000000000000,3.6898117344316574,3.0000013699,13.706
0.9997547996391114,-0.0000000000000001,0.0000000000000000,-0.0000000000020199,-0.0019480859815704,0.0000000000000000,3.6948123064796019,3.0000013628,13.734
0.9997557759836693,-0.0000000000000000,0.0000000000000000,-0.0000000000086554,-0.0019546251500909,0.0000000000000000,3.6998128531666379,3.0000013557,13.762
0.9997567452430611,-0.0000000000000000,0.0000000000000000,-0.0000000000048307,-0.0019611385115209,0.0000000000000000,3.7048133924898421,3.0000013487,13.789
0.9997577075369307,-0.0000000000000000,0.0000000000000000,-0.0000000000006681,-0.0019676266735819,0.0000000000000000,3.7098140958814168,3.0000013418,13.816
0.9997586628568017,-0.0000000000000000,0.0000000000000000,-0.0000000000037528,-0.0019740893781657,0.0000000000000000,3.7148144989960441,3.0000013349,13.843
0.9997596113687003,-0.0000000000000000,0.0000000000000000,-0.0000000000078399,-0.0019805275453065,0.0000000000000000,3.7198150177266349,3.0000013280,13.870
0.9997605531277981,-0.0000000000000001,0.0000000000000000,-0.0000000000005871,-0.0019869413449266,0.0000000000000000,3.7248155241546428,3.0000013212,13.897
0.9997614882219745,-0.0000000000000000,0.0000000000000000,-0.0000000000049428,-0.0019933311860994,0.0000000000000000,3.7298160692650506,3.0000013144,13.923
0.9997624167306797,-0.0000000000000000,0.0000000000000000,-0.0000000000017738,-0.0019996974079875,0.0000000000000000,3.7348166345515117,3.0000013076,13.949
0.9997633387179352,-0.0000000000000000,0.0000000000000000,-0.0000000000041317,-0.0020060402572771,0.0000000000000000,3.7398171758757703,3.0000013009,13.975
0.9997642542661406,-0.0000000000000000,0.0000000000000000,0.0000000000005936,-0.0020123601005829,0.0000000000000000,3.7448177140356980,3.0000012943,14.001
0.9997651634540248,-0.0000000000000001,0.0000000000000000,-0.0000000000029647,-0.0020186572930255,0.0000000000000000,3.7498182767763435,3.0000012877,14.026
0.9997660663541363,-0.0000000000000000,0.0000000000000000,0.0000000000006979,-0.0020249321381144,0.0000000000000000,3.7548188566692446,3.0000012811,14.051
0.9997669633110764,-0.0000000000000000,0.0000000000000000,-0.0000000000057211,-0.0020311868545920,0.0000000000000000,3.7598209919495642,3.0000012746,14.076
0.9997678538820884,-0.0000000000000000,0.0000000000000000,0.0000000000002489,-0.0020374181570871,0.0000000000000000,3.7648217870692333,3.0000012681,14.101
0.9997687383469098,-0.0000000000000001,0.0000000000000000,0.0000000000007403,-0.0020436278097093,0.0000000000000000,3.7698224385852419,3.0000012616,14.126
0.9997696168092860,-0.0000000000000001,0.0000000000000000,-0.0000000000014861,-0.0020498163497516,0.0000000000000000,3.7748231287231624,3.0000012552,14.150
0.9997704893053573,-0.0000000000000000,0.0000000000000000,-0.0000000000191781,-0.0020559838478175,0.0000000000000000,3.7798236962870622,3.0000012488,14.175
0.9997713559481132,-0.0000000000000000,0.0000000000000000,0.0000000000002868,-0.0020621308964255,0.0000000000000000,3.7848243586961554,3.0000012425,14.199
0.9997722167799966,-0.0000000000000001,0.0000000000000000,-0.0000000000039016,-0.0020682576332626,0.0000000000000000,3.7898250418137129,3.0000012362,14.223
0.9997730718414752,-0.0000000000000001,0.0000000000000000,-0.0000000000020265,-0.0020743641496457,0.0000000000000000,3.7948255680033554,3.0000012299,14.247
0.9997739212378085,-0.0000000000000001,0.0000000000000000,0.0000000000008963,-0.0020804510149100,0.0000000000000000,3.7998261931418775,3.0000012237,14.270
0.9997747649595835,-0.0000000000000000,0.0000000000000000,0.0000000000016555,-0.0020865179785632,0.0000000000000000,3.8048264942007810,3.0000012175,14.293
0.9997756031507401,-0.0000000000000000,0.0000000000000000,0.0000000000003948,-0.0020925658926144,0.0000000000000000,3.8098269598055943,3.0000012113,14.317
0.9997764358798220,-0.0000000000000001,0.0000000000000000,0.0000000000021732,-0.0020985950712719,0.0000000000000000,3.8148276360677427,3.0000012052,14.340
0.9997772630812422,-0.0000000000000000,0.0000000000000000,-0.0000000000015963,-0.0021046048605980,0.0000000000000000,3.8198277760341566,3.0000011991,14.363
0.9997780849902018,-0.0000000000000000,0.0000000000000000,0.0000000000022315,-0.0021105967862410,0.0000000000000000,3.8248284337748313,3.0000011931,14.385
0.9997789015118712,-0.0000000000000000,0.0000000000000000,0.0000000000028644,-0.0021165699835844,0.0000000000000000,3.8298286919164104,3.0000011871,14.408
0.9997797127276709,-0.0000000000000001,0.0000000000000000,-0.0000000000019792,-0.0021225248682861,0.0000000000000000,3.8348287011491795,3.0000011811,14.430
0.9997805187862981,-0.0000000000000001,0.0000000000000000,0.0000000000023648,-0.0021284623513870,0.0000000000000000,3.8398290118162617,3.0000011751,14.452
0.9997813196625314,-0.0000000000000000,0.0000000000000000,0.0000000000032622,-0.0021343820780852,0.0000000000000000,3.8448291444462535,3.0000011692,14.474
0.9997821149825574,-0.0000000000000000,0.0000000000000000,0.0000000000006845,-0.0021402810922011,0.0000000000000000,3.8498263956799796,3.0000011633,14.496
0.9997829058541146,-0.0000000000000000,0.0000000000000000,-0.0000000000016084,-0.0021461674417704,0.0000000000000000,3.8548273909006152,3.0000011575,14.518
0.9997836916966611,-0.0000000000000001,0.0000000000000000,-0.0000000000050736,-0.0021520366560233,0.0000000000000000,3.8598281727733759,3.0000011517,14.540
0.9997844725972524,-0.0000000000000000,0.0000000000000000,-0.0000000000021893,-0.0021578892111863,0.0000000000000000,3.8648289325201506,3.0000011459,14.561
0.9997852485665907,-0.0000000000000001,0.0000000000000000,-0.0000000000042827,-0.0021637250195368,0.0000000000000000,3.8698294356385463,3.0000011402,14.582
0.9997860197245588,-0.0000000000000001,0.0000000000000000,0.0000000000006164,-0.0021695448090787,0.0000000000000000,3.8748301192363708,3.0000011344,14.604
0.9997867860723474,-0.0000000000000001,0.0000000000000000,-0.0000000000037609,-0.0021753484273221,0.0000000000000000,3.8798306746805555,3.0000011287,14.625
0.9997875477559461,-0.0000000000000000,0.0000000000000000,-0.0000000000031752,-0.0021811368102625,0.0000000000000000,3.8848317353919777,3.0000011231,14.645
0.9997883046900444,-0.0000000000000001,0.0000000000000000,-0.0000000000204448,-0.0021869091521838,0.0000000000000000,3.8898324307127226,3.0000011175,14.666
0.9997890570435671,-0.0000000000000001,0.0000000000000000,-0.0000000000015456,-0.0021926665594956,0.0000000000000000,3.8948335295779173,3.0000011119,14.687
0.9997898047268660,-0.0000000000000001,0.0000000000000000,-0.0000000000018840,-0.0021984081998921,0.0000000000000000,3.8998341641061871,3.0000011063,14.707
0.9997905479046898,-0.0000000000000001,0.0000000000000000,-0.0000000000013235,-0.0022041351678200,0.0000000000000000,3.9048351091520490,3.0000011008,14.727
0.9997912865717934,-0.0000000000000000,0.0000000000000000,-0.0000000000014841,-0.0022098472632565,0.0000000000000000,3.9098360264159657,3.0000010953,14.748
