x0_n,y0_n,z0_n,xd0_n,yd0_n,zd0_n,Tp,JC,L2ExcessVelocity_mps,...,error_tol=1e-11,n_Nodes=6,stepsize=1.0
1.0005545352131695,-0.0000000000000000,0.0000000000000000,0.0000000000000200,-0.0000107149906833,0.0000000000000000,3.0342254063413732,3.0000027481,0.103
1.0005545351905023,-0.0000000000000000,0.0000000000000000,-0.0000000000001844,-0.0000107148397749,0.0000000000000000,3.0342254064953025,3.0000027481,0.103
1.0005546012352398,-0.0000000000000000,0.0000000000000000,0.0000000000037542,-0.0000111556943251,0.0000000000000000,3.0342259372340155,3.0000027481,0.108
1.0005546463705353,-0.0000000000000000,0.0000000000000000,0.0000000000031895,-0.0000114570357418,0.0000000000000000,3.0342272740749423,3.0000027481,0.110
1.0005546920553563,-0.0000000000000000,0.0000000000000000,0.0000000000030559,-0.0000117620891830,0.0000000000000000,3.0342285662563429,3.0000027481,0.113
1.0005547373157428,-0.0000000000000000,0.0000000000000000,0.0000000000032025,-0.0000120643516710,0.0000000000000000,3.0342298512679489,3.0000027481,0.116
1.0005547818653406,-0.0000000000000000,0.0000000000000000,0.0000000000035159,-0.0000123619094502,0.0000000000000000,3.0342311400423783,3.0000027480,0.119
1.0005548256364849,-0.0000000000000000,0.0000000000000000,0.0000000000034672,-0.0000126543094698,0.0000000000000000,3.0342324352344701,3.0000027480,0.122
1.0005548686302710,-0.0000000000000000,0.0000000000000000,0.0000000000046155,-0.0000129415540542,0.0000000000000000,3.0342337370291577,3.0000027480,0.125
1.0005549108650289,-0.0000000000000000,0.0000000000000000,0.0000000000045156,-0.0000132237680015,0.0000000000000000,3.0342350449708446,3.0000027480,0.128
1.0005549523677522,-0.0000000000000000,0.0000000000000000,0.0000000000051720,-0.0000135011260154,0.0000000000000000,3.0342363583901899,3.0000027480,0.130
1.0005549931618842,-0.0000000000000000,0.0000000000000000,0.0000000000050736,-0.0000137737857303,0.0000000000000000,3.0342376767194827,3.0000027480,0.133
1.0005550332726689,0.0000000000000000,0.0000000000000000,0.0000000000051459,-0.0000140419123283,0.0000000000000000,3.0342389993763454,3.0000027480,0.135
1.0005550727266641,-0.0000000000000000,0.0000000000000000,0.0000000000051546,-0.0000143056820781,0.0000000000000000,3.0342403257493284,3.0000027480,0.138
1.0005551115443814,-0.0000000000000000,0.0000000000000000,0.0000000000049500,-0.0000145652307758,0.0000000000000000,3.0342416554357814,3.0000027480,0.141
1.0005551497501208,-0.0000000000000000,0.0000000000000000,0.0000000000052747,-0.0000148207179766,0.0000000000000000,3.0342429879446966,3.0000027480,0.143
1.0005551873639260,-0.0000000000000000,0.0000000000000000,0.0000000000051038,-0.0000150722781659,0.0000000000000000,3.0342443228830440,3.0000027480,0.145
1.0005552244050875,-0.0000000000000000,0.0000000000000000,0.0000000000054015,-0.0000153200371838,0.0000000000000000,3.0342456599322953,3.0000027480,0.148
1.0005552567787803,-0.0000000000000000,0.0000000000000000,0.0000000000026424,-0.0000155366063420,0.0000000000000000,3.0342471219611564,3.0000027480,0.150
1.0005552960484514,-0.0000000000000000,0.0000000000000000,0.0000000000045443,-0.0000157993274859,0.0000000000000000,3.0342483685473156,3.0000027480,0.152
1.0005553281490687,-0.0000000000000000,0.0000000000000000,0.0000000000027484,-0.0000160141171537,0.0000000000000000,3.0342498079842146,3.0000027480,0.155
1.0005553665392128,-0.0000000000000000,0.0000000000000000,0.0000000000045348,-0.0000162710124623,0.0000000000000000,3.0342510554269779,3.0000027480,0.157
1.0005553976557167,-0.0000000000000000,0.0000000000000000,0.0000000000030590,-0.0000164792633914,0.0000000000000000,3.0342524937046589,3.0000027480,0.159
1.0005554351122217,-0.0000000000000000,0.0000000000000000,0.0000000000047581,-0.0000167299664908,0.0000000000000000,3.0342537442826791,3.0000027479,0.161
1.0005554652879560,-0.0000000000000000,0.0000000000000000,0.0000000000029023,-0.0000169319660169,0.0000000000000000,3.0342551812545158,3.0000027479,0.163
1.0005555018603400,-0.0000000000000000,0.0000000000000000,0.0000000000051106,-0.0000171768031297,0.0000000000000000,3.0342564343136766,3.0000027479,0.166
1.0005555311562389,-0.0000000000000000,0.0000000000000000,0.0000000000030396,-0.0000173729550664,0.0000000000000000,3.0342578693638615,3.0000027479,0.168
1.0005555668912141,-0.0000000000000000,0.0000000000000000,0.0000000000051846,-0.0000176122362286,0.0000000000000000,3.0342591243066774,3.0000027479,0.170
1.0005555953667238,-0.0000000000000000,0.0000000000000000,0.0000000000026934,-0.0000178029355717,0.0000000000000000,3.0342605568105090,3.0000027479,0.172
1.0005556303072483,-0.0000000000000000,0.0000000000000000,0.0000000000051556,-0.0000180369442451,0.0000000000000000,3.0342618131459549,3.0000027479,0.174
1.0005556580141286,-0.0000000000000000,0.0000000000000000,0.0000000000026850,-0.0000182225336870,0.0000000000000000,3.0342632426827749,3.0000027479,0.176
1.0005556921997785,-0.0000000000000000,0.0000000000000000,0.0000000000053205,-0.0000184515319809,0.0000000000000000,3.0342644999871333,3.0000027479,0.178
1.0005557191862182,-0.0000000000000000,0.0000000000000000,0.0000000000028327,-0.0000186323315027,0.0000000000000000,3.0342659261935570,3.0000027479,0.180
1.0005557526542488,-0.0000000000000000,0.0000000000000000,0.0000000000056610,-0.0000188565659690,0.0000000000000000,3.0342671840963074,3.0000027479,0.182
1.0005557789661244,-0.0000000000000000,0.0000000000000000,0.0000000000024876,-0.0000190328815584,0.0000000000000000,3.0342686066332858,3.0000027479,0.184
1.0005558117509492,-0.0000000000000000,0.0000000000000000,0.0000000000050971,-0.0000192525807755,0.0000000000000000,3.0342698648145712,3.0000027479,0.186
1.0005558374271171,-0.0000000000000000,0.0000000000000000,0.0000000000025605,-0.0000194246679114,0.0000000000000000,3.0342712835062295,3.0000027479,0.187
1.0005558695605064,-0.0000000000000000,0.0000000000000000,0.0000000000050847,-0.0000196400419611,0.0000000000000000,3.0342725416984520,3.0000027479,0.190
1.0005558946392477,-0.0000000000000000,0.0000000000000000,0.0000000000021843,-0.0000198081568596,0.0000000000000000,3.0342739563305341,3.0000027479,0.191
1.0005559261504020,-0.0000000000000000,0.0000000000000000,0.0000000000049627,-0.0000200193984181,0.0000000000000000,3.0342752143216711,3.0000027478,0.193
1.0005559506657307,-0.0000000000000000,0.0000000000000000,0.0000000000022185,-0.0000201837660548,0.0000000000000000,3.0342766247778652,3.0000027478,0.195
1.0005559815818337,-0.0000000000000000,0.0000000000000000,0.0000000000048238,-0.0000203910559161,0.0000000000000000,3.0342778823724315,3.0000027478,0.197
1.0005560055669098,-0.0000000000000000,0.0000000000000000,0.0000000000023795,-0.0000205518964511,0.0000000000000000,3.0342792885108709,3.0000027478,0.198
1.0005560359134791,-0.0000000000000000,0.0000000000000000,0.0000000000050041,-0.0000207554032459,0.0000000000000000,3.0342805455483699,3.0000027478,0.200
1.0005560593960026,-0.0000000000000000,0.0000000000000000,0.0000000000021975,-0.0000209129019160,0.0000000000000000,3.0342819473250509,3.0000027478,0.202
1.0005560891972844,-0.0000000000000000,0.0000000000000000,0.0000000000048736,-0.0000211127862151,0.0000000000000000,3.0342832036580099,3.0000027478,0.204
1.0005561122044422,-0.0000000000000000,0.0000000000000000,0.0000000000023682,-0.0000212671224616,0.0000000000000000,3.0342846010318518,3.0000027478,0.205
1.0005561414817019,-0.0000000000000000,0.0000000000000000,0.0000000000051294,-0.0000214635249901,0.0000000000000000,3.0342858565598738,3.0000027478,0.207
1.0005561640388938,-0.0000000000000000,0.0000000000000000,0.0000000000019828,-0.0000216148694499,0.0000000000000000,3.0342872494894726,3.0000027478,0.209
1.0005561928144604,-0.0000000000000000,0.0000000000000000,0.0000000000052701,-0.0000218079374278,0.0000000000000000,3.0342885040856693,3.0000027478,0.211
1.0005562149449561,-0.0000000000000000,0.0000000000000000,0.0000000000021836,-0.0000219564434782,0.0000000000000000,3.0342898925686259,3.0000027478,0.212
1.0005562432370043,-0.0000000000000000,0.0000000000000000,0.0000000000047258,-0.0000221462996101,0.0000000000000000,3.0342911461642417,3.0000027478,0.214
1.0005562649618325,-0.0000000000000000,0.0000000000000000,0.0000000000022404,-0.0000222921060114,0.0000000000000000,3.0342925302215171,3.0000027478,0.215
1.0005562927902818,-0.0000000000000000,0.0000000000000000,0.0000000000047665,-0.0000224788810473,0.0000000000000000,3.0342937827137093,3.0000027478,0.217
1.0005563141295486,-0.0000000000000000,0.0000000000000000,0.0000000000022571,-0.0000226221226750,0.0000000000000000,3.0342951623517891,3.0000027478,0.218
1.0005563415115060,-0.0000000000000000,0.0000000000000000,0.0000000000044328,-0.0000228059306050,0.0000000000000000,3.0342964136919521,3.0000027478,0.220
1.0005563658816194,-0.0000000000000000,0.0000000000000000,0.0000000000051611,-0.0000229695367572,0.0000000000000000,3.0342977197936865,3.0000027477,0.222
1.0005563863695845,-0.0000000000000000,0.0000000000000000,0.0000000000019957,-0.0000231070976287,0.0000000000000000,3.0342990988983636,3.0000027477,0.223
1.0005564130932059,-0.0000000000000000,0.0000000000000000,0.0000000000047290,-0.0000232865267924,0.0000000000000000,3.0343003487758251,3.0000027477,0.225
1.0005564368670232,-0.0000000000000000,0.0000000000000000,0.0000000000048072,-0.0000234461677024,0.0000000000000000,3.0343016513205807,3.0000027477,0.226
1.0005564601775336,-0.0000000000000000,0.0000000000000000,0.0000000000047678,-0.0000236027096260,0.0000000000000000,3.0343029579143028,3.0000027477,0.228
1.0005564832806246,-0.0000000000000000,0.0000000000000000,0.0000000000048762,-0.0000237578699725,0.0000000000000000,3.0343042636649158,3.0000027477,0.229
1.0005565062060542,-0.0000000000000000,0.0000000000000000,0.0000000000045949,-0.0000239118493271,0.0000000000000000,3.0343055680744011,3.0000027477,0.231
1.0005565289590876,-0.0000000000000000,0.0000000000000000,0.0000000000052946,-0.0000240646802071,0.0000000000000000,3.0343068711200898,3.0000027477,0.232
1.0005565515429531,-0.0000000000000000,0.0000000000000000,0.0000000000046068,-0.0000242163885167,0.0000000000000000,3.0343081727808197,3.0000027477,0.234
1.0005565739615101,-0.0000000000000000,0.0000000000000000,0.0000000000049016,-0.0000243669954705,0.0000000000000000,3.0343094730734235,3.0000027477,0.235
1.0005565962171774,-0.0000000000000000,0.0000000000000000,0.0000000000043916,-0.0000245165204515,0.0000000000000000,3.0343107719931570,3.0000027477,0.237
1.0005566183135806,-0.0000000000000000,0.0000000000000000,0.0000000000044660,-0.0000246649849649,0.0000000000000000,3.0343120695567287,3.0000027477,0.238
1.0005566402532946,-0.0000000000000000,0.0000000000000000,0.0000000000046831,-0.0000248124069190,0.0000000000000000,3.0343133657691279,3.0000027477,0.240
1.0005566620399517,-0.0000000000000000,0.0000000000000000,0.0000000000048242,-0.0000249588109141,0.0000000000000000,3.0343146606164315,3.0000027477,0.241
1.0005566836752828,-0.0000000000000000,0.0000000000000000,0.0000000000048191,-0.0000251042085041,0.0000000000000000,3.0343159541201281,3.0000027477,0.242
1.0005567051628845,-0.0000000000000000,0.0000000000000000,0.0000000000045508,-0.0000252486238746,0.0000000000000000,3.0343172462798687,3.0000027477,0.244
1.0005567265051944,-0.0000000000000000,0.0000000000000000,0.0000000000047776,-0.0000253920717659,0.0000000000000000,3.0343185371055426,3.0000027477,0.245
1.0005567477037587,-0.0000000000000000,0.0000000000000000,0.0000000000045041,-0.0000255345642600,0.0000000000000000,3.0343198266189337,3.0000027476,0.247
1.0005567687621131,-0.0000000000000000,0.0000000000000000,0.0000000000040885,-0.0000256761242484,0.0000000000000000,3.0343211148016520,3.0000027476,0.248
1.0005567896835570,-0.0000000000000000,0.0000000000000000,0.0000000000046761,-0.0000258167715533,0.0000000000000000,3.0343224016660812,3.0000027476,0.249
1.0005568104683520,-0.0000000000000000,0.0000000000000000,0.0000000000044242,-0.0000259565112412,0.0000000000000000,3.0343236872374892,3.0000027476,0.251
1.0005568311195685,-0.0000000000000000,0.0000000000000000,0.0000000000042583,-0.0000260953620204,0.0000000000000000,3.0343249715152409,3.0000027476,0.252
1.0005568516399905,-0.0000000000000000,0.0000000000000000,0.0000000000040411,-0.0000262333426867,0.0000000000000000,3.0343262545075231,3.0000027476,0.253
1.0005568720319924,-0.0000000000000000,0.0000000000000000,0.0000000000042695,-0.0000263704681040,0.0000000000000000,3.0343275362040143,3.0000027476,0.255
1.0005568922963888,-0.0000000000000000,0.0000000000000000,0.0000000000040834,-0.0000265067452055,0.0000000000000000,3.0343288166419606,3.0000027476,0.256
1.0005569124364802,-0.0000000000000000,0.0000000000000000,0.0000000000042366,-0.0000266421945961,0.0000000000000000,3.0343300958167507,3.0000027476,0.257
1.0005569324549393,-0.0000000000000000,0.0000000000000000,0.0000000000044016,-0.0000267768347040,0.0000000000000000,3.0343313737224116,3.0000027476,0.259
1.0005569523518294,-0.0000000000000000,0.0000000000000000,0.0000000000045659,-0.0000269106658325,0.0000000000000000,3.0343326503930137,3.0000027476,0.260
1.0005569721292498,-0.0000000000000000,0.0000000000000000,0.0000000000038650,-0.0000270437035741,0.0000000000000000,3.0343339258228945,3.0000027476,0.261
1.0005569917904682,-0.0000000000000000,0.0000000000000000,0.0000000000042652,-0.0000271759660543,0.0000000000000000,3.0343352000186146,3.0000027476,0.262
1.0005570113361963,-0.0000000000000000,0.0000000000000000,0.0000000000039460,-0.0000273074613226,0.0000000000000000,3.0343364729972788,3.0000027476,0.264
1.0005570307690994,-0.0000000000000000,0.0000000000000000,0.0000000000044952,-0.0000274382041933,0.0000000000000000,3.0343377447661890,3.0000027476,0.265
1.0005570500899899,-0.0000000000000000,0.0000000000000000,0.0000000000043787,-0.0000275682028854,0.0000000000000000,3.0343390153370446,3.0000027476,0.266
1.0005570693005597,-0.0000000000000000,0.0000000000000000,0.0000000000038050,-0.0000276974682565,0.0000000000000000,3.0343402846993981,3.0000027476,0.267
1.0005570884039889,-0.0000000000000000,0.0000000000000000,0.0000000000037578,-0.0000278260196999,0.0000000000000000,3.0343415528699076,3.0000027475,0.269
1.0005571074000654,-0.0000000000000000,0.0000000000000000,0.0000000000036437,-0.0000279538567729,0.0000000000000000,3.0343428198684395,3.0000027475,0.270
1.0005571262909885,-0.0000000000000000,0.0000000000000000,0.0000000000033838,-0.0000280809943084,0.0000000000000000,3.0343440856949693,3.0000027475,0.271
1.0005571450789632,-0.0000000000000000,0.0000000000000000,0.0000000000036079,-0.0000282074458145,0.0000000000000000,3.0343453503655602,3.0000027475,0.272
1.0005571637643971,-0.0000000000000000,0.0000000000000000,0.0000000000032394,-0.0000283332159582,0.0000000000000000,3.0343466138822910,3.0000027475,0.274
1.0005571823498987,-0.0000000000000000,0.0000000000000000,0.0000000000036953,-0.0000284583194850,0.0000000000000000,3.0343478762466725,3.0000027475,0.275
1.0005572008364054,-0.0000000000000000,0.0000000000000000,0.0000000000037659,-0.0000285827648792,0.0000000000000000,3.0343491374802047,3.0000027475,0.276
1.0005572192246224,-0.0000000000000000,0.0000000000000000,0.0000000000037443,-0.0000287065562128,0.0000000000000000,3.0343503975861537,3.0000027475,0.277
1.0005572375166027,-0.0000000000000000,0.0000000000000000,0.0000000000035054,-0.0000288297074292,0.0000000000000000,3.0343516565734521,3.0000027475,0.278
1.0005572557137421,-0.0000000000000000,0.0000000000000000,0.0000000000029062,-0.0000289522280782,0.0000000000000000,3.0343529144534327,3.0000027475,0.280
1.0005572738174020,-0.0000000000000000,0.0000000000000000,0.0000000000024448,-0.0000290741262549,0.0000000000000000,3.0343541712333391,3.0000027475,0.281
1.0005572918283483,-0.0000000000000000,0.0000000000000000,0.0000000000022644,-0.0000291954068065,0.0000000000000000,3.0343554269123154,3.0000027475,0.282
1.0005573097484191,-0.0000000000000000,0.0000000000000000,0.0000000000025976,-0.0000293160814875,0.0000000000000000,3.0343566815147058,3.0000027475,0.283
1.0005573275790283,-0.0000000000000000,0.0000000000000000,0.0000000000028256,-0.0000294361609126,0.0000000000000000,3.0343579350364989,3.0000027475,0.284
1.0005573453210448,-0.0000000000000000,0.0000000000000000,0.0000000000025638,-0.0000295556515677,0.0000000000000000,3.0343591874827118,3.0000027475,0.285
1.0005573629754838,-0.0000000000000000,0.0000000000000000,0.0000000000024585,-0.0000296745589369,0.0000000000000000,3.0343604388739593,3.0000027475,0.287
1.0005573805436767,-0.0000000000000000,0.0000000000000000,0.0000000000025642,-0.0000297928918405,0.0000000000000000,3.0343616892108076,3.0000027475,0.288
1.0005573980271025,-0.0000000000000000,0.0000000000000000,0.0000000000029645,-0.0000299106599269,0.0000000000000000,3.0343629385026167,3.0000027475,0.289
1.0005574154255645,-0.0000000000000000,0.0000000000000000,0.0000000000022656,-0.0000300278644115,0.0000000000000000,3.0343641867650488,3.0000027474,0.290
1.0005574327419537,-0.0000000000000000,0.0000000000000000,0.0000000000022479,-0.0000301445213693,0.0000000000000000,3.0343654339909403,3.0000027474,0.291
1.0005574499762133,-0.0000000000000000,0.0000000000000000,0.0000000000024541,-0.0000302606311234,0.0000000000000000,3.0343666802011495,3.0000027474,0.292
1.0005574671287285,-0.0000000000000000,0.0000000000000000,0.0000000000021161,-0.0000303761976784,0.0000000000000000,3.0343679254065674,3.0000027474,0.293
1.0005574842025364,-0.0000000000000000,0.0000000000000000,0.0000000000018570,-0.0000304912401901,0.0000000000000000,3.0343691695908244,3.0000027474,0.295
1.0005575011973380,-0.0000000000000000,0.0000000000000000,0.0000000000021216,-0.0000306057557345,0.0000000000000000,3.0343704127921365,3.0000027474,0.296
1.0005575181143971,-0.0000000000000000,0.0000000000000000,0.0000000000023633,-0.0000307197537965,0.0000000000000000,3.0343716549952449,3.0000027474,0.297
1.0005575349541715,-0.0000000000000000,0.0000000000000000,0.0000000000017978,-0.0000308332388222,0.0000000000000000,3.0343728962190486,3.0000027474,0.298
1.0005575517183865,-0.0000000000000000,0.0000000000000000,0.0000000000020417,-0.0000309462193045,0.0000000000000000,3.0343741364662873,3.0000027474,0.299
1.0005814266565840,-0.0000000000000000,0.0000000000000000,-0.0000000000002840,-0.0001988036177283,0.0000000000000000,3.0414514075241645,3.0000027157,1.946
1.0005892058121768,-0.0000000000000000,0.0000000000000000,0.0000000000002028,-0.0002569383425443,0.0000000000000000,3.0465006855259373,3.0000026935,2.525
1.0005951773567496,-0.0000000000000000,0.0000000000000000,-0.0000000000001215,-0.0003029107092080,0.0000000000000000,3.0515288216679739,3.0000026717,2.986
1.0006001144627703,-0.0000000000000000,0.0000000000000000,-0.0000000000005999,-0.0003418758194867,0.0000000000000000,3.0565483558564654,3.0000026503,3.379
1.0006043590377585,-0.0000000000000000,0.0000000000000000,-0.0000000000013704,-0.0003761127646357,0.0000000000000000,3.0615632446702139,3.0000026291,3.726
1.0006080987724815,-0.0000000000000000,0.0000000000000000,0.0000000000010866,-0.0004068730640604,0.0000000000000000,3.0665750620749681,3.0000026083,4.038
1.0006114502529888,-0.0000000000000000,0.0000000000000000,0.0000000000008675,-0.0004349350360880,0.0000000000000000,3.0715849229215779,3.0000025878,4.324
1.0006144916581090,-0.0000000000000000,0.0000000000000000,0.0000000000017492,-0.0004608210206708,0.0000000000000000,3.0765932353972425,3.0000025676,4.589
1.0006172785734186,-0.0000000000000000,0.0000000000000000,0.0000000000023861,-0.0004849030459355,0.0000000000000000,3.0816003690577358,3.0000025477,4.835
1.0006198521786824,-0.0000000000000000,0.0000000000000000,0.0000000000027387,-0.0005074572097063,0.0000000000000000,3.0866065727078071,3.0000025280,5.067
1.0006222439850658,-0.0000000000000000,0.0000000000000000,0.0000000000072278,-0.0005286951875221,0.0000000000000000,3.0916120039841566,3.0000025087,5.285
1.0006244787054890,-0.0000000000000000,0.0000000000000000,0.0000000000545846,-0.0005487831535724,0.0000000000000000,3.0966166465798124,3.0000024895,5.492
1.0006265678290289,-0.0000000000000000,0.0000000000000000,0.0000000000002384,-0.0005677790503815,0.0000000000000000,3.1016000881060046,3.0000024707,5.688
1.0006285451348527,-0.0000000000000000,0.0000000000000000,0.0000000000078802,-0.0005859519401673,0.0000000000000000,3.1066042767379973,3.0000024521,5.876
1.0006304149255396,-0.0000000000000000,0.0000000000000000,-0.0000000000007490,-0.0006033106252580,0.0000000000000000,3.1116081528233814,3.0000024338,6.055
1.0006321885179792,-0.0000000000000000,0.0000000000000000,-0.0000000000059805,-0.0006199321262484,0.0000000000000000,3.1166117402097231,3.0000024156,6.227
1.0006338755224311,-0.0000000000000000,0.0000000000000000,-0.0000000000023239,-0.0006358821020031,0.0000000000000000,3.1216150722319691,3.0000023977,6.393
1.0006354841750000,-0.0000000000000000,0.0000000000000000,-0.0000000000019911,-0.0006512170641331,0.0000000000000000,3.1266181746412021,3.0000023801,6.552
1.0006370216093572,-0.0000000000000000,0.0000000000000000,0.0000000000017503,-0.0006659861111934,0.0000000000000000,3.1316210744949968,3.0000023626,6.705
1.0006384940348589,-0.0000000000000000,0.0000000000000000,-0.0000000000027906,-0.0006802321861967,0.0000000000000000,3.1366237868818558,3.0000023454,6.853
1.0006399069073222,-0.0000000000000000,0.0000000000000000,0.0000000000004392,-0.0006939931027833,0.0000000000000000,3.1416263088457161,3.0000023284,6.997
1.0006412650531413,-0.0000000000000000,0.0000000000000000,-0.0000000000006025,-0.0007073025745610,0.0000000000000000,3.1466287048925698,3.0000023116,7.135
1.0006425727223163,-0.0000000000000000,0.0000000000000000,0.0000000000017341,-0.0007201902580815,0.0000000000000000,3.1516308737754617,3.0000022950,7.269
1.0006438337580372,-0.0000000000000000,0.0000000000000000,0.0000000000030587,-0.0007326832802450,0.0000000000000000,3.1566329305447685,3.0000022787,7.400
1.0006450515623209,-0.0000000000000000,0.0000000000000000,0.0000000000063708,-0.0007448056241185,0.0000000000000000,3.1616348007973070,3.0000022625,7.526
1.0006462291989537,-0.0000000000000000,0.0000000000000000,0.0000000000020268,-0.0007565790427260,0.0000000000000000,3.1666364331496548,3.0000022465,7.649
1.0006473694398452,-0.0000000000000000,0.0000000000000000,0.0000000000018234,-0.0007680232506197,0.0000000000000000,3.1716377521626251,3.0000022307,7.768
1.0006484749248390,-0.0000000000000000,0.0000000000000000,0.0000000000028868,-0.0007791575408976,0.0000000000000000,3.1766392850490632,3.0000022151,7.884
1.0006495477507085,-0.0000000000000000,0.0000000000000000,0.0000000000023434,-0.0007899964879866,0.0000000000000000,3.1816401292973469,3.0000021997,7.998
1.0006505902671725,-0.0000000000000000,0.0000000000000000,0.0000000000024023,-0.0008005578580969,0.0000000000000000,3.1866414770856180,3.0000021845,8.108
1.0006516029298729,-0.0000000000000000,0.0000000000000000,-0.0000000000063400,-0.0008108408312324,0.0000000000000000,3.1916360902341041,3.0000021694,8.215
1.0006525902213024,-0.0000000000000000,0.0000000000000000,0.0000000000009725,-0.0008208858842270,0.0000000000000000,3.1966373724834733,3.0000021545,8.320
1.0006535523350117,-0.0000000000000000,0.0000000000000000,-0.0000000000041657,-0.0008306906199854,0.0000000000000000,3.2016384438490437,3.0000021398,8.423
1.0006544908228969,-0.0000000000000000,0.0000000000000000,-0.0000000000051979,-0.0008402666689329,0.0000000000000000,3.2066395869750148,3.0000021253,8.523
1.0006554070359441,-0.0000000000000000,0.0000000000000000,0.0000000000016969,-0.0008496240363362,0.0000000000000000,3.2116406585060262,3.0000021109,8.621
1.0006563017509285,-0.0000000000000000,0.0000000000000000,-0.0000000000031940,-0.0008587672908368,0.0000000000000000,3.2166388917138273,3.0000020967,8.716
1.0006571771676711,-0.0000000000000000,0.0000000000000000,-0.0000000000051104,-0.0008677157184546,0.0000000000000000,3.2216399280977797,3.0000020826,8.810
1.0006580338960898,-0.0000000000000000,0.0000000000000000,-0.0000000000039089,-0.0008764726892630,0.0000000000000000,3.2266411027315618,3.0000020687,8.901
1.0006588722506491,-0.0000000000000000,0.0000000000000000,0.0000000000370282,-0.0008850386622438,0.0000000000000000,3.2316380535267486,3.0000020550,8.991
1.0006596945442694,-0.0000000000000000,0.0000000000000000,0.0000000000123810,-0.0008934352953418,0.0000000000000000,3.2366391815863564,3.0000020414,9.079
1.0006605009935328,-0.0000000000000000,0.0000000000000000,0.0000000000090431,-0.0009016622765457,0.0000000000000000,3.2416402927401293,3.0000020279,9.165
1.0006612924172493,-0.0000000000000000,0.0000000000000000,0.0000000000056386,-0.0009097260594444,0.0000000000000000,3.2466413663339218,3.0000020146,9.249
1.0006620695934509,-0.0000000000000000,0.0000000000000000,0.0000000000030371,-0.0009176327613882,0.0000000000000000,3.2516423996364172,3.0000020015,9.332
1.0006628332520706,-0.0000000000000000,0.0000000000000000,0.0000000000018483,-0.0009253881637770,0.0000000000000000,3.2566433954095997,3.0000019884,9.413
1.0006635840764315,-0.0000000000000000,0.0000000000000000,0.0000000000005684,-0.0009329977216405,0.0000000000000000,3.2616443519706166,3.0000019756,9.492
1.0006643227086143,-0.0000000000000000,0.0000000000000000,-0.0000000000024921,-0.0009404665978942,0.0000000000000000,3.2666452692101160,3.0000019628,9.570
1.0006650497559526,-0.0000000000000000,0.0000000000000000,-0.0000000000028517,-0.0009477996942312,0.0000000000000000,3.2716461533732226,3.0000019502,9.647
1.0006657657870401,-0.0000000000000000,0.0000000000000000,-0.0000000000006595,-0.0009550016430205,0.0000000000000000,3.2766470014985094,3.0000019377,9.722
1.0006664713367652,-0.0000000000000000,0.0000000000000000,-0.0000000000006697,-0.0009620768498022,0.0000000000000000,3.2816478170496892,3.0000019253,9.796
1.0006671669117937,-0.0000000000000000,0.0000000000000000,-0.0000000000000744,-0.0009690294934877,0.0000000000000000,3.2866485967820567,3.0000019131,9.868
1.0006678529908923,-0.0000000000000000,0.0000000000000000,0.0000000000001015,-0.0009758635668727,0.0000000000000000,3.2916493516437066,3.0000019010,9.940
1.0006685300249925,-0.0000000000000000,0.0000000000000000,0.0000000000009053,-0.0009825828480753,0.0000000000000000,3.2966500748186656,3.0000018890,10.010
1.0006691984400820,-0.0000000000000000,0.0000000000000000,0.0000000000010950,-0.0009891909410842,0.0000000000000000,3.3016507630360805,3.0000018772,10.078
1.0006698586431000,-0.0000000000000000,0.0000000000000000,0.0000000000008174,-0.0009956913145242,0.0000000000000000,3.3066514367909061,3.0000018654,10.146
1.0006705110143170,-0.0000000000000000,0.0000000000000000,-0.0000000000001316,-0.0010020872288905,0.0000000000000000,3.3116520775338540,3.0000018538,10.213
1.0006711559178396,-0.0000000000000000,0.0000000000000000,-0.0000000000002852,-0.0010083818277719,0.0000000000000000,3.3166526886368097,3.0000018423,10.278
1.0006717936992304,-0.0000000000000000,0.0000000000000000,0.0000000000002953,-0.0010145781238757,0.0000000000000000,3.3216532804850383,3.0000018309,10.343
1.0006724246833594,-0.0000000000000000,0.0000000000000000,0.0000000000000616,-0.0010206789735388,0.0000000000000000,3.3266538423032550,3.0000018196,10.406
1.0006730491832299,-0.0000000000000000,0.0000000000000000,0.0000000000002831,-0.0010266871437749,0.0000000000000000,3.3316543891142003,3.0000018084,10.469
1.0006736674918368,-0.0000000000000000,0.0000000000000000,0.0000000000017360,-0.0010326052431543,0.0000000000000000,3.3366549008543003,3.0000017973,10.530
1.0006742798904391,-0.0000000000000000,0.0000000000000000,-0.0000000000003524,-0.0010384358183774,0.0000000000000000,3.3416553973923784,3.0000017864,10.591
1.0006748866490820,-0.0000000000000000,0.0000000000000000,-0.0000000000000248,-0.0010441812950820,0.0000000000000000,3.3466558813366647,3.0000017755,10.650
1.0006754880206474,-0.0000000000000000,0.0000000000000000,-0.0000000000004549,-0.0010498439941049,0.0000000000000000,3.3516563506539683,3.0000017647,10.709
1.0006760842450415,-0.0000000000000000,0.0000000000000000,0.0000000000004101,-0.0010554261162961,0.0000000000000000,3.3566567762358224,3.0000017541,10.767
1.0006766755588832,-0.0000000000000000,0.0000000000000000,0.0000000000003005,-0.0010609298667059,0.0000000000000000,3.3616572119374855,3.0000017435,10.824
1.0006772621787416,-0.0000000000000000,0.0000000000000000,0.0000000000004740,-0.0010663572667473,0.0000000000000000,3.3666576195581892,3.0000017331,10.880
1.0006778443162365,-0.0000000000000000,0.0000000000000000,0.0000000000003111,-0.0010717103165545,0.0000000000000000,3.3716580131533886,3.0000017227,10.936
1.0006784221717591,-0.0000000000000000,0.0000000000000000,0.0000000000003498,-0.0010769909190010,0.0000000000000000,3.3766583844530658,3.0000017124,10.990
1.0006789959378968,-0.0000000000000000,0.0000000000000000,0.0000000000000829,-0.0010822009232906,0.0000000000000000,3.3816587414255612,3.0000017022,11.044
1.0006795657993326,-0.0000000000000000,0.0000000000000000,0.0000000000004071,-0.0010873421114221,0.0000000000000000,3.3866590920399759,3.0000016922,11.097
1.0006801319312981,-0.0000000000000000,0.0000000000000000,0.0000000000010021,-0.0010924161933381,0.0000000000000000,3.3916594364609369,3.0000016822,11.150
1.0006806944996887,-0.0000000000000000,0.0000000000000000,0.0000000000011233,-0.0010974248047358,0.0000000000000000,3.3966597612683533,3.0000016723,11.201
1.0006812536635867,-0.0000000000000000,0.0000000000000000,0.0000000000011073,-0.0011023695238728,0.0000000000000000,3.4016600522671956,3.0000016624,11.252
1.0006818095844066,-0.0000000000000000,0.0000000000000000,0.0000000000012749,-0.0011072519548002,0.0000000000000000,3.4066603778275875,3.0000016527,11.303
1.0006823624017018,-0.0000000000000000,0.0000000000000000,0.0000000000013033,-0.0011120735161105,0.0000000000000000,3.4116606712354836,3.0000016431,11.352
1.0006829122614835,-0.0000000000000000,0.0000000000000000,0.0000000000027564,-0.0011168356807445,0.0000000000000000,3.4166609722862380,3.0000016335,11.401
1.0006834592927700,-0.0000000000000000,0.0000000000000000,0.0000000000011489,-0.0011215397975439,0.0000000000000000,3.4216612424249817,3.0000016240,11.450
1.0006840036329010,-0.0000000000000000,0.0000000000000000,0.0000000000024360,-0.0011261872546690,0.0000000000000000,3.4266615305161658,3.0000016146,11.497
1.0006845453996882,-0.0000000000000000,0.0000000000000000,0.0000000000018363,-0.0011307793094636,0.0000000000000000,3.4316617955318565,3.0000016053,11.545
1.0006850847142899,-0.0000000000000000,0.0000000000000000,0.0000000000023616,-0.0011353172250680,0.0000000000000000,3.4366620447165928,3.0000015961,11.591
1.0006856216903042,-0.0000000000000000,0.0000000000000000,0.0000000000022497,-0.0011398022170756,0.0000000000000000,3.4416622791426343,3.0000015869,11.637
1.0006861564391594,-0.0000000000000000,0.0000000000000000,0.0000000000025527,-0.0011442354709094,0.0000000000000000,3.4466625071842616,3.0000015779,11.683
1.0006866890672579,-0.0000000000000000,0.0000000000000000,0.0000000000020107,-0.0011486181398680,0.0000000000000000,3.4516627445649597,3.0000015689,11.727
1.0006872196730765,-0.0000000000000000,0.0000000000000000,0.0000000000027009,-0.0011529512988102,0.0000000000000000,3.4566629556382953,3.0000015599,11.772
1.0006877483582346,-0.0000000000000000,0.0000000000000000,0.0000000000028463,-0.0011572360604097,0.0000000000000000,3.4616631891046517,3.0000015511,11.815
1.0006882752164630,-0.0000000000000000,0.0000000000000000,0.0000000000021961,-0.0011614734650268,0.0000000000000000,3.4666634474402898,3.0000015423,11.859
1.0006888003320433,-0.0000000000000000,0.0000000000000000,0.0000000000025729,-0.0011656644704846,0.0000000000000000,3.4716636707109290,3.0000015336,11.901
1.0006893237980210,-0.0000000000000000,0.0000000000000000,0.0000000000027666,-0.0011698101098454,0.0000000000000000,3.4766639247859819,3.0000015249,11.944
1.0006898456828619,-0.0000000000000000,0.0000000000000000,0.0000000000014187,-0.0011739112219910,0.0000000000000000,3.4816640759655324,3.0000015164,11.985
1.0006903660848097,-0.0000000000000000,0.0000000000000000,0.0000000000015837,-0.0011779688620258,0.0000000000000000,3.4866642844179929,3.0000015079,12.027
1.0006908850724878,-0.0000000000000000,0.0000000000000000,0.0000000000017642,-0.0011819838644918,0.0000000000000000,3.4916644765140292,3.0000014995,12.067
1.0006914027031852,-0.0000000000000000,0.0000000000000000,0.0000000000017519,-0.0011859569712818,0.0000000000000000,3.4966644895929098,3.0000014911,12.108
1.0006919190816526,-0.0000000000000000,0.0000000000000000,0.0000000000017769,-0.0011898892834774,0.0000000000000000,3.5016646451711262,3.0000014828,12.148
1.0006924342494004,-0.0000000000000000,0.0000000000000000,0.0000000000015045,-0.0011937814159063,0.0000000000000000,3.5066646798051977,3.0000014746,12.187
1.0006929483134244,-0.0000000000000000,0.0000000000000000,0.0000000000011894,-0.0011976344741074,0.0000000000000000,3.5116649901057997,3.0000014664,12.226
1.0006934612765002,-0.0000000000000000,0.0000000000000000,0.0000000000028774,-0.0012014487712726,0.0000000000000000,3.5166649707071049,3.0000014583,12.265
1.0006939732620193,-0.0000000000000000,0.0000000000000000,0.0000000000029200,-0.0012052255351840,0.0000000000000000,3.5216652427136257,3.0000014503,12.303
1.0006944842923726,-0.0000000000000000,0.0000000000000000,0.0000000000025867,-0.0012089652236823,0.0000000000000000,3.5266654396845607,3.0000014423,12.341
1.0006949944172758,-0.0000000000000000,0.0000000000000000,0.0000000000008932,-0.0012126685033595,0.0000000000000000,3.5316654934177376,3.0000014344,12.378
1.0006955037338319,-0.0000000000000000,0.0000000000000000,0.0000000000006378,-0.0012163363664666,0.0000000000000000,3.5366658003862881,3.0000014265,12.415
1.0006960122485820,-0.0000000000000000,0.0000000000000000,0.0000000000011929,-0.0012199691587121,0.0000000000000000,3.5416659089722504,3.0000014187,12.451
1.0006965196645838,-0.0000000000000000,0.0000000000000000,0.0000000000052159,-0.0012235650784090,0.0000000000000000,3.5466623720932104,3.0000014110,12.488
1.0006970265161097,-0.0000000000000000,0.0000000000000000,0.0000000000003840,-0.0012271282614255,0.0000000000000000,3.5516600139948276,3.0000014033,12.523
1.0006975329977152,-0.0000000000000000,0.0000000000000000,0.0000000000006789,-0.0012306602959377,0.0000000000000000,3.5566602291533300,3.0000013957,12.559
1.0006980388506472,-0.0000000000000000,0.0000000000000000,-0.0000000000002028,-0.0012341596666630,0.0000000000000000,3.5616600379164018,3.0000013881,12.594
1.0006985442120995,-0.0000000000000000,0.0000000000000000,0.0000000000000270,-0.0012376276042308,0.0000000000000000,3.5666603468439670,3.0000013806,12.629
1.0006990490549783,-0.0000000000000000,0.0000000000000000,-0.0000000000002471,-0.0012410642113340,0.0000000000000000,3.5716604704776120,3.0000013732,12.663
1.0006995532767136,-0.0000000000000000,0.0000000000000000,0.0000000000000648,-0.0012444690863442,0.0000000000000000,3.5766589732671110,3.0000013658,12.697
1.0007000572527969,-0.0000000000000000,0.0000000000000000,0.0000000000003084,-0.0012478450485791,0.0000000000000000,3.5816591835593017,3.0000013584,12.731
1.0007005608491908,-0.0000000000000000,0.0000000000000000,0.0000000000003553,-0.0012511914671967,0.0000000000000000,3.5866593907507403,3.0000013512,12.764
1.0007010641527181,-0.0000000000000000,0.0000000000000000,-0.0000000000002143,-0.0012545091945081,0.0000000000000000,3.5916600859700814,3.0000013439,12.797
1.0007015670868489,-0.0000000000000000,0.0000000000000000,-0.0000000000006852,-0.0012577980014902,0.0000000000000000,3.5966601468438002,3.0000013367,12.830
1.0007020697925804,-0.0000000000000000,0.0000000000000000,-0.0000000000007951,-0.0012610590845944,0.0000000000000000,3.6016606252513470,3.0000013296,12.862
1.0007025722122360,-0.0000000000000000,0.0000000000000000,-0.0000000000009653,-0.0012642923425459,0.0000000000000000,3.6066606121154088,3.0000013225,12.894
1.0007030744515730,-0.0000000000000000,0.0000000000000000,-0.0000000000006110,-0.0012674987250918,0.0000000000000000,3.6116608350072394,3.0000013155,12.926
1.0007035765366266,-0.0000000000000000,0.0000000000000000,-0.0000000000010879,-0.0012706786647282,0.0000000000000000,3.6166612403319403,3.0000013085,12.957
1.0007040784572292,-0.0000000000000000,0.0000000000000000,-0.0000000000011939,-0.0012738323578253,0.0000000000000000,3.6216614223570800,3.0000013016,12.988
1.0007045802355028,-0.0000000000000000,0.0000000000000000,-0.0000000000012100,-0.0012769602089345,0.0000000000000000,3.6266613025061489,3.0000012947,13.019
1.0007050819638845,-0.0000000000000000,0.0000000000000000,-0.0000000000016044,-0.0012800630533446,0.0000000000000000,3.6316615228009219,3.0000012879,13.050
1.0007055835923735,-0.0000000000000000,0.0000000000000000,-0.0000000000016092,-0.0012831408361911,0.0000000000000000,3.6366613036812803,3.0000012811,13.080
1.0007060852397347,-0.0000000000000000,0.0000000000000000,-0.0000000000018366,-0.0012861945401859,0.0000000000000000,3.6416615654198652,3.0000012743,13.110
1.0007065868803275,-0.0000000000000000,0.0000000000000000,-0.0000000000016644,-0.0012892242546315,0.0000000000000000,3.6466617917937918,3.0000012676,13.140
1.0007070884693092,-0.0000000000000000,0.0000000000000000,-0.0000000000011962,-0.0012922299618979,0.0000000000000000,3.6516612858114295,3.0000012610,13.170
1.0007075901589586,-0.0000000000000000,0.0000000000000000,-0.0000000000024127,-0.0012952128249476,0.0000000000000000,3.6566613313535363,3.0000012544,13.199
1.0007080919399625,-0.0000000000000000,0.0000000000000000,-0.0000000000047251,-0.0012981730235661,0.0000000000000000,3.6616616005556315,3.0000012478,13.228
1.0007085937863520,-0.0000000000000000,0.0000000000000000,-0.0000000000018119,-0.0013011106295165,0.0000000000000000,3.6666615801516955,3.0000012413,13.256
1.0007090958330263,-0.0000000000000000,0.0000000000000000,-0.0000000000027541,-0.0013040266856949,0.0000000000000000,3.6716624326309089,3.0000012348,13.285
1.0007095979377303,-0.0000000000000000,0.0000000000000000,-0.0000000000021712,-0.0013069205869885,0.0000000000000000,3.6766625043995247,3.0000012284,13.313
1.0007101002047500,-0.0000000000000000,0.0000000000000000,-0.0000000000024393,-0.0013097931752591,0.0000000000000000,3.6816626415615077,3.0000012220,13.341
1.0007106025021115,-0.0000000000000000,0.0000000000000000,-0.0000000000033636,-0.0013126439326927,0.0000000000000000,3.6866613256285445,3.0000012156,13.369
1.0007111051413964,-0.0000000000000000,0.0000000000000000,-0.0000000000028854,-0.0013154748485109,0.0000000000000000,3.6916614659370386,3.0000012093,13.396
1.0007116079531875,-0.0000000000000000,0.0000000000000000,-0.0000000000029848,-0.0013182851888374,0.0000000000000000,3.6966611877990929,3.0000012031,13.423
1.0007121110275274,-0.0000000000000000,0.0000000000000000,-0.0000000000024695,-0.0013210756751619,0.0000000000000000,3.7016612048295321,3.0000011968,13.450
1.0007126144702398,-0.0000000000000000,0.0000000000000000,-0.0000000000033317,-0.0013238471068377,0.0000000000000000,3.7066624007176392,3.0000011907,13.477
1.0007131180515163,-0.0000000000000000,0.0000000000000000,-0.0000000000030420,-0.0013265984286525,0.0000000000000000,3.7116623109554059,3.0000011845,13.504
1.0007136219112431,-0.0000000000000000,0.0000000000000000,-0.0000000000030168,-0.0013293306283913,0.0000000000000000,3.7166621683586172,3.0000011784,13.530
1.0007141260991510,-0.0000000000000000,0.0000000000000000,-0.0000000000033536,-0.0013320441836159,0.0000000000000000,3.7216623068953774,3.0000011723,13.556
1.0007146305782351,-0.0000000000000000,0.0000000000000000,-0.0000000000039595,-0.0013347391021017,0.0000000000000000,3.7266622040270354,3.0000011663,13.582
1.0007151354146220,-0.0000000000000000,0.0000000000000000,-0.0000000000043220,-0.0013374159394347,0.0000000000000000,3.7316623649535332,3.0000011603,13.608
1.0007156405954869,-0.0000000000000000,0.0000000000000000,-0.0000000000045223,-0.0013400748280477,0.0000000000000000,3.7366625170663648,3.0000011544,13.633
1.0007161462660681,-0.0000000000000000,0.0000000000000000,-0.0000000000053467,-0.0013427167255070,0.0000000000000000,3.7416639498357811,3.0000011485,13.659
1.0007166521782718,-0.0000000000000000,0.0000000000000000,-0.0000000000049350,-0.0013453405282147,0.0000000000000000,3.7466640918900791,3.0000011426,13.684
1.0007171585031360,-0.0000000000000000,0.0000000000000000,-0.0000000000065831,-0.0013479473304893,0.0000000000000000,3.7516644892512021,3.0000011367,13.709
1.0007176651995973,-0.0000000000000000,0.0000000000000000,-0.0000000000049826,-0.0013505371014521,0.0000000000000000,3.7566645994549557,3.0000011309,13.733
1.0007181720646847,-0.0000000000000000,0.0000000000000000,-0.0000000000037263,-0.0013531090150899,0.0000000000000000,3.7616623102666886,3.0000011252,13.758
1.0007186796119498,-0.0000000000000000,0.0000000000000000,-0.0000000000075717,-0.0013556658722997,0.0000000000000000,3.7666625871341202,3.0000011194,13.782
1.0007191875794359,-0.0000000000000000,0.0000000000000000,-0.0000000000101024,-0.0013582065111867,0.0000000000000000,3.7716626954275090,3.0000011137,13.806
1.0007196960065878,-0.0000000000000000,0.0000000000000000,-0.0000000000045836,-0.0013607312986049,0.0000000000000000,3.7766628940148603,3.0000011080,13.830
1.0007202047432413,-0.0000000000000000,0.0000000000000000,-0.0000000000092047,-0.0013632397104778,0.0000000000000000,3.7816616719279859,3.0000011024,13.854
1.0007207141150081,-0.0000000000000000,0.0000000000000000,-0.0000000000040447,-0.0013657334900279,0.0000000000000000,3.7866620279104417,3.0000010968,13.877
1.0007212239703740,-0.0000000000000000,0.0000000000000000,-0.0000000000045025,-0.0013682120907141,0.0000000000000000,3.7916624447321303,3.0000010913,13.901
1.0007217343530805,-0.0000000000000000,0.0000000000000000,-0.0000000000076256,-0.0013706758898753,0.0000000000000000,3.7966632403881073,3.0000010857,13.924
1.0007222451816247,-0.0000000000000000,0.0000000000000000,-0.0000000000066600,-0.0013731246525056,0.0000000000000000,3.8016634812212651,3.0000010802,13.947
1.0007227565201313,-0.0000000000000000,0.0000000000000000,-0.0000000000043773,-0.0013755588622025,0.0000000000000000,3.8066637182051446,3.0000010747,13.970
1.0007232684324743,-0.0000000000000000,0.0000000000000000,-0.0000000000060646,-0.0013779789952822,0.0000000000000000,3.8116645107105072,3.0000010693,13.992
1.0007237808082641,-0.0000000000000000,0.0000000000000000,-0.0000000000134684,-0.0013803846971695,0.0000000000000000,3.8166646968329241,3.0000010639,14.015
1.0007242937201302,-0.0000000000000000,0.0000000000000000,-0.0000000000052117,-0.0013827764350209,0.0000000000000000,3.8216648027592077,3.0000010585,14.037
1.0007248071676800,-0.0000000000000000,0.0000000000000000,-0.0000000000083143,-0.0013851544149654,0.0000000000000000,3.8266648656345930,3.0000010532,14.059
1.0007253211857923,-0.0000000000000000,0.0000000000000000,-0.0000000000093568,-0.0013875189317781,0.0000000000000000,3.8316650842620330,3.0000010479,14.081
1.0007258357604607,-0.0000000000000000,0.0000000000000000,-0.0000000000070813,-0.0013898700730149,0.0000000000000000,3.8366652401193111,3.0000010426,14.103
1.0007263509055653,-0.0000000000000000,0.0000000000000000,-0.0000000000055751,-0.0013922080625013,0.0000000000000000,3.8416654083211048,3.0000010373,14.125
1.0007268666278588,-0.0000000000000000,0.0000000000000000,-0.0000000000261590,-0.0013945331186251,0.0000000000000000,3.8466656761610389,3.0000010321,14.147
1.0007273829149614,-0.0000000000000000,0.0000000000000000,-0.0000000000339136,-0.0013968452750371,0.0000000000000000,3.8516656949408530,3.0000010269,14.168
1.0007278997966746,-0.0000000000000000,0.0000000000000000,-0.0000000000102907,-0.0013991447822116,0.0000000000000000,3.8566656002521564,3.0000010218,14.189
1.0007284172849671,-0.0000000000000000,0.0000000000000000,-0.0000000000059068,-0.0014014319239172,0.0000000000000000,3.8616656680422792,3.0000010166,14.210
1.0007289350281607,-0.0000000000000000,0.0000000000000000,-0.0000000000031070,-0.0014037052736897,0.0000000000000000,3.8666623632198358,3.0000010115,14.231
1.0007294537226985,-0.0000000000000000,0.0000000000000000,-0.0000000000228525,-0.0014059680656679,0.0000000000000000,3.8716624383838738,3.0000010064,14.252
1.0007299730087431,-0.0000000000000000,0.0000000000000000,-0.0000000000067619,-0.0014082187596046,0.0000000000000000,3.8766620963037766,3.0000010014,14.273
1.0007304929539291,-0.0000000000000000,0.0000000000000000,-0.0000000000079141,-0.0014104578733324,0.0000000000000000,3.8816621580822392,3.0000009964,14.293
1.0007310135936363,-0.0000000000000000,0.0000000000000000,-0.0000000000053396,-0.0014126856571645,0.0000000000000000,3.8866628224587592,3.0000009914,14.314
1.0007315348067318,-0.0000000000000000,0.0000000000000000,-0.0000000000075944,-0.0014149017391476,0.0000000000000000,3.8916628975053387,3.0000009864,14.334
1.0007320566489726,-0.0000000000000000,0.0000000000000000,-0.0000000000065642,-0.0014171064795975,0.0000000000000000,3.8966628366986460,3.0000009815,14.354
1.0007325791498620,-0.0000000000000000,0.0000000000000000,-0.0000000000114013,-0.0014193001477752,0.0000000000000000,3.9016628997220666,3.0000009765,14.374
1.0007331023099919,-0.0000000000000000,0.0000000000000000,-0.0000000000051923,-0.0014214828478505,0.0000000000000000,3.9066629751157129,3.0000009717,14.394
1.0007336261195479,-0.0000000000000000,0.0000000000000000,-0.0000000000196416,-0.0014236547154418,0.0000000000000000,3.9116630534552375,3.0000009668,14.413
1.0007341504420493,-0.0000000000000000,0.0000000000000000,-0.0000000000091975,-0.0014258152451723,0.0000000000000000,3.9166615803024443,3.0000009620,14.433
1.0007346755793385,-0.0000000000000000,0.0000000000000000,-0.0000000000307439,-0.0014279658925010,0.0000000000000000,3.9216616567634470,3.0000009571,14.452
1.0007352011036248,-0.0000000000000000,0.0000000000000000,-0.0000000000081533,-0.0014301049163033,0.0000000000000000,3.9266588034920162,3.0000009524,14.472
1.0007357276074709,-0.0000000000000000,0.0000000000000000,-0.0000000000079598,-0.0014322349501089,0.0000000000000000,3.9316589300011433,3.0000009476,14.491
1.0007362547320444,-0.0000000000000000,0.0000000000000000,-0.0000000000196857,-0.0014343546349878,0.0000000000000000,3.9366585063574933,3.0000009429,14.510
1.0007367297677765,-0.0000000000000000,0.0000000000000000,-0.0000000000358733,-0.0014362539675975,0.0000000000000000,3.9411585063445020,3.0000009386,14.527
1.0007372581419374,-0.0000000000000000,0.0000000000000000,-0.0000000000082945,-0.0014383545097792,0.0000000000000000,3.9461573601780060,3.0000009339,14.546
1.0007377873287278,-0.0000000000000000,0.0000000000000000,-0.0000000000081881,-0.0014404458289011,0.0000000000000000,3.9511574304152979,3.0000009293,14.564
1.0007383202675011,-0.0000000000000000,0.0000000000000000,-0.0000000000009696,-0.0014425394928984,0.0000000000000000,3.9561862585064089,3.0000009246,14.583
1.0007388508885573,-0.0000000000000000,0.0000000000000000,-0.0000000000068840,-0.0014446117966071,0.0000000000000000,3.9611866225167240,3.0000009200,14.601
1.0007393822244159,-0.0000000000000000,0.0000000000000000,-0.0000000000096368,-0.0014466747745338,0.0000000000000000,3.9661870312079568,3.0000009154,14.620
1.0007399142767304,-0.0000000000000000,0.0000000000000000,-0.0000000000058666,-0.0014487285366372,0.0000000000000000,3.9711874605608659,3.0000009108,14.638
1.0007404470466390,-0.0000000000000000,0.0000000000000000,-0.0000000000043070,-0.0014507732067027,0.0000000000000000,3.9761879213985591,3.0000009063,14.656
1.0007409805251370,-0.0000000000000000,0.0000000000000000,-0.0000000000074969,-0.0014528088599528,0.0000000000000000,3.9811883097557494,3.0000009017,14.674
1.0007415147955663,-0.0000000000000000,0.0000000000000000,-0.0000000000103653,-0.0014548359094613,0.0000000000000000,3.9861893461944158,3.0000008972,14.692
1.0007420497904596,-0.0000000000000000,0.0000000000000000,-0.0000000000079023,-0.0014568541933568,0.0000000000000000,3.9911903406927669,3.0000008927,14.710
1.0007425854619882,-0.0000000000000000,0.0000000000000000,-0.0000000000081710,-0.0014588636459176,0.0000000000000000,3.9961908596873785,3.0000008883,14.727
1.0007431216630727,-0.0000000000000000,0.0000000000000000,-0.0000000000036683,-0.0014608638137191,0.0000000000000000,4.0011894632095899,3.0000008838,14.745
1.0007436587927896,-0.0000000000000000,0.0000000000000000,-0.0000000000036254,-0.0014628562972984,0.0000000000000000,4.0061898875839956,3.0000008794,14.763
1.0007441966377366,-0.0000000000000000,0.0000000000000000,-0.0000000000031199,-0.0014648403910168,0.0000000000000000,4.0111900901925548,3.0000008750,14.780
1.0007442289124502,-0.0000000000000000,0.0000000000000000,-0.0000000000069812,-0.0014649591083220,0.0000000000000000,4.0114899401935533,3.0000008748,14.781
1.0007442611991533,-0.0000000000000000,0.0000000000000000,-0.0000000000035158,-0.0014650778206975,0.0000000000000000,4.0117898401153607,3.0000008745,14.782
1.0007442934924202,-0.0000000000000000,0.0000000000000000,-0.0000000000033554,-0.0014651965223282,0.0000000000000000,4.0120897945066369,3.0000008742,14.783
1.0007443258001503,-0.0000000000000000,0.0000000000000000,-0.0000000000033244,-0.0014653152380847,0.0000000000000000,4.0123898539710963,3.0000008740,14.784
1.0007443581027025,-0.0000000000000000,0.0000000000000000,-0.0000000000044329,-0.0014654338970851,0.0000000000000000,4.0126898518307952,3.0000008737,14.785
1.0007443904070634,-0.0000000000000000,0.0000000000000000,-0.0000000000049084,-0.0014655525226114,0.0000000000000000,4.0129898359023457,3.0000008735,14.786
1.0007444227057531,-0.0000000000000000,0.0000000000000000,-0.0000000000038475,-0.0014656710860939,0.0000000000000000,4.0132897326018586,3.0000008732,14.787
1.0007444550245395,-0.0000000000000000,0.0000000000000000,-0.0000000000025350,-0.0014657896840796,0.0000000000000000,4.0135897962025604,3.0000008729,14.788
1.0007444873376901,-0.0000000000000000,0.0000000000000000,-0.0000000000017082,-0.0014659082228086,0.0000000000000000,4.0138897827278415,3.0000008727,14.789
1.0007445196518188,-0.0000000000000000,0.0000000000000000,-0.0000000000053039,-0.0014660267316992,0.0000000000000000,4.0141897695893531,3.0000008724,14.790
1.0007445519744056,-0.0000000000000000,0.0000000000000000,-0.0000000000034515,-0.0014661452256065,0.0000000000000000,4.0144897876348908,3.0000008721,14.791
1.0007445842989775,-0.0000000000000000,0.0000000000000000,-0.0000000000028407,-0.0014662636892196,0.0000000000000000,4.0147898086571709,3.0000008719,14.792
1.0007446166269398,-0.0000000000000000,0.0000000000000000,-0.0000000000088406,-0.0014663821347906,0.0000000000000000,4.0150898640893073,3.0000008716,14.793
1.0007446489604408,-0.0000000000000000,0.0000000000000000,-0.0000000000043087,-0.0014665005481094,0.0000000000000000,4.0153898962046330,3.0000008714,14.794
1.0007446813045555,-0.0000000000000000,0.0000000000000000,-0.0000000000029730,-0.0014666189649707,0.0000000000000000,4.0156900160111491,3.0000008711,14.795
1.0007447136351544,-0.0000000000000000,0.0000000000000000,-0.0000000000042287,-0.0014667372972065,0.0000000000000000,4.0159899993797277,3.0000008708,14.796
1.0007447459517302,-0.0000000000000000,0.0000000000000000,-0.0000000000045873,-0.0014668555381026,0.0000000000000000,4.0162898217003136,3.0000008706,14.797
1.0007447782956589,-0.0000000000000000,0.0000000000000000,-0.0000000000055221,-0.0014669738407607,0.0000000000000000,4.0165898800900095,3.0000008703,14.798
1.0007448106374528,-0.0000000000000000,0.0000000000000000,-0.0000000000040120,-0.0014670920933077,0.0000000000000000,4.0168898788403684,3.0000008700,14.800
1.0007448429837467,-0.0000000000000000,0.0000000000000000,-0.0000000000023470,-0.0014672103233989,0.0000000000000000,4.0171898939113273,3.0000008698,14.801
1.0007448753261865,-0.0000000000000000,0.0000000000000000,-0.0000000000053140,-0.0014673285068265,0.0000000000000000,4.0174898707846554,3.0000008695,14.802
1.0007449076767567,-0.0000000000000000,0.0000000000000000,-0.0000000000047729,-0.0014674466764301,0.0000000000000000,4.0177898800440826,3.0000008693,14.803
1.0007449400419870,-0.0000000000000000,0.0000000000000000,-0.0000000000045756,-0.0014675648609584,0.0000000000000000,4.0180900042193635,3.0000008690,14.804
1.0007449724153608,-0.0000000000000000,0.0000000000000000,-0.0000000000022600,-0.0014676830337964,0.0000000000000000,4.0183901660520238,3.0000008687,14.805
1.0007450047584288,-0.0000000000000000,0.0000000000000000,-0.0000000000048455,-0.0014678010639767,0.0000000000000000,4.0186900480351113,3.0000008685,14.806
1.0007450371831201,-0.0000000000000000,0.0000000000000000,0.0000000000009427,-0.0014679193419353,0.0000000000000000,4.0189906229961183,3.0000008682,14.807
1.0007450695540225,-0.0000000000000000,0.0000000000000000,0.0000000000007854,-0.0014680373927272,0.0000000000000000,4.0192906998586873,3.0000008680,14.808
1.0007451019317319,-0.0000000000000000,0.0000000000000000,0.0000000000008453,-0.0014681554293664,0.0000000000000000,4.0195908133182208,3.0000008677,14.809
1.0007451343047906,-0.0000000000000000,0.0000000000000000,0.0000000000008284,-0.0014682734104848,0.0000000000000000,4.0198908612796496,3.0000008674,14.810
