x0_n,y0_n,z0_n,dx0_n,dy0_n,dz0_n,bin_neckSection,latitude,longitude
1.020461701526617, -0.009654816395748, -0.005152545304147, -0.012251008694877, -0.003980594023686, 0.000000000000000, 4, 12.5, 19.8
1.020461701526617, -0.001980848283693, -0.004556508945930, -0.016679287033041, 0.009629790858417, 0.004093750468933, 2, -14.4, -157.1
1.020461701526617, -0.002651389186689, -0.004258490766821, -0.018349133957488, -0.005961995031604, -0.004100943273928, 2, 14.9, -48.6
1.020461701526617, -0.002725893731466, -0.004183986222043, -0.018378140858518, -0.005971419945075, -0.004107426176933, 2, 14.2, -50.8
1.020461701526617, -0.003098416455352, -0.003811463498157, -0.018498166119151, -0.006010418516300, -0.004134251245977, 2, 12.7, -52.5
1.020461701526617, -0.003172921000129, -0.003736958953380, -0.018517198680182, -0.006016602570249, -0.004138504931918, 2, 12.7, -51.4
1.020461701526617, 0.004650056201480, -0.003736958953380, -0.017803041210681, -0.005784558742197, -0.003978894168933, 2, 13.1, -25.3
1.020461701526617, 0.004650056201480, -0.003662454408603, -0.017850484793777, -0.005799974096804, -0.003989497581793, 2, 12.9, -24.8
1.020461701526617, -0.004514002806119, -0.003587949863826, -0.017973854499580, 0.005840059344138, -0.004017070118262, 2, 13.8, -151.2
1.020461701526617, 0.004650056201480, -0.003587949863826, -0.017896912263021, -0.005815059296008, -0.003999873898090, 2, 12.7, -24.3
1.020461701526617, -0.003396434634461, -0.003513445319048, -0.019846549690282, 0.002085956427859, 0.000000000000000, 2, 10.0, -144.4
1.020461701526617, 0.004650056201480, -0.003513445319048, -0.017942327949291, -0.005829815746995, -0.004010024085754, 2, 12.5, -23.7
1.020461701526617, -0.005557066433001, -0.003438940774271, -0.015858855022767, -0.009156114216434, -0.003892384312206, 2, 11.9, -65.3
1.020461701526617, 0.004575551656703, -0.003438940774271, -0.018029092595656, -0.005858007289536, -0.004029415567322, 2, 11.6, -26.8
1.020461701526617, 0.004650056201480, -0.003438940774271, -0.017986736024217, -0.005844244805210, -0.004019949077124, 2, 12.3, -23.1
1.020461701526617, -0.004215984627010, -0.003364436229494, -0.018267134860831, 0.005935351910027, -0.004082616869822, 2, 12.6, -149.7
1.020461701526617, 0.004575551656703, -0.003364436229494, -0.018072467961391, -0.005872100800194, -0.004039109753150, 2, 11.3, -26.6
1.020461701526617, -0.005631570977778, -0.003289931684717, -0.015891007236171, -0.009174677305498, -0.003900275724977, 2, 11.8, -62.9
1.020461701526617, 0.003234469850713, -0.003289931684717, -0.014403129848929, 0.011486112771139, 0.008202133977419, 2, -14.6, 11.0
1.020461701526617, 0.004575551656703, -0.003289931684717, -0.018114844686091, -0.005885869832711, -0.004048580747505, 2, 11.1, -26.5
1.020461701526617, -0.004290489171788, -0.003215427139939, -0.019576342008928, -0.002057556456148, 0.000000000000000, 2, 9.0, -138.8
1.020461701526617, 0.004575551656703, -0.003215427139939, -0.018156226461360, -0.005899315586561, -0.004057829375443, 2, 10.8, -26.3
1.020461701526617, -0.004290489171788, -0.003140922595162, -0.019619423303803, -0.002062084482700, 0.000000000000000, 2, 9.0, -136.5
1.020461701526617, 0.004575551656703, -0.003140922595162, -0.018196616840706, -0.005912439216349, -0.004066856431156, 2, 10.6, -26.2
1.020461701526617, 0.004575551656703, -0.003066418050385, -0.018236019243918, -0.005925241833231, -0.004075662678949, 2, 10.3, -26.0
1.020461701526617, -0.005259048253892, -0.002991913505608, -0.010936376741682, -0.013713782671806, -0.007809572224312, 2, 14.8, -66.9
1.020461701526617, 0.004575551656703, -0.002991913505608, -0.018274436961291, -0.005937724506290, -0.004084248854189, 2, 10.0, -25.9
1.020461701526617, -0.005780580067332, -0.002917408960831, -0.015977341728390, -0.009224522547820, -0.003921465591625, 2, 9.9, -66.6
1.020461701526617, 0.001073838052173, -0.002917408960831, -0.015258895372214, 0.013739171104659, 0.004364396042342, 2, -9.3, 12.6
1.020461701526617, -0.003321930089684, -0.002842904416053, -0.020265075746851, 0.002129945288974, 0.000000000000000, 2, 8.1, -141.4
1.020461701526617, -0.006302111880773, -0.002768399871276, -0.013465119719194, -0.012124048252117, -0.003851334829854, 2, 10.1, -71.7
1.020461701526617, -0.003321930089684, -0.002768399871276, -0.020302717797582, 0.002133901627930, 0.000000000000000, 2, 7.5, -144.3
1.020461701526617, -0.003321930089684, -0.002693895326499, -0.020339331810998, 0.002137749915810, 0.000000000000000, 2, 7.0, -146.1
1.020461701526617, 0.001148342596950, -0.002693895326499, -0.015332977714263, 0.013805875145051, 0.004385585300972, 1, -9.0, 12.7
1.020461701526617, -0.002427875552357, -0.002619390781722, -0.019807165626214, 0.006435738238504, 0.000000000000000, 2, 8.1, -152.1
1.020461701526617, -0.006376616425550, -0.002544886236944, -0.013500037394789, -0.012155488268440, -0.003861322090495, 2, 9.7, -69.4
1.020461701526617, 0.008226274350787, -0.002544886236944, -0.015611455967899, -0.005072469530843, -0.003489085397497, 3, 10.1, -12.5
1.020461701526617, -0.002353371007580, -0.002470381692167, -0.019894467384136, 0.006464104299169, 0.000000000000000, 2, 8.0, -148.3
1.020461701526617, 0.001222847141728, -0.002470381692167, -0.015399854688742, 0.013866091443343, 0.004404713658275, 1, -8.3, 9.5
1.020461701526617, 0.008300778895564, -0.002470381692167, -0.015568471157453, -0.005058502919291, -0.003479478498899, 3, 9.6, -14.3
1.020461701526617, 0.001222847141728, -0.002395877147390, -0.015423502337364, 0.013887383881800, 0.004411477431244, 1, -9.0, 14.8
1.020461701526617, 0.008375283440342, -0.002321372602613, -0.015555463162468, -0.005054276365511, -0.003476571274522, 3, 9.3, -12.6
1.020461701526617, -0.006451120970327, -0.002246868057835, -0.013550526228102, -0.012200948618147, -0.003875763061412, 2, 8.1, -73.3
1.020461701526617, -0.004886525530005, -0.002246868057835, -0.007850685391860, -0.016302116193955, -0.008055960665633, 2, 13.6, -71.1
1.020461701526617, -0.004364993716565, -0.002246868057835, -0.020013045674472, -0.002103455860952, 0.000000000000000, 2, 5.9, -140.5
1.020461701526617, -0.002278866462802, -0.002246868057835, -0.020006238921820, 0.006500421073241, 0.000000000000000, 1, 6.6, -153.4
1.020461701526617, 0.008449787985119, -0.002246868057835, -0.015508173696095, -0.005038911086462, -0.003466002306009, 3, 8.7, -14.6
1.020461701526617, -0.004364993716565, -0.002172363513058, -0.020042690585205, -0.002106571666625, 0.000000000000000, 2, 5.7, -139.4
1.020461701526617, 0.008449787985119, -0.002172363513058, -0.015537813808675, -0.005048541742838, -0.003472626728753, 3, 8.9, -10.8
1.020461701526617, 0.009045824343337, -0.002172363513058, -0.014252473764713, -0.003253034130713, -0.006508799345437, 3, 12.6, -5.3
1.020461701526617, -0.004364993716565, -0.002097858968281, -0.020071317558859, -0.002109580482798, 0.000000000000000, 2, 5.6, -138.2
1.020461701526617, 0.001297351686505, -0.002097858968281, -0.015501715893108, 0.013957807683710, 0.004433848312283, 1, -8.1, 9.9
1.020461701526617, 0.008524292529896, -0.002097858968281, -0.015487883856641, -0.005032318517990, -0.003461467624381, 3, 8.3, -13.7
1.020461701526617, -0.008313734589758, -0.002023354423504, -0.014648564049502, 0.008457352397221, 0.000000000000000, 3, -6.4, 14.2
1.020461701526617, -0.006302111880773, -0.002023354423504, -0.010840125918091, -0.014920153329292, -0.003920036925447, 2, 8.1, -76.6
1.020461701526617, -0.004364993716565, -0.002023354423504, -0.020098928596474, -0.002112482519792, 0.000000000000000, 2, 5.6, -136.8
1.020461701526617, 0.001297351686505, -0.002023354423504, -0.015521692364119, 0.013975794579000, 0.004439562043775, 1, -8.4, 12.9
1.020461701526617, 0.008524292529896, -0.002023354423504, -0.015515525877180, -0.005041299954907, -0.003467645483155, 3, 8.6, -8.7
1.020461701526617, 0.008598797074673, -0.002023354423504, -0.015436274261236, -0.005015549543928, -0.003449933127786, 3, 7.8, -15.6
1.020461701526617, 0.009120328888114, -0.002023354423504, -0.014226116298603, -0.003247018211071, -0.006496762455491, 3, 11.7, -7.5
1.020461701526617, -0.006525625515105, -0.001948849878727, -0.013588409805354, -0.012235059144317, -0.003886598638339, 2, 7.3, -72.4
1.020461701526617, -0.004364993716565, -0.001948849878727, -0.020125525609174, -0.002115277978472, 0.000000000000000, 2, 5.5, -135.0
1.020461701526617, 0.008598797074673, -0.001948849878727, -0.015462951082374, -0.005024217368549, -0.003455895269132, 3, 7.8, -13.1
1.020461701526617, -0.004961030074783, -0.001874345333949, -0.007886856735962, -0.016377226763927, -0.008093077797548, 2, 12.8, -69.7
1.020461701526617, 0.008673301619451, -0.001874345333949, -0.015408690854706, -0.005006587151858, -0.003443768368962, 3, 7.3, -15.3
1.020461701526617, 0.009194833432891, -0.001874345333949, -0.014195231629947, -0.003239968986992, -0.006482658089158, 3, 10.8, -9.3
1.020461701526617, -0.009654816395748, -0.001799840789172, -0.014305412660659, 0.004648110336188, -0.003197190993723, 3, -7.1, 18.6
1.020461701526617, -0.003247425544906, -0.001799840789172, -0.020731347190700, 0.002178952392506, 0.000000000000000, 2, 5.0, -140.3
1.020461701526617, 0.008673301619451, -0.001799840789172, -0.015433374195092, -0.005014607255318, -0.003449284976938, 3, 7.3, -12.9
1.020461701526617, -0.005631570977778, -0.001725336244395, -0.007750517830196, -0.017407948063421, -0.004050344244105, 2, 7.9, -79.1
1.020461701526617, -0.003247425544906, -0.001725336244395, -0.020754785898919, 0.002181415900009, 0.000000000000000, 2, 4.6, -142.3
1.020461701526617, 0.008747806164228, -0.001725336244395, -0.015376456536948, -0.004996113587124, -0.003436564153826, 3, 6.7, -15.3
1.020461701526617, -0.006376616425550, -0.001650831699618, -0.010876941857495, -0.014970826122672, -0.003933350409349, 2, 7.0, -76.0
1.020461701526617, -0.005184543709114, -0.001650831699618, -0.018850405044399, -0.006124867880893, 0.000000000000000, 2, 5.4, -60.8
1.020461701526617, -0.004439498261342, -0.001650831699618, -0.015078551114815, 0.013576788405931, 0.000000000000000, 2, -4.1, 16.1
1.020461701526617, -0.003247425544906, -0.001650831699618, -0.020777224008346, 0.002183774240341, 0.000000000000000, 2, 4.3, -143.7
1.020461701526617, 0.008747806164228, -0.001650831699618, -0.015399149434270, -0.005003486956428, -0.003441635907340, 3, 6.8, -13.0
1.020461701526617, -0.010921393656961, -0.001576327154840, -0.013270486317931, -0.001394784316050, -0.002836266307022, 3, -7.4, 17.8
1.020461701526617, -0.003247425544906, -0.001576327154840, -0.020798662843419, 0.002186027552706, 0.000000000000000, 2, 4.0, -144.7
1.020461701526617, -0.002055352828471, -0.001576327154840, -0.020285367591335, 0.006591115475749, 0.000000000000000, 1, 4.6, -151.6
1.020461701526617, 0.008747806164228, -0.001576327154840, -0.015420820870328, -0.005010528432849, -0.003446479369170, 3, 7.0, -9.3
1.020461701526617, -0.011070402746516, -0.001501822610063, -0.012495351440860, -0.004059985794488, -0.002792651008243, 3, -7.7, 20.2
1.020461701526617, -0.003247425544906, -0.001501822610063, -0.020819103659152, 0.002188175969012, 0.000000000000000, 1, 3.7, -145.5
1.020461701526617, 0.008822310709005, -0.001501822610063, -0.015360270389519, -0.004990854389018, -0.003432946627648, 3, 6.2, -13.6
1.020461701526617, -0.003247425544906, -0.001427318065286, -0.020838547642701, 0.002190219614033, 0.000000000000000, 1, 3.5, -146.3
1.020461701526617, 0.008822310709005, -0.001427318065286, -0.015379955983314, -0.004997250626174, -0.003437346263274, 3, 6.3, -10.8
1.020461701526617, -0.005259048253892, -0.001352813520509, -0.018879148535534, -0.006134207207302, 0.000000000000000, 2, 4.4, -61.5
1.020461701526617, -0.003247425544906, -0.001352813520509, -0.020856995914782, 0.002192158605562, 0.000000000000000, 1, 3.2, -146.9
1.020461701526617, 0.005618615283584, -0.001352813520509, -0.018635931690561, -0.006055181263914, 0.000000000000000, 2, 4.5, -25.0
1.020461701526617, 0.008896815253782, -0.001352813520509, -0.015316727918457, -0.004976706582547, -0.003423215094582, 3, 5.5, -14.3
1.020461701526617, -0.005706075522555, -0.001278308975731, -0.007777165156079, -0.017467798937279, -0.004064269874027, 2, 6.9, -75.9
1.020461701526617, -0.005259048253892, -0.001278308975731, -0.018896033314077, -0.006139693404417, 0.000000000000000, 2, 4.1, -64.5
1.020461701526617, -0.003247425544906, -0.001278308975731, -0.020874449531038, 0.002193993054552, 0.000000000000000, 1, 3.0, -147.4
1.020461701526617, -0.001980848283693, -0.001278308975731, -0.020376465328581, 0.006620714924863, 0.000000000000000, 1, 3.8, -150.8
1.020461701526617, 0.005618615283584, -0.001278308975731, -0.018652873455580, -0.006060685977058, 0.000000000000000, 2, 4.3, -25.0
1.020461701526617, 0.008896815253782, -0.001278308975731, -0.015334428040880, -0.004982457700948, -0.003427170986897, 3, 5.6, -12.2
1.020461701526617, 0.010237897059773, -0.001278308975731, -0.014344338881259, -0.001507650768506, -0.003065778004718, 3, 7.0, -0.8
1.020461701526617, -0.009952834574857, -0.001203804430954, -0.014417692792526, 0.004684592362527, 0.000000000000000, 3, -4.0, 15.1
1.020461701526617, -0.004588507350897, -0.001203804430954, -0.015098538512390, 0.013594785139542, 0.000000000000000, 2, -2.9, 15.7
1.020461701526617, -0.004439498261342, -0.001203804430954, -0.004149760987967, -0.019523090491128, -0.004242469116986, 2, 7.7, -74.9
1.020461701526617, 0.005618615283584, -0.001203804430954, -0.018668849073253, -0.006065876769899, 0.000000000000000, 2, 4.0, -25.1
1.020461701526617, 0.008896815253782, -0.001203804430954, -0.015351113759573, -0.004987879219597, -0.003430900164852, 3, 5.8, -8.8
1.020461701526617, -0.004439498261342, -0.001129299886177, -0.004152941207683, -0.019538052248558, -0.004245720384702, 2, 6.9, -80.6
1.020461701526617, 0.005618615283584, -0.001129299886177, -0.018683859733409, -0.006070754029037, 0.000000000000000, 2, 3.8, -25.2
1.020461701526617, 0.009790869791109, -0.001129299886177, -0.014064103228004, -0.000000000000000, -0.006261742190248, 3, 10.4, -2.2
1.020461701526617, -0.006674634604659, -0.001054795341400, -0.016291806818916, -0.009406079052487, 0.000000000000000, 2, 3.5, -66.1
1.020461701526617, 0.005618615283584, -0.001054795341400, -0.018697906547776, -0.006075318115695, 0.000000000000000, 2, 3.5, -25.3
1.020461701526617, 0.007481228903015, -0.001054795341400, -0.014868726555614, 0.007160401323173, 0.007347627440203, 2, -10.4, 5.5
1.020461701526617, 0.008971319798560, -0.001054795341400, -0.015298924845735, -0.004970922013566, -0.003419236193371, 3, 4.9, -11.6
1.020461701526617, -0.006674634604659, -0.000980290796623, -0.016303876745092, -0.009413047627613, 0.000000000000000, 2, 3.2, -70.6
1.020461701526617, -0.005333552798669, -0.000980290796623, -0.018904923706826, -0.006142582068128, 0.000000000000000, 2, 3.2, -61.4
1.020461701526617, 0.005618615283584, -0.000980290796623, -0.018710990551333, -0.006079569366156, 0.000000000000000, 2, 3.3, -25.3
1.020461701526617, 0.008971319798560, -0.000980290796623, -0.015312614610842, -0.004975370087886, -0.003422295790094, 3, 5.1, -8.0
1.020461701526617, 0.010312401604550, -0.000980290796623, -0.014308963572676, -0.001503932673751, -0.003058217332604, 3, 5.6, -6.5
1.020461701526617, -0.006749139149436, -0.000905786251845, -0.011034882998722, -0.015188213453956, 0.000000000000000, 2, 2.9, -73.8
1.020461701526617, -0.005333552798669, -0.000905786251845, -0.018917013877302, -0.006146510402647, 0.000000000000000, 2, 2.9, -63.8
1.020461701526617, -0.004663011895674, -0.000905786251845, -0.015107087696429, 0.013602482859427, 0.000000000000000, 2, -2.1, 13.9
1.020461701526617, -0.001906343738916, -0.000905786251845, -0.020463615037931, 0.006649031581952, 0.000000000000000, 1, 2.8, -148.7
1.020461701526617, 0.005618615283584, -0.000905786251845, -0.018723112703441, -0.006083508092136, 0.000000000000000, 2, 3.0, -25.4
1.020461701526617, 0.009120328888114, -0.000905786251845, -0.015496623778926, -0.005035158290884, 0.000000000000000, 3, 3.1, -10.7
1.020461701526617, 0.010312401604550, -0.000905786251845, -0.014323039704201, -0.001505412134790, -0.003061225787353, 3, 5.7, -3.3
1.020461701526617, -0.005333552798669, -0.000831281707068, -0.018928145741011, -0.006150127364422, 0.000000000000000, 2, 2.6, -65.5
1.020461701526617, -0.001906343738916, -0.000831281707068, -0.020474582598066, 0.006652595158259, 0.000000000000000, 1, 2.4, -152.3
1.020461701526617, 0.005618615283584, -0.000831281707068, -0.018734273888885, -0.006087134581121, 0.000000000000000, 2, 2.8, -25.5
1.020461701526617, 0.009120328888114, -0.000831281707068, -0.015508620556162, -0.005039056280100, 0.000000000000000, 3, 2.8, -9.5
1.020461701526617, 0.009865374335886, -0.000831281707068, -0.014026818775278, -0.000000000000000, -0.006245142082378, 3, 9.3, -3.1
1.020461701526617, -0.006004093701664, -0.000756777162291, -0.007897482895144, -0.017738037003772, 0.000000000000000, 2, 2.3, -76.8
1.020461701526617, -0.005333552798669, -0.000756777162291, -0.018938320076094, -0.006153433206286, 0.000000000000000, 2, 2.4, -66.7
1.020461701526617, 0.005544110738807, -0.000756777162291, -0.018796106338295, -0.006107225161800, 0.000000000000000, 2, 2.5, -28.7
1.020461701526617, 0.005618615283584, -0.000756777162291, -0.018744474918888, -0.006090449096690, 0.000000000000000, 2, 2.5, -25.5
1.020461701526617, 0.005693119828361, -0.000756777162291, -0.018692157981400, -0.006073450293254, 0.000000000000000, 2, 2.6, -19.5
1.020461701526617, 0.009045824343337, -0.000756777162291, -0.015264438688668, -0.004959716781888, -0.003411528702969, 3, 4.2, -9.3
1.020461701526617, 0.009120328888114, -0.000756777162291, -0.015519582958305, -0.005042618180474, 0.000000000000000, 3, 2.5, -7.5
1.020461701526617, -0.007941211865872, -0.000682272617514, -0.015728534998385, 0.003589935475098, -0.007182884879651, 3, 12.0, -153.8
1.020461701526617, 0.005544110738807, -0.000682272617514, -0.018805341366598, -0.006110225804391, 0.000000000000000, 2, 2.2, -28.7
1.020461701526617, 0.005618615283584, -0.000682272617514, -0.018753716532068, -0.006093451878837, 0.000000000000000, 2, 2.3, -25.6
1.020461701526617, 0.005693119828361, -0.000682272617514, -0.018701406391062, -0.006076455283712, 0.000000000000000, 2, 2.3, -19.6
1.020461701526617, 0.009194833432891, -0.000682272617514, -0.015442841623439, -0.005017683409261, 0.000000000000000, 3, 2.4, -13.9
1.020461701526617, 0.009343842522446, -0.000682272617514, -0.014297164093967, 0.003263234406733, 0.006529208461118, 3, -8.2, 4.6
1.020461701526617, 0.005544110738807, -0.000607768072736, -0.018813618346665, -0.006112915158240, 0.000000000000000, 2, 2.0, -28.7
1.020461701526617, 0.005618615283584, -0.000607768072736, -0.018761999395180, -0.006096143144204, 0.000000000000000, 2, 2.0, -25.6
1.020461701526617, 0.005693119828361, -0.000607768072736, -0.018709695326536, -0.006079148522108, 0.000000000000000, 2, 2.1, -19.8
1.020461701526617, 0.009194833432891, -0.000607768072736, -0.015451763793785, -0.005020582398139, 0.000000000000000, 3, 2.1, -13.4
1.020461701526617, 0.009269337977669, -0.000607768072736, -0.015364285679072, 0.004992159035680, 0.000000000000000, 3, 1.2, 7.9
1.020461701526617, 0.001520865320836, -0.000533263527959, -0.016090207416392, 0.014487687831310, 0.000000000000000, 1, -0.1, 9.9
1.020461701526617, 0.005544110738807, -0.000533263527959, -0.018820937867595, -0.006115293414758, 0.000000000000000, 2, 1.7, -28.8
1.020461701526617, 0.005618615283584, -0.000533263527959, -0.018769324103955, -0.006098523086354, 0.000000000000000, 2, 1.8, -25.6
1.020461701526617, 0.005693119828361, -0.000533263527959, -0.018717025390265, -0.006081530204188, 0.000000000000000, 2, 1.8, -19.9
1.020461701526617, 0.006959697089574, -0.000533263527959, -0.016137899340260, 0.009317220528254, 0.000000000000000, 2, 0.7, 8.8
1.020461701526617, 0.008971319798560, -0.000533263527959, -0.013343350878115, 0.000839492480545, -0.009713679606873, 3, 14.5, -0.7
1.020461701526617, 0.009194833432891, -0.000533263527959, -0.015459652590414, -0.005023145623544, 0.000000000000000, 3, 1.8, -13.0
1.020461701526617, 0.010163392514995, -0.000533263527959, -0.014580409295201, 0.001532462768833, -0.003116232716407, 3, 5.2, -1.4
1.020461701526617, -0.008537248224090, -0.000458758983182, -0.014754346592147, 0.008518425976693, 0.000000000000000, 3, -1.5, 19.3
1.020461701526617, -0.004737516440451, -0.000458758983182, -0.015113843246158, 0.013608565583724, 0.000000000000000, 2, -1.0, 11.3
1.020461701526617, 0.001520865320836, -0.000458758983182, -0.016095095598539, 0.014492089170285, 0.000000000000000, 1, -0.2, 11.0
1.020461701526617, 0.005544110738807, -0.000458758983182, -0.018827300448931, -0.006117360742752, 0.000000000000000, 2, 1.5, -28.8
1.020461701526617, 0.005618615283584, -0.000458758983182, -0.018775691183705, -0.006100591875972, 0.000000000000000, 2, 1.5, -25.7
1.020461701526617, 0.005693119828361, -0.000458758983182, -0.018723397113430, -0.006083600502544, 0.000000000000000, 2, 1.5, -20.0
1.020461701526617, 0.006959697089574, -0.000458758983182, -0.016143797333559, 0.009320625736273, 0.000000000000000, 2, 0.5, 10.2
1.020461701526617, 0.009194833432891, -0.000458758983182, -0.015466509046106, -0.005025373421044, 0.000000000000000, 3, 1.6, -12.5
1.020461701526617, 0.009939878880664, -0.000458758983182, -0.013979353759710, -0.000000000000000, -0.006224009295899, 3, 8.3, -2.1
1.020461701526617, 0.010163392514995, -0.000458758983182, -0.014587730032513, 0.001533232209329, -0.003117797358431, 3, 5.2, 1.8
1.020461701526617, 0.010386906149327, -0.000458758983182, -0.014280661856154, -0.001500958043479, -0.003052168480808, 3, 4.0, -5.9
1.020461701526617, 0.010535915238881, -0.000458758983182, -0.014385172749854, -0.001511942581038, 0.000000000000000, 3, 1.5, -5.3
1.020461701526617, -0.010474366388298, -0.000384254438405, -0.010820587351573, -0.009742900613034, 0.000000000000000, 3, 0.0, -154.3
1.020461701526617, -0.007047157328545, -0.000384254438405, -0.013797987336743, -0.012423763601174, 0.000000000000000, 2, 1.2, -69.9
1.020461701526617, -0.005408057343446, -0.000384254438405, -0.018925178434281, -0.006149163228020, 0.000000000000000, 2, 1.3, -59.1
1.020461701526617, -0.004737516440451, -0.000384254438405, -0.015118040740351, 0.013612345024471, 0.000000000000000, 2, -0.9, 14.1
1.020461701526617, -0.004439498261342, -0.000384254438405, -0.020409688750191, -0.002145144728099, 0.000000000000000, 2, 0.9, -141.8
1.020461701526617, 0.001520865320836, -0.000384254438405, -0.016099249135549, 0.014495829031806, 0.000000000000000, 1, -0.2, 12.2
1.020461701526617, 0.005544110738807, -0.000384254438405, -0.018832706541177, -0.006119117288603, 0.000000000000000, 2, 1.3, -28.8
1.020461701526617, 0.005618615283584, -0.000384254438405, -0.018781101089916, -0.006102349661055, 0.000000000000000, 2, 1.3, -25.7
1.020461701526617, 0.005693119828361, -0.000384254438405, -0.018728810956682, -0.006085359566849, 0.000000000000000, 2, 1.3, -20.1
1.020461701526617, 0.006959697089574, -0.000384254438405, -0.016148808508266, 0.009323518939339, 0.000000000000000, 2, 0.4, 12.0
1.020461701526617, 0.009194833432891, -0.000384254438405, -0.015472334056322, -0.005027266081594, 0.000000000000000, 3, 1.3, -12.1
1.020461701526617, 0.010386906149327, -0.000384254438405, -0.014286957333811, -0.001501619724844, -0.003053513996770, 3, 3.9, -3.7
1.020461701526617, 0.010535915238881, -0.000384254438405, -0.014391665220847, -0.001512624967237, 0.000000000000000, 3, 1.2, -4.5
1.020461701526617, -0.007047157328545, -0.000309749893627, -0.013801532015326, -0.012426955244106, 0.000000000000000, 2, 1.0, -72.5
1.020461701526617, -0.005408057343446, -0.000309749893627, -0.018929622948958, -0.006150607338379, 0.000000000000000, 2, 1.0, -61.0
1.020461701526617, -0.004737516440451, -0.000309749893627, -0.015121495919165, 0.013615456081449, 0.000000000000000, 2, -0.8, 17.8
1.020461701526617, -0.004439498261342, -0.000309749893627, -0.020414304238504, -0.002145629835469, 0.000000000000000, 2, 0.8, -141.7
1.020461701526617, 0.001520865320836, -0.000309749893627, -0.016102668224763, 0.014498907593563, 0.000000000000000, 1, -0.2, 13.4
1.020461701526617, 0.005544110738807, -0.000309749893627, -0.018837156526226, -0.006120563176393, 0.000000000000000, 2, 1.0, -28.8
1.020461701526617, 0.005618615283584, -0.000309749893627, -0.018785554208799, -0.006103796567090, 0.000000000000000, 2, 1.0, -25.7
1.020461701526617, 0.005693119828361, -0.000309749893627, -0.018733267310543, -0.006086807523991, 0.000000000000000, 2, 1.0, -20.1
1.020461701526617, 0.009120328888114, -0.000309749893627, -0.015223601453058, 0.004946447959699, -0.003402401777028, 3, 5.7, 2.6
1.020461701526617, 0.009194833432891, -0.000309749893627, -0.015477128380213, -0.005028823851856, 0.000000000000000, 3, 1.1, -11.8
1.020461701526617, 0.010386906149327, -0.000309749893627, -0.014292138537357, -0.001502164291280, -0.003054621361843, 3, 4.1, -0.2
1.020461701526617, 0.010535915238881, -0.000309749893627, -0.014397008494526, -0.001513186567931, 0.000000000000000, 3, 1.0, -3.8
1.020461701526617, -0.010995898201738, -0.000235245348850, -0.013112096559138, -0.004260378430972, 0.000000000000000, 3, 0.5, 16.3
1.020461701526617, -0.007047157328545, -0.000235245348850, -0.013804315278611, -0.012429461305624, 0.000000000000000, 2, 0.8, -73.7
1.020461701526617, -0.005408057343446, -0.000235245348850, -0.018933112851556, -0.006151741276471, 0.000000000000000, 2, 0.8, -61.9
1.020461701526617, -0.004439498261342, -0.000235245348850, -0.020417928432916, -0.002146010753651, 0.000000000000000, 2, 0.6, -141.6
1.020461701526617, 0.001520865320836, -0.000235245348850, -0.016105353028244, 0.014501325001475, 0.000000000000000, 1, -0.2, 14.6
1.020461701526617, 0.003606992574599, -0.000235245348850, -0.020854057335457, -0.002191849748430, 0.000000000000000, 1, -0.7, -154.7
1.020461701526617, 0.005544110738807, -0.000235245348850, -0.018840650717936, -0.006121698508102, 0.000000000000000, 2, 0.8, -28.9
1.020461701526617, 0.005618615283584, -0.000235245348850, -0.018789050857649, -0.006104932697172, 0.000000000000000, 2, 0.8, -25.7
1.020461701526617, 0.005693119828361, -0.000235245348850, -0.018736766495936, -0.006087944478246, 0.000000000000000, 2, 0.8, -20.2
1.020461701526617, 0.009120328888114, -0.000235245348850, -0.015227273469326, 0.004947641070109, -0.003403222455020, 3, 5.6, 5.6
1.020461701526617, 0.009194833432891, -0.000235245348850, -0.015480892641546, -0.005030046934505, 0.000000000000000, 3, 0.8, -11.5
1.020461701526617, 0.009269337977669, -0.000235245348850, -0.015393496123871, -0.005001650084531, 0.000000000000000, 3, 0.8, -16.0
1.020461701526617, 0.010535915238881, -0.000235245348850, -0.014401203504699, -0.001513627481267, 0.000000000000000, 3, 0.7, -3.1
1.020461701526617, -0.011219411836070, -0.000160740804073, -0.011636415606634, -0.006718287682893, 0.000000000000000, 3, -0.4, 22.1
1.020461701526617, -0.010772384567407, -0.000160740804073, -0.010273006802683, -0.009249856872235, -0.002938316905575, 3, -4.5, 16.1
1.020461701526617, -0.007047157328545, -0.000160740804073, -0.013806337372340, -0.012431282006995, 0.000000000000000, 2, 0.5, -74.5
1.020461701526617, -0.005408057343446, -0.000160740804073, -0.018935648383292, -0.006152565120672, 0.000000000000000, 2, 0.5, -62.5
1.020461701526617, -0.004737516440451, -0.000160740804073, -0.004231893413951, -0.019909493175380, 0.000000000000000, 2, 0.4, -76.7
1.020461701526617, -0.004439498261342, -0.000160740804073, -0.020420561554553, -0.002146287505887, 0.000000000000000, 2, 0.4, -141.5
1.020461701526617, 0.001520865320836, -0.000160740804073, -0.016107303673051, 0.014503081369949, 0.000000000000000, 1, -0.1, 15.7
1.020461701526617, 0.005544110738807, -0.000160740804073, -0.018843189362360, -0.006122523363677, 0.000000000000000, 2, 0.5, -28.9
1.020461701526617, 0.005618615283584, -0.000160740804073, -0.018791591285306, -0.006105758132155, 0.000000000000000, 2, 0.5, -25.7
1.020461701526617, 0.005693119828361, -0.000160740804073, -0.018739308764450, -0.006088770511360, 0.000000000000000, 2, 0.5, -20.2
1.020461701526617, 0.009194833432891, -0.000160740804073, -0.015483627329345, -0.005030935488434, 0.000000000000000, 3, 0.6, -11.3
1.020461701526617, 0.009269337977669, -0.000160740804073, -0.015396238444351, -0.005002541118468, 0.000000000000000, 3, 0.6, -15.8
1.020461701526617, 0.010535915238881, -0.000160740804073, -0.014404250983352, -0.001513947784180, 0.000000000000000, 3, 0.5, -2.6
1.020461701526617, -0.010027339119634, -0.000086236259296, -0.014459807199130, 0.004698276162728, 0.000000000000000, 3, -0.3, 12.9
1.020461701526617, -0.007047157328545, -0.000086236259296, -0.013807598474841, -0.012432417508787, 0.000000000000000, 2, 0.3, -74.9
1.020461701526617, -0.005408057343446, -0.000086236259296, -0.018937229719184, -0.006153078927850, 0.000000000000000, 2, 0.3, -62.8
1.020461701526617, -0.004737516440451, -0.000086236259296, -0.004232237354785, -0.019911111289779, 0.000000000000000, 2, 0.2, -77.7
1.020461701526617, -0.004439498261342, -0.000086236259296, -0.020422203763932, -0.002146460109048, 0.000000000000000, 2, 0.2, -141.4
1.020461701526617, -0.001831839194139, -0.000086236259296, -0.020549922059869, 0.006677074433303, 0.000000000000000, 1, 0.3, -145.2
1.020461701526617, 0.001520865320836, -0.000086236259296, -0.016108520251380, 0.014504176781996, 0.000000000000000, 1, -0.1, 16.8
1.020461701526617, 0.005544110738807, -0.000086236259296, -0.018844772638052, -0.006123037801134, 0.000000000000000, 2, 0.3, -28.9
1.020461701526617, 0.005618615283584, -0.000086236259296, -0.018793175672310, -0.006106272930699, 0.000000000000000, 2, 0.3, -25.8
1.020461701526617, 0.005693119828361, -0.000086236259296, -0.018740894298701, -0.006089285682667, 0.000000000000000, 2, 0.3, -20.2
1.020461701526617, 0.009194833432891, -0.000086236259296, -0.015485332798536, -0.005031489628966, 0.000000000000000, 3, 0.3, -11.1
1.020461701526617, 0.009269337977669, -0.000086236259296, -0.015397948671179, -0.005003096804849, 0.000000000000000, 3, 0.3, -15.8
1.020461701526617, 0.010535915238881, -0.000086236259296, -0.014406151461645, -0.001514147532498, 0.000000000000000, 3, 0.3, -2.3
1.020461701526617, -0.010027339119634, -0.000011731714519, -0.014460508308165, 0.004698503966862, 0.000000000000000, 3, -0.0, 13.9
1.020461701526617, -0.007047157328545, -0.000011731714519, -0.013808098697223, -0.012432867911043, 0.000000000000000, 2, 0.0, -75.1
1.020461701526617, -0.005408057343446, -0.000011731714519, -0.018937856968338, -0.006153282733455, 0.000000000000000, 2, 0.0, -63.0
1.020461701526617, -0.004737516440451, -0.000011731714519, -0.004232373781886, -0.019911753128828, 0.000000000000000, 2, 0.0, -78.1
1.020461701526617, -0.004439498261342, -0.000011731714519, -0.020422855161048, -0.002146528573644, 0.000000000000000, 2, 0.0, -141.4
1.020461701526617, -0.001831839194139, -0.000011731714519, -0.020550539871419, 0.006677275172444, 0.000000000000000, 1, 0.0, -145.9
1.020461701526617, 0.001520865320836, -0.000011731714519, -0.016109002820665, 0.014504611289332, 0.000000000000000, 1, -0.0, 17.5
1.020461701526617, 0.005544110738807, -0.000011731714519, -0.018845400656329, -0.006123241856642, 0.000000000000000, 2, 0.0, -28.9
1.020461701526617, 0.005618615283584, -0.000011731714519, -0.018793804131221, -0.006106477129377, 0.000000000000000, 2, 0.0, -25.8
1.020461701526617, 0.005693119828361, -0.000011731714519, -0.018741523212483, -0.006089490029142, 0.000000000000000, 2, 0.0, -20.3
1.020461701526617, 0.009194833432891, -0.000011731714519, -0.015486009270285, -0.005031709427961, 0.000000000000000, 3, 0.0, -11.1
1.020461701526617, 0.009269337977669, -0.000011731714519, -0.014420434341256, 0.003291370036263, 0.006585503341439, 3, -9.4, 2.3
1.020461701526617, 0.009269337977669, -0.000011731714519, -0.015398627029510, -0.005003317216832, 0.000000000000000, 3, 0.0, -15.7
1.020461701526617, 0.009269337977669, -0.000011731714519, -0.014420434341256, 0.003291370036263, -0.006585503341439, 3, 9.2, 0.9
1.020461701526617, 0.010535915238881, -0.000011731714519, -0.014406905270540, -0.001514226761005, 0.000000000000000, 3, 0.0, -2.1
1.020461701526617, -0.010027339119634, 0.000062772830259, -0.014460143034762, 0.004698385282339, 0.000000000000000, 3, 0.2, 13.4
1.020461701526617, -0.007047157328545, 0.000062772830259, -0.013807838083585, -0.012432633253469, 0.000000000000000, 2, -0.2, -75.0
1.020461701526617, -0.005408057343446, 0.000062772830259, -0.018937530173983, -0.006153176551532, 0.000000000000000, 2, -0.2, -62.9
1.020461701526617, -0.004737516440451, 0.000062772830259, -0.004232302703880, -0.019911418733099, 0.000000000000000, 2, -0.2, -77.9
1.020461701526617, -0.004439498261342, 0.000062772830259, -0.020422515785556, -0.002146492903842, 0.000000000000000, 2, -0.2, -141.4
1.020461701526617, -0.001831839194139, 0.000062772830259, -0.020550217993656, 0.006677170588019, 0.000000000000000, 1, -0.2, -145.5
1.020461701526617, 0.001520865320836, 0.000062772830259, -0.016108751403664, 0.014504384912447, 0.000000000000000, 1, 0.1, 17.1
1.020461701526617, 0.005544110738807, 0.000062772830259, -0.018845073461271, -0.006123135544523, 0.000000000000000, 2, -0.2, -28.9
1.020461701526617, 0.005618615283584, 0.000062772830259, -0.018793476706621, -0.006106370742676, 0.000000000000000, 2, -0.2, -25.8
1.020461701526617, 0.005693119828361, 0.000062772830259, -0.018741195550900, -0.006089383565440, 0.000000000000000, 2, -0.2, -20.2
1.020461701526617, 0.009194833432891, 0.000062772830259, -0.015485656832274, -0.005031594913909, 0.000000000000000, 3, -0.2, -11.1
1.020461701526617, 0.009269337977669, 0.000062772830259, -0.015398273608647, -0.005003202383433, 0.000000000000000, 3, -0.2, -15.8
1.020461701526617, 0.010535915238881, 0.000062772830259, -0.014406512541233, -0.001514185483492, 0.000000000000000, 3, -0.2, -2.2
1.020461701526617, -0.007047157328545, 0.000137277375036, -0.013806816610931, -0.012431713515361, 0.000000000000000, 2, -0.5, -74.6
1.020461701526617, -0.005408057343446, 0.000137277375036, -0.018936249313601, -0.006152760374766, 0.000000000000000, 2, -0.4, -62.6
1.020461701526617, -0.004737516440451, 0.000137277375036, -0.004232024116268, -0.019910108081434, 0.000000000000000, 2, -0.4, -77.1
1.020461701526617, -0.004439498261342, 0.000137277375036, -0.020421185616804, -0.002146353097473, 0.000000000000000, 2, -0.3, -141.5
1.020461701526617, 0.001520865320836, 0.000137277375036, -0.016107765988534, 0.014503497640679, 0.000000000000000, 1, 0.1, 16.1
1.020461701526617, 0.005544110738807, 0.000137277375036, -0.018843791029957, -0.006122718857330, 0.000000000000000, 2, -0.4, -28.9
1.020461701526617, 0.005618615283584, 0.000137277375036, -0.018792193375297, -0.006105953763052, 0.000000000000000, 2, -0.5, -25.7
1.020461701526617, 0.005693119828361, 0.000137277375036, -0.018739911290481, -0.006088966283935, 0.000000000000000, 2, -0.5, -20.2
1.020461701526617, 0.009194833432891, 0.000137277375036, -0.015484275438824, -0.005031146071969, 0.000000000000000, 3, -0.5, -11.2
1.020461701526617, 0.009269337977669, 0.000137277375036, -0.015396888362035, -0.005002752289525, 0.000000000000000, 3, -0.5, -15.8
1.020461701526617, 0.010535915238881, 0.000137277375036, -0.014404973205366, -0.001514023692773, 0.000000000000000, 3, -0.4, -2.5
1.020461701526617, -0.007047157328545, 0.000211781919813, -0.013805034189302, -0.012430108615717, 0.000000000000000, 2, -0.7, -74.0
1.020461701526617, -0.006972652783768, 0.000211781919813, -0.016146801435898, 0.009322360155567, 0.000000000000000, 2, 0.1, 16.6
1.020461701526617, -0.005408057343446, 0.000211781919813, -0.018934014298848, -0.006152034174451, 0.000000000000000, 2, -0.7, -62.1
1.020461701526617, -0.004737516440451, 0.000211781919813, -0.004231538001462, -0.019907821091080, 0.000000000000000, 2, -0.6, -75.1
1.020461701526617, -0.004439498261342, 0.000211781919813, -0.020418864573793, -0.002146109146022, 0.000000000000000, 2, -0.5, -141.5
1.020461701526617, 0.001520865320836, 0.000211781919813, -0.016106046528756, 0.014501949432141, 0.000000000000000, 1, 0.2, 14.9
1.020461701526617, 0.005544110738807, 0.000211781919813, -0.018841553272216, -0.006121991765765, 0.000000000000000, 2, -0.7, -28.9
1.020461701526617, 0.005618615283584, 0.000211781919813, -0.018789954046093, -0.006105226160887, 0.000000000000000, 2, -0.7, -25.7
1.020461701526617, 0.005693119828361, 0.000211781919813, -0.018737670339041, -0.006088238154673, 0.000000000000000, 2, -0.7, -20.2
1.020461701526617, 0.009120328888114, 0.000211781919813, -0.015228221914060, 0.004947949238484, 0.003403434427861, 3, -5.7, 7.1
1.020461701526617, 0.009194833432891, 0.000211781919813, -0.015481864910815, -0.005030362843941, 0.000000000000000, 3, -0.7, -11.4
1.020461701526617, 0.009269337977669, 0.000211781919813, -0.015394471107364, -0.005001966875871, 0.000000000000000, 3, -0.7, -15.9
1.020461701526617, 0.010535915238881, 0.000211781919813, -0.014402286994921, -0.001513741360678, 0.000000000000000, 3, -0.7, -3.0
1.020461701526617, -0.007047157328545, 0.000286286464590, -0.013802490661514, -0.012427818413011, 0.000000000000000, 2, -0.9, -72.9
1.020461701526617, -0.005408057343446, 0.000286286464590, -0.018930824975462, -0.006150997900465, 0.000000000000000, 2, -0.9, -61.3
1.020461701526617, -0.004737516440451, 0.000286286464590, -0.015122430383470, 0.013616297476889, 0.000000000000000, 2, 0.8, 20.4
1.020461701526617, -0.004439498261342, 0.000286286464590, -0.020415552515093, -0.002145761034625, 0.000000000000000, 2, -0.7, -141.6
1.020461701526617, 0.001520865320836, 0.000286286464590, -0.016103592943087, 0.014499740213681, 0.000000000000000, 1, 0.2, 13.8
1.020461701526617, 0.003979515298485, 0.000286286464590, -0.019332390111273, 0.006281474322411, 0.004320696299862, 2, 5.9, 18.3
1.020461701526617, 0.005544110738807, 0.000286286464590, -0.018838360030670, -0.006120954218691, 0.000000000000000, 2, -0.9, -28.8
1.020461701526617, 0.005618615283584, 0.000286286464590, -0.018786758559888, -0.006104187884480, 0.000000000000000, 2, -1.0, -25.7
1.020461701526617, 0.005693119828361, 0.000286286464590, -0.018734472535668, -0.006087199125373, 0.000000000000000, 2, -1.0, -20.2
1.020461701526617, 0.009120328888114, 0.000286286464590, -0.015224866234679, 0.004946858912158, 0.003402684449643, 3, -5.7, 3.4
1.020461701526617, 0.009194833432891, 0.000286286464590, -0.015478424935515, -0.005029245128211, 0.000000000000000, 3, -1.0, -11.7
1.020461701526617, 0.009269337977669, 0.000286286464590, -0.015391021526249, -0.005000846039023, 0.000000000000000, 3, -1.0, -16.1
1.020461701526617, 0.010535915238881, 0.000286286464590, -0.014398453441875, -0.001513338438017, 0.000000000000000, 3, -0.9, -3.6
1.020461701526617, -0.007047157328545, 0.000360791009368, -0.013799185803126, -0.012424842705152, 0.000000000000000, 2, -1.2, -71.0
1.020461701526617, -0.005408057343446, 0.000360791009368, -0.018926681123119, -0.006149651481221, 0.000000000000000, 2, -1.2, -59.9
1.020461701526617, -0.004737516440451, 0.000360791009368, -0.015119208931597, 0.013613396868594, 0.000000000000000, 2, 0.9, 15.1
1.020461701526617, -0.004439498261342, 0.000360791009368, -0.020411249238676, -0.002145308742048, 0.000000000000000, 2, -0.9, -141.8
1.020461701526617, 0.001520865320836, 0.000360791009368, -0.016100405115474, 0.014496869880806, 0.000000000000000, 1, 0.2, 12.6
1.020461701526617, 0.005544110738807, 0.000360791009368, -0.018834211080565, -0.006119606143084, 0.000000000000000, 2, -1.2, -28.8
1.020461701526617, 0.005618615283584, 0.000360791009368, -0.018782606689424, -0.006102838859990, 0.000000000000000, 2, -1.2, -25.7
1.020461701526617, 0.005693119828361, 0.000360791009368, -0.018730317650518, -0.006085849121352, 0.000000000000000, 2, -1.2, -20.1
1.020461701526617, 0.006959697089574, 0.000360791009368, -0.016150203112414, 0.009324324114419, 0.000000000000000, 2, -0.3, 12.9
1.020461701526617, 0.009194833432891, 0.000360791009368, -0.015473955066157, -0.005027792779617, 0.000000000000000, 3, -1.2, -12.0
1.020461701526617, 0.010386906149327, 0.000360791009368, -0.014288709186173, -0.001501803851946, 0.003053888415590, 3, -4.0, -2.9
1.020461701526617, 0.010535915238881, 0.000360791009368, -0.014393471877562, -0.001512814854509, 0.000000000000000, 3, -1.2, -4.3
1.020461701526617, -0.004737516440451, 0.000435295554145, -0.015115245238424, 0.013609827943231, 0.000000000000000, 2, 0.9, 12.1
1.020461701526617, -0.004439498261342, 0.000435295554145, -0.020405954481714, -0.002144752240667, 0.000000000000000, 2, -1.1, -141.9
1.020461701526617, 0.001520865320836, 0.000435295554145, -0.016096482894891, 0.014493338297530, 0.000000000000000, 1, 0.2, 11.4
1.020461701526617, 0.005544110738807, 0.000435295554145, -0.018829106129449, -0.006117947443918, 0.000000000000000, 2, -1.4, -28.8
1.020461701526617, 0.005618615283584, 0.000435295554145, -0.018777498138939, -0.006101178991318, 0.000000000000000, 2, -1.4, -25.7
1.020461701526617, 0.005693119828361, 0.000435295554145, -0.018725205384530, -0.006084188045440, 0.000000000000000, 2, -1.5, -20.0
1.020461701526617, 0.006959697089574, 0.000435295554145, -0.016145471125760, 0.009321592100651, 0.000000000000000, 2, -0.5, 10.7
1.020461701526617, 0.009194833432891, 0.000435295554145, -0.014485826252199, 0.003306295313214, 0.006615366425853, 3, -10.6, 3.5
1.020461701526617, 0.009194833432891, 0.000435295554145, -0.015468454721487, -0.005026005609298, 0.000000000000000, 3, -1.5, -12.4
1.020461701526617, 0.009939878880664, 0.000435295554145, -0.013981282738455, -0.000000000000000, 0.006224868132569, 3, -8.6, -0.2
1.020461701526617, 0.010163392514995, 0.000435295554145, -0.014589807369652, 0.001533450546261, 0.003118241342261, 3, -5.2, 3.4
1.020461701526617, 0.010386906149327, 0.000435295554145, -0.014282764728323, -0.001501179064250, 0.003052617922173, 3, -3.9, -5.3
1.020461701526617, 0.010535915238881, 0.000435295554145, -0.014387341431844, -0.001512170518700, 0.000000000000000, 3, -1.4, -5.0
1.020461701526617, -0.008537248224090, 0.000509800098922, -0.014750260481728, 0.008516066859743, 0.000000000000000, 3, 1.6, 12.5
1.020461701526617, 0.001520865320836, 0.000509800098922, -0.016091826095128, 0.014489145296190, 0.000000000000000, 1, 0.1, 10.2
1.020461701526617, 0.005544110738807, 0.000509800098922, -0.018823044816876, -0.006115978004078, 0.000000000000000, 2, -1.7, -28.8
1.020461701526617, 0.005618615283584, 0.000509800098922, -0.018771432544028, -0.006099208160062, 0.000000000000000, 2, -1.7, -25.6
1.020461701526617, 0.005693119828361, 0.000509800098922, -0.018719135369164, -0.006082215777891, 0.000000000000000, 2, -1.7, -19.9
1.020461701526617, 0.006959697089574, 0.000509800098922, -0.016139852466774, 0.009318348166373, 0.000000000000000, 2, -0.6, 9.2
1.020461701526617, 0.009194833432891, 0.000509800098922, -0.015461923185068, -0.005023883384469, 0.000000000000000, 3, -1.8, -12.8
1.020461701526617, 0.010163392514995, 0.000509800098922, -0.014582833696042, 0.001532717583629, 0.003116750877253, 3, -5.2, -0.5
1.020461701526617, 0.010386906149327, 0.000509800098922, -0.014275705288285, -0.001500437087203, 0.003051109126530, 3, -4.0, -7.2
1.020461701526617, 0.010535915238881, 0.000509800098922, -0.014380061032002, -0.001511405317842, 0.000000000000000, 3, -1.7, -5.8
1.020461701526617, 0.005097083470144, 0.000584304643699, -0.019984798329960, 0.002100486945409, 0.000000000000000, 2, 2.0, 20.8
1.020461701526617, 0.005544110738807, 0.000584304643699, -0.018816026714001, -0.006113697684223, 0.000000000000000, 2, -1.9, -28.7
1.020461701526617, 0.005618615283584, 0.000584304643699, -0.018764409471015, -0.006096926225312, 0.000000000000000, 2, -1.9, -25.6
1.020461701526617, 0.005693119828361, 0.000584304643699, -0.018712107165902, -0.006079932176223, 0.000000000000000, 2, -2.0, -19.8
1.020461701526617, 0.009194833432891, 0.000584304643699, -0.015454359604486, -0.005021425828164, 0.000000000000000, 3, -2.0, -13.3
1.020461701526617, 0.010163392514995, 0.000584304643699, -0.014574757563912, 0.001531868747938, 0.003115024786671, 3, -5.2, -3.0
1.020461701526617, 0.005544110738807, 0.000658809188477, -0.018808051323120, -0.006111106322641, 0.000000000000000, 2, -2.2, -28.7
1.020461701526617, 0.005618615283584, 0.000658809188477, -0.018756428416673, -0.006094333023560, 0.000000000000000, 2, -2.2, -25.6
1.020461701526617, 0.005693119828361, 0.000658809188477, -0.018704120265806, -0.006077337075070, 0.000000000000000, 2, -2.2, -19.7
1.020461701526617, 0.009194833432891, 0.000658809188477, -0.015445762990317, -0.005018632618899, 0.000000000000000, 3, -2.3, -13.8
1.020461701526617, 0.010312401604550, 0.000658809188477, -0.014682545305465, 0.001543197696085, 0.000000000000000, 3, -1.7, 4.2
1.020461701526617, -0.005333552798669, 0.000733313733254, -0.018941326096768, -0.006154409921610, 0.000000000000000, 2, -2.3, -67.0
1.020461701526617, 0.005544110738807, 0.000733313733254, -0.018799118077051, -0.006108203735042, 0.000000000000000, 2, -2.4, -28.7
1.020461701526617, 0.005618615283584, 0.000733313733254, -0.018747488807513, -0.006091428368467, 0.000000000000000, 2, -2.4, -25.5
1.020461701526617, 0.005693119828361, 0.000733313733254, -0.018695174088969, -0.006074430286009, 0.000000000000000, 2, -2.5, -19.5
1.020461701526617, -0.005333552798669, 0.000807818278031, -0.018931453162532, -0.006151202010817, 0.000000000000000, 2, -2.6, -65.9
1.020461701526617, -0.001906343738916, 0.000807818278031, -0.020477841368813, 0.006653653997060, 0.000000000000000, 1, -2.3, -153.2
1.020461701526617, 0.005544110738807, 0.000807818278031, -0.018789226338583, -0.006104989714384, 0.000000000000000, 2, -2.7, -28.6
1.020461701526617, 0.005618615283584, 0.000807818278031, -0.018737589999215, -0.006088212050682, 0.000000000000000, 2, -2.7, -25.5
1.020461701526617, 0.005693119828361, 0.000807818278031, -0.018685267983834, -0.006071211597338, 0.000000000000000, 2, -2.7, -19.3
1.020461701526617, 0.009120328888114, 0.000807818278031, -0.015512184414972, -0.005040214248022, 0.000000000000000, 3, -2.7, -9.0
1.020461701526617, 0.009865374335886, 0.000807818278031, -0.014030350193321, -0.000000000000000, 0.006246714370991, 3, -9.5, -1.2
1.020461701526617, -0.005333552798669, 0.000882322822808, -0.018920622930261, -0.006147683055038, 0.000000000000000, 2, -2.8, -64.4
1.020461701526617, -0.004663011895674, 0.000882322822808, -0.015109893517550, 0.013605009232112, 0.000000000000000, 2, 2.2, 16.6
1.020461701526617, -0.001906343738916, 0.000882322822808, -0.020467170727778, 0.006650186895617, 0.000000000000000, 1, -2.6, -150.1
1.020461701526617, 0.005618615283584, 0.000882322822808, -0.018726731275882, -0.006084683837595, 0.000000000000000, 2, -2.9, -25.4
1.020461701526617, 0.009120328888114, 0.000882322822808, -0.015500513551909, -0.005036422154740, 0.000000000000000, 3, -3.0, -10.4
1.020461701526617, 0.010312401604550, 0.000882322822808, -0.014327240458449, -0.001505853651853, 0.003062123603563, 3, -5.7, -1.7
1.020461701526617, -0.006674634604659, 0.000956827367586, -0.016307493991992, -0.009415136046085, 0.000000000000000, 2, -3.2, -71.4
1.020461701526617, -0.005333552798669, 0.000956827367586, -0.018908834643837, -0.006143852808594, 0.000000000000000, 2, -3.1, -62.3
1.020461701526617, 0.005618615283584, 0.000956827367586, -0.018714911849255, -0.006080843473086, 0.000000000000000, 2, -3.2, -25.4
1.020461701526617, 0.010312401604550, 0.000956827367586, -0.014313517568625, -0.001504411318012, 0.003059190646239, 3, -5.6, -5.6
1.020461701526617, -0.006674634604659, 0.001031331912363, -0.016295703796436, -0.009408328973507, 0.000000000000000, 2, -3.4, -68.1
1.020461701526617, 0.005618615283584, 0.001031331912363, -0.018702130857813, -0.006076690677229, 0.000000000000000, 2, -3.4, -25.3
1.020461701526617, 0.007481228903015, 0.001031331912363, -0.014872483184392, 0.007162210420245, -0.007349483840520, 2, 10.2, 4.5
1.020461701526617, 0.008971319798560, 0.001031331912363, -0.015303345099138, -0.004972358240959, 0.003420224098767, 3, -4.9, -10.8
1.020461701526617, -0.004439498261342, 0.001105836457140, -0.004153900483801, -0.019542565287869, 0.004246701091620, 2, -6.7, -81.6
1.020461701526617, 0.005618615283584, 0.001105836457140, -0.018688387365774, -0.006072225145970, 0.000000000000000, 2, -3.7, -25.2
1.020461701526617, 0.007481228903015, 0.001105836457140, -0.014860260774552, 0.007156324417885, -0.007343443934305, 2, 10.8, 8.6
1.020461701526617, -0.006451120970327, 0.001180341001917, -0.010911305110048, -0.015018123082215, 0.003945776945711, 2, -5.9, -72.8
1.020461701526617, -0.004439498261342, 0.001180341001917, -0.004150784545945, -0.019527905952809, 0.004243515541858, 2, -7.4, -77.5
1.020461701526617, 0.005618615283584, 0.001180341001917, -0.018673680362152, -0.006067446550821, 0.000000000000000, 2, -3.9, -25.2
1.020461701526617, -0.005706075522555, 0.001254845546694, -0.007779315292037, -0.017472628221711, 0.004065393513892, 2, -6.6, -77.7
1.020461701526617, -0.005259048253892, 0.001254845546694, -0.018901151412933, -0.006141356375542, 0.000000000000000, 2, -4.0, -65.2
1.020461701526617, -0.003247425544906, 0.001254845546694, -0.020879740345528, 0.002194549141563, 0.000000000000000, 1, -2.9, -147.6
1.020461701526617, -0.001980848283693, 0.001254845546694, -0.020381509182853, 0.006622353772461, 0.000000000000000, 1, -3.6, -152.3
1.020461701526617, 0.005618615283584, 0.001254845546694, -0.018658008759476, -0.006062354538440, 0.000000000000000, 2, -4.2, -25.1
1.020461701526617, 0.008896815253782, 0.001254845546694, -0.015339792133734, -0.004984200600369, 0.003428369835876, 3, -5.6, -11.4
1.020461701526617, -0.005259048253892, 0.001329350091472, -0.018884569902463, -0.006135968716198, 0.000000000000000, 2, -4.3, -62.7
1.020461701526617, -0.003247425544906, 0.001329350091472, -0.020862599764033, 0.002192747593853, 0.000000000000000, 1, -3.2, -147.1
1.020461701526617, 0.005618615283584, 0.001329350091472, -0.018641371392626, -0.006056948730257, 0.000000000000000, 2, -4.4, -25.0
1.020461701526617, 0.008896815253782, 0.001329350091472, -0.015322411712609, -0.004978553359216, 0.003424485395265, 3, -5.5, -13.7
1.020461701526617, -0.003247425544906, 0.001403854636249, -0.020844464845912, 0.002190841537152, 0.000000000000000, 1, -3.4, -146.5
1.020461701526617, 0.008822310709005, 0.001403854636249, -0.015385944950134, -0.004999196559454, 0.003438684768582, 3, -6.4, -9.5
1.020461701526617, -0.010548870933075, 0.001478359181026, -0.013246058182655, -0.004303905200992, -0.002960430357971, 3, 4.4, -155.0
1.020461701526617, -0.003247425544906, 0.001478359181026, -0.020825334555742, 0.002188830862633, 0.000000000000000, 1, -3.6, -145.8
1.020461701526617, 0.008822310709005, 0.001478359181026, -0.015366579679402, -0.004992904401570, 0.003434356723621, 3, -6.2, -12.8
1.020461701526617, 0.009343842522446, 0.001478359181026, -0.014146223992342, -0.003228783313514, 0.006460277351272, 3, -9.9, -6.6
1.020461701526617, -0.003247425544906, 0.001552863725803, -0.020805207793411, 0.002186715454670, 0.000000000000000, 1, -3.9, -145.0
1.020461701526617, -0.002055352828471, 0.001552863725803, -0.020291607040907, 0.006593142795809, 0.000000000000000, 1, -4.4, -153.2
1.020461701526617, 0.008822310709005, 0.001552863725803, -0.015346196398973, -0.004986281472285, 0.003429801158385, 3, -6.2, -15.0
1.020461701526617, -0.006376616425550, 0.001627368270581, -0.010881006139745, -0.014976420127280, 0.003934820146566, 2, -6.7, -77.6
1.020461701526617, -0.003247425544906, 0.001627368270581, -0.020784083392859, 0.002184495190704, 0.000000000000000, 2, -4.2, -144.0
1.020461701526617, 0.008747806164228, 0.001627368270581, -0.015406084390424, -0.005005740260275, 0.003443185836719, 3, -6.8, -12.2
1.020461701526617, -0.003768957358347, 0.001701872815358, -0.004194924458447, -0.018379164923141, 0.008393370764702, 2, -13.8, -72.1
1.020461701526617, -0.003247425544906, 0.001701872815358, -0.020761960120616, 0.002182169941094, 0.000000000000000, 2, -4.5, -142.8
1.020461701526617, 0.008747806164228, 0.001701872815358, -0.015383713487320, -0.004998471513234, 0.003438186047365, 3, -6.7, -14.6
1.020461701526617, -0.005631570977778, 0.001776377360135, -0.007744036039041, -0.017393389722127, 0.004046956923919, 2, -8.7, -72.9
1.020461701526617, -0.003247425544906, 0.001776377360135, -0.020738836674274, 0.002179739568949, 0.000000000000000, 2, -4.9, -141.1
1.020461701526617, 0.008673301619451, 0.001776377360135, -0.015440935331786, -0.005017064017556, 0.003450974854658, 3, -7.4, -11.9
1.020461701526617, -0.002129857373248, 0.001850881904912, -0.020185783070276, 0.006558758503417, 0.000000000000000, 1, -5.7, -149.9
1.020461701526617, 0.008673301619451, 0.001850881904912, -0.015416575001977, -0.005009148866594, 0.003445530437995, 3, -7.3, -14.6
1.020461701526617, 0.009194833432891, 0.001850881904912, -0.014202923902893, -0.003241724698095, 0.006486170985371, 3, -11.1, -7.0
1.020461701526617, -0.004364993716565, 0.001925386449690, -0.020133692041358, -0.002116136305082, 0.000000000000000, 2, -5.5, -134.2
1.020461701526617, 0.008598797074673, 0.001925386449690, -0.015471139252112, -0.005026877866173, 0.003457725285725, 3, -7.9, -12.0
1.020461701526617, -0.004364993716565, 0.001999890994467, -0.020107413989938, -0.002113374370583, 0.000000000000000, 2, -5.5, -136.3
1.020461701526617, 0.001297351686505, 0.001999890994467, -0.015527832034781, 0.013981322763294, -0.004441318131203, 1, 8.5, 14.3
1.020461701526617, 0.008598797074673, 0.001999890994467, -0.015444786616464, -0.005018315375803, 0.003451835598279, 3, -7.8, -14.9
1.020461701526617, -0.004364993716565, 0.002074395539244, -0.020080122497255, -0.002110505919115, 0.000000000000000, 2, -5.6, -137.8
1.020461701526617, -0.002204361918025, 0.002074395539244, -0.020090785338009, 0.006527891869106, 0.000000000000000, 1, -6.4, -150.0
1.020461701526617, 0.001297351686505, 0.002074395539244, -0.015508085946127, 0.013963543305211, -0.004435670294380, 1, 8.2, 10.7
1.020461701526617, 0.008524292529896, 0.002074395539244, -0.015496700246787, -0.005035183136799, 0.003463438045217, 3, -8.4, -12.7
1.020461701526617, -0.004364993716565, 0.002148900084021, -0.020051815679982, -0.002107530752733, 0.000000000000000, 2, -5.7, -139.0
1.020461701526617, 0.008524292529896, 0.002148900084021, -0.015468351361367, -0.005025972025559, 0.003457102205539, 3, -8.3, -15.5
1.020461701526617, -0.004364993716565, 0.002223404628798, -0.020022491565660, -0.002104448664122, 0.000000000000000, 2, -5.8, -140.2
1.020461701526617, 0.008449787985119, 0.002223404628798, -0.015517619827097, -0.005041980320478, 0.003468113470900, 3, -8.8, -13.7
1.020461701526617, -0.006004093701664, 0.002297909173576, -0.016082949073752, -0.009285494977094, 0.003947385771471, 2, -8.5, -63.2
1.020461701526617, -0.004364993716565, 0.002297909173576, -0.019992148090298, -0.002101259436349, 0.000000000000000, 2, -5.9, -141.2
1.020461701526617, 0.008375283440342, 0.002297909173576, -0.015565213527604, -0.005057444451190, 0.003478750434281, 3, -9.4, -11.0
1.020461701526617, -0.006227607335996, 0.002372413718353, -0.010793988819344, -0.014856651060713, 0.003903352697598, 2, -9.9, -71.4
1.020461701526617, 0.008375283440342, 0.002372413718353, -0.015533896975252, -0.005047269086512, 0.003471751335303, 3, -9.2, -14.9
1.020461701526617, -0.002353371007580, 0.002446918263130, -0.019904335698750, 0.006467310708956, 0.000000000000000, 2, -7.5, -152.1
1.020461701526617, 0.001222847141728, 0.002446918263130, -0.015407381542368, 0.013872868652788, -0.004406866512029, 1, 8.4, 10.7
1.020461701526617, 0.008300778895564, 0.002446918263130, -0.015578853566491, -0.005061876368481, 0.003481798917433, 3, -9.6, -13.1
1.020461701526617, -0.010399861843521, 0.002521422807907, -0.012484296890140, -0.002849459297524, 0.005701310857907, 3, 13.4, 16.7
1.020461701526617, -0.006376616425550, 0.002521422807907, -0.013508055403521, -0.012162707715930, 0.003863615425938, 2, -9.2, -72.7
1.020461701526617, -0.005929589156887, 0.002521422807907, -0.016048417834914, -0.009265558357055, 0.003938910452657, 2, -8.9, -65.1
1.020461701526617, 0.008226274350787, 0.002521422807907, -0.015622143219005, -0.005075942029226, 0.003491473946768, 3, -10.2, -10.3
1.020461701526617, -0.003321930089684, 0.002670431897462, -0.020350650070012, 0.002138939512768, 0.000000000000000, 2, -6.9, -146.5
1.020461701526617, -0.003321930089684, 0.002744936442239, -0.020314359284497, 0.002135125197509, 0.000000000000000, 2, -7.3, -144.9
1.020461701526617, -0.003321930089684, 0.002819440987016, -0.020277041268386, 0.002131202915964, 0.000000000000000, 2, -7.9, -142.5
1.020461701526617, 0.004575551656703, 0.003042954621348, -0.018248224057261, -0.005929207417475, 0.004078390396089, 2, -10.2, -26.0
1.020461701526617, -0.005706075522555, 0.003117459166125, -0.015930523335281, -0.009197491935956, 0.003909974523789, 2, -11.2, -63.6
1.020461701526617, -0.004290489171788, 0.003117459166125, -0.019632772658167, -0.002063487556382, 0.000000000000000, 2, -9.1, -135.5
1.020461701526617, 0.004575551656703, 0.003117459166125, -0.018209132106293, -0.005916505672642, 0.004069653532880, 2, -10.5, -26.1
1.020461701526617, -0.004290489171788, 0.003191963710902, -0.019590023176349, -0.002058994404787, 0.000000000000000, 2, -9.0, -138.2
1.020461701526617, 0.004575551656703, 0.003191963710902, -0.018169053229154, -0.005903483256056, 0.004060696096414, 2, -10.7, -26.3
1.020461701526617, -0.005631570977778, 0.003266468255680, -0.015903108208582, -0.009181663805177, 0.003903245777677, 2, -11.0, -66.9
1.020461701526617, -0.004290489171788, 0.003266468255680, -0.019546218855573, -0.002054390385151, 0.000000000000000, 2, -9.0, -140.0
1.020461701526617, 0.000924828962619, 0.003266468255680, -0.015131648854324, 0.013624597825328, -0.004328000603122, 2, 9.8, 12.7
1.020461701526617, 0.004575551656703, 0.003266468255680, -0.018127984047303, -0.005890139069965, 0.004051517331603, 2, -11.0, -26.4
1.020461701526617, 0.004575551656703, 0.003340972800457, -0.018085921049814, -0.005876471973598, 0.004042116453772, 2, -11.2, -26.6
1.020461701526617, 0.004575551656703, 0.003415477345234, -0.018042860589029, -0.005862480781760, 0.004032492647687, 2, -11.5, -26.8
1.020461701526617, 0.004650056201480, 0.003415477345234, -0.018000513305821, -0.005848721315364, 0.004023028233365, 2, -12.3, -22.9
1.020461701526617, -0.003396434634461, 0.003489981890011, -0.019861479718780, 0.002087525637087, 0.000000000000000, 2, -9.8, -145.3
1.020461701526617, 0.004650056201480, 0.003489981890011, -0.017956421715012, -0.005834395089072, 0.004013173974674, 2, -12.4, -23.6
1.020461701526617, -0.003396434634461, 0.003564486434789, -0.019813708299587, 0.002082504658605, 0.000000000000000, 2, -10.7, -140.9
1.020461701526617, -0.003321930089684, 0.003564486434789, -0.018564594526440, -0.006032002414218, 0.004149097675825, 2, -12.0, -52.1
1.020461701526617, 0.004650056201480, 0.003564486434789, -0.017911323794544, -0.005819741886453, 0.004003094806140, 2, -12.6, -24.1
1.020461701526617, 0.004650056201480, 0.003638990979566, -0.017865215421758, -0.005804760367973, 0.003992789806368, 2, -12.8, -24.6
1.020461701526617, 0.004650056201480, 0.003713495524343, -0.017818092316553, -0.005789449142944, 0.003982258018776, 2, -13.0, -25.1
1.020461701526617, -0.003470939179238, 0.004086018248229, -0.019415383841467, 0.002040639071047, 0.000000000000000, 2, -12.3, -143.4
