x0_n,y0_n,z0_n,dx0_n,dy0_n,dz0_n,bin_neckSection,latitude,longitude
1.020461701526617, -0.005520467031121, -0.003484439148987, -0.009003660010950, -0.000946322800043, 0.001924328688274, 4, -9.3, -165.4
1.020461701526617, -0.004700917038572, -0.003111916425101, -0.002184967031999, -0.009572966052316, -0.004371768452538, 3, 9.5, 11.0
1.020461701526617, -0.005445962486344, -0.003037411880324, -0.003936676955460, -0.008841921208944, -0.002057268584729, 3, -9.8, -163.6
1.020461701526617, 0.001780978357047, -0.003037411880324, -0.009247398389116, 0.007374554131714, 0.005266105445529, 2, -10.1, -0.9
1.020461701526617, -0.001050194344487, -0.002888402790770, -0.009662376679173, 0.008700043039457, 0.002763662605289, 2, -8.6, 1.6
1.020461701526617, -0.005073439762458, -0.002813898245992, -0.009184721446477, 0.005302801399555, 0.000000000000000, 3, -8.4, 0.5
1.020461701526617, -0.001273707978819, -0.002813898245992, -0.009666792623904, 0.008704019173952, 0.002764925667341, 2, -8.4, 0.1
1.020461701526617, -0.000156139807161, -0.002813898245992, -0.009787947347866, 0.008813107377393, 0.002799578712983, 2, -7.6, 0.9
1.020461701526617, -0.001422717068374, -0.002739393701215, -0.009679002081278, 0.008715012618750, 0.002768417853777, 2, -8.3, -0.3
1.020461701526617, -0.005073439762458, -0.002664889156438, -0.002233361294439, -0.010507138791164, 0.000000000000000, 3, 5.5, -162.8
1.020461701526617, 0.000067373827171, -0.002664889156438, -0.009872899158425, 0.008889598331190, 0.002823876890324, 2, -7.1, 0.4
1.020461701526617, -0.001646230702705, -0.002590384611661, -0.009708859490352, 0.008741896350633, 0.002776957761471, 2, -8.2, -0.6
1.020461701526617, 0.000141878371948, -0.002590384611661, -0.009911568965411, 0.008924416781793, 0.002834937347091, 2, -7.1, 1.1
1.020461701526617, 0.000216382916725, -0.002590384611661, -0.012141701514105, 0.002771264138587, -0.005544854891308, 2, -13.4, -163.7
1.020461701526617, -0.001720735247483, -0.002515880066883, -0.009729013192387, 0.008760042825453, 0.002782722185124, 2, -8.3, 1.1
1.020461701526617, 0.000216382916725, -0.002515880066883, -0.009948171576288, 0.008957373920658, 0.002845406538087, 2, -6.8, 0.6
1.020461701526617, -0.001795239792260, -0.002441375522106, -0.009747151592888, 0.008776374714620, 0.002787910186053, 2, -8.3, 2.3
1.020461701526617, 0.001929987446602, -0.002441375522106, -0.009540002451293, 0.007607898084779, 0.005432734348099, 2, -9.7, -1.2
1.020461701526617, -0.001869744337037, -0.002366870977329, -0.009763283999831, 0.008790900399076, 0.002792524426553, 2, -8.2, 2.4
1.020461701526617, -0.006861548837111, -0.002292366432552, -0.007387056107521, -0.001686047351496, -0.003373510223634, 4, -9.6, 6.4
1.020461701526617, -0.001944248881814, -0.002292366432552, -0.009777418816999, 0.008803627445620, 0.002796567310301, 2, -8.0, 1.5
1.020461701526617, 0.000365392006280, -0.002292366432552, -0.010050192337907, 0.009049233827023, 0.002874586829150, 2, -6.9, 3.1
1.020461701526617, -0.000454157986270, -0.002217861887775, -0.011411957225804, -0.005495708950865, -0.005639407634885, 2, 12.2, -36.0
1.020461701526617, 0.000439896551057, -0.002217861887775, -0.010079494872160, 0.009075617947372, 0.002882968029846, 2, -6.1, -1.0
1.020461701526617, -0.000454157986270, -0.002143357342997, -0.011448833105156, -0.005513467438406, -0.005657630461297, 2, 11.0, -41.2
1.020461701526617, -0.002018753426591, -0.002068852798220, -0.009682994918999, -0.007721930772585, -0.005514164106089, 2, 11.2, -48.4
1.020461701526617, 0.000514401095834, -0.002068852798220, -0.010138190029615, 0.009128467304525, 0.002899756198757, 2, -6.0, -0.9
1.020461701526617, 0.002004491991379, -0.002068852798220, -0.009687219476935, 0.007725299745119, 0.005516569860292, 2, -9.1, -5.0
1.020461701526617, 0.000737914730166, -0.001994348253443, -0.012986826431865, -0.004219675699271, -0.002902493307249, 2, 8.7, -33.8
1.020461701526617, 0.002004491991379, -0.001994348253443, -0.009717441866556, 0.007749401296590, 0.005533780570145, 2, -9.3, -3.7
1.020461701526617, -0.000528662531047, -0.001919843708666, -0.011545344529533, -0.005559944890812, -0.005705323179796, 2, 10.3, -40.6
1.020461701526617, 0.000588905640612, -0.001919843708666, -0.010191396895058, 0.009176374981355, 0.002914974589558, 2, -5.7, -2.0
1.020461701526617, 0.000737914730166, -0.001919843708666, -0.013024042796056, -0.004231768029019, -0.002910810985825, 2, 8.2, -36.3
1.020461701526617, 0.000886923819721, -0.001919843708666, -0.010230486780533, -0.004814101658333, -0.008214701039272, 2, 13.9, -32.9
1.020461701526617, 0.002004491991379, -0.001919843708666, -0.009746490028651, 0.007772566432857, 0.005550322593982, 2, -9.5, -2.3
1.020461701526617, -0.002093257971369, -0.001845339163888, -0.009747730098110, -0.007773555355251, -0.005551028774927, 2, 10.5, -48.1
1.020461701526617, 0.000588905640612, -0.001845339163888, -0.010219288325171, 0.009201488537829, 0.002922952181922, 1, -6.1, 1.3
1.020461701526617, 0.000663410185389, -0.001845339163888, -0.013069592057475, -0.004246567881203, -0.002920991026893, 2, 8.3, -32.6
1.020461701526617, 0.000737914730166, -0.001845339163888, -0.013059769547245, -0.004243376354163, -0.002918795743053, 2, 7.7, -37.9
1.020461701526617, 0.000886923819721, -0.001845339163888, -0.010258630758344, -0.004827345209022, -0.008237299608502, 2, 14.0, -31.8
1.020461701526617, 0.002004491991379, -0.001845339163888, -0.009774371927236, 0.007794801505010, 0.005566200467065, 2, -9.8, -0.6
1.020461701526617, -0.002689294329587, -0.001770834619111, -0.012457782799827, 0.004047779003055, 0.002784254597485, 2, -4.8, -162.0
1.020461701526617, -0.001497221613151, -0.001770834619111, -0.012383055457704, 0.002826351601232, 0.005655076065263, 2, -9.2, -161.1
1.020461701526617, 0.000663410185389, -0.001770834619111, -0.013103822141321, -0.004257689909648, -0.002928641286161, 1, 7.7, -35.6
1.020461701526617, 0.002004491991379, -0.001770834619111, -0.009801095105770, 0.007816112528757, 0.005581418485159, 2, -10.1, 1.9
1.020461701526617, 0.003271069252592, -0.001770834619111, -0.011604613477694, -0.002648677299104, -0.005299578294589, 2, 10.6, -22.6
1.020461701526617, -0.002540285240032, -0.001696330074334, -0.012566487731779, 0.004083099376524, 0.002808549627461, 2, -4.4, -164.1
1.020461701526617, -0.002540285240032, -0.001696330074334, -0.007694186498252, -0.009648204699388, -0.005494352159286, 2, 10.6, -52.2
1.020461701526617, -0.002167762516146, -0.001696330074334, -0.011595607434363, -0.006694727073647, -0.002846016336187, 2, 7.5, -47.7
1.020461701526617, 0.000663410185389, -0.001696330074334, -0.010264776153642, 0.009242445962551, 0.002935962750099, 1, -5.6, -1.9
1.020461701526617, 0.000663410185389, -0.001696330074334, -0.013136581073495, -0.004268333931939, -0.002935962750099, 1, 7.3, -37.3
1.020461701526617, -0.002167762516146, -0.001621825529557, -0.011624672726122, -0.006711507927668, -0.002853150097452, 2, 6.9, -51.8
1.020461701526617, -0.000603167075824, -0.001621825529557, -0.011656831021261, -0.005613633955568, -0.005760416075799, 1, 9.2, -40.6
1.020461701526617, 0.000588905640612, -0.001621825529557, -0.013176610889463, -0.004281340407584, -0.002944909221629, 1, 7.3, -34.2
1.020461701526617, 0.000663410185389, -0.001621825529557, -0.010289230404047, 0.009264464668516, 0.002942957229783, 1, -5.8, 0.6
1.020461701526617, 0.000663410185389, -0.001621825529557, -0.013167876957421, -0.004278502581038, -0.002942957229783, 1, 6.8, -38.6
1.020461701526617, 0.003345573797369, -0.001621825529557, -0.011623054530466, -0.002652886349060, -0.005307999928208, 2, 9.6, -25.5
1.020461701526617, -0.006638035202780, -0.001547320984779, -0.005778478381813, -0.004780373055682, -0.005448719189331, 3, -9.5, 2.1
1.020461701526617, -0.002465780695255, -0.001547320984779, -0.010117382580971, 0.009109732193615, 0.000000000000000, 2, -3.1, 4.0
1.020461701526617, -0.002167762516146, -0.001547320984779, -0.009824784509929, -0.007835004198172, -0.005594908863208, 2, 9.2, -49.6
1.020461701526617, 0.000588905640612, -0.001547320984779, -0.013206439100878, -0.004291032180976, -0.002951575683559, 1, 6.8, -36.3
1.020461701526617, 0.000663410185389, -0.001547320984779, -0.010312547426278, 0.009285459409634, 0.002949626435978, 1, -6.2, 5.0
1.020461701526617, 0.000663410185389, -0.001547320984779, -0.013197717447691, -0.004288198344071, -0.002949626435978, 1, 6.4, -39.7
1.020461701526617, 0.003345573797369, -0.001547320984779, -0.011653171024892, -0.002659760242384, -0.005321753485832, 2, 9.6, -23.4
1.020461701526617, -0.002242267060923, -0.001472816440002, -0.011650359075016, -0.006726337948116, -0.002859454533764, 2, 6.8, -47.1
1.020461701526617, 0.000588905640612, -0.001472816440002, -0.013234819807446, -0.004300253631533, -0.002957918635111, 1, 6.4, -37.7
1.020461701526617, 0.000737914730166, -0.001472816440002, -0.010327114531959, 0.009298575690503, 0.002953792964212, 1, -5.3, -3.5
1.020461701526617, -0.002614789784809, -0.001398311895225, -0.007745099472217, -0.009712047549412, -0.005530708674494, 2, 9.9, -50.5
1.020461701526617, -0.002540285240032, -0.001398311895225, -0.010134378034134, 0.009125034968378, 0.000000000000000, 2, -2.8, 4.2
1.020461701526617, -0.002242267060923, -0.001398311895225, -0.012821775467674, 0.004166047390123, 0.002865605209804, 2, -4.2, -166.0
1.020461701526617, -0.002242267060923, -0.001398311895225, -0.011675418953946, -0.006740806275962, -0.002865605209804, 2, 6.1, -51.1
1.020461701526617, -0.001050194344487, -0.001398311895225, -0.008839157066801, -0.007312386667409, -0.008334734777062, 1, 12.8, -41.5
1.020461701526617, 0.000514401095834, -0.001398311895225, -0.013269421517671, -0.004311496408708, -0.002965651951089, 1, 6.5, -34.2
1.020461701526617, 0.000588905640612, -0.001398311895225, -0.013261759795269, -0.004309006964193, -0.002963939592946, 1, 6.0, -38.8
1.020461701526617, 0.000737914730166, -0.001398311895225, -0.010348183297407, 0.009317546092121, 0.002959819117108, 1, -5.5, -2.1
1.020461701526617, 0.003420078342146, -0.001398311895225, -0.011662023541991, -0.002661780771644, -0.005325796240686, 2, 8.7, -25.8
1.020461701526617, -0.005594971575899, -0.001323807350448, -0.009494182744626, 0.005481468963345, 0.000000000000000, 3, -4.1, 4.8
1.020461701526617, -0.003732357956468, -0.001323807350448, -0.011989488077453, 0.003895620824114, 0.002679592977139, 2, -5.4, -161.6
1.020461701526617, -0.003061817053473, -0.001323807350448, -0.009714799943818, -0.008747245158958, -0.002778656868187, 2, 6.5, -52.0
1.020461701526617, -0.002614789784809, -0.001323807350448, -0.007761190187958, -0.009732224668757, -0.005542198915704, 2, 8.8, -55.7
1.020461701526617, 0.000514401095834, -0.001323807350448, -0.013294918096805, -0.004319780749455, -0.002971350314017, 1, 6.0, -36.1
1.020461701526617, 0.000588905640612, -0.001323807350448, -0.013287265443651, -0.004317294251717, -0.002969639982807, 1, 5.6, -39.6
1.020461701526617, 0.000737914730166, -0.001323807350448, -0.010368130223119, 0.009335506384703, 0.002965524397963, 1, -5.6, -0.6
1.020461701526617, 0.003420078342146, -0.001323807350448, -0.011687820678999, -0.002667668799824, -0.005337577240339, 2, 8.7, -23.8
1.020461701526617, -0.005147944307235, -0.001249302805671, -0.010740410661194, 0.003489770969452, -0.002400430176285, 3, 6.3, 11.0
1.020461701526617, -0.003061817053473, -0.001249302805671, -0.009734429147914, -0.008764919373712, -0.002784271273331, 2, 5.9, -56.7
1.020461701526617, -0.002614789784809, -0.001249302805671, -0.010145916150415, 0.009135423934940, 0.000000000000000, 2, -2.3, 2.0
1.020461701526617, 0.000514401095834, -0.001249302805671, -0.013318986873739, -0.004327601169145, -0.002976729570014, 1, 5.6, -37.3
1.020461701526617, 0.000737914730166, -0.001249302805671, -0.010386960005270, 0.009352460796705, 0.002970910149991, 1, -5.7, 1.1
1.020461701526617, 0.003718096521255, -0.001249302805671, -0.008226503714735, 0.002672953088050, 0.009606640428125, 2, -14.7, -9.5
1.020461701526617, -0.003210826143027, -0.001174798260893, -0.007658371722133, -0.010540844378591, -0.002769441994161, 2, 6.0, -59.1
1.020461701526617, -0.002465780695255, -0.001174798260893, -0.005452122826902, -0.011321449706802, -0.005594681845646, 2, 9.7, -55.0
1.020461701526617, -0.002316771605700, -0.001174798260893, -0.011713365996690, -0.006762715011306, -0.002874918900715, 2, 5.7, -48.0
1.020461701526617, -0.001646230702705, -0.001174798260893, -0.006703254968472, -0.009226238946913, -0.008285678811544, 1, 12.9, -47.6
1.020461701526617, 0.000514401095834, -0.001174798260893, -0.013341633438558, -0.004334959484107, -0.002981790968437, 1, 5.2, -38.3
1.020461701526617, 0.000737914730166, -0.001174798260893, -0.010404677038499, 0.009368413285077, 0.002975977630161, 1, -5.8, 3.3
1.020461701526617, 0.003643591976478, -0.001174798260893, -0.010339443825607, -0.001972354395000, -0.007647503975699, 2, 11.8, -21.2
1.020461701526617, -0.002763798874364, -0.001100293716116, -0.011536914254934, 0.006660840550704, 0.002831610730580, 2, 3.8, 12.7
1.020461701526617, -0.002316771605700, -0.001100293716116, -0.011733143640335, -0.006774133639188, -0.002879773109278, 2, 5.1, -51.0
1.020461701526617, 0.000439896551057, -0.001100293716116, -0.013369459747855, -0.004344000800071, -0.002988010014862, 1, 5.4, -34.6
1.020461701526617, 0.000514401095834, -0.001100293716116, -0.013362863007992, -0.004341857389359, -0.002986535675199, 1, 4.8, -39.1
1.020461701526617, 0.001482960177938, -0.001100293716116, -0.012621136243807, -0.002880691987038, 0.005763802458332, 1, -7.8, -157.9
1.020461701526617, 0.003494582886924, -0.001100293716116, -0.011708670845650, -0.002672427714302, -0.005347099064640, 2, 7.8, -24.1
1.020461701526617, -0.002689294329587, -0.001025789171339, -0.010168354120685, 0.009155627174118, 0.000000000000000, 2, -2.1, 3.8
1.020461701526617, 0.000439896551057, -0.001025789171339, -0.013389271204999, -0.004350437932708, -0.002992437780342, 1, 5.0, -36.0
1.020461701526617, 0.000514401095834, -0.001025789171339, -0.013382680434867, -0.004348296461679, -0.002990964774885, 1, 4.5, -39.7
1.020461701526617, 0.003494582886924, -0.001025789171339, -0.011728754930370, -0.002677011775578, -0.005356271035741, 2, 8.1, -21.3
1.020461701526617, 0.004835664692914, -0.001025789171339, -0.011646099720556, -0.001224054404957, -0.002489090411178, 3, 5.7, -17.8
1.020461701526617, -0.003136321598250, -0.000951284626562, -0.009766765002128, -0.008794034707622, -0.002793520073504, 2, 5.3, -51.6
1.020461701526617, -0.002689294329587, -0.000951284626562, -0.007805207124800, -0.009787420161742, -0.005573631030333, 2, 8.6, -50.1
1.020461701526617, 0.000439896551057, -0.000951284626562, -0.013407675463639, -0.004356417838835, -0.002996551043717, 1, 4.6, -36.9
1.020461701526617, 0.003420078342146, -0.000951284626562, -0.013170901232538, -0.001384317501806, 0.000000000000000, 2, 3.2, 12.3
1.020461701526617, 0.003718096521255, -0.000951284626562, -0.010347837241149, -0.001973955524646, -0.007653712112211, 2, 11.4, -19.4
1.020461701526617, 0.004835664692914, -0.000951284626562, -0.011667877835559, -0.001226343377080, -0.002493744990696, 3, 5.5, -15.0
1.020461701526617, 0.004984673782468, -0.000951284626562, -0.010809372819880, -0.000000000000000, -0.004812642849605, 3, 8.4, -15.4
1.020461701526617, -0.003136321598250, -0.000876780081784, -0.009780653502844, -0.008806539969836, -0.002797492505064, 2, 4.7, -55.5
1.020461701526617, -0.002018753426591, -0.000876780081784, -0.013063106681405, 0.004244460654780, 0.002919541576503, 1, -4.6, -166.4
1.020461701526617, -0.000156139807161, -0.000876780081784, -0.013740588065722, -0.004464587700376, 0.000000000000000, 1, 3.1, -36.3
1.020461701526617, 0.000439896551057, -0.000876780081784, -0.013424676667468, -0.004361941864819, -0.003000350731085, 1, 4.2, -37.7
1.020461701526617, 0.000886923819721, -0.000876780081784, -0.010680352787512, 0.009616632844403, 0.000000000000000, 1, -0.5, 3.8
1.020461701526617, 0.004537646513805, -0.000876780081784, -0.009479221095980, 0.003079985639030, 0.007241480543578, 3, -10.1, -7.3
1.020461701526617, -0.003359835232582, -0.000802275537007, -0.009900757449522, -0.008914682049162, 0.000000000000000, 2, 2.7, -52.6
1.020461701526617, -0.003136321598250, -0.000802275537007, -0.009793396924960, -0.008818014198648, -0.002801137417733, 2, 4.2, -57.7
1.020461701526617, -0.002763798874364, -0.000802275537007, -0.010179619708311, 0.009165770754777, 0.000000000000000, 2, -1.5, 1.3
1.020461701526617, -0.002391276150478, -0.000802275537007, -0.011769036076097, -0.006794856146637, -0.002888582519143, 2, 4.6, -46.2
1.020461701526617, -0.002242267060923, -0.000802275537007, -0.002839669348785, -0.013359593919257, -0.002903109251257, 2, 5.9, -55.8
1.020461701526617, -0.000156139807161, -0.000802275537007, -0.013756527302801, -0.004469766672446, 0.000000000000000, 1, 2.9, -38.7
1.020461701526617, 0.000439896551057, -0.000802275537007, -0.013440278620632, -0.004367011246701, -0.003003837692651, 1, 3.9, -38.2
1.020461701526617, 0.003569087431701, -0.000802275537007, -0.011731642591247, -0.002677670865330, -0.005357589768582, 2, 7.1, -22.0
1.020461701526617, 0.004537646513805, -0.000802275537007, -0.009493549266538, 0.003084641143856, 0.007252426291891, 3, -9.8, -9.9
1.020461701526617, 0.004910169237691, -0.000802275537007, -0.011628627163746, -0.001222217965235, -0.002485356047343, 3, 4.7, -21.5
1.020461701526617, -0.007383080650552, -0.000727770992230, -0.006084758410683, -0.005478741081554, 0.000000000000000, 4, -2.2, 9.3
1.020461701526617, -0.006638035202780, -0.000727770992230, -0.009558956902926, 0.001004686855220, 0.000000000000000, 3, 0.6, 12.6
1.020461701526617, -0.003285330687804, -0.000727770992230, -0.007698485547744, -0.010596056322924, -0.002783948068981, 2, 4.6, -57.5
1.020461701526617, -0.002763798874364, -0.000727770992230, -0.010191353269026, 0.009176335700299, 0.000000000000000, 2, -1.6, 6.5
1.020461701526617, -0.002391276150478, -0.000727770992230, -0.011782290330183, -0.006802508493801, -0.002891835632347, 2, 4.0, -49.1
1.020461701526617, -0.002242267060923, -0.000727770992230, -0.002842841277358, -0.013374516669926, -0.002906352042601, 2, 5.5, -61.2
1.020461701526617, -0.000156139807161, -0.000727770992230, -0.013771040618873, -0.004474482334695, 0.000000000000000, 1, 2.6, -40.1
1.020461701526617, 0.004910169237691, -0.000727770992230, -0.011645495865241, -0.001223990937206, -0.002488961350762, 3, 4.5, -20.3
1.020461701526617, -0.003285330687804, -0.000653266447453, -0.007706801274931, -0.010607501939480, -0.002786955225713, 2, 4.2, -59.8
1.020461701526617, -0.002987312508695, -0.000653266447453, -0.005409433651127, -0.012149786906427, -0.002826916721274, 2, 5.0, -57.5
1.020461701526617, -0.002391276150478, -0.000653266447453, -0.011794244419019, -0.006809410190209, -0.002894769634063, 2, 3.5, -50.7
1.020461701526617, -0.002242267060923, -0.000653266447453, -0.002845702084948, -0.013387975711454, -0.002909276762335, 2, 5.2, -63.7
1.020461701526617, -0.000156139807161, -0.000653266447453, -0.013784131216720, -0.004478735727771, 0.000000000000000, 1, 2.4, -41.1
1.020461701526617, 0.000365392006280, -0.000653266447453, -0.013472839182110, -0.004377590814446, -0.003011114821691, 1, 3.9, -33.9
1.020461701526617, 0.000439896551057, -0.000653266447453, -0.014397401311916, 0.001513227854702, 0.000000000000000, 1, 1.1, -159.7
1.020461701526617, 0.000514401095834, -0.000653266447453, -0.013218679806159, -0.000000000000000, 0.005885335431611, 1, -9.4, -157.6
1.020461701526617, 0.001259446543607, -0.000653266447453, -0.013947970370096, -0.001465990759257, 0.002981063200268, 1, -3.9, -158.8
1.020461701526617, 0.004910169237691, -0.000653266447453, -0.011660704919609, -0.001225589473234, -0.002492211942144, 3, 4.3, -18.9
1.020461701526617, 0.005059178327246, -0.000653266447453, -0.010800418078878, -0.000000000000000, -0.004808655942042, 3, 7.3, -16.4
1.020461701526617, 0.005506205595909, -0.000653266447453, -0.010982745025852, 0.001154333017060, -0.002347313348520, 3, 4.8, -12.1
1.020461701526617, -0.002987312508695, -0.000578761902675, -0.005414515551348, -0.012161201041205, -0.002829572472252, 2, 4.5, -60.4
1.020461701526617, -0.002689294329587, -0.000578761902675, -0.011935651927680, -0.006891051853399, 0.000000000000000, 2, 2.0, -49.5
1.020461701526617, -0.000230644351938, -0.000578761902675, -0.013793083698997, -0.004481644565593, 0.000000000000000, 1, 2.1, -36.3
1.020461701526617, -0.000156139807161, -0.000578761902675, -0.013795801971525, -0.004482527785877, 0.000000000000000, 1, 2.1, -41.9
1.020461701526617, 0.000365392006280, -0.000578761902675, -0.013484260064070, -0.004381301683943, -0.003013667333933, 1, 3.5, -34.7
1.020461701526617, 0.000514401095834, -0.000578761902675, -0.013229901422909, -0.000000000000000, 0.005890331617283, 1, -9.5, -158.2
1.020461701526617, 0.000961428364498, -0.000578761902675, -0.010713457194310, 0.009646440186168, 0.000000000000000, 1, -0.0, -1.1
1.020461701526617, 0.001259446543607, -0.000578761902675, -0.013959986354891, -0.001467253690150, 0.002983631345248, 1, -3.8, -160.3
1.020461701526617, 0.002526023804820, -0.000578761902675, -0.013792590676604, 0.001449659695397, 0.000000000000000, 2, 1.9, 11.0
1.020461701526617, 0.004910169237691, -0.000578761902675, -0.011674259549559, -0.001227014122249, -0.002495108937726, 3, 4.2, -17.3
1.020461701526617, 0.005059178327246, -0.000578761902675, -0.010813276170941, -0.000000000000000, -0.004814380733466, 3, 7.4, -13.1
1.020461701526617, 0.005506205595909, -0.000578761902675, -0.010996915534107, 0.001155822397494, -0.002350341974160, 3, 4.7, -9.0
1.020461701526617, -0.002987312508695, -0.000504257357898, -0.005418979890551, -0.012171228111224, -0.002831905491927, 2, 4.2, -62.2
1.020461701526617, -0.002689294329587, -0.000504257357898, -0.011945291029862, -0.006896616991639, 0.000000000000000, 2, 1.8, -51.5
1.020461701526617, -0.002540285240032, -0.000504257357898, -0.005498609605788, -0.011417980497818, -0.005642384134490, 2, 7.9, -54.2
1.020461701526617, -0.000230644351938, -0.000504257357898, -0.013803338383417, -0.004484976514540, 0.000000000000000, 1, 1.8, -38.1
1.020461701526617, -0.000156139807161, -0.000504257357898, -0.013806055435767, -0.004485859338364, 0.000000000000000, 1, 1.9, -42.6
1.020461701526617, 0.000365392006280, -0.000504257357898, -0.013494293989522, -0.004384561903953, -0.003015909868060, 1, 3.2, -35.1
1.020461701526617, 0.000961428364498, -0.000504257357898, -0.010721499209935, 0.009653681249562, 0.000000000000000, 1, -0.1, -0.1
1.020461701526617, 0.001259446543607, -0.000504257357898, -0.013970542965606, -0.001468363234646, 0.002985887582025, 1, -3.9, -161.2
1.020461701526617, 0.004910169237691, -0.000504257357898, -0.011686164384793, -0.001228265370853, -0.002497653327001, 3, 4.1, -15.1
1.020461701526617, 0.005133682872023, -0.000504257357898, -0.010477971713165, 0.002391528668374, -0.004785065144060, 3, 8.3, -7.5
1.020461701526617, 0.005282691961577, -0.000504257357898, -0.010782556345219, 0.003503464932303, -0.002409849534159, 3, 4.8, -5.1
1.020461701526617, -0.007383080650552, -0.000429752813121, -0.008034143060827, -0.000844422462423, -0.001717116368104, 4, -1.8, 3.0
1.020461701526617, -0.006936053381889, -0.000429752813121, -0.006796904304240, -0.006119960124243, 0.000000000000000, 4, -1.3, -168.3
1.020461701526617, -0.004402898859463, -0.000429752813121, -0.011922627917794, 0.003873896641348, 0.000000000000000, 2, -0.4, -158.9
1.020461701526617, -0.002987312508695, -0.000429752813121, -0.005422827804031, -0.012179870666404, -0.002833916373595, 2, 3.8, -63.4
1.020461701526617, -0.002838303419141, -0.000429752813121, -0.010195211192817, 0.009179809390483, 0.000000000000000, 2, -0.8, 0.4
1.020461701526617, -0.002689294329587, -0.000429752813121, -0.011953599326477, -0.006901413788927, 0.000000000000000, 2, 1.5, -52.8
1.020461701526617, -0.002540285240032, -0.000429752813121, -0.005502398380355, -0.011425847969271, -0.005646271975787, 2, 7.4, -55.7
1.020461701526617, -0.001571726157928, -0.000429752813121, -0.013583459911761, 0.004413533668321, 0.000000000000000, 1, 0.4, -162.1
1.020461701526617, -0.000230644351938, -0.000429752813121, -0.013812177840821, -0.004487848628354, 0.000000000000000, 1, 1.6, -39.2
1.020461701526617, -0.000156139807161, -0.000429752813121, -0.013814893843491, -0.004488731111117, 0.000000000000000, 1, 1.6, -43.1
1.020461701526617, 0.000514401095834, -0.000429752813121, -0.011936268465439, 0.005748203936228, 0.005898504716073, 1, 8.7, 9.1
1.020461701526617, 0.000961428364498, -0.000429752813121, -0.010728431313994, 0.009659922944091, 0.000000000000000, 1, -0.1, 0.9
1.020461701526617, 0.001259446543607, -0.000429752813121, -0.013979642564216, -0.001469319640999, 0.002987832415419, 1, -4.0, -161.7
1.020461701526617, 0.001333951088384, -0.000429752813121, -0.014272811208997, -0.001500132907213, 0.000000000000000, 1, 0.7, -156.9
1.020461701526617, 0.004463141969028, -0.000429752813121, -0.010271065652354, 0.004946284526279, 0.005075617171725, 2, -7.8, -4.2
1.020461701526617, 0.005655214685463, -0.000429752813121, -0.011076320806824, 0.001164168227959, 0.000000000000000, 3, 1.4, -13.7
1.020461701526617, -0.006712539747557, -0.000355248268344, -0.009088881276064, 0.002953156543316, 0.000000000000000, 3, -1.2, 2.4
1.020461701526617, -0.003210826143027, -0.000355248268344, -0.011688309115384, 0.006748248414138, 0.000000000000000, 2, -0.6, 7.9
1.020461701526617, -0.002838303419141, -0.000355248268344, -0.010201223882279, 0.009185223240392, 0.000000000000000, 2, -0.7, 2.2
1.020461701526617, -0.002689294329587, -0.000355248268344, -0.011960578860668, -0.006905443424870, 0.000000000000000, 2, 1.3, -53.8
1.020461701526617, -0.001869744337037, -0.000355248268344, -0.002884136174952, -0.012636226217020, -0.005770693725728, 1, 8.6, -55.7
1.020461701526617, -0.001050194344487, -0.000355248268344, -0.012493819074860, 0.007213309806077, 0.000000000000000, 1, -0.9, 8.7
1.020461701526617, -0.000230644351938, -0.000355248268344, -0.013819603991851, -0.004490261531091, 0.000000000000000, 1, 1.3, -39.9
1.020461701526617, -0.000156139807161, -0.000355248268344, -0.013822319114153, -0.004491143727805, 0.000000000000000, 1, 1.3, -43.5
1.020461701526617, 0.000961428364498, -0.000355248268344, -0.010734255035080, 0.009665166646110, 0.000000000000000, 1, -0.1, 1.8
1.020461701526617, 0.001259446543607, -0.000355248268344, -0.013987287179963, -0.001470123122491, 0.002989466279134, 1, -4.1, -162.0
1.020461701526617, 0.001333951088384, -0.000355248268344, -0.014280633019599, -0.001500955012635, 0.000000000000000, 1, 0.7, -159.5
1.020461701526617, 0.004388637424250, -0.000355248268344, -0.010875733917422, 0.006279107904858, 0.000000000000000, 2, 0.7, -6.0
1.020461701526617, 0.004463141969028, -0.000355248268344, -0.010278165147662, 0.004949703463026, 0.005079125504893, 2, -7.7, -6.3
1.020461701526617, 0.004686655603359, -0.000355248268344, -0.009904375300052, 0.000623130476358, -0.007210177507115, 3, 10.3, -15.6
1.020461701526617, 0.005059178327246, -0.000355248268344, -0.011803547901500, -0.001240602875609, 0.000000000000000, 3, 1.3, -21.0
1.020461701526617, 0.005431701051132, -0.000355248268344, -0.010870907355787, 0.003532171915818, 0.000000000000000, 3, 0.9, -9.7
1.020461701526617, 0.005580710140686, -0.000355248268344, -0.010937125980361, 0.001149538262170, 0.002337563309329, 3, -1.8, -11.5
1.020461701526617, 0.005655214685463, -0.000355248268344, -0.011085647082828, 0.001165148459066, 0.000000000000000, 3, 1.1, -13.1
1.020461701526617, -0.003508844322136, -0.000280743723567, -0.007815477378946, -0.010757081764233, 0.000000000000000, 2, 0.9, -53.4
1.020461701526617, -0.002838303419141, -0.000280743723567, -0.010206093323684, 0.009189607705126, 0.000000000000000, 2, -0.6, 4.1
1.020461701526617, -0.002689294329587, -0.000280743723567, -0.011966231343803, -0.006908706887530, 0.000000000000000, 2, 1.0, -54.5
1.020461701526617, -0.001869744337037, -0.000280743723567, -0.002885440655979, -0.012641941521827, -0.005773303782958, 1, 8.3, -56.8
1.020461701526617, -0.001050194344487, -0.000280743723567, -0.012499319704421, 0.007216485596035, 0.000000000000000, 1, -0.6, 11.7
1.020461701526617, -0.000230644351938, -0.000280743723567, -0.013825618445518, -0.004492215745550, 0.000000000000000, 1, 1.0, -40.5
1.020461701526617, -0.000156139807161, -0.000280743723567, -0.013828332855846, -0.004493097710929, 0.000000000000000, 1, 1.0, -43.9
1.020461701526617, 0.000961428364498, -0.000280743723567, -0.010738971653737, 0.009669413508625, 0.000000000000000, 1, -0.1, 2.8
1.020461701526617, 0.001259446543607, -0.000280743723567, -0.013993478512835, -0.001470773857798, 0.002990789536504, 1, -4.3, -161.9
1.020461701526617, 0.001333951088384, -0.000280743723567, -0.014286967854295, -0.001501620830591, 0.000000000000000, 1, 0.6, -160.9
1.020461701526617, 0.004388637424250, -0.000280743723567, -0.010881759007872, 0.006282586492451, 0.000000000000000, 2, 0.5, -5.4
1.020461701526617, 0.004463141969028, -0.000280743723567, -0.009613520734395, 0.003123622236748, 0.007344076337974, 2, -11.3, -7.8
1.020461701526617, 0.004463141969028, -0.000280743723567, -0.010283914193814, 0.004952472057735, 0.005081966491248, 2, -7.7, -7.9
1.020461701526617, 0.004686655603359, -0.000280743723567, -0.009910086818848, 0.000623489814663, -0.007214335373019, 3, 11.2, -9.6
1.020461701526617, 0.004984673782468, -0.000280743723567, -0.011633104914400, -0.001222688595793, -0.002486313065270, 3, 2.8, -21.1
1.020461701526617, 0.005059178327246, -0.000280743723567, -0.011810752856393, -0.001241360146883, 0.000000000000000, 3, 1.0, -20.8
1.020461701526617, 0.005133682872023, -0.000280743723567, -0.010772084392332, -0.000000000000000, -0.004796040972031, 3, 6.0, -16.7
1.020461701526617, 0.005357196506354, -0.000280743723567, -0.010724905904996, 0.003484733168778, 0.002396964937774, 3, -2.6, -11.6
1.020461701526617, 0.005431701051132, -0.000280743723567, -0.010877992418005, 0.003534473992082, 0.000000000000000, 3, 0.7, -9.1
1.020461701526617, 0.005580710140686, -0.000280743723567, -0.010944463928436, 0.001150309511591, 0.002339131629765, 3, -2.0, -12.0
1.020461701526617, 0.005655214685463, -0.000280743723567, -0.011093198270714, 0.001165942120894, 0.000000000000000, 3, 0.9, -12.5
1.020461701526617, -0.003508844322136, -0.000206239178789, -0.007818488677702, -0.010761226461398, 0.000000000000000, 2, 0.7, -56.3
1.020461701526617, -0.002838303419141, -0.000206239178789, -0.010209820725533, 0.009192963872826, 0.000000000000000, 2, -0.5, 6.2
1.020461701526617, -0.002689294329587, -0.000206239178789, -0.011970558158454, -0.006911204975134, 0.000000000000000, 2, 0.8, -55.0
1.020461701526617, -0.001869744337037, -0.000206239178789, -0.002886439218217, -0.012646316508848, -0.005775301745777, 1, 8.0, -57.3
1.020461701526617, -0.000230644351938, -0.000206239178789, -0.013830222501989, -0.004493711694180, 0.000000000000000, 1, 0.8, -40.9
1.020461701526617, -0.000156139807161, -0.000206239178789, -0.013832936367899, -0.004494593482667, 0.000000000000000, 1, 0.8, -44.1
1.020461701526617, 0.000961428364498, -0.000206239178789, -0.010742582204725, 0.009672664463337, 0.000000000000000, 1, -0.1, 3.7
1.020461701526617, 0.001259446543607, -0.000206239178789, -0.013998217936384, -0.001471271991286, 0.002991802481094, 1, -4.5, -161.6
1.020461701526617, 0.001333951088384, -0.000206239178789, -0.014291817123077, -0.001502130509278, 0.000000000000000, 1, 0.4, -161.7
1.020461701526617, 0.004388637424250, -0.000206239178789, -0.010886370692668, 0.006285249049910, 0.000000000000000, 2, 0.4, -5.0
1.020461701526617, 0.004984673782468, -0.000206239178789, -0.011638471631436, -0.001223252660483, 0.002487460079656, 3, -1.8, -14.6
1.020461701526617, 0.004984673782468, -0.000206239178789, -0.011638471631436, -0.001223252660483, -0.002487460079656, 3, 2.6, -20.3
1.020461701526617, 0.005059178327246, -0.000206239178789, -0.011816267339435, -0.001241939742406, 0.000000000000000, 3, 0.7, -20.6
1.020461701526617, 0.005133682872023, -0.000206239178789, -0.010777176422152, -0.000000000000000, -0.004798308089773, 3, 6.1, -14.4
1.020461701526617, 0.005357196506354, -0.000206239178789, -0.010730178544805, 0.003486446353303, 0.002398143347436, 3, -2.7, -11.9
1.020461701526617, 0.005431701051132, -0.000206239178789, -0.010883414933941, 0.003536235874313, 0.000000000000000, 3, 0.5, -8.6
1.020461701526617, 0.005580710140686, -0.000206239178789, -0.010950079891374, 0.001150899773081, 0.002340331914825, 3, -2.2, -12.5
1.020461701526617, 0.005655214685463, -0.000206239178789, -0.011098977379151, 0.001166549529667, 0.000000000000000, 3, 0.6, -12.0
1.020461701526617, -0.007457585195329, -0.000131734634012, -0.008088060837218, -0.000850089449078, 0.000000000000000, 4, -0.5, 7.1
1.020461701526617, -0.003508844322136, -0.000131734634012, -0.007820578051972, -0.010764102238368, 0.000000000000000, 2, 0.4, -57.4
1.020461701526617, -0.002689294329587, -0.000131734634012, -0.011973560360888, -0.006912938297517, 0.000000000000000, 2, 0.5, -55.3
1.020461701526617, -0.001869744337037, -0.000131734634012, -0.002887132090122, -0.012649352179011, 0.005776688071287, 1, -8.0, -52.4
1.020461701526617, -0.001869744337037, -0.000131734634012, -0.002887132090122, -0.012649352179011, -0.005776688071287, 1, 7.7, -57.4
1.020461701526617, -0.000230644351938, -0.000131734634012, -0.013833417154728, -0.004494749699777, 0.000000000000000, 1, 0.5, -41.1
1.020461701526617, -0.000156139807161, -0.000131734634012, -0.013836130643176, -0.004495631365619, 0.000000000000000, 1, 0.5, -44.3
1.020461701526617, 0.000961428364498, -0.000131734634012, -0.010745087478648, 0.009674920222109, 0.000000000000000, 1, -0.1, 4.4
1.020461701526617, 0.001259446543607, -0.000131734634012, -0.014001506500185, -0.001471617633269, 0.002992505337228, 1, -4.7, -161.0
1.020461701526617, 0.001333951088384, -0.000131734634012, -0.014295181903404, -0.001502484161941, 0.000000000000000, 1, 0.3, -162.3
1.020461701526617, 0.002898546528706, -0.000131734634012, -0.012207961372146, 0.002786387518799, -0.005575114348561, 2, -8.3, 6.4
1.020461701526617, 0.004090619245142, -0.000131734634012, -0.011732457138574, -0.000000000000000, -0.005223626467246, 2, -7.5, 4.6
1.020461701526617, 0.004388637424250, -0.000131734634012, -0.010889570376819, 0.006287096388416, 0.000000000000000, 2, 0.2, -4.7
1.020461701526617, 0.004984673782468, -0.000131734634012, -0.011642195049596, -0.001223644007502, 0.002488255876074, 3, -1.9, -15.9
1.020461701526617, 0.004984673782468, -0.000131734634012, -0.011642195049596, -0.001223644007502, -0.002488255876074, 3, 2.4, -19.4
1.020461701526617, 0.005059178327246, -0.000131734634012, -0.011820093258674, -0.001242341862722, 0.000000000000000, 3, 0.5, -20.5
1.020461701526617, 0.005133682872023, -0.000131734634012, -0.010780709227569, -0.000000000000000, -0.004799880996084, 3, 6.5, -10.1
1.020461701526617, 0.005208187416800, -0.000131734634012, -0.010433935025464, 0.002381477581773, -0.004764954532470, 3, 6.8, -12.8
1.020461701526617, 0.005357196506354, -0.000131734634012, -0.010733836595267, 0.003487634925948, 0.002398960904138, 3, -2.9, -12.4
1.020461701526617, 0.005431701051132, -0.000131734634012, -0.010887176942880, 0.003537458225114, 0.000000000000000, 3, 0.3, -8.2
1.020461701526617, 0.005580710140686, -0.000131734634012, -0.010953976059328, 0.001151309276834, 0.002341164632604, 3, -2.3, -13.2
1.020461701526617, 0.005580710140686, -0.000131734634012, -0.010953976059328, 0.001151309276834, -0.002341164632604, 3, 2.9, -15.9
1.020461701526617, 0.005655214685463, -0.000131734634012, -0.011102986704653, 0.001166970926758, 0.000000000000000, 3, 0.4, -11.7
1.020461701526617, -0.005669476120676, -0.000057230089235, -0.002266152193502, -0.009928661485533, 0.004534206934526, 3, 6.8, 5.3
1.020461701526617, -0.003508844322136, -0.000057230089235, -0.007821746059565, -0.010765709862902, 0.000000000000000, 2, 0.2, -58.0
1.020461701526617, -0.002689294329587, -0.000057230089235, -0.011975238683026, -0.006913907277255, 0.000000000000000, 2, 0.2, -55.5
1.020461701526617, -0.001869744337037, -0.000057230089235, -0.002887519430002, -0.012651049225909, 0.005777463076239, 1, -7.6, -55.6
1.020461701526617, -0.001869744337037, -0.000057230089235, -0.002887519430002, -0.012651049225909, -0.005777463076239, 1, 7.6, -57.1
1.020461701526617, -0.000230644351938, -0.000057230089235, -0.013835203092138, -0.004495329986018, 0.000000000000000, 1, 0.2, -41.2
1.020461701526617, -0.000156139807161, -0.000057230089235, -0.013837916369698, -0.004496211583339, 0.000000000000000, 1, 0.2, -44.4
1.020461701526617, 0.000961428364498, -0.000057230089235, -0.010746488023371, 0.009676181278242, 0.000000000000000, 1, -0.0, 5.0
1.020461701526617, 0.001259446543607, -0.000057230089235, -0.014003344931487, -0.001471810860185, 0.002992898260339, 1, -4.9, -160.0
1.020461701526617, 0.001259446543607, -0.000057230089235, -0.014003344931487, -0.001471810860185, -0.002992898260339, 1, 5.3, -156.3
1.020461701526617, 0.001333951088384, -0.000057230089235, -0.014297062941804, -0.001502681867044, 0.000000000000000, 1, 0.1, -162.6
1.020461701526617, 0.004090619245142, -0.000057230089235, -0.011734316459265, -0.000000000000000, -0.005224454290153, 2, -7.5, 6.2
1.020461701526617, 0.004388637424250, -0.000057230089235, -0.010891359033658, 0.006288129069923, 0.000000000000000, 2, 0.1, -4.5
1.020461701526617, 0.004761160148137, -0.000057230089235, -0.009857436691262, 0.000620177349405, 0.007176007184297, 3, -10.1, -10.4
1.020461701526617, 0.004984673782468, -0.000057230089235, -0.011644276435211, -0.001223862769945, 0.002488700725173, 3, -2.0, -17.0
1.020461701526617, 0.004984673782468, -0.000057230089235, -0.011644276435211, -0.001223862769945, -0.002488700725173, 3, 2.3, -18.5
1.020461701526617, 0.005059178327246, -0.000057230089235, -0.011822231935568, -0.001242566646721, 0.000000000000000, 3, 0.2, -20.4
1.020461701526617, 0.005208187416800, -0.000057230089235, -0.010435870730408, 0.002381919393795, -0.004765838527437, 3, 6.8, -10.8
1.020461701526617, 0.005431701051132, -0.000057230089235, -0.010889279857040, 0.003538141503345, 0.000000000000000, 3, 0.1, -8.0
1.020461701526617, 0.005580710140686, -0.000057230089235, -0.010956153948894, 0.001151538182252, 0.002341630107241, 3, -2.5, -13.9
1.020461701526617, 0.005580710140686, -0.000057230089235, -0.010956153948894, 0.001151538182252, -0.002341630107241, 3, 2.8, -15.1
1.020461701526617, 0.005655214685463, -0.000057230089235, -0.011105227837593, 0.001167206479321, 0.000000000000000, 3, 0.2, -11.5
1.020461701526617, -0.003508844322136, 0.000017274455542, -0.007821993011994, -0.010766049763761, 0.000000000000000, 2, -0.1, -58.1
1.020461701526617, -0.002689294329587, 0.000017274455542, -0.011975593533626, -0.006914112150345, 0.000000000000000, 2, -0.1, -55.5
1.020461701526617, -0.001869744337037, 0.000017274455542, -0.002887601326271, -0.012651408036908, 0.005777626937533, 1, -7.6, -56.7
1.020461701526617, -0.001869744337037, 0.000017274455542, -0.002887601326271, -0.012651408036908, -0.005777626937533, 1, 7.5, -56.3
1.020461701526617, -0.000230644351938, 0.000017274455542, -0.013835580698756, -0.004495452677846, 0.000000000000000, 1, -0.1, -41.3
1.020461701526617, -0.000156139807161, 0.000017274455542, -0.013838293931712, -0.004496334260674, 0.000000000000000, 1, -0.1, -44.4
1.020461701526617, 0.000961428364498, 0.000017274455542, -0.010746784144890, 0.009676447907255, 0.000000000000000, 1, 0.0, 5.1
1.020461701526617, 0.001259446543607, 0.000017274455542, -0.014003733636485, -0.001471851714727, 0.002992981337240, 1, -5.1, -158.2
1.020461701526617, 0.001259446543607, 0.000017274455542, -0.014003733636485, -0.001471851714727, -0.002992981337240, 1, 5.0, -159.2
1.020461701526617, 0.001333951088384, 0.000017274455542, -0.014297460655271, -0.001502723668413, 0.000000000000000, 1, -0.0, -162.6
1.020461701526617, 0.004090619245142, 0.000017274455542, -0.011734709574071, -0.000000000000000, 0.005224629316141, 2, 7.6, 7.8
1.020461701526617, 0.004090619245142, 0.000017274455542, -0.011734709574071, -0.000000000000000, -0.005224629316141, 2, -7.8, 10.5
1.020461701526617, 0.004388637424250, 0.000017274455542, -0.010891737206686, 0.006288347408223, 0.000000000000000, 2, -0.0, -4.5
1.020461701526617, 0.004761160148137, 0.000017274455542, -0.009857796770312, 0.000620200003658, -0.007176269314295, 3, 9.5, -13.5
1.020461701526617, 0.004984673782468, 0.000017274455542, -0.011644716495418, -0.001223909022137, 0.002488794778090, 3, -2.2, -18.0
1.020461701526617, 0.004984673782468, 0.000017274455542, -0.011644716495418, -0.001223909022137, -0.002488794778090, 3, 2.1, -17.6
1.020461701526617, 0.005059178327246, 0.000017274455542, -0.011822684108030, -0.001242614171962, 0.000000000000000, 3, -0.1, -20.4
1.020461701526617, 0.005208187416800, 0.000017274455542, -0.010436279988099, 0.002382012804192, 0.004766025426654, 3, -6.8, -9.5
1.020461701526617, 0.005208187416800, 0.000017274455542, -0.010436279988099, 0.002382012804192, -0.004766025426654, 3, 6.9, -8.0
1.020461701526617, 0.005431701051132, 0.000017274455542, -0.010889724464939, 0.003538285965208, 0.000000000000000, 3, -0.0, -8.0
1.020461701526617, 0.005580710140686, 0.000017274455542, -0.010956614406806, 0.001151586578328, 0.002341728519705, 3, -2.7, -14.6
1.020461701526617, 0.005580710140686, 0.000017274455542, -0.010956614406806, 0.001151586578328, -0.002341728519705, 3, 2.6, -14.3
1.020461701526617, 0.005655214685463, 0.000017274455542, -0.011105701665771, 0.001167256280670, 0.000000000000000, 3, -0.1, -11.4
1.020461701526617, -0.003508844322136, 0.000091779000320, -0.007821318975102, -0.010765122031568, 0.000000000000000, 2, -0.3, -57.8
1.020461701526617, -0.002689294329587, 0.000091779000320, -0.011974624999083, -0.006913552966666, 0.000000000000000, 2, -0.3, -55.4
1.020461701526617, -0.001869744337037, 0.000091779000320, -0.002887377797620, -0.012650428693896, 0.005777179692566, 1, -7.7, -57.3
1.020461701526617, -0.001869744337037, 0.000091779000320, -0.002887377797620, -0.012650428693896, -0.005777179692566, 1, 7.7, -54.7
1.020461701526617, -0.000230644351938, 0.000091779000320, -0.013834550055844, -0.004495117801664, 0.000000000000000, 1, -0.3, -41.2
1.020461701526617, -0.000156139807161, 0.000091779000320, -0.013837263410495, -0.004495999424033, 0.000000000000000, 1, -0.3, -44.3
1.020461701526617, 0.000961428364498, 0.000091779000320, -0.010745975907908, 0.009675720167407, 0.000000000000000, 1, 0.1, 4.8
1.020461701526617, 0.001259446543607, 0.000091779000320, -0.014002672701063, -0.001471740205921, -0.002992754586289, 1, 4.8, -160.5
1.020461701526617, 0.001333951088384, 0.000091779000320, -0.014296375131959, -0.001502609575316, 0.000000000000000, 1, -0.2, -162.5
1.020461701526617, 0.002898546528706, 0.000091779000320, -0.012209062366999, 0.002786638813690, 0.005575617149317, 2, 8.4, 8.7
1.020461701526617, 0.004090619245142, 0.000091779000320, -0.011733636596782, -0.000000000000000, 0.005224151595873, 2, 7.5, 5.3
1.020461701526617, 0.004388637424250, 0.000091779000320, -0.010890705010756, 0.006287751469625, 0.000000000000000, 2, -0.2, -4.6
1.020461701526617, 0.004984673782468, 0.000091779000320, -0.011643515379594, -0.001223782779776, 0.002488538066748, 3, -2.3, -19.0
1.020461701526617, 0.004984673782468, 0.000091779000320, -0.011643515379594, -0.001223782779776, -0.002488538066748, 3, 2.0, -16.5
1.020461701526617, 0.005059178327246, 0.000091779000320, -0.011821449932002, -0.001242484454835, 0.000000000000000, 3, -0.3, -20.5
1.020461701526617, 0.005208187416800, 0.000091779000320, -0.010435162944274, 0.002381757846228, 0.004765515296677, 3, -6.8, -11.8
1.020461701526617, 0.005431701051132, 0.000091779000320, -0.010888510933175, 0.003537891664836, 0.000000000000000, 3, -0.2, -8.1
1.020461701526617, 0.005580710140686, 0.000091779000320, -0.010955357611985, 0.001151454483870, 0.002341459908237, 3, -2.9, -15.4
1.020461701526617, 0.005580710140686, 0.000091779000320, -0.010955357611985, 0.001151454483870, -0.002341459908237, 3, 2.4, -13.5
1.020461701526617, 0.005655214685463, 0.000091779000320, -0.011104408376776, 0.001167120350519, 0.000000000000000, 3, -0.3, -11.5
1.020461701526617, -0.007457585195329, 0.000166283545097, -0.008085932532677, -0.000849865755257, 0.000000000000000, 4, 0.6, 2.8
1.020461701526617, -0.003508844322136, 0.000166283545097, -0.007819723769179, -0.010762926418976, 0.000000000000000, 2, -0.5, -57.0
1.020461701526617, -0.002838303419141, 0.000166283545097, -0.010211349551475, 0.009194340433887, 0.000000000000000, 2, 0.4, 7.6
1.020461701526617, -0.002689294329587, 0.000166283545097, -0.011972332843557, -0.006912229590055, 0.000000000000000, 2, -0.6, -55.2
1.020461701526617, -0.001869744337037, 0.000166283545097, -0.002886848793039, -0.012648110973390, 0.005776121239279, 1, -7.8, -57.4
1.020461701526617, -0.000230644351938, 0.000166283545097, -0.013832110941540, -0.004494325285385, 0.000000000000000, 1, -0.6, -41.0
1.020461701526617, -0.000156139807161, 0.000166283545097, -0.013834824584286, -0.004495207001362, 0.000000000000000, 1, -0.6, -44.2
1.020461701526617, 0.000961428364498, 0.000166283545097, -0.010744063135851, 0.009673997899712, 0.000000000000000, 1, 0.1, 4.1
1.020461701526617, 0.001259446543607, 0.000166283545097, -0.014000161890831, -0.001471476309131, -0.002992217957390, 1, 4.6, -161.3
1.020461701526617, 0.001333951088384, 0.000166283545097, -0.014293806131277, -0.001502339562464, 0.000000000000000, 1, -0.4, -162.1
1.020461701526617, 0.003867105610810, 0.000166283545097, -0.008717716979559, -0.000000000000000, 0.009682005578237, 2, -15.3, -12.8
1.020461701526617, 0.004090619245142, 0.000166283545097, -0.011731097216812, -0.000000000000000, 0.005223020991068, 2, 7.6, 4.3
1.020461701526617, 0.004388637424250, 0.000166283545097, -0.010888262132327, 0.006286341073106, 0.000000000000000, 2, -0.3, -4.8
1.020461701526617, 0.004984673782468, 0.000166283545097, -0.011640672679861, -0.001223483999995, 0.002487930503975, 3, -2.5, -19.8
1.020461701526617, 0.004984673782468, 0.000166283545097, -0.011640672679861, -0.001223483999995, -0.002487930503975, 3, 1.8, -15.4
1.020461701526617, 0.005059178327246, 0.000166283545097, -0.011818528981832, -0.001242177450601, 0.000000000000000, 3, -0.6, -20.6
1.020461701526617, 0.005133682872023, 0.000166283545097, -0.010779264795905, -0.000000000000000, 0.004799237893673, 3, -6.2, -12.7
1.020461701526617, 0.005208187416800, 0.000166283545097, -0.010432519201091, 0.002381154429099, 0.004764307955819, 3, -6.8, -13.6
1.020461701526617, 0.005357196506354, 0.000166283545097, -0.010732340961582, 0.003487148965105, -0.002398626637196, 3, 2.8, -12.2
1.020461701526617, 0.005431701051132, 0.000166283545097, -0.010885638806886, 0.003536958454435, 0.000000000000000, 3, -0.4, -8.4
1.020461701526617, 0.005580710140686, 0.000166283545097, -0.010952383075962, 0.001151141847536, 0.002340824168439, 3, -3.0, -16.3
1.020461701526617, 0.005580710140686, 0.000166283545097, -0.010952383075962, 0.001151141847536, -0.002340824168439, 3, 2.2, -12.9
1.020461701526617, 0.005655214685463, 0.000166283545097, -0.011101347458532, 0.001166798635048, 0.000000000000000, 3, -0.5, -11.8
1.020461701526617, -0.003508844322136, 0.000240788089874, -0.007817206968576, -0.010759462340130, 0.000000000000000, 2, -0.8, -55.4
1.020461701526617, -0.002838303419141, 0.000240788089874, -0.010208234209330, 0.009191535367220, 0.000000000000000, 2, 0.5, 5.2
1.020461701526617, -0.002689294329587, 0.000240788089874, -0.011968716508555, -0.006910141698069, 0.000000000000000, 2, -0.9, -54.7
1.020461701526617, -0.001869744337037, 0.000240788089874, -0.002886014191727, -0.012644454346125, 0.005774451335966, 1, -8.1, -57.1
1.020461701526617, -0.001050194344487, 0.000240788089874, -0.012501738165953, 0.007217881895451, 0.000000000000000, 1, 0.5, 14.0
1.020461701526617, -0.000230644351938, 0.000240788089874, -0.013828262830532, -0.004493074958325, 0.000000000000000, 1, -0.9, -40.7
1.020461701526617, -0.000156139807161, 0.000240788089874, -0.013830976928113, -0.004493956822087, 0.000000000000000, 1, -0.9, -44.0
1.020461701526617, 0.000141878371948, 0.000240788089874, -0.013831377202032, 0.004494086878967, 0.000000000000000, 1, 1.0, -169.5
1.020461701526617, 0.000961428364498, 0.000240788089874, -0.010741045410670, 0.009671280727754, 0.000000000000000, 1, 0.1, 3.3
1.020461701526617, 0.001259446543607, 0.000240788089874, -0.013996200650844, -0.001471059966032, -0.002991371331936, 1, 4.4, -161.8
1.020461701526617, 0.001333951088384, 0.000240788089874, -0.014289753083541, -0.001501913569981, 0.000000000000000, 1, -0.5, -161.4
1.020461701526617, 0.004388637424250, 0.000240788089874, -0.010884407828744, 0.006284115789895, 0.000000000000000, 2, -0.4, -5.2
1.020461701526617, 0.004463141969028, 0.000240788089874, -0.009615883426268, 0.003124389921874, -0.007345881273955, 2, 11.1, -9.9
1.020461701526617, 0.004984673782468, 0.000240788089874, -0.011636187430013, -0.001223012581240, 0.002486971883264, 3, -2.7, -20.7
1.020461701526617, 0.004984673782468, 0.000240788089874, -0.011636187430013, -0.001223012581240, -0.002486971883264, 3, 1.8, -13.9
1.020461701526617, 0.005059178327246, 0.000240788089874, -0.011813920249232, -0.001241693053285, 0.000000000000000, 3, -0.9, -20.7
1.020461701526617, 0.005133682872023, 0.000240788089874, -0.010775009141452, -0.000000000000000, 0.004797343154236, 3, -6.0, -15.6
1.020461701526617, 0.005357196506354, 0.000240788089874, -0.010727934405113, 0.003485717188116, -0.002397641792998, 3, 2.6, -11.7
1.020461701526617, 0.005431701051132, 0.000240788089874, -0.010881107008671, 0.003535485983935, 0.000000000000000, 3, -0.6, -8.8
1.020461701526617, 0.005580710140686, 0.000240788089874, -0.010947689641784, 0.001150648547726, -0.002339821053036, 3, 2.1, -12.3
1.020461701526617, 0.005655214685463, 0.000240788089874, -0.011096517697718, 0.001166291006731, 0.000000000000000, 3, -0.7, -12.2
1.020461701526617, -0.006712539747557, 0.000315292634651, -0.009093496874798, 0.002954656242254, 0.000000000000000, 3, 1.1, 9.9
1.020461701526617, -0.003210826143027, 0.000315292634651, -0.011691553428926, 0.006750121519435, 0.000000000000000, 2, 0.4, 12.1
1.020461701526617, -0.002838303419141, 0.000315292634651, -0.010203977358099, 0.009187702481156, 0.000000000000000, 2, 0.6, 3.2
1.020461701526617, -0.002689294329587, 0.000315292634651, -0.011963775111978, -0.006907288781425, 0.000000000000000, 2, -1.1, -54.2
1.020461701526617, -0.001869744337037, 0.000315292634651, -0.002884873802885, -0.012639457976152, 0.005772169600869, 1, -8.4, -56.4
1.020461701526617, -0.001050194344487, 0.000315292634651, -0.012496929435569, 0.007215105573669, 0.000000000000000, 1, 0.7, 10.2
1.020461701526617, -0.000230644351938, 0.000315292634651, -0.013823004893144, -0.004491366550906, 0.000000000000000, 1, -1.1, -40.2
1.020461701526617, -0.000156139807161, 0.000315292634651, -0.013825719612754, -0.004492248616778, 0.000000000000000, 1, -1.2, -43.7
1.020461701526617, 0.000961428364498, 0.000315292634651, -0.010736922072053, 0.009667568056987, 0.000000000000000, 1, 0.1, 2.4
1.020461701526617, 0.001259446543607, 0.000315292634651, -0.013990788104578, -0.001470491084496, -0.002990214522589, 1, 4.2, -162.0
1.020461701526617, 0.001333951088384, 0.000315292634651, -0.014284215088949, -0.001501331503294, 0.000000000000000, 1, -0.6, -160.3
1.020461701526617, 0.004388637424250, 0.000315292634651, -0.010879140926843, 0.006281074942665, 0.000000000000000, 2, -0.6, -5.7
1.020461701526617, 0.004463141969028, 0.000315292634651, -0.010281416066216, 0.004951269022890, -0.005080732000129, 2, 7.7, -7.2
1.020461701526617, 0.004686655603359, 0.000315292634651, -0.009907605010653, 0.000623333672526, 0.007212528668700, 3, -10.6, -13.4
1.020461701526617, 0.005059178327246, 0.000315292634651, -0.011807622141187, -0.001241031095456, 0.000000000000000, 3, -1.1, -20.9
1.020461701526617, 0.005357196506354, 0.000315292634651, -0.010721912430421, 0.003483760529928, -0.002396295910589, 3, 2.5, -11.4
1.020461701526617, 0.005431701051132, 0.000315292634651, -0.010874913836085, 0.003533473700180, 0.000000000000000, 3, -0.8, -9.3
1.020461701526617, 0.005580710140686, 0.000315292634651, -0.010941275481041, 0.001149974392266, -0.002338450171249, 3, 1.9, -11.8
1.020461701526617, 0.005655214685463, 0.000315292634651, -0.011089917177224, 0.001165597264072, 0.000000000000000, 3, -1.0, -12.8
1.020461701526617, -0.002838303419141, 0.000389797179429, -0.010198577942523, 0.009182840825535, 0.000000000000000, 2, 0.7, 1.4
1.020461701526617, -0.002689294329587, 0.000389797179429, -0.011957507446525, -0.006903670143088, 0.000000000000000, 2, -1.4, -53.3
1.020461701526617, -0.001869744337037, 0.000389797179429, -0.002883427365397, -0.012633120719446, 0.005769275511536, 1, -8.9, -54.7
1.020461701526617, -0.001571726157928, 0.000389797179429, -0.013587660606937, 0.004414898556922, 0.000000000000000, 1, -0.5, -166.2
1.020461701526617, -0.001050194344487, 0.000389797179429, -0.012490830254372, 0.007211584209763, 0.000000000000000, 1, 1.0, 7.4
1.020461701526617, -0.000230644351938, 0.000389797179429, -0.013816335993887, -0.004489199694186, 0.000000000000000, 1, -1.4, -39.6
1.020461701526617, -0.000156139807161, 0.000389797179429, -0.013819051503457, -0.004490082016730, 0.000000000000000, 1, -1.4, -43.4
1.020461701526617, 0.000961428364498, 0.000389797179429, -0.010731692216384, 0.009662859073792, 0.000000000000000, 1, 0.1, 1.4
1.020461701526617, 0.001259446543607, 0.000389797179429, -0.013983923052460, -0.001469769538443, -0.002988747272968, 1, 4.1, -161.9
1.020461701526617, 0.001333951088384, 0.000389797179429, -0.014277190916085, -0.001500593232977, 0.000000000000000, 1, -0.7, -158.6
1.020461701526617, 0.004388637424250, 0.000389797179429, -0.010872459820477, 0.006277217604106, 0.000000000000000, 2, -0.7, -6.2
1.020461701526617, 0.004463141969028, 0.000389797179429, -0.010275041042587, 0.004948198973315, -0.005077581676638, 2, 7.8, -5.4
1.020461701526617, 0.005059178327246, 0.000389797179429, -0.011799632476329, -0.001240191347841, 0.000000000000000, 3, -1.4, -21.2
1.020461701526617, 0.005431701051132, 0.000389797179429, -0.010867056957387, 0.003530920845540, 0.000000000000000, 3, -1.0, -10.0
1.020461701526617, 0.005580710140686, 0.000389797179429, -0.010933138089623, 0.001149119117964, -0.002336710987879, 3, 1.7, -11.4
1.020461701526617, 0.005655214685463, 0.000389797179429, -0.011081543271035, 0.001164717131066, 0.000000000000000, 3, -1.2, -13.4
1.020461701526617, -0.007532089740107, 0.000464301724206, -0.006863911374583, -0.003962881079809, 0.000000000000000, 4, 1.5, 5.5
1.020461701526617, -0.002987312508695, 0.000464301724206, -0.005421120048604, -0.012176034984915, 0.002833023917437, 2, -4.0, -62.9
1.020461701526617, -0.002838303419141, 0.000464301724206, -0.010192034621117, 0.009176949192477, 0.000000000000000, 2, 0.8, -0.4
1.020461701526617, -0.002689294329587, 0.000464301724206, -0.011949911977464, -0.006899284896981, 0.000000000000000, 2, -1.7, -52.3
1.020461701526617, -0.002540285240032, 0.000464301724206, -0.005500716861058, -0.011422356258473, 0.005644546489076, 2, -7.6, -55.1
1.020461701526617, -0.000230644351938, 0.000464301724206, -0.013808254689703, -0.004486573919285, 0.000000000000000, 1, -1.7, -38.7
1.020461701526617, -0.000156139807161, 0.000464301724206, -0.013810971158018, -0.004487456553344, 0.000000000000000, 1, -1.7, -42.9
1.020461701526617, 0.000961428364498, 0.000464301724206, -0.010725354695174, 0.009657152744063, 0.000000000000000, 1, 0.1, 0.4
1.020461701526617, 0.001259446543607, 0.000464301724206, -0.013975603969901, -0.001468895167632, -0.002986969257227, 1, 4.0, -161.5
1.020461701526617, 0.004463141969028, 0.000464301724206, -0.010267314601707, 0.004944478115494, -0.005073763527934, 2, 7.9, -2.8
1.020461701526617, 0.004910169237691, 0.000464301724206, -0.011691870575144, -0.001228865115626, 0.002498872896130, 3, -4.1, -12.9
1.020461701526617, -0.006936053381889, 0.000538806268983, -0.008679595201229, -0.002820171436208, 0.000000000000000, 4, 1.5, -160.4
1.020461701526617, -0.002987312508695, 0.000538806268983, -0.005416986419892, -0.012166750702818, 0.002830863723805, 2, -4.3, -61.4
1.020461701526617, -0.002689294329587, 0.000538806268983, -0.011940986840017, -0.006894131966473, 0.000000000000000, 2, -1.9, -50.7
1.020461701526617, -0.002540285240032, 0.000538806268983, -0.005496646806461, -0.011413904703016, 0.005640370012997, 2, -8.2, -53.0
1.020461701526617, -0.000230644351938, 0.000538806268983, -0.013798759227454, -0.004483488656575, 0.000000000000000, 1, -1.9, -37.4
1.020461701526617, -0.000156139807161, 0.000538806268983, -0.013801476824338, -0.004484371657329, 0.000000000000000, 1, -2.0, -42.3
1.020461701526617, 0.000365392006280, 0.000538806268983, -0.013489813412780, -0.004383106076319, 0.003014908480687, 1, -3.3, -34.9
1.020461701526617, 0.000514401095834, 0.000538806268983, -0.013235357874490, -0.000000000000000, -0.005892760986047, 1, 9.6, -157.9
1.020461701526617, 0.000961428364498, 0.000538806268983, -0.010717908113134, 0.009650447811479, 0.000000000000000, 1, 0.1, -0.6
1.020461701526617, 0.001259446543607, 0.000538806268983, -0.013965829004631, -0.001467867777383, -0.002984880079484, 1, 3.9, -160.9
1.020461701526617, 0.002526023804820, 0.000538806268983, -0.013798692710063, 0.001450301044957, 0.000000000000000, 2, -1.6, 7.4
1.020461701526617, 0.004910169237691, 0.000538806268983, -0.011680848795538, -0.001227706679909, 0.002496517240023, 3, -4.1, -16.3
1.020461701526617, -0.003285330687804, 0.000613310813760, -0.007710888788912, -0.010613127919823, 0.002788433364054, 2, -4.0, -60.8
1.020461701526617, -0.002987312508695, 0.000613310813760, -0.005412235859041, -0.012156080768449, 0.002828381127516, 2, -4.7, -59.3
1.020461701526617, -0.002689294329587, 0.000613310813760, -0.011930729835946, -0.006888210082412, 0.000000000000000, 2, -2.1, -48.1
1.020461701526617, -0.000156139807161, 0.000613310813760, -0.013790566437542, -0.004480826657766, 0.000000000000000, 1, -2.2, -41.6
1.020461701526617, 0.000365392006280, 0.000613310813760, -0.013479136625311, -0.004379636977778, 0.003012522269988, 1, -3.7, -34.4
1.020461701526617, 0.000514401095834, 0.000613310813760, -0.013224867376902, -0.000000000000000, -0.005888090315598, 1, 9.4, -158.1
1.020461701526617, 0.001259446543607, 0.000613310813760, -0.013954595973592, -0.001466687138246, -0.002982479273161, 1, 3.8, -159.7
1.020461701526617, 0.004612151058582, 0.000613310813760, -0.009934949205849, 0.000625054023468, 0.007232434669350, 3, -11.4, -13.7
1.020461701526617, 0.004910169237691, 0.000613310813760, -0.011668179463249, -0.001226375079427, 0.002493809456793, 3, -4.2, -18.1
1.020461701526617, 0.005059178327246, 0.000613310813760, -0.010807508571091, -0.000000000000000, 0.004811812832567, 3, -7.3, -14.9
1.020461701526617, 0.005506205595909, 0.000613310813760, -0.010990559419890, 0.001155154342970, 0.002348983498505, 3, -4.7, -10.7
1.020461701526617, -0.003285330687804, 0.000687815358538, -0.007703057542084, -0.010602349133274, 0.002785601406476, 2, -4.4, -58.9
1.020461701526617, -0.002987312508695, 0.000687815358538, -0.005406867155765, -0.012144022463462, 0.002825575496088, 2, -5.3, -54.3
1.020461701526617, -0.002391276150478, 0.000687815358538, -0.011788862595605, -0.006806302993012, 0.002893448723758, 2, -3.7, -50.0
1.020461701526617, -0.002242267060923, 0.000687815358538, -0.002844414124073, -0.013381916331941, 0.002907960027648, 2, -5.3, -62.7
1.020461701526617, -0.000156139807161, 0.000687815358538, -0.013778237616356, -0.004476820780931, 0.000000000000000, 1, -2.5, -40.7
1.020461701526617, 0.000365392006280, 0.000687815358538, -0.013467071759967, -0.004375716865395, 0.003009825830554, 1, -4.1, -33.3
1.020461701526617, 0.001259446543607, 0.000687815358538, -0.013941902359149, -0.001465352985607, -0.002979766300170, 1, 3.9, -157.7
1.020461701526617, 0.001706473812270, 0.000687815358538, -0.013812944180545, 0.001451798934864, 0.002952204406188, 1, 3.2, -163.9
1.020461701526617, 0.004910169237691, 0.000687815358538, -0.011653858262460, -0.001224869860570, 0.002490748624032, 3, -4.4, -19.6
1.020461701526617, 0.005059178327246, 0.000687815358538, -0.010793923111473, -0.000000000000000, 0.004805764196243, 3, -7.2, -17.6
1.020461701526617, 0.005506205595909, 0.000687815358538, -0.010975586566629, 0.001153580632678, 0.002345783389767, 3, -4.9, -13.2
1.020461701526617, -0.003359835232582, 0.000762319903315, -0.009907311466743, -0.008920583312774, 0.000000000000000, 2, -2.6, -55.0
1.020461701526617, -0.003285330687804, 0.000762319903315, -0.007694322383428, -0.010590326218827, 0.002782442573752, 2, -4.9, -55.9
1.020461701526617, -0.002763798874364, 0.000762319903315, -0.010186055559348, 0.009171565621079, 0.000000000000000, 2, 1.5, 3.6
1.020461701526617, -0.002391276150478, 0.000762319903315, -0.011776305980139, -0.006799053427693, 0.002890366838402, 2, -4.2, -48.0
1.020461701526617, -0.002242267060923, 0.000762319903315, -0.002841409134734, -0.013367778968618, 0.002904887905059, 2, -5.7, -59.5
1.020461701526617, -0.000156139807161, 0.000762319903315, -0.013764487659317, -0.004472353149067, 0.000000000000000, 1, -2.8, -39.5
1.020461701526617, 0.003569087431701, 0.000762319903315, -0.011739557312963, -0.002679477348913, 0.005361204252382, 2, -7.4, -19.6
1.020461701526617, 0.004910169237691, 0.000762319903315, -0.011637880289842, -0.001223190507977, 0.002487333693765, 3, -4.6, -20.8
1.020461701526617, 0.004984673782468, 0.000762319903315, -0.011816825319045, -0.001241998388426, 0.000000000000000, 3, -2.4, -13.1
1.020461701526617, -0.003136321598250, 0.000836824448092, -0.009787629762471, -0.008812821422219, 0.002799487876234, 2, -4.4, -56.8
1.020461701526617, -0.002838303419141, 0.000836824448092, -0.011560832725096, 0.006674649885891, -0.002837481260192, 2, -3.9, 8.7
1.020461701526617, -0.000156139807161, 0.000836824448092, -0.013749313539914, -0.004467422778800, 0.000000000000000, 1, -3.0, -37.8
1.020461701526617, 0.000439896551057, 0.000836824448092, -0.013433217509892, -0.004364716952745, 0.003002259568328, 1, -4.0, -38.0
1.020461701526617, 0.004537646513805, 0.000836824448092, -0.009487065299538, 0.003082534375268, -0.007247472981868, 3, 9.9, -8.9
1.020461701526617, -0.005669476120676, 0.000911328992869, -0.009538871408595, 0.005507269975517, 0.000000000000000, 3, 2.9, 5.9
1.020461701526617, -0.005222448852012, 0.000911328992869, -0.010765344290350, 0.003497872396663, 0.002406002722598, 3, -4.7, 8.2
1.020461701526617, -0.003136321598250, 0.000911328992869, -0.009774355786879, -0.008800869480912, 0.002795691213034, 2, -4.9, -54.1
1.020461701526617, -0.002689294329587, 0.000911328992869, -0.007811079215324, -0.009794783530358, 0.005577824239486, 2, -8.0, -52.7
1.020461701526617, -0.002018753426591, 0.000911328992869, -0.013055265739583, 0.004241912978345, -0.002917789163681, 1, 5.0, -160.1
1.020461701526617, 0.000439896551057, 0.000911328992869, -0.013416967154181, -0.004359436892103, 0.002998627691908, 1, -4.4, -37.3
1.020461701526617, 0.004984673782468, 0.000911328992869, -0.010819797102872, -0.000000000000000, 0.004817284039417, 3, -8.5, -13.0
1.020461701526617, 0.000439896551057, 0.000985833537646, -0.013399315825565, -0.004353701627771, 0.002994682704775, 1, -4.8, -36.5
1.020461701526617, 0.004835664692914, 0.000985833537646, -0.011657987125637, -0.001225303821577, 0.002491631075152, 3, -5.6, -16.5
1.020461701526617, 0.004984673782468, 0.000985833537646, -0.010799991646620, -0.000000000000000, 0.004808466082168, 3, -8.3, -16.8
1.020461701526617, -0.007308576105775, 0.001060338082424, -0.008000529618057, -0.000840889547226, 0.001709932254959, 4, 4.1, 3.7
1.020461701526617, -0.003881367046022, 0.001060338082424, -0.011962397668505, 0.003886818616668, -0.002673538400906, 2, 5.3, -161.7
1.020461701526617, -0.002689294329587, 0.001060338082424, -0.010160922248069, 0.009148935485958, 0.000000000000000, 2, 1.9, 1.1
1.020461701526617, -0.002316771605700, 0.001060338082424, -0.011743207080465, -0.006779943769056, 0.002882243071733, 2, -4.8, -52.1
1.020461701526617, 0.000439896551057, 0.001060338082424, -0.013380259563303, -0.004347509872826, 0.002990423721723, 1, -5.2, -35.4
1.020461701526617, 0.000514401095834, 0.001060338082424, -0.013373666080841, -0.004345367520507, 0.002988950110073, 1, -4.6, -39.4
1.020461701526617, 0.003494582886924, 0.001060338082424, -0.011719619899106, -0.002674926764304, 0.005352099262721, 2, -7.9, -22.8
1.020461701526617, 0.004835664692914, 0.001060338082424, -0.011635431910210, -0.001222933172908, 0.002486810407994, 3, -5.7, -18.8
1.020461701526617, -0.005967494299785, 0.001134842627201, -0.010471227478680, 0.001100570356440, 0.000000000000000, 3, 2.0, -162.8
1.020461701526617, -0.002465780695255, 0.001134842627201, -0.005457179559120, -0.011331950119451, 0.005599870798434, 2, -9.2, -57.5
1.020461701526617, -0.002316771605700, 0.001134842627201, -0.011724136543033, -0.006768933389136, 0.002877562414736, 2, -5.3, -49.8
1.020461701526617, -0.002093257971369, 0.001134842627201, -0.012968275084277, 0.004213648001048, -0.002898347170201, 2, 4.9, -160.2
1.020461701526617, 0.000439896551057, 0.001134842627201, -0.013359794063753, -0.004340860228929, 0.002985849780908, 1, -5.7, -33.6
1.020461701526617, 0.000514401095834, 0.001134842627201, -0.013353194402164, -0.004338715868890, 0.002984374788253, 1, -5.0, -38.7
1.020461701526617, 0.003494582886924, 0.001134842627201, -0.011698870331138, -0.002670190810819, 0.005342623379682, 2, -7.8, -25.0
1.020461701526617, -0.003210826143027, 0.001209347171978, -0.007651681324899, -0.010531635836798, 0.002767022593833, 2, -6.3, -56.9
1.020461701526617, -0.002614789784809, 0.001209347171978, -0.010156058748117, 0.009144556370931, 0.000000000000000, 2, 2.8, 7.4
1.020461701526617, -0.002316771605700, 0.001209347171978, -0.011703746333373, -0.006757161096100, 0.002872557858475, 2, -6.1, -45.1
1.020461701526617, -0.002242267060923, 0.001209347171978, -0.009892753679692, -0.007889207802323, 0.005633615189026, 2, -8.4, -48.1
1.020461701526617, -0.001646230702705, 0.001209347171978, -0.006697920352232, -0.009218896477568, 0.008279084863238, 1, -13.6, -45.1
1.020461701526617, 0.000514401095834, 0.001209347171978, -0.013331308375300, -0.004331604667690, 0.002979483366409, 1, -5.4, -37.9
1.020461701526617, 0.000737914730166, 0.001209347171978, -0.010396599469073, 0.009361140208898, -0.002973667258985, 1, 5.7, 2.2
1.020461701526617, -0.003061817053473, 0.001283851716755, -0.009725471819856, -0.008756854159303, 0.002781709270894, 2, -6.1, -55.0
1.020461701526617, -0.002167762516146, 0.001283851716755, -0.012892265165444, 0.004188950881310, -0.002881359318561, 2, 4.5, -163.7
1.020461701526617, -0.000677671620601, 0.001283851716755, -0.011758465551374, -0.005662578565665, 0.005810640461831, 1, -8.7, -37.3
1.020461701526617, 0.000514401095834, 0.001283851716755, -0.013308002979801, -0.004324032285663, 0.002974274722495, 1, -5.8, -36.8
1.020461701526617, 0.000588905640612, 0.001283851716755, -0.013300354961857, -0.004321547293996, 0.002972565427232, 1, -5.4, -40.1
1.020461701526617, 0.000737914730166, 0.001283851716755, -0.010378366964502, 0.009344723588045, -0.002968452342122, 1, 5.6, 0.3
1.020461701526617, 0.003420078342146, 0.001283851716755, -0.011701056713664, -0.002670689838363, 0.005343621853729, 2, -8.8, -22.3
1.020461701526617, -0.002614789784809, 0.001358356261533, -0.007753841271980, -0.009723009419596, 0.005536951118243, 2, -9.2, -54.0
1.020461701526617, -0.002242267060923, 0.001358356261533, -0.011688306980144, -0.006748247181357, 0.002868768436337, 2, -5.8, -52.5
1.020461701526617, 0.000514401095834, 0.001358356261533, -0.013283272826971, -0.004315996971918, 0.002968747652163, 1, -6.3, -35.3
1.020461701526617, 0.000588905640612, 0.001358356261533, -0.013275616037667, -0.004313509130263, 0.002967036396544, 1, -5.8, -39.3
1.020461701526617, 0.000737914730166, 0.001358356261533, -0.010359019710127, 0.009327303241959, -0.002962918581102, 1, 5.5, -1.3
1.020461701526617, 0.003420078342146, 0.001358356261533, -0.011676039123738, -0.002664979736717, 0.005332196856523, 2, -8.7, -24.8
1.020461701526617, 0.003569087431701, 0.001358356261533, -0.010331284726337, -0.001970797963574, 0.007641469149729, 2, -12.6, -20.4
1.020461701526617, -0.002242267060923, 0.001432860806310, -0.011663964937866, -0.006734193296695, 0.002862793945534, 2, -6.4, -49.6
1.020461701526617, 0.000514401095834, 0.001432860806310, -0.013257112150254, -0.004307496852786, 0.002962900866616, 1, -6.8, -32.5
1.020461701526617, 0.000588905640612, 0.001432860806310, -0.013249446031665, -0.004305005979863, 0.002961187525946, 1, -6.2, -38.3
1.020461701526617, 0.000737914730166, 0.001432860806310, -0.010338553172503, 0.009308875088710, -0.002957064679255, 1, 5.4, -2.7
1.020461701526617, -0.002316771605700, 0.001507365351087, -0.012748704155460, 0.004142305081555, -0.002849274122624, 2, 4.7, -161.7
1.020461701526617, -0.001422717068374, 0.001507365351087, -0.012508129339879, 0.002854898898655, -0.005712194626986, 2, 9.2, -162.1
1.020461701526617, 0.000588905640612, 0.001507365351087, -0.013221838777863, -0.004296035839344, 0.002955017437371, 1, -6.6, -37.1
1.020461701526617, 0.000663410185389, 0.001507365351087, -0.013213123433452, -0.004293204052285, 0.002953069599772, 1, -6.2, -40.1
1.020461701526617, 0.003345573797369, 0.001507365351087, -0.011668715441650, -0.002663308154072, 0.005328852287856, 2, -9.8, -21.6
1.020461701526617, -0.002987312508695, 0.001581869895864, -0.009671805827976, -0.008708533083173, 0.002766359559342, 2, -7.2, -54.3
1.020461701526617, -0.002391276150478, 0.001581869895864, -0.012685533313345, 0.004121779630724, -0.002835155742940, 2, 4.5, -163.7
1.020461701526617, -0.002167762516146, 0.001581869895864, -0.009814091990258, -0.007826477198275, 0.005588819806189, 2, -9.8, -47.3
1.020461701526617, 0.000588905640612, 0.001581869895864, -0.013192787709822, -0.004286596575140, 0.002948524663251, 1, -7.0, -35.4
1.020461701526617, 0.000663410185389, 0.001581869895864, -0.013184060446701, -0.004283760915458, 0.002946574161877, 1, -6.6, -39.2
1.020461701526617, 0.000663410185389, 0.001581869895864, -0.010301875999876, 0.009275850814143, -0.002946574161877, 1, 6.0, 2.3
1.020461701526617, 0.003345573797369, 0.001581869895864, -0.011639388997532, -0.002656614584575, 0.005315459529278, 2, -9.6, -24.5
1.020461701526617, -0.002167762516146, 0.001656374440642, -0.011611363669492, -0.006703823940240, 0.002849883533557, 2, -7.1, -50.2
1.020461701526617, -0.000603167075824, 0.001656374440642, -0.011644155734364, -0.005607529859112, 0.005754152372888, 1, -9.6, -39.4
1.020461701526617, 0.000663410185389, 0.001656374440642, -0.013153545991690, -0.004273846168006, 0.002939754327801, 1, -7.0, -38.1
1.020461701526617, 0.000663410185389, 0.001656374440642, -0.010278032349205, 0.009254381894648, -0.002939754327801, 1, 5.7, -0.6
1.020461701526617, 0.003345573797369, 0.001656374440642, -0.011608587304662, -0.002649584299177, 0.005301393056208, 2, -9.6, -26.3
1.020461701526617, 0.000663410185389, 0.001730878985419, -0.013121572648297, -0.004263457398983, 0.002932608439181, 1, -7.5, -36.6
1.020461701526617, 0.000663410185389, 0.001730878985419, -0.010253048739620, 0.009231886551537, -0.002932608439181, 1, 5.5, -2.8
1.020461701526617, -0.006489026113225, 0.001805383530196, -0.005385644637811, -0.007412703909566, -0.001947572012270, 3, -5.4, -164.7
1.020461701526617, -0.002987312508695, 0.001805383530196, -0.012277761839907, 0.003989286647443, -0.002744020777924, 2, 4.7, -164.5
1.020461701526617, -0.002838303419141, 0.001805383530196, -0.012361965428123, 0.004016646051748, -0.002762839875301, 2, 4.9, -162.4
1.020461701526617, -0.002093257971369, 0.001805383530196, -0.009762230506386, -0.007785119044979, 0.005559286305940, 2, -9.9, -50.7
1.020461701526617, 0.000588905640612, 0.001805383530196, -0.010233769566331, 0.009214527505936, -0.002927094150922, 1, 6.5, 4.6
1.020461701526617, 0.000663410185389, 0.001805383530196, -0.013088132555701, -0.004252592054254, 0.002925134739162, 1, -7.9, -34.5
1.020461701526617, 0.000737914730166, 0.001805383530196, -0.013078318793977, -0.004249403369776, 0.002922941410571, 1, -7.5, -38.6
1.020461701526617, 0.002004491991379, 0.001805383530196, -0.009788846767520, 0.007806344804945, -0.005574443437903, 2, 9.9, 0.5
1.020461701526617, 0.003271069252592, 0.001805383530196, -0.011588805765418, -0.002645069291932, 0.005292359251143, 2, -10.5, -23.9
1.020461701526617, -0.000528662531047, 0.001879888074973, -0.011562439164344, -0.005568177233054, 0.005713770776660, 2, -9.9, -41.9
1.020461701526617, 0.000588905640612, 0.001879888074973, -0.010206498753400, 0.009189972755682, -0.002919294069387, 2, 5.9, -0.4
1.020461701526617, 0.000737914730166, 0.001879888074973, -0.013043387131564, -0.004238053384636, 0.002915134351864, 2, -7.9, -37.2
1.020461701526617, 0.000886923819721, 0.001879888074973, -0.010245725434506, -0.004821272424587, 0.008226937112620, 2, -13.9, -32.4
1.020461701526617, 0.002004491991379, 0.001879888074973, -0.009761587184404, 0.007784606012817, -0.005558919954102, 2, 9.7, -1.4
1.020461701526617, -0.001571726157928, 0.001954392619750, -0.012278272136597, 0.002802435491965, -0.005607223767964, 2, 8.4, -164.6
1.020461701526617, -0.000528662531047, 0.001954392619750, -0.011530258020729, -0.005552679611085, 0.005697867931651, 2, -10.7, -39.0
1.020461701526617, 0.000737914730166, 0.001954392619750, -0.013006970781528, -0.004226220995244, 0.002906995472608, 2, -8.4, -35.3
1.020461701526617, 0.002004491991379, 0.001954392619750, -0.009733165434466, 0.007761940423576, -0.005542734652483, 2, 9.4, -2.9
1.020461701526617, 0.000514401095834, 0.002028897164528, -0.010154538631452, 0.009143187651738, -0.002904432275984, 2, 6.3, 1.4
1.020461701526617, 0.002004491991379, 0.002028897164528, -0.009703573781251, 0.007738341867604, -0.005525883127375, 2, 9.2, -4.3
1.020461701526617, -0.005371457941567, 0.002103401709305, -0.009365428149415, 0.005407132463141, 0.000000000000000, 3, 6.9, 8.3
1.020461701526617, -0.002093257971369, 0.002103401709305, -0.009817047390413, 0.008839309173391, -0.002807901996380, 2, 7.8, 1.9
1.020461701526617, -0.000454157986270, 0.002177906254082, -0.011431900657846, -0.005505313201548, 0.005649263012073, 2, -11.4, -39.7
1.020461701526617, 0.000439896551057, 0.002177906254082, -0.010097107002251, 0.009091475980534, -0.002888005505298, 2, 6.5, 1.6
1.020461701526617, -0.006638035202780, 0.002326915343637, -0.007939958559847, -0.000000000000000, 0.003535097311005, 4, 9.2, 6.0
1.020461701526617, 0.000365392006280, 0.002326915343637, -0.010034134550163, 0.009034775329995, -0.002869993931461, 2, 6.4, -0.1
1.020461701526617, 0.000290887461503, 0.002401419888414, -0.010002264656500, 0.009006079548850, -0.002860878406754, 2, 7.1, 3.1
1.020461701526617, 0.001929987446602, 0.002475924433191, -0.009522811369206, 0.007594188654289, -0.005422944562131, 2, 9.4, -2.8
1.020461701526617, 0.002973051073483, 0.002550428977968, -0.008701541991687, 0.005522166466315, -0.007487659859676, 2, 12.0, -4.8
1.020461701526617, -0.001571726157928, 0.002624933522746, -0.009708470915895, 0.008741546476620, -0.002776846620214, 2, 8.6, 2.6
1.020461701526617, -0.001497221613151, 0.002699438067523, -0.009684913982513, 0.008720335718531, -0.002770108793895, 2, 8.2, -1.0
1.020461701526617, -0.001348212523596, 0.002773942612300, -0.009675015240590, 0.008711422851270, -0.002767277525378, 2, 8.5, 0.6
1.020461701526617, 0.001855482901825, 0.002773942612300, -0.009384604196669, 0.007483972112037, -0.005344239880740, 2, 10.0, -0.4
1.020461701526617, -0.002540285240032, 0.002848447157077, -0.011363580594262, 0.002593663116347, -0.005189503741931, 2, 9.5, -160.9
1.020461701526617, -0.001199203434042, 0.002848447157077, -0.009660577981591, 0.008698423484879, -0.002763148136291, 2, 8.4, -0.2
1.020461701526617, -0.000230644351938, 0.002848447157077, -0.009765688269063, 0.008793065212817, -0.002793212103011, 2, 7.8, 1.1
1.020461701526617, -0.003508844322136, 0.002922951701854, -0.009923144323736, 0.004778734445075, -0.004903686085924, 3, -8.4, 10.5
1.020461701526617, -0.000975689799710, 0.002922951701854, -0.009653088259493, 0.008691679708812, -0.002761005903011, 2, 8.2, -0.7
1.020461701526617, -0.000901185254933, 0.002922951701854, -0.009663740022671, 0.008701270599456, -0.002764052552976, 2, 8.5, 1.6
1.020461701526617, -0.000454157986270, 0.002922951701854, -0.009709817805785, 0.008742759221724, -0.002777231861790, 2, 8.0, 0.7
1.020461701526617, -0.004849926128126, 0.003220969880963, -0.009058626932165, 0.005230000697774, 0.000000000000000, 3, 10.1, 3.6
1.020461701526617, 0.002004491991379, 0.003295474425741, -0.011237311869702, 0.002564843103946, 0.005131839521296, 2, -13.2, 9.4
1.020461701526617, -0.005594971575899, 0.003518988060072, -0.008463396513768, 0.002749924224352, 0.001891528455138, 4, 11.4, 1.8
1.020461701526617, -0.005222448852012, 0.004040519873513, -0.007918314950623, 0.001807303715646, 0.003616124752686, 4, 14.0, 2.5
