x0_n,y0_n,z0_n,dx0_n,dy0_n,dz0_n,bin_neckSection,latitude,longitude
1.020461701526617, -0.001396292379893, -0.003993572979215, -0.011833777059978, 0.010655180724123, 0.003384733200319, 2, -11.8, 7.6
1.020461701526617, -0.001768815103779, -0.003844563889660, -0.011859154098424, 0.010678030312172, 0.003391991618668, 2, -11.7, 7.3
1.020461701526617, -0.001917824193333, -0.003770059344883, -0.011872867473497, 0.010690377890549, 0.003395913960256, 2, -11.3, 5.9
1.020461701526617, -0.007356655962071, -0.003621050255329, -0.011204785322183, 0.003640655443239, -0.002504215681747, 3, -12.0, 8.5
1.020461701526617, -0.002141337827665, -0.003621050255329, -0.011908994335872, 0.010722906663539, 0.003406247076207, 2, -11.6, 8.2
1.020461701526617, -0.000725751476898, -0.003174022986665, -0.015865955787941, -0.005155161535063, -0.003545964884433, 2, 12.1, -40.8
1.020461701526617, -0.005419537797863, -0.003099518441888, -0.010507365692163, -0.008379344526756, -0.005983617592899, 3, 13.3, -138.4
1.020461701526617, -0.000800256021675, -0.003099518441888, -0.015905421902734, -0.005167984853093, -0.003554785371458, 2, 11.9, -41.0
1.020461701526617, -0.006537105969522, -0.003025013897111, -0.011782811982623, 0.006802809669978, 0.000000000000000, 3, -9.7, 11.3
1.020461701526617, -0.000874760566452, -0.003025013897111, -0.015942847434130, -0.005180145145385, -0.003563149797900, 2, 11.6, -40.9
1.020461701526617, -0.000949265111229, -0.002950509352334, -0.015978240855815, -0.005191645165208, -0.003571060057585, 2, 11.5, -40.2
1.020461701526617, -0.006015574156081, -0.002876004807556, -0.013290341230411, -0.004318293635417, -0.002970327406369, 3, 10.7, -140.5
1.020461701526617, -0.000949265111229, -0.002876004807556, -0.016022676047695, -0.005206083034255, -0.003580991109464, 2, 10.2, -46.1
1.020461701526617, -0.006015574156081, -0.002801500262779, -0.013338052835465, -0.004333796075638, -0.002980990720850, 3, 9.7, -145.1
1.020461701526617, -0.001023769656007, -0.002801500262779, -0.016054852438871, -0.005216537777502, -0.003588182378288, 2, 10.0, -45.9
1.020461701526617, -0.001098274200784, -0.002726995718002, -0.016085018315160, -0.005226339264863, -0.003594924306695, 2, 9.9, -45.5
1.020461701526617, -0.006686115059076, -0.002652491173225, -0.011860957177281, 0.006847926819150, 0.000000000000000, 3, -8.6, 12.2
1.020461701526617, -0.006537105969522, -0.002652491173225, -0.011415011109879, -0.005497179623924, -0.005640916762269, 3, 12.6, -147.1
1.020461701526617, -0.001172778745561, -0.002652491173225, -0.016113180463682, -0.005235489701606, -0.003601218411573, 2, 9.7, -44.8
1.020461701526617, 0.001062357597756, -0.002652491173225, -0.012605129502064, 0.011349709582556, 0.003605357790984, 2, -7.9, 8.2
1.020461701526617, -0.003556924178433, -0.002577986628447, -0.011748244135867, -0.009368912064448, -0.006690259229245, 2, 12.7, -55.3
1.020461701526617, -0.001247283290338, -0.002577986628447, -0.016139345259913, -0.005243991159249, -0.003607066117812, 2, 9.7, -43.7
1.020461701526617, -0.003929446902319, -0.002428977538893, -0.013811358869620, -0.007973991761250, -0.003389848543113, 2, 9.2, -58.1
1.020461701526617, -0.001321787835116, -0.002428977538893, -0.016200866021777, -0.005263980466506, -0.003620815712488, 2, 8.6, -46.8
1.020461701526617, 0.001136862142533, -0.002428977538893, -0.012685760200471, 0.011422309789497, 0.003628420030578, 2, -8.0, 10.5
1.020461701526617, 0.002850466672409, -0.002428977538893, -0.012070741611878, 0.009626095219548, 0.006873911500200, 2, -11.3, 2.1
1.020461701526617, -0.005941069611304, -0.002354472994116, -0.013666461618487, -0.004440502557658, -0.003054388505887, 3, 8.2, -141.4
1.020461701526617, -0.004674492350091, -0.002354472994116, -0.011497708412676, -0.010352583154931, -0.003288609815339, 2, 8.9, -125.2
1.020461701526617, -0.001396292379893, -0.002354472994116, -0.016221892339383, -0.005270812331235, -0.003625514993444, 2, 8.6, -45.5
1.020461701526617, 0.002850466672409, -0.002354472994116, -0.012098884445867, 0.009648538380742, 0.006889937967871, 2, -11.5, 3.2
1.020461701526617, 0.004191548478400, -0.002354472994116, -0.011045316124287, 0.007009570759948, 0.009504472915291, 2, -15.6, 3.2
1.020461701526617, -0.005941069611304, -0.002279968449339, -0.013704673669369, -0.004452918405623, -0.003062928715655, 3, 7.6, -143.1
1.020461701526617, -0.004674492350091, -0.002279968449339, -0.011526366645488, -0.010378387143658, -0.003296806730961, 2, 8.5, -125.4
1.020461701526617, 0.002850466672409, -0.002279968449339, -0.012126113024703, 0.009670252447781, 0.006905443795699, 2, -11.7, 4.2
1.020461701526617, 0.005607134829167, -0.002279968449339, -0.013411105804164, -0.003060997384156, -0.006124564627921, 3, 12.2, -16.8
1.020461701526617, -0.004674492350091, -0.002205463904561, -0.011554059090238, -0.010403321532906, -0.003304727408921, 2, 8.3, -125.3
1.020461701526617, -0.004003951447096, -0.002205463904561, -0.013869025685755, -0.008007285713069, -0.003404002238959, 2, 8.1, -60.4
1.020461701526617, 0.001211366687310, -0.002205463904561, -0.012757537241087, 0.011486938127155, 0.003648949919823, 1, -7.2, 6.6
1.020461701526617, 0.002850466672409, -0.002205463904561, -0.012152431198638, 0.009691240491138, 0.006920431176284, 2, -11.9, 5.3
1.020461701526617, -0.006239087790413, -0.002130959359784, -0.011935612713551, -0.005747888142763, -0.005898180665419, 3, 10.4, -141.0
1.020461701526617, -0.004674492350091, -0.002130959359784, -0.011580790433371, -0.010427390542373, -0.003312373189650, 2, 8.9, -61.5
1.020461701526617, -0.001545301469447, -0.002130959359784, -0.016290733288259, -0.005293180111433, -0.003640900614744, 2, 7.8, -45.8
1.020461701526617, 0.002850466672409, -0.002130959359784, -0.012177842646237, 0.009711505444371, 0.006934902204453, 2, -12.0, 6.2
1.020461701526617, 0.005681639373944, -0.002130959359784, -0.013416772230620, -0.003062290709018, -0.006127152363455, 3, 11.9, -15.5
1.020461701526617, -0.004078455991873, -0.002056454815007, -0.013887717690898, -0.008018077547270, -0.003408589989302, 2, 8.4, -54.7
1.020461701526617, 0.005756143918721, -0.001981950270230, -0.013416980327045, -0.003062338205669, -0.006127247396633, 3, 11.5, -14.4
1.020461701526617, -0.001694310559002, -0.001907445725452, -0.016345976457051, -0.005311129705055, -0.003653247197532, 1, 7.5, -43.4
1.020461701526617, 0.001285871232088, -0.001907445725452, -0.012843370301306, 0.011564222561710, 0.003673500154895, 1, -6.7, 4.9
1.020461701526617, -0.004748996894868, -0.001832941180675, -0.011636318126411, -0.010477387901757, -0.003328255390677, 2, 7.4, -65.0
1.020461701526617, 0.001285871232088, -0.001832941180675, -0.012865294260227, 0.011583962982991, 0.003679770912850, 1, -7.0, 7.6
1.020461701526617, 0.005830648463499, -0.001832941180675, -0.013411740357461, -0.003061142216805, -0.006124854414813, 3, 11.1, -13.7
1.020461701526617, -0.006909628693408, -0.001758436635898, -0.013539053608535, -0.001423011875746, -0.002893666491104, 3, 7.2, -152.7
1.020461701526617, -0.006686115059076, -0.001758436635898, -0.013794679291757, -0.001449879217695, -0.002948300699313, 3, 6.8, -151.8
1.020461701526617, -0.006611610514299, -0.001758436635898, -0.013877546507351, -0.001458588913019, -0.002966011692408, 3, 7.4, -145.8
1.020461701526617, -0.004748996894868, -0.001758436635898, -0.009221089057535, -0.012691740265845, -0.003334556246994, 2, 7.9, -65.6
1.020461701526617, -0.004152960536650, -0.001758436635898, -0.013953151929262, -0.008055856022403, -0.003424650114861, 2, 6.6, -59.9
1.020461701526617, -0.004078455991873, -0.001758436635898, -0.009410430354131, -0.011800306424417, -0.006719907081506, 2, 11.0, -59.5
1.020461701526617, -0.003705933267987, -0.001758436635898, -0.006641898486522, -0.013792044321125, -0.006815567085140, 2, 11.6, -64.6
1.020461701526617, -0.001768815103779, -0.001758436635898, -0.016381878766454, -0.005322795072520, -0.003661271191177, 1, 6.9, -44.1
1.020461701526617, -0.007058637782962, -0.001683932091121, -0.013393500369465, -0.001407713613863, -0.002862557778283, 3, 7.7, -148.5
1.020461701526617, -0.006537105969522, -0.001683932091121, -0.013989301513121, -0.001470334837438, -0.002989896797288, 3, 7.1, -144.8
1.020461701526617, 0.005905153008276, -0.001683932091121, -0.013401058242656, -0.003058704093808, -0.006119976121894, 3, 10.5, -13.8
1.020461701526617, -0.006462601424745, -0.001534923001566, -0.014125635780327, -0.001484664146333, -0.003019035163381, 3, 5.9, -147.9
1.020461701526617, -0.004823501439645, -0.001534923001566, -0.011676381003089, -0.010513460677944, -0.003339714297508, 2, 6.5, -63.9
1.020461701526617, -0.004227465081428, -0.001534923001566, -0.013979754890005, -0.008071215248949, -0.003431179523631, 2, 6.5, -55.7
1.020461701526617, 0.005979657553053, -0.001534923001566, -0.013384935557210, -0.003055024196066, -0.006112613236951, 3, 9.8, -14.6
1.020461701526617, 0.001360375776865, -0.001460418456789, -0.012950143479421, 0.011660361563108, 0.003704039746695, 1, -6.4, 3.0
1.020461701526617, -0.007282151417294, -0.001385913912012, -0.013231086194630, -0.001390643196221, -0.002827845421793, 3, 7.1, -147.8
1.020461701526617, -0.006388096879967, -0.001385913912012, -0.014255188171987, -0.001498280651385, -0.003046724056965, 3, 5.6, -144.4
1.020461701526617, -0.004823501439645, -0.001385913912012, -0.009263606691326, -0.012750260768298, -0.003349931593711, 2, 6.6, -66.8
1.020461701526617, 0.001360375776865, -0.001385913912012, -0.012966749375182, 0.011675313578810, 0.003708789415919, 1, -6.5, 3.9
1.020461701526617, 0.001956412135083, -0.001385913912012, -0.016152105370060, -0.000000000000000, 0.007191380638877, 1, -11.0, -161.3
1.020461701526617, 0.003297493941073, -0.001385913912012, -0.017022711572044, -0.001789159081928, 0.000000000000000, 2, 3.8, 12.6
1.020461701526617, 0.006054162097830, -0.001385913912012, -0.013363369496646, -0.003050101883474, -0.006102764479241, 3, 9.0, -15.5
1.020461701526617, -0.008772242312839, -0.001311409367235, -0.009684109187826, -0.005591123046453, -0.002376859781256, 3, -5.4, -156.7
1.020461701526617, -0.003705933267987, -0.001311409367235, -0.012565329287089, 0.011313873308029, 0.000000000000000, 2, -3.0, 10.1
1.020461701526617, 0.001360375776865, -0.001311409367235, -0.012982475008591, 0.011689473002731, 0.003713287309806, 1, -6.5, 4.7
1.020461701526617, 0.002328934858969, -0.001311409367235, -0.017096748382921, -0.001796940664317, 0.003654043283447, 1, -5.4, -156.1
1.020461701526617, -0.007356655962071, -0.001236904822457, -0.013185348768463, -0.001385835999021, -0.002818070081410, 3, 6.6, -148.5
1.020461701526617, -0.005941069611304, -0.001236904822457, -0.015080367569940, -0.001585010500964, 0.000000000000000, 3, 4.3, -142.9
1.020461701526617, 0.001360375776865, -0.001236904822457, -0.012997322185875, 0.011702841461203, 0.003717533944978, 1, -6.6, 5.5
1.020461701526617, -0.005941069611304, -0.001162400277680, -0.015101066133757, -0.001587186007685, 0.000000000000000, 3, 4.0, -144.8
1.020461701526617, -0.005717555976972, -0.001162400277680, -0.014647317405053, -0.004759201921877, 0.000000000000000, 2, 3.9, -141.1
1.020461701526617, -0.004898005984423, -0.001162400277680, -0.011715757371569, -0.010548915319373, -0.003350976847159, 2, 5.6, -61.8
1.020461701526617, -0.004301969626205, -0.001162400277680, -0.014030875727322, -0.008100729878135, -0.003443726579828, 2, 5.0, -57.4
1.020461701526617, 0.001360375776865, -0.001162400277680, -0.013011292600945, 0.011715420479433, 0.003721529805934, 1, -6.6, 6.1
1.020461701526617, 0.007246234814266, -0.001162400277680, -0.012531565591884, -0.000000000000000, -0.005579412473332, 3, 9.7, -8.7
1.020461701526617, 0.007395243903820, -0.001162400277680, -0.013158405096774, -0.001383004105012, -0.002812311480981, 3, 6.2, -11.5
1.020461701526617, -0.005941069611304, -0.001087895732903, -0.015120461558116, -0.001589224548930, 0.000000000000000, 3, 3.7, -146.1
1.020461701526617, -0.005717555976972, -0.001087895732903, -0.014665720054164, -0.004765181305036, 0.000000000000000, 2, 3.7, -141.2
1.020461701526617, -0.003780437812764, -0.001087895732903, -0.012575822658263, 0.011323321581873, 0.000000000000000, 2, -2.2, 7.2
1.020461701526617, 0.007395243903820, -0.001087895732903, -0.013178753058709, -0.001385142761991, -0.002816660397628, 3, 6.2, -6.3
1.020461701526617, -0.007431160506849, -0.001013391188126, -0.013152262667897, -0.001382358509723, -0.002810998675735, 3, 5.2, -155.3
1.020461701526617, -0.005941069611304, -0.001013391188126, -0.015138557303238, -0.001591126488382, 0.000000000000000, 3, 3.4, -147.1
1.020461701526617, -0.005717555976972, -0.001013391188126, -0.014682890066522, -0.004770760180236, 0.000000000000000, 2, 3.4, -141.2
1.020461701526617, -0.004376474170982, -0.001013391188126, -0.006583231966623, -0.014786181088177, -0.003440332154290, 2, 6.1, -67.4
1.020461701526617, -0.002886383275437, -0.001013391188126, -0.003540744274372, -0.015513014266158, -0.007084461179737, 2, 11.0, -65.4
1.020461701526617, -0.002811878730660, -0.001013391188126, -0.016597598489115, -0.005392886659279, 0.000000000000000, 2, 3.5, -49.8
1.020461701526617, -0.000353228753012, -0.001013391188126, -0.015308368486125, 0.008838290666318, 0.003757273350146, 1, 3.7, 18.5
1.020461701526617, -0.008325215044175, -0.000938886643348, -0.011669332342036, 0.003791595919815, 0.000000000000000, 3, -3.2, 11.1
1.020461701526617, -0.005941069611304, -0.000938886643348, -0.015155356578132, -0.001592892163323, 0.000000000000000, 3, 3.2, -147.9
1.020461701526617, -0.005717555976972, -0.000938886643348, -0.014698830378169, -0.004775939501454, 0.000000000000000, 2, 3.2, -141.3
1.020461701526617, -0.004674492350091, -0.000938886643348, -0.014154678526751, -0.008172207457713, 0.000000000000000, 2, 3.2, -59.0
1.020461701526617, -0.004376474170982, -0.000938886643348, -0.006589666729093, -0.014800633801315, -0.003443694897748, 2, 5.5, -71.0
1.020461701526617, -0.002811878730660, -0.000938886643348, -0.016612614185116, -0.005397765554662, 0.000000000000000, 2, 3.3, -52.3
1.020461701526617, -0.000353228753012, -0.000938886643348, -0.015321555126365, 0.008845903976611, 0.003760509868263, 1, 4.0, 19.5
1.020461701526617, 0.000838843963424, -0.000938886643348, -0.016783166200171, 0.005453181263586, 0.003750957004471, 1, -6.0, -162.7
1.020461701526617, -0.005941069611304, -0.000864382098571, -0.015170862345333, -0.001594521885127, 0.000000000000000, 3, 2.9, -148.6
1.020461701526617, -0.005717555976972, -0.000864382098571, -0.014713543699846, -0.004780720149464, 0.000000000000000, 2, 2.9, -141.3
1.020461701526617, -0.004898005984423, -0.000864382098571, -0.009305589569246, -0.012808045242435, -0.003365113560500, 2, 4.9, -66.8
1.020461701526617, -0.004674492350091, -0.000864382098571, -0.014167692801456, -0.008179721252717, 0.000000000000000, 2, 3.0, -62.0
1.020461701526617, -0.002811878730660, -0.000864382098571, -0.016626476850394, -0.005402269807653, 0.000000000000000, 2, 3.0, -53.9
1.020461701526617, -0.000353228753012, -0.000864382098571, -0.015333729805573, 0.008852933030928, 0.003763498011498, 1, 3.9, 17.3
1.020461701526617, 0.007320739359043, -0.000864382098571, -0.012513328800178, -0.000000000000000, -0.005571292930537, 3, 8.8, -7.9
1.020461701526617, 0.007469748448598, -0.000864382098571, -0.013137104927832, -0.001380765367045, -0.002807759051624, 3, 5.0, -13.6
1.020461701526617, -0.008176205954621, -0.000789877553794, -0.011656527981084, -0.003787435530744, -0.002605177995438, 3, 5.6, -155.0
1.020461701526617, -0.007505665051626, -0.000789877553794, -0.013106090632145, -0.001377505633214, -0.002801130447382, 3, 4.7, -153.5
1.020461701526617, -0.006164583245636, -0.000789877553794, -0.003059267575677, -0.014392722349483, 0.003127613433169, 3, -6.1, -156.1
1.020461701526617, -0.005717555976972, -0.000789877553794, -0.014727032520906, -0.004785102933105, 0.000000000000000, 2, 2.7, -141.3
1.020461701526617, -0.005196024163532, -0.000789877553794, -0.011855698541549, -0.010674918914787, 0.000000000000000, 2, 2.7, -65.0
1.020461701526617, -0.003407915088878, -0.000789877553794, -0.003497717699718, -0.016455468004551, -0.003575858793800, 2, 6.0, -69.8
1.020461701526617, -0.002811878730660, -0.000789877553794, -0.016639188156621, -0.005406399961411, 0.000000000000000, 1, 2.7, -55.1
1.020461701526617, -0.000353228753012, -0.000789877553794, -0.015344893842577, 0.008859378590698, 0.003766238103544, 1, 3.7, 14.4
1.020461701526617, 0.006277675732162, -0.000789877553794, -0.011483660155749, 0.003731267369448, 0.008772735728486, 3, -12.5, -1.8
1.020461701526617, 0.007469748448598, -0.000789877553794, -0.013152072720569, -0.001382338545454, -0.002810958078789, 3, 4.9, -11.5
1.020461701526617, -0.007133142327740, -0.000715373009017, -0.012091394461343, 0.006980969847134, 0.000000000000000, 3, -2.2, 8.1
1.020461701526617, -0.005717555976972, -0.000715373009017, -0.014739299112767, -0.004789088590406, 0.000000000000000, 2, 2.4, -141.3
1.020461701526617, -0.003854942357541, -0.000715373009017, -0.012596714102180, 0.011342132322467, 0.000000000000000, 2, -1.6, 9.8
1.020461701526617, -0.003407915088878, -0.000715373009017, -0.003500208241568, -0.016467185082727, -0.003578404975836, 2, 5.5, -72.4
1.020461701526617, 0.006054162097830, -0.000715373009017, -0.012485045805132, 0.006012481174401, 0.006169692125742, 3, -9.0, 1.3
1.020461701526617, 0.007469748448598, -0.000715373009017, -0.013165681125105, -0.001383768846406, -0.002813866567473, 3, 4.9, -8.4
1.020461701526617, 0.007618757538152, -0.000715373009017, -0.013262881305545, -0.001393984997039, 0.000000000000000, 3, 2.3, -8.5
1.020461701526617, -0.007878187775512, -0.000640868464239, -0.012919778624365, -0.001357923452116, 0.000000000000000, 3, 2.1, -152.6
1.020461701526617, -0.005717555976972, -0.000640868464239, -0.014750345532156, -0.004792677789639, 0.000000000000000, 2, 2.2, -141.3
1.020461701526617, -0.002886383275437, -0.000640868464239, -0.016628937354686, -0.005403069273961, 0.000000000000000, 1, 2.2, -50.1
1.020461701526617, 0.006054162097830, -0.000640868464239, -0.012494719660508, 0.006017139857616, 0.006174472621566, 3, -8.8, -1.2
1.020461701526617, 0.007767766627707, -0.000640868464239, -0.012787593782641, 0.001344030265413, -0.002733058949360, 3, 5.0, -7.9
1.020461701526617, -0.005717555976972, -0.000566363919462, -0.014760173624032, -0.004795871130265, 0.000000000000000, 2, 1.9, -141.4
1.020461701526617, -0.002886383275437, -0.000566363919462, -0.016638210738116, -0.005406082378888, 0.000000000000000, 1, 2.0, -51.8
1.020461701526617, 0.001509384866419, -0.000566363919462, -0.013358913681736, 0.012028419906461, 0.000000000000000, 1, -0.1, 7.0
1.020461701526617, 0.006054162097830, -0.000566363919462, -0.012503326340386, 0.006021284616197, 0.006178725754946, 3, -8.6, -3.1
1.020461701526617, 0.007395243903820, -0.000566363919462, -0.012474138487142, -0.000000000000000, -0.005553844278987, 3, 7.5, -9.7
1.020461701526617, 0.007767766627707, -0.000566363919462, -0.012798710471016, 0.001345198676443, -0.002735434890070, 3, 4.9, -5.4
1.020461701526617, -0.008399719588953, -0.000491859374685, -0.011640723711897, -0.003782300412401, 0.000000000000000, 3, 1.5, -157.0
1.020461701526617, -0.007803683230735, -0.000491859374685, -0.005335133035641, -0.011982904991721, 0.000000000000000, 3, 1.6, 13.2
1.020461701526617, -0.005717555976972, -0.000491859374685, -0.014768785024117, -0.004798669143765, 0.000000000000000, 2, 1.7, -141.4
1.020461701526617, -0.002886383275437, -0.000491859374685, -0.016646337061074, -0.005408722781275, 0.000000000000000, 1, 1.7, -52.9
1.020461701526617, 0.001509384866419, -0.000491859374685, -0.013365193666132, 0.012034074429809, 0.000000000000000, 1, -0.2, 8.6
1.020461701526617, 0.007916775717261, -0.000491859374685, -0.012886945179757, 0.001354472518029, 0.000000000000000, 3, 1.5, -5.3
1.020461701526617, -0.007580169596403, -0.000417354829908, -0.013064631833274, -0.001373148137864, -0.002792269566813, 3, 3.4, -154.5
1.020461701526617, -0.005717555976972, -0.000417354829908, -0.014776181161280, -0.004801072294406, 0.000000000000000, 2, 1.4, -141.4
1.020461701526617, -0.002886383275437, -0.000417354829908, -0.016653317291255, -0.005410990795545, 0.000000000000000, 1, 1.4, -53.7
1.020461701526617, 0.001509384866419, -0.000417354829908, -0.013370588067586, 0.012038931570695, 0.000000000000000, 1, -0.3, 10.6
1.020461701526617, 0.003893530299291, -0.000417354829908, -0.016870677759734, 0.001773179684350, 0.000000000000000, 2, -1.5, 12.6
1.020461701526617, 0.007544252993375, -0.000417354829908, -0.013111116870721, -0.001378033912176, -0.002802204692198, 3, 3.4, -14.0
1.020461701526617, 0.007916775717261, -0.000417354829908, -0.012895587038776, 0.001355380814013, 0.000000000000000, 3, 1.2, -4.0
1.020461701526617, -0.008399719588953, -0.000342850285131, -0.010382384984407, -0.005994272765577, 0.002548244017527, 3, -3.0, -156.0
1.020461701526617, -0.005717555976972, -0.000342850285131, -0.014782363259427, -0.004803080979857, 0.000000000000000, 2, 1.2, -141.4
1.020461701526617, -0.005121519618754, -0.000342850285131, -0.013920044214351, 0.008036741274287, 0.000000000000000, 2, -0.3, 20.4
1.020461701526617, -0.003631428723210, -0.000342850285131, -0.003561141495677, -0.016753853504677, 0.000000000000000, 2, 0.9, -67.9
1.020461701526617, -0.002886383275437, -0.000342850285131, -0.016659152257784, -0.005412886691097, 0.000000000000000, 1, 1.2, -54.3
1.020461701526617, 0.002328934858969, -0.000342850285131, -0.017650829916471, -0.001855176980175, 0.000000000000000, 1, 0.6, -163.0
1.020461701526617, 0.003893530299291, -0.000342850285131, -0.016876864905449, 0.001773829979569, 0.000000000000000, 2, -1.2, 13.2
1.020461701526617, 0.007171730269489, -0.000342850285131, -0.012435507196716, 0.002838323368382, -0.005679029650457, 3, 8.8, -3.6
1.020461701526617, 0.007544252993375, -0.000342850285131, -0.013118001926064, -0.001378757560653, -0.002803676217055, 3, 3.3, -12.6
1.020461701526617, 0.007916775717261, -0.000342850285131, -0.012902809160815, 0.001356139889626, 0.000000000000000, 3, 0.9, -2.5
1.020461701526617, -0.008995755947170, -0.000268345740353, -0.011217219992455, 0.001178977329114, 0.000000000000000, 3, -0.9, 11.4
1.020461701526617, -0.008548728678507, -0.000268345740353, -0.010416072780547, -0.006013722423748, 0.000000000000000, 3, 0.7, -154.0
1.020461701526617, -0.005717555976972, -0.000268345740353, -0.014787332339269, -0.004804695531770, 0.000000000000000, 2, 0.9, -141.4
1.020461701526617, -0.003631428723210, -0.000268345740353, -0.003562176880281, -0.016758724606259, 0.000000000000000, 2, 0.8, -70.0
1.020461701526617, -0.002886383275437, -0.000268345740353, -0.016663842652195, -0.005414410692624, 0.000000000000000, 1, 0.9, -54.8
1.020461701526617, 0.002328934858969, -0.000268345740353, -0.017655708087421, -0.001855689696602, 0.000000000000000, 1, 0.5, -163.0
1.020461701526617, 0.003893530299291, -0.000268345740353, -0.016881838308762, 0.001774352705321, 0.000000000000000, 2, -0.9, 13.7
1.020461701526617, 0.005681639373944, -0.000268345740353, -0.013199618166461, 0.007620803101607, 0.003239703408883, 2, -5.1, 4.4
1.020461701526617, 0.007246234814266, -0.000268345740353, -0.012907620313991, 0.004193940071512, -0.002884791120481, 3, 4.7, -4.7
1.020461701526617, 0.007544252993375, -0.000268345740353, -0.013123535451586, -0.001379339157621, -0.002804858882982, 3, 3.2, -11.1
1.020461701526617, 0.007916775717261, -0.000268345740353, -0.012908613393326, 0.001356749939046, 0.000000000000000, 3, 0.7, 0.2
1.020461701526617, -0.008548728678507, -0.000193841195576, -0.010420102931031, -0.006016049232214, 0.000000000000000, 3, 0.5, -159.6
1.020461701526617, -0.008399719588953, -0.000193841195576, -0.010391415841581, -0.005999486733398, -0.002550460543672, 3, 4.4, -156.2
1.020461701526617, -0.005717555976972, -0.000193841195576, -0.014791089219649, -0.004805916216202, 0.000000000000000, 2, 0.7, -141.4
1.020461701526617, -0.005345033253086, -0.000193841195576, -0.013762176273361, -0.007945596176060, 0.000000000000000, 2, 0.7, -137.9
1.020461701526617, -0.004748996894868, -0.000193841195576, -0.014186988381227, -0.008190861560891, 0.000000000000000, 2, 0.7, -55.4
1.020461701526617, -0.003631428723210, -0.000193841195576, -0.003562959720392, -0.016762407579414, 0.000000000000000, 2, 0.6, -71.1
1.020461701526617, -0.002886383275437, -0.000193841195576, -0.016667389029485, -0.005415562980456, 0.000000000000000, 1, 0.7, -55.2
1.020461701526617, -0.000129715118680, -0.000193841195576, -0.015749347057068, 0.009092889762959, 0.000000000000000, 1, -0.6, 11.7
1.020461701526617, 0.002328934858969, -0.000193841195576, -0.017659396461750, -0.001856077360366, 0.000000000000000, 1, 0.3, -163.0
1.020461701526617, 0.003893530299291, -0.000193841195576, -0.016885598615407, 0.001774747929476, 0.000000000000000, 2, -0.7, 14.0
1.020461701526617, 0.005681639373944, -0.000193841195576, -0.013202960484494, 0.007622732789822, 0.003240523744668, 2, -5.1, 2.5
1.020461701526617, 0.007246234814266, -0.000193841195576, -0.012361475298438, 0.002821426070704, 0.005645220868978, 3, -7.4, -3.5
1.020461701526617, 0.007246234814266, -0.000193841195576, -0.012911549303095, 0.004195216677458, -0.002885669230668, 3, 4.6, -3.0
1.020461701526617, 0.007544252993375, -0.000193841195576, -0.013127718738675, -0.001379778838811, -0.002805752965982, 3, 3.1, -9.2
1.020461701526617, -0.005717555976972, -0.000119336650799, -0.014793634518816, -0.004806743234034, 0.000000000000000, 2, 0.4, -141.4
1.020461701526617, -0.005345033253086, -0.000119336650799, -0.013764467664879, -0.007946919111570, 0.000000000000000, 2, 0.4, -137.9
1.020461701526617, -0.004748996894868, -0.000119336650799, -0.014189244800837, -0.008192164305361, 0.000000000000000, 2, 0.4, -57.3
1.020461701526617, -0.003929446902319, -0.000119336650799, -0.012602691103790, 0.011347514038889, 0.000000000000000, 2, -0.2, 5.0
1.020461701526617, -0.003631428723210, -0.000119336650799, -0.003563490114819, -0.016764902889009, 0.000000000000000, 2, 0.4, -71.8
1.020461701526617, -0.002886383275437, -0.000119336650799, -0.016669791808667, -0.005416343690738, 0.000000000000000, 1, 0.4, -55.4
1.020461701526617, -0.000129715118680, -0.000119336650799, -0.015751502888514, 0.009094134432825, 0.000000000000000, 1, -0.4, 13.9
1.020461701526617, 0.002328934858969, -0.000119336650799, -0.017661895458241, -0.001856340015481, 0.000000000000000, 1, 0.2, -162.9
1.020461701526617, 0.003893530299291, -0.000119336650799, -0.016888146312862, 0.001775015703268, 0.000000000000000, 2, -0.4, 14.3
1.020461701526617, 0.005681639373944, -0.000119336650799, -0.013205224918064, 0.007624040161154, 0.003241079525378, 2, -5.2, 0.9
1.020461701526617, 0.005830648463499, -0.000119336650799, -0.013377496626053, 0.007723501278135, 0.000000000000000, 2, 0.2, -2.6
1.020461701526617, 0.007246234814266, -0.000119336650799, -0.012364023678052, 0.002822007721721, 0.005646384659337, 3, -7.2, -6.2
1.020461701526617, 0.007246234814266, -0.000119336650799, -0.012914211083201, 0.004196081542241, -0.002886264125732, 3, 4.5, -1.0
1.020461701526617, 0.007395243903820, -0.000119336650799, -0.013022436388090, 0.004231246075430, 0.000000000000000, 3, 0.3, -6.1
1.020461701526617, 0.007544252993375, -0.000119336650799, -0.013130552762025, -0.001380076706668, -0.002806358674375, 3, 3.2, -5.8
1.020461701526617, -0.005717555976972, -0.000044832106022, -0.014794968655173, -0.004807176721214, 0.000000000000000, 2, 0.2, -141.4
1.020461701526617, -0.005345033253086, -0.000044832106022, -0.013765668719563, -0.007947612540815, 0.000000000000000, 2, 0.2, -137.9
1.020461701526617, -0.004748996894868, -0.000044832106022, -0.014190427532370, -0.008192847155730, 0.000000000000000, 2, 0.2, -57.9
1.020461701526617, -0.003929446902319, -0.000044832106022, -0.012603689584358, 0.011348413074831, 0.000000000000000, 2, -0.1, 5.3
1.020461701526617, -0.003631428723210, -0.000044832106022, -0.003563768130444, -0.016766210849685, 0.000000000000000, 2, 0.1, -72.1
1.020461701526617, -0.002886383275437, -0.000044832106022, -0.016671051273316, -0.005416752915609, 0.000000000000000, 1, 0.2, -55.5
1.020461701526617, -0.000129715118680, -0.000044832106022, -0.015752632918309, 0.009094786855831, 0.000000000000000, 1, -0.1, 15.4
1.020461701526617, 0.002328934858969, -0.000044832106022, -0.017663205360346, -0.001856477691740, 0.000000000000000, 1, 0.1, -162.9
1.020461701526617, 0.003893530299291, -0.000044832106022, -0.016889481731173, 0.001775156061389, 0.000000000000000, 2, -0.2, 14.5
1.020461701526617, 0.005830648463499, -0.000044832106022, -0.013378716083279, 0.007724205332093, 0.000000000000000, 2, 0.1, -2.5
1.020461701526617, 0.007246234814266, -0.000044832106022, -0.012915606234136, 0.004196534854259, -0.002886575935262, 3, 4.5, 2.3
1.020461701526617, 0.007395243903820, -0.000044832106022, -0.013023875240734, 0.004231713586995, 0.000000000000000, 3, 0.1, -6.0
1.020461701526617, 0.007693262082929, -0.000044832106022, -0.013226410915390, -0.001390151804572, 0.000000000000000, 3, 0.2, -15.7
1.020461701526617, -0.005717555976972, 0.000029672438756, -0.014795091847919, -0.004807216748964, 0.000000000000000, 2, -0.1, -141.4
1.020461701526617, -0.005345033253086, 0.000029672438756, -0.013765779623859, -0.007947676571440, 0.000000000000000, 2, -0.1, -137.9
1.020461701526617, -0.004748996894868, 0.000029672438756, -0.014190536744995, -0.008192910209668, 0.000000000000000, 2, -0.1, -58.0
1.020461701526617, -0.003929446902319, 0.000029672438756, -0.012603781783628, 0.011348496091426, 0.000000000000000, 2, 0.1, 5.4
1.020461701526617, -0.003631428723210, 0.000029672438756, -0.003563793802308, -0.016766331626311, 0.000000000000000, 2, -0.1, -72.2
1.020461701526617, -0.002886383275437, 0.000029672438756, -0.016671167572023, -0.005416790703350, 0.000000000000000, 1, -0.1, -55.5
1.020461701526617, -0.000129715118680, 0.000029672438756, -0.015752737265280, 0.009094847100583, 0.000000000000000, 1, 0.1, 15.5
1.020461701526617, 0.002328934858969, 0.000029672438756, -0.017663326316546, -0.001856490404749, 0.000000000000000, 1, -0.1, -162.9
1.020461701526617, 0.003893530299291, 0.000029672438756, -0.016889605043131, 0.001775169021998, 0.000000000000000, 2, 0.1, 14.5
1.020461701526617, 0.005830648463499, 0.000029672438756, -0.013378828686592, 0.007724270343646, 0.000000000000000, 2, -0.1, -2.5
1.020461701526617, 0.007395243903820, 0.000029672438756, -0.013024008101258, 0.004231756755996, 0.000000000000000, 3, -0.1, -6.0
1.020461701526617, 0.007693262082929, 0.000029672438756, -0.013226552520627, -0.001390166687882, 0.000000000000000, 3, -0.1, -15.7
1.020461701526617, -0.007729178685957, 0.000104176983533, -0.005388892987740, -0.012103651821099, 0.000000000000000, 3, 0.3, -162.4
1.020461701526617, -0.005717555976972, 0.000104176983533, -0.014794004117246, -0.004806863323844, 0.000000000000000, 2, -0.3, -141.4
1.020461701526617, -0.005345033253086, 0.000104176983533, -0.013764800395020, -0.007947111213406, 0.000000000000000, 2, -0.4, -137.9
1.020461701526617, -0.004748996894868, 0.000104176983533, -0.014189572454357, -0.008192353476209, 0.000000000000000, 2, -0.4, -57.5
1.020461701526617, -0.003929446902319, 0.000104176983533, -0.012602967713569, 0.011347763099452, 0.000000000000000, 2, 0.2, 5.1
1.020461701526617, -0.003631428723210, 0.000104176983533, -0.003563567133644, -0.016765265234088, 0.000000000000000, 2, -0.3, -71.9
1.020461701526617, -0.002886383275437, 0.000104176983533, -0.016670140718496, -0.005416457058414, 0.000000000000000, 1, -0.4, -55.4
1.020461701526617, -0.000129715118680, 0.000104176983533, -0.015751815940433, 0.009094315173434, 0.000000000000000, 1, 0.3, 14.3
1.020461701526617, 0.002328934858969, 0.000104176983533, -0.017662258340547, -0.001856378155948, 0.000000000000000, 1, -0.2, -162.9
1.020461701526617, 0.003893530299291, 0.000104176983533, -0.016888516264726, 0.001775054586776, 0.000000000000000, 2, 0.4, 14.3
1.020461701526617, 0.005681639373944, 0.000104176983533, -0.013205553732613, 0.007624230002322, -0.003241160229350, 2, 5.2, 0.7
1.020461701526617, 0.005830648463499, 0.000104176983533, -0.013377834454830, 0.007723696323670, 0.000000000000000, 2, -0.2, -2.6
1.020461701526617, 0.007246234814266, 0.000104176983533, -0.012914597587350, 0.004196207125052, 0.002886350507552, 3, -4.5, -0.5
1.020461701526617, 0.007395243903820, 0.000104176983533, -0.013022834999455, 0.004231375592114, 0.000000000000000, 3, -0.3, -6.1
1.020461701526617, -0.008548728678507, 0.000178681528310, -0.010420763752771, -0.006016430757824, 0.000000000000000, 3, -0.5, -160.2
1.020461701526617, -0.008399719588953, 0.000178681528310, -0.010392053330107, -0.005999854787570, 0.002550617008331, 3, -4.3, -157.3
1.020461701526617, -0.005717555976972, 0.000178681528310, -0.014791705284472, -0.004806116387797, 0.000000000000000, 2, -0.6, -141.4
1.020461701526617, -0.005345033253086, 0.000178681528310, -0.013762730881003, -0.007945916378931, 0.000000000000000, 2, -0.6, -137.9
1.020461701526617, -0.004748996894868, 0.000178681528310, -0.014187534522512, -0.008191176875710, 0.000000000000000, 2, -0.6, -56.1
1.020461701526617, -0.003631428723210, 0.000178681528310, -0.003563088095885, -0.016763011538623, 0.000000000000000, 2, -0.5, -71.3
1.020461701526617, -0.002886383275437, 0.000178681528310, -0.016667970591614, -0.005415751941446, 0.000000000000000, 1, -0.6, -55.2
1.020461701526617, -0.000129715118680, 0.000178681528310, -0.015749868846858, 0.009093191018435, 0.000000000000000, 1, 0.6, 12.2
1.020461701526617, 0.002328934858969, 0.000178681528310, -0.017660001311302, -0.001856140932615, 0.000000000000000, 1, -0.3, -163.0
1.020461701526617, 0.003893530299291, 0.000178681528310, -0.016886215255026, 0.001774812740911, 0.000000000000000, 2, 0.6, 14.1
1.020461701526617, 0.005681639373944, 0.000178681528310, -0.013203508568417, 0.007623049226223, -0.003240658265935, 2, 5.1, 2.1
1.020461701526617, 0.007246234814266, 0.000178681528310, -0.012912193570138, 0.004195426012510, 0.002885813221256, 3, -4.6, -2.6
1.020461701526617, 0.007246234814266, 0.000178681528310, -0.012362092117609, 0.002821566855654, -0.005645502557075, 3, 7.3, -4.1
1.020461701526617, 0.007395243903820, 0.000178681528310, -0.013020355671614, 0.004230570009665, 0.000000000000000, 3, -0.5, -6.3
1.020461701526617, 0.007544252993375, 0.000178681528310, -0.013128404698845, -0.001379850936130, 0.002805899574454, 3, -3.1, -8.8
1.020461701526617, -0.008995755947170, 0.000253186073087, -0.011218334396295, 0.001179094457677, 0.000000000000000, 3, 0.9, 14.8
1.020461701526617, -0.008548728678507, 0.000253186073087, -0.010416998210519, -0.006014256720991, 0.000000000000000, 3, -0.6, -155.7
1.020461701526617, -0.005717555976972, 0.000253186073087, -0.014788194971811, -0.004804975818074, 0.000000000000000, 2, -0.9, -141.4
1.020461701526617, -0.005345033253086, 0.000253186073087, -0.013759570760338, -0.007944091882415, 0.000000000000000, 2, -0.9, -138.0
1.020461701526617, -0.003631428723210, 0.000253186073087, -0.003562356628636, -0.016759570255783, 0.000000000000000, 2, -0.7, -70.2
1.020461701526617, -0.002886383275437, 0.000253186073087, -0.016664656935264, -0.005414675269232, 0.000000000000000, 1, -0.9, -54.9
1.020461701526617, 0.002328934858969, 0.000253186073087, -0.017656554972842, -0.001855778707847, 0.000000000000000, 1, -0.4, -163.0
1.020461701526617, 0.003893530299291, 0.000253186073087, -0.016882701716049, 0.001774443453084, 0.000000000000000, 2, 0.9, 13.7
1.020461701526617, 0.005681639373944, 0.000253186073087, -0.013200385609403, 0.007621246184996, -0.003239891769447, 2, 5.1, 3.9
1.020461701526617, 0.007246234814266, 0.000253186073087, -0.012908522484332, 0.004194233204425, 0.002884992751218, 3, -4.7, -4.3
1.020461701526617, 0.007544252993375, 0.000253186073087, -0.013124496019243, -0.001379440117350, 0.002805064182593, 3, -3.1, -10.8
1.020461701526617, -0.009293774126279, 0.000327690617865, -0.009093118893472, -0.005249914640919, 0.002231807610270, 4, 3.1, 11.1
1.020461701526617, -0.009219269581502, 0.000327690617865, -0.010576767363128, -0.001111663045285, 0.002260544805258, 4, 2.8, 16.4
1.020461701526617, -0.008399719588953, 0.000327690617865, -0.010383533239155, -0.005994935710765, -0.002548525844226, 3, 2.9, -157.1
1.020461701526617, -0.005717555976972, 0.000327690617865, -0.014783472601716, -0.004803441427017, 0.000000000000000, 2, -1.1, -141.4
1.020461701526617, -0.003631428723210, 0.000327690617865, -0.003561372639594, -0.016754940951305, 0.000000000000000, 2, -0.9, -68.5
1.020461701526617, -0.002886383275437, 0.000327690617865, -0.016660199358039, -0.005413226914594, 0.000000000000000, 1, -1.1, -54.5
1.020461701526617, 0.002328934858969, 0.000327690617865, -0.017651918933975, -0.001855291440527, 0.000000000000000, 1, -0.6, -163.0
1.020461701526617, 0.002701457582855, 0.000327690617865, -0.016372772610364, 0.005319836303050, 0.003659236009045, 1, 5.3, 12.1
1.020461701526617, 0.003893530299291, 0.000327690617865, -0.016877975192390, 0.001773946675429, 0.000000000000000, 2, 1.1, 13.3
1.020461701526617, 0.007171730269489, 0.000327690617865, -0.012436613374705, 0.002838575846290, 0.005679534818240, 3, -8.9, -2.5
1.020461701526617, 0.007544252993375, 0.000327690617865, -0.013119237325204, -0.001378887406334, 0.002803940255680, 3, -3.2, -12.3
1.020461701526617, 0.007916775717261, 0.000327690617865, -0.012904105012181, 0.001356276089093, 0.000000000000000, 3, -0.9, -2.1
1.020461701526617, -0.005717555976972, 0.000402195162642, -0.014777537396252, -0.004801512961861, 0.000000000000000, 2, -1.4, -141.4
1.020461701526617, -0.002886383275437, 0.000402195162642, -0.016654597332684, -0.005411406706217, 0.000000000000000, 1, -1.4, -53.9
1.020461701526617, 0.001509384866419, 0.000402195162642, -0.013371577309434, 0.012039822288055, 0.000000000000000, 1, 0.3, 11.3
1.020461701526617, 0.003819025754513, 0.000402195162642, -0.016548253310147, 0.001739291509146, 0.003536814867155, 2, 4.7, 10.6
1.020461701526617, 0.003893530299291, 0.000402195162642, -0.016872035070573, 0.001773322343468, 0.000000000000000, 2, 1.4, 12.8
1.020461701526617, 0.007171730269489, 0.000402195162642, -0.012430694902099, 0.002837224993539, 0.005676831978630, 3, -8.6, -6.5
1.020461701526617, 0.007544252993375, 0.000402195162642, -0.013112627389843, -0.001378192674133, 0.002802527531496, 3, -3.4, -13.7
1.020461701526617, 0.007916775717261, 0.000402195162642, -0.012897171530209, 0.001355547350773, 0.000000000000000, 3, -1.1, -3.7
1.020461701526617, -0.005717555976972, 0.000476699707419, -0.014770388375875, -0.004799190104331, 0.000000000000000, 2, -1.6, -141.4
1.020461701526617, -0.002886383275437, 0.000476699707419, -0.016647850195508, -0.005409214428455, 0.000000000000000, 1, -1.6, -53.1
1.020461701526617, 0.001509384866419, 0.000476699707419, -0.013366363024867, 0.012035127325143, 0.000000000000000, 1, 0.2, 8.9
1.020461701526617, 0.007916775717261, 0.000476699707419, -0.012888818716991, 0.001354669434727, 0.000000000000000, 3, -1.4, -5.0
1.020461701526617, -0.005717555976972, 0.000551204252196, -0.014762024358130, -0.004796472470226, 0.000000000000000, 2, -1.9, -141.4
1.020461701526617, -0.002886383275437, 0.000551204252196, -0.016639957145438, -0.005406649821024, 0.000000000000000, 1, -1.9, -52.0
1.020461701526617, 0.001509384866419, 0.000551204252196, -0.013360263285287, 0.012029635094957, 0.000000000000000, 1, 0.2, 7.3
1.020461701526617, 0.007395243903820, 0.000551204252196, -0.012476056825129, -0.000000000000000, 0.005554698378087, 3, -7.6, -9.0
1.020461701526617, 0.007767766627707, 0.000551204252196, -0.012800803587503, 0.001345418671851, 0.002735882246379, 3, -4.9, -4.7
1.020461701526617, 0.007916775717261, 0.000551204252196, -0.012879044431384, 0.001353642115913, 0.000000000000000, 3, -1.7, -6.2
1.020461701526617, -0.009293774126279, 0.000625708796973, -0.010633927673279, -0.001117670835971, 0.000000000000000, 4, 2.1, 12.7
1.020461701526617, -0.007878187775512, 0.000625708796973, -0.012922224770247, -0.001358180552408, 0.000000000000000, 3, -2.1, -154.5
1.020461701526617, -0.006313592335190, 0.000625708796973, -0.003100879245551, -0.014588489864477, 0.000000000000000, 3, -0.0, -155.1
1.020461701526617, -0.005717555976972, 0.000625708796973, -0.014752443956048, -0.004793359608892, 0.000000000000000, 2, -2.1, -141.4
1.020461701526617, -0.002886383275437, 0.000625708796973, -0.016630917243090, -0.005403712578700, 0.000000000000000, 1, -2.2, -50.5
1.020461701526617, 0.001509384866419, 0.000625708796973, -0.013353277422699, 0.012023344996030, 0.000000000000000, 1, 0.1, 5.9
1.020461701526617, 0.006054162097830, 0.000625708796973, -0.012496557315452, 0.006018024825595, -0.006175380729186, 3, 8.7, -1.7
1.020461701526617, 0.007767766627707, 0.000625708796973, -0.012789967544291, 0.001344279757816, 0.002733566287225, 3, -5.0, -7.5
1.020461701526617, -0.007133142327740, 0.000700213341751, -0.012093666006428, 0.006982281324301, 0.000000000000000, 3, 2.2, 10.4
1.020461701526617, -0.005717555976972, 0.000700213341751, -0.014741645576163, -0.004789851002580, 0.000000000000000, 2, -2.4, -141.3
1.020461701526617, -0.003854942357541, 0.000700213341751, -0.012598467105878, 0.011343710734086, 0.000000000000000, 2, 1.6, 11.1
1.020461701526617, -0.003407915088878, 0.000700213341751, -0.003500684694239, -0.016469426616308, 0.003578892072743, 2, -5.4, -72.8
1.020461701526617, -0.002886383275437, 0.000700213341751, -0.016620729409502, -0.005400402350905, 0.000000000000000, 2, -2.4, -47.5
1.020461701526617, 0.006054162097830, 0.000700213341751, -0.012487100733543, 0.006013470775767, -0.006170707602644, 3, 8.9, 0.7
1.020461701526617, 0.007469748448598, 0.000700213341751, -0.013168283921471, -0.001384042411328, 0.002814422856327, 3, -4.9, -7.4
1.020461701526617, 0.007618757538152, 0.000700213341751, -0.013265568033142, -0.001394267383488, 0.000000000000000, 3, -2.3, -8.1
1.020461701526617, -0.008176205954621, 0.000774717886528, -0.011659426070242, -0.003788377176993, 0.002605825704439, 3, -5.4, -157.5
1.020461701526617, -0.007729178685957, 0.000774717886528, -0.005221991557382, -0.010843577201623, 0.005358533234073, 3, 10.0, 11.6
1.020461701526617, -0.007505665051626, 0.000774717886528, -0.013108976199423, -0.001377808918556, 0.002801747172124, 3, -4.5, -155.0
1.020461701526617, -0.006164583245636, 0.000774717886528, -0.003059831464598, -0.014395375238279, -0.003128189919704, 3, 5.8, -159.6
1.020461701526617, -0.005717555976972, 0.000774717886528, -0.014729627416265, -0.004785946065717, 0.000000000000000, 2, -2.6, -141.3
1.020461701526617, -0.005196024163532, 0.000774717886528, -0.011857694361820, -0.010676715959430, 0.000000000000000, 2, -2.7, -65.6
1.020461701526617, -0.003854942357541, 0.000774717886528, -0.012589488965192, 0.011335626779902, 0.000000000000000, 2, 1.5, 6.2
1.020461701526617, -0.003407915088878, 0.000774717886528, -0.003498244524137, -0.016457946518574, 0.003576397387790, 2, -5.9, -70.4
1.020461701526617, -0.002811878730660, 0.000774717886528, -0.016641633735596, -0.005407194578189, 0.000000000000000, 1, -2.7, -55.3
1.020461701526617, -0.000353228753012, 0.000774717886528, -0.015347041793433, 0.008860618710703, -0.003766765294832, 1, -3.7, 13.8
1.020461701526617, 0.006277675732162, 0.000774717886528, -0.011485803191570, 0.003731963683996, -0.008774372862175, 3, 12.2, -3.0
1.020461701526617, 0.007469748448598, 0.000774717886528, -0.013154951715031, -0.001382641139965, 0.002811573398740, 3, -4.9, -11.0
1.020461701526617, -0.005941069611304, 0.000849222431305, -0.015173859226626, -0.001594836870044, 0.000000000000000, 3, -2.9, -148.7
1.020461701526617, -0.005717555976972, 0.000849222431305, -0.014716387462964, -0.004781644144112, 0.000000000000000, 2, -2.9, -141.3
1.020461701526617, -0.005196024163532, 0.000849222431305, -0.011847511259325, -0.010667547052761, 0.000000000000000, 2, -2.8, -61.3
1.020461701526617, -0.004898005984423, 0.000849222431305, -0.009307268499973, -0.012810356092333, 0.003365720700167, 2, -4.7, -67.4
1.020461701526617, -0.003407915088878, 0.000849222431305, -0.003495556666943, -0.016445301144689, 0.003573649482267, 2, -6.5, -65.7
1.020461701526617, -0.002811878730660, 0.000849222431305, -0.016629156508363, -0.005403140481307, 0.000000000000000, 1, -2.9, -54.1
1.020461701526617, -0.000353228753012, 0.000849222431305, -0.015336083243757, 0.008854291789098, -0.003764075637427, 1, -3.9, 16.7
1.020461701526617, 0.007320739359043, 0.000849222431305, -0.012516265442143, -0.000000000000000, 0.005572600407778, 3, -8.9, -6.6
1.020461701526617, 0.007469748448598, 0.000849222431305, -0.013140260795468, -0.001381097062099, 0.002808433546953, 3, -5.0, -13.3
1.020461701526617, -0.005941069611304, 0.000923726976082, -0.015158616312548, -0.001593234775216, 0.000000000000000, 3, -3.1, -148.0
1.020461701526617, -0.005717555976972, 0.000923726976082, -0.014701923488730, -0.004776944513998, 0.000000000000000, 2, -3.1, -141.3
1.020461701526617, -0.004898005984423, 0.000923726976082, -0.009298729361613, -0.012798602976679, 0.003362632752856, 2, -5.5, -63.0
1.020461701526617, -0.004674492350091, 0.000923726976082, -0.014157414354741, -0.008173786988739, 0.000000000000000, 2, -3.2, -59.8
1.020461701526617, -0.004376474170982, 0.000923726976082, -0.006590915443464, -0.014803438459714, 0.003444347463574, 2, -5.4, -71.5
1.020461701526617, -0.002811878730660, 0.000923726976082, -0.016615528244341, -0.005398712389901, 0.000000000000000, 2, -3.2, -52.6
1.020461701526617, -0.000353228753012, 0.000923726976082, -0.015324114306116, 0.008847381519729, -0.003761137991233, 1, -4.0, 19.2
1.020461701526617, 0.000838843963424, 0.000923726976082, -0.016785979416184, 0.005454095332878, -0.003751585744733, 1, 5.9, -163.6
1.020461701526617, 0.007320739359043, 0.000923726976082, -0.012501327683288, -0.000000000000000, 0.005565949689042, 3, -8.5, -11.3
1.020461701526617, 0.007469748448598, 0.000923726976082, -0.013124207711082, -0.001379409814941, 0.002805002563245, 3, -5.1, -15.1
1.020461701526617, -0.007878187775512, 0.000998231520860, -0.007425782479428, -0.010220712750037, -0.002685332415845, 3, 3.9, -152.2
1.020461701526617, -0.007654674141180, 0.000998231520860, -0.010886099439354, -0.005242469187808, 0.005379546301978, 3, -9.5, -151.4
1.020461701526617, -0.005941069611304, 0.000998231520860, -0.015142080463755, -0.001591496787474, 0.000000000000000, 3, -3.4, -147.3
1.020461701526617, -0.005717555976972, 0.000998231520860, -0.014686233048912, -0.004771846381058, 0.000000000000000, 2, -3.4, -141.2
1.020461701526617, -0.004376474170982, 0.000998231520860, -0.006584581391258, -0.014789211945531, 0.003441037350307, 2, -6.0, -68.3
1.020461701526617, -0.002886383275437, 0.000998231520860, -0.003541417874308, -0.015515965500309, 0.007085808945130, 2, -10.8, -66.2
1.020461701526617, -0.002811878730660, 0.000998231520860, -0.016600747301632, -0.005393909770485, 0.000000000000000, 2, -3.5, -50.4
1.020461701526617, -0.000353228753012, 0.000998231520860, -0.015311133685181, 0.008839887154738, -0.003757952038324, 1, -3.8, 18.9
1.020461701526617, -0.005941069611304, 0.001072736065637, -0.015124248767362, -0.001589622600661, 0.000000000000000, 3, -3.7, -146.3
1.020461701526617, -0.005717555976972, 0.001072736065637, -0.014669313478059, -0.004766348879236, 0.000000000000000, 2, -3.6, -141.2
1.020461701526617, -0.003780437812764, 0.001072736065637, -0.012578501969843, 0.011325734044855, 0.000000000000000, 2, 2.3, 8.5
1.020461701526617, -0.005941069611304, 0.001147240610414, -0.015105118064855, -0.001587611882804, 0.000000000000000, 3, -3.9, -145.1
1.020461701526617, -0.005717555976972, 0.001147240610414, -0.014651161886317, -0.004760451069561, 0.000000000000000, 2, -3.9, -141.1
1.020461701526617, -0.004898005984423, 0.001147240610414, -0.011718626068729, -0.010551498305898, 0.003351797360717, 2, -5.4, -62.8
1.020461701526617, 0.001360375776865, 0.001147240610414, -0.013014028000052, 0.011717883443852, -0.003722312193174, 1, 6.6, 6.2
1.020461701526617, 0.007246234814266, 0.001147240610414, -0.012535522150069, -0.000000000000000, 0.005581174046531, 3, -9.8, -7.4
1.020461701526617, 0.007395243903820, 0.001147240610414, -0.013162656502940, -0.001383450945806, 0.002813220122894, 3, -6.2, -10.8
1.020461701526617, -0.007356655962071, 0.001221745155191, -0.013189869194219, -0.001386311114913, 0.002819036220175, 3, -6.2, -152.2
1.020461701526617, -0.005941069611304, 0.001221745155191, -0.015084684947564, -0.001585464275637, 0.000000000000000, 3, -4.2, -143.4
1.020461701526617, 0.001360375776865, 0.001221745155191, -0.013000235785019, 0.011705464877656, -0.003718367301539, 1, 6.6, 5.6
1.020461701526617, -0.003705933267987, 0.001296249699969, -0.012568565774890, 0.011316787454735, 0.000000000000000, 2, 3.3, 13.5
1.020461701526617, -0.002737374185883, 0.001296249699969, -0.016561533743739, -0.005381168513167, 0.000000000000000, 2, -4.5, -48.1
1.020461701526617, 0.001360375776865, 0.001296249699969, -0.012985567138879, 0.011692257169348, -0.003714171730392, 1, 6.6, 4.9
1.020461701526617, -0.008772242312839, 0.001370754244746, -0.011099211373646, 0.001166574123479, 0.002372205396199, 3, 5.3, 11.3
1.020461701526617, -0.007282151417294, 0.001370754244746, -0.013236145022332, -0.001391174900438, 0.002828926631797, 3, -6.6, -151.9
1.020461701526617, -0.006388096879967, 0.001370754244746, -0.014260019001906, -0.001498788392069, 0.003047756537599, 3, -5.3, -145.9
1.020461701526617, -0.004823501439645, 0.001370754244746, -0.009266316674921, -0.012753990740722, 0.003350911585626, 2, -6.4, -67.8
1.020461701526617, -0.003780437812764, 0.001370754244746, -0.006677203655195, -0.013865356259283, 0.006851795393361, 2, -11.0, -62.0
1.020461701526617, 0.001360375776865, 0.001370754244746, -0.012970020390296, 0.011678258814048, -0.003709725001692, 1, 6.5, 4.0
1.020461701526617, 0.001956412135083, 0.001370754244746, -0.016156231083495, -0.000000000000000, -0.007193217524845, 1, 11.4, -159.6
1.020461701526617, 0.006054162097830, 0.001370754244746, -0.013367732135626, -0.003051097627352, 0.006104756802974, 3, -9.2, -14.3
1.020461701526617, -0.008921251402393, 0.001445258789523, -0.009154388596984, -0.004408521199009, 0.004523792713646, 4, 8.2, 8.1
1.020461701526617, 0.001360375776865, 0.001445258789523, -0.012953593756104, 0.011663468206187, -0.003705026605412, 1, 6.4, 3.1
1.020461701526617, -0.006462601424745, 0.001519763334300, -0.014131020124029, -0.001485230063660, 0.003020185945068, 3, -5.6, -148.9
1.020461701526617, -0.004823501439645, 0.001519763334300, -0.011680185115337, -0.010516885915997, 0.003340802361357, 2, -6.4, -64.9
1.020461701526617, -0.004227465081428, 0.001519763334300, -0.013984128867102, -0.008073740565804, 0.003432253068966, 2, -6.2, -57.1
1.020461701526617, -0.003631428723210, 0.001519763334300, -0.012549767746720, 0.011299861634145, 0.000000000000000, 2, 3.4, 10.0
1.020461701526617, -0.007133142327740, 0.001594267879077, -0.013339037326811, -0.001401989317415, 0.002850917534727, 3, -7.3, -151.0
1.020461701526617, -0.001843319648556, 0.001594267879077, -0.016417318428749, -0.005334310116828, 0.003669191785416, 1, -6.2, -44.6
1.020461701526617, -0.007058637782962, 0.001668772423855, -0.013399610194584, -0.001408355782360, 0.002863863615214, 3, -7.3, -151.6
1.020461701526617, -0.006537105969522, 0.001668772423855, -0.013995248355090, -0.001470959875715, 0.002991167800257, 3, -6.7, -147.3
1.020461701526617, -0.008697737768061, 0.001743276968632, -0.011063049737049, 0.001162773382319, 0.002364476664258, 3, 6.3, 8.9
1.020461701526617, -0.006984133238185, 0.001743276968632, -0.013457821262894, -0.001414474012179, 0.002876304914485, 3, -7.8, -148.8
1.020461701526617, -0.006909628693408, 0.001743276968632, -0.013545392959757, -0.001423678168408, 0.002895021384048, 3, -7.0, -154.2
1.020461701526617, -0.006611610514299, 0.001743276968632, -0.013883789500778, -0.001459245078069, 0.002967345991053, 3, -7.0, -148.2
1.020461701526617, -0.004748996894868, 0.001743276968632, -0.009224543293924, -0.012696494614360, 0.003335805377705, 2, -7.8, -67.1
1.020461701526617, -0.001768815103779, 0.001743276968632, -0.016387230170586, -0.005324533849125, 0.003662467204287, 1, -6.6, -45.3
1.020461701526617, -0.006835124148631, 0.001817781513409, -0.013600181850386, -0.001429436712859, 0.002906731270240, 3, -8.1, -146.1
1.020461701526617, -0.006760619603853, 0.001817781513409, -0.013685483787949, -0.001438402307773, 0.002924962630089, 3, -7.8, -147.3
1.020461701526617, -0.004748996894868, 0.001817781513409, -0.011640876753276, -0.010481492507822, 0.003329559263110, 2, -7.3, -65.9
1.020461701526617, -0.004152960536650, 0.001817781513409, -0.013933062397921, -0.008044257326076, 0.003419719356839, 2, -7.6, -55.0
1.020461701526617, 0.001285871232088, 0.001817781513409, -0.012869645747719, 0.011587881079927, -0.003681015538646, 1, 7.1, 8.4
1.020461701526617, -0.001694310559002, 0.001892286058186, -0.016351791556123, -0.005313019145279, 0.003654546844234, 1, -7.2, -44.9
1.020461701526617, 0.001285871232088, 0.001892286058186, -0.012847903746157, 0.011568304493789, -0.003674796824692, 1, 6.8, 5.3
1.020461701526617, 0.005830648463499, 0.001892286058186, -0.013388661212893, -0.003055874552663, 0.006114314664063, 3, -10.4, -18.3
1.020461701526617, 0.001285871232088, 0.001966790602964, -0.012825266417125, 0.011547921751177, -0.003668322026430, 1, 6.5, 3.2
1.020461701526617, -0.004078455991873, 0.002041295147741, -0.013893614386555, -0.008021482006094, 0.003410037269427, 2, -8.1, -56.8
1.020461701526617, -0.001619806014225, 0.002041295147741, -0.016310980362691, -0.005299758784706, 0.003645425738595, 1, -8.0, -43.2
1.020461701526617, 0.005756143918721, 0.002041295147741, -0.013392045710680, -0.003056647042197, 0.006115860291674, 3, -10.9, -18.8
1.020461701526617, -0.004674492350091, 0.002115799692518, -0.011586112272699, -0.010432182348027, 0.003313895358453, 2, -8.6, -63.3
1.020461701526617, -0.003705933267987, 0.002115799692518, -0.011858427393748, -0.009456780280508, 0.006753005163822, 2, -11.5, -53.8
1.020461701526617, -0.001545301469447, 0.002115799692518, -0.016297247218755, -0.005295296615750, 0.003642356446912, 2, -7.6, -46.5
1.020461701526617, 0.002850466672409, 0.002115799692518, -0.012182902492851, 0.009715540537398, -0.006937783629551, 2, 12.0, 6.4
1.020461701526617, 0.001211366687310, 0.002190304237295, -0.012762802437940, 0.011491678931695, -0.003650455887572, 1, 7.3, 7.6
1.020461701526617, 0.002850466672409, 0.002190304237295, -0.012157675104293, 0.009695422366352, -0.006923417417275, 2, 11.9, 5.5
1.020461701526617, -0.005941069611304, 0.002264808782073, -0.013712289376877, -0.004455392898992, 0.003064630789690, 3, -7.4, -143.4
1.020461701526617, -0.004003951447096, 0.002264808782073, -0.013843793959047, -0.007992718168861, 0.003397809384741, 2, -9.1, -55.0
1.020461701526617, -0.001470796924670, 0.002264808782073, -0.016247926828919, -0.005279271449667, 0.003631333576762, 2, -8.5, -44.4
1.020461701526617, 0.002850466672409, 0.002264808782073, -0.012131541717340, 0.009674581685696, -0.006908535267123, 2, 11.7, 4.4
1.020461701526617, 0.005607134829167, 0.002264808782073, -0.013418305580557, -0.003062640686135, 0.006127852611512, 3, -12.4, -15.3
1.020461701526617, -0.007878187775512, 0.002339313326850, -0.011469605183581, 0.003726700632161, 0.002563401648339, 3, 7.8, 10.1
1.020461701526617, -0.005941069611304, 0.002339313326850, -0.013674342464901, -0.004443063199880, 0.003056149837194, 3, -8.0, -141.8
1.020461701526617, -0.004674492350091, 0.002339313326850, -0.011503618089215, -0.010357904251587, 0.003290300119143, 2, -8.8, -125.3
1.020461701526617, -0.003929446902319, 0.002339313326850, -0.009314073335247, -0.011679478544482, 0.006651099366111, 2, -12.7, -60.2
1.020461701526617, -0.001396292379893, 0.002339313326850, -0.016229111616421, -0.005273158016537, 0.003627128467174, 2, -8.4, -46.3
1.020461701526617, 0.002850466672409, 0.002339313326850, -0.012104498687721, 0.009653015589220, -0.006893135103796, 2, 11.5, 3.4
1.020461701526617, -0.005941069611304, 0.002413817871627, -0.013635089291124, -0.004430309070581, 0.003047376941462, 3, -8.9, -138.5
1.020461701526617, -0.003929446902319, 0.002413817871627, -0.013818357564266, -0.007978032459487, 0.003391566296961, 2, -9.0, -59.3
1.020461701526617, -0.001321787835116, 0.002413817871627, -0.016208321082836, -0.005266402762680, 0.003622481882814, 2, -8.4, -47.4
1.020461701526617, 0.002850466672409, 0.002413817871627, -0.012076542200545, 0.009630721034650, -0.006877214754832, 2, 11.3, 2.3
1.020461701526617, -0.001321787835116, 0.002488322416404, -0.016171213376692, -0.005254345738072, 0.003614188488789, 2, -9.5, -43.1
1.020461701526617, -0.007803683230735, 0.002562826961181, -0.011434498229449, 0.003715293691288, 0.002555555412776, 3, 8.8, 11.7
1.020461701526617, -0.001247283290338, 0.002562826961181, -0.016147277560519, -0.005246568519952, 0.003608838948884, 2, -9.4, -44.8
1.020461701526617, -0.006537105969522, 0.002637331505959, -0.013199354842411, 0.004288730365866, 0.000000000000000, 3, 7.0, -158.1
1.020461701526617, -0.003854942357541, 0.002637331505959, -0.013750839420231, -0.007939050840854, 0.003374994699311, 2, -10.7, -52.5
1.020461701526617, -0.001172778745561, 0.002637331505959, -0.016121351388532, -0.005238144596026, 0.003603044574017, 2, -9.5, -45.7
1.020461701526617, -0.001098274200784, 0.002711836050736, -0.016093428941044, -0.005229072042870, 0.003596804041168, 2, -9.7, -46.2
1.020461701526617, -0.006015574156081, 0.002786340595513, -0.013347592752481, -0.004336895782577, 0.002983122846465, 3, -9.6, -145.6
1.020461701526617, -0.005121519618754, 0.002786340595513, -0.012507073204565, 0.006023089010886, -0.006180577329925, 3, -10.9, 17.4
1.020461701526617, -0.003482419633655, 0.002786340595513, -0.011689228480157, -0.009321848649491, 0.006656651650893, 2, -13.9, -53.2
1.020461701526617, -0.001023769656007, 0.002786340595513, -0.016063503903014, -0.005219348808603, 0.003590115938954, 2, -9.9, -46.6
1.020461701526617, -0.006015574156081, 0.002860845140290, -0.013300160820334, -0.004321484213592, 0.002972522037535, 3, -10.4, -142.0
1.020461701526617, -0.001023769656007, 0.002860845140290, -0.016020506373938, -0.005205378064517, 0.003580506197804, 2, -11.0, -41.7
1.020461701526617, -0.000949265111229, 0.002935349685068, -0.015987380253176, -0.005194614735422, 0.003573102668981, 2, -11.1, -42.4
1.020461701526617, -0.000874760566452, 0.003009854229845, -0.015952231341791, -0.005183194161812, 0.003565247056173, 2, -11.3, -42.6
1.020461701526617, -0.005419537797863, 0.003084358774622, -0.010515361097331, -0.008385720649611, 0.005988170727188, 3, -13.1, -138.9
1.020461701526617, -0.000800256021675, 0.003084358774622, -0.015915051712040, -0.005171113767807, 0.003556937587568, 2, -11.6, -42.6
1.020461701526617, -0.002439356006774, 0.003382376953731, -0.011964340832650, 0.010772740873076, -0.003422077450923, 2, 11.4, 9.2
1.020461701526617, -0.002066833282888, 0.003680395132840, -0.011892185199895, 0.010707771649525, -0.003401439275593, 2, 11.2, 5.5
1.020461701526617, -0.006909628693408, 0.003754899677617, -0.004977950564313, -0.011180660026125, 0.002601427911959, 3, -11.0, 17.2
1.020461701526617, -0.001172778745561, 0.004052917856726, -0.011828950926950, 0.010650835254426, -0.003383352814952, 2, 11.6, 7.0
