t_n,x_n,y_n,z_n,dx_n,dy_n,dz_n
NaN, NaN, NaN, NaN, NaN, NaN, NaN
0.000000, 1.02046170, -0.00231677, -0.00102579, -0.01173958, -0.00677785, -0.00294886
0.012566, 1.02031320, -0.00239956, -0.00106253, -0.01189533, -0.00639657, -0.00289842
0.025133, 1.02016272, -0.00247750, -0.00109862, -0.01205630, -0.00600662, -0.00284542
0.037699, 1.02001017, -0.00255048, -0.00113403, -0.01222269, -0.00560786, -0.00278980
0.050265, 1.01985550, -0.00261840, -0.00116873, -0.01239472, -0.00520013, -0.00273150
0.062832, 1.01969864, -0.00268114, -0.00120267, -0.01257265, -0.00478327, -0.00267046
0.075398, 1.01953949, -0.00273858, -0.00123583, -0.01275675, -0.00435712, -0.00260661
0.087965, 1.01937800, -0.00279061, -0.00126817, -0.01294735, -0.00392151, -0.00253988
0.100531, 1.01921406, -0.00283710, -0.00129965, -0.01314480, -0.00347627, -0.00247020
0.113097, 1.01904760, -0.00287793, -0.00133024, -0.01334949, -0.00302123, -0.00239748
0.125664, 1.01887852, -0.00291299, -0.00135990, -0.01356186, -0.00255618, -0.00232164
0.138230, 1.01870672, -0.00294213, -0.00138858, -0.01378238, -0.00208095, -0.00224259
0.150796, 1.01853210, -0.00296524, -0.00141624, -0.01401161, -0.00159533, -0.00216022
0.163363, 1.01835453, -0.00298218, -0.00144286, -0.01425011, -0.00109911, -0.00207443
0.175929, 1.01817391, -0.00299282, -0.00146837, -0.01449857, -0.00059207, -0.00198511
0.188496, 1.01799010, -0.00299702, -0.00149273, -0.01475769, -0.00007398, -0.00189212
0.201062, 1.01780296, -0.00299463, -0.00151590, -0.01502827, 0.00045540, -0.00179534
0.213628, 1.01761234, -0.00298553, -0.00153784, -0.01531121, 0.00099631, -0.00169462
0.226195, 1.01741809, -0.00296955, -0.00155848, -0.01560747, 0.00154902, -0.00158979
0.238761, 1.01722003, -0.00294654, -0.00157777, -0.01591815, 0.00211380, -0.00148068
0.251327, 1.01701796, -0.00291637, -0.00159567, -0.01624443, 0.00269094, -0.00136711
0.263894, 1.01681169, -0.00287886, -0.00161211, -0.01658765, 0.00328073, -0.00124885
0.276460, 1.01660099, -0.00283386, -0.00162704, -0.01694929, 0.00388347, -0.00112568
0.289027, 1.01638562, -0.00278120, -0.00164038, -0.01733097, 0.00449948, -0.00099734
0.301593, 1.01616532, -0.00272072, -0.00165208, -0.01773453, 0.00512908, -0.00086355
0.314159, 1.01593980, -0.00265224, -0.00166206, -0.01816200, 0.00577260, -0.00072401
0.326726, 1.01570875, -0.00257558, -0.00167025, -0.01861566, 0.00643037, -0.00057835
0.339292, 1.01547182, -0.00249056, -0.00167657, -0.01909806, 0.00710271, -0.00042620
0.351858, 1.01522863, -0.00239700, -0.00168094, -0.01961208, 0.00778995, -0.00026713
0.364425, 1.01497877, -0.00229472, -0.00168325, -0.02016093, 0.00849239, -0.00010064
0.376991, 1.01472177, -0.00218350, -0.00168343, -0.02074828, 0.00921028, 0.00007381
0.389557, 1.01445713, -0.00206317, -0.00168136, -0.02137827, 0.00994388, 0.00025684
0.402124, 1.01418428, -0.00193352, -0.00167694, -0.02205563, 0.01069332, 0.00044914
0.414690, 1.01390259, -0.00179435, -0.00167003, -0.02278575, 0.01145868, 0.00065153
0.427257, 1.01361136, -0.00164547, -0.00166052, -0.02357484, 0.01223988, 0.00086491
0.439823, 1.01330981, -0.00148666, -0.00164824, -0.02443006, 0.01303667, 0.00109035
0.452389, 1.01299706, -0.00131775, -0.00163306, -0.02535971, 0.01384854, 0.00132907
0.464956, 1.01267210, -0.00113855, -0.00161478, -0.02637348, 0.01467461, 0.00158249
0.477522, 1.01233382, -0.00094889, -0.00159322, -0.02748278, 0.01551352, 0.00185228
0.490088, 1.01198093, -0.00074861, -0.00156815, -0.02870106, 0.01636324, 0.00214041
0.502655, 1.01161196, -0.00053760, -0.00153934, -0.03004437, 0.01722077, 0.00244925
0.515221, 1.01122523, -0.00031579, -0.00150650, -0.03153200, 0.01808178, 0.00278159
0.527788, 1.01081877, -0.00008317, -0.00146931, -0.03318731, 0.01894006, 0.00314086
0.540354, 1.01039032, 0.00016018, -0.00142743, -0.03503893, 0.01978668, 0.00353123
0.552920, 1.00993718, 0.00041402, -0.00138041, -0.03712230, 0.02060876, 0.00395786
0.565487, 1.00945618, 0.00067795, -0.00132778, -0.03948180, 0.02138757, 0.00442723
0.578053, 1.00894350, 0.00095126, -0.00126893, -0.04217377, 0.02209554, 0.00494756
0.590619, 1.00839454, 0.00123281, -0.00120317, -0.04527076, 0.02269140, 0.00552942
0.603186, 1.00780364, 0.00152082, -0.00112965, -0.04886752, 0.02311208, 0.00618665
0.615752, 1.00716375, 0.00181254, -0.00104729, -0.05308976, 0.02325864, 0.00693763
0.628319, 1.00646603, 0.00210357, -0.00095479, -0.05810640, 0.02297081, 0.00780714
0.640885, 1.00569911, 0.00238693, -0.00085044, -0.06414597, 0.02197868, 0.00882883
0.653451, 1.00484831, 0.00265107, -0.00073207, -0.07151382, 0.01980595, 0.01004800
0.666018, 1.00389462, 0.00287616, -0.00059684, -0.08058834, 0.01556557, 0.01152158
0.678584, 1.00281433, 0.00302654, -0.00044121, -0.09169178, 0.00751188, 0.01330068
0.691150, 1.00158315, 0.00303462, -0.00026146, -0.10436206, -0.00788923, 0.01532683
0.703717, 1.00020172, 0.00277117, -0.00005737, -0.11415807, -0.03691771, 0.01696521
0.716283, 0.99879249, 0.00203556, 0.00015350, -0.10491492, -0.08174519, 0.01582436
0.718922, 0.99852366, 0.00180715, 0.00019412, -0.09851612, -0.09121577, 0.01491733
NaN, NaN, NaN, NaN, NaN, NaN, NaN
0.000000, 1.02046170, -0.00231677, -0.00102579, -0.00401662, -0.01236189, -0.00484802
0.012566, 1.02040939, -0.00247094, -0.00108640, -0.00430944, -0.01217237, -0.00479731
0.025133, 1.02035340, -0.00262264, -0.00114635, -0.00460078, -0.01196966, -0.00474350
0.037699, 1.02029376, -0.00277171, -0.00120560, -0.00489060, -0.01175378, -0.00468661
0.050265, 1.02023049, -0.00291799, -0.00126412, -0.00517885, -0.01152478, -0.00462661
0.062832, 1.02016361, -0.00306131, -0.00132187, -0.00546550, -0.01128267, -0.00456351
0.075398, 1.02009314, -0.00320150, -0.00137880, -0.00575053, -0.01102752, -0.00449729
0.087965, 1.02001909, -0.00333841, -0.00143488, -0.00603393, -0.01075933, -0.00442795
0.100531, 1.01994149, -0.00347186, -0.00149007, -0.00631569, -0.01047816, -0.00435546
0.113097, 1.01986037, -0.00360170, -0.00154433, -0.00659582, -0.01018403, -0.00427983
0.125664, 1.01977573, -0.00372776, -0.00159762, -0.00687433, -0.00987697, -0.00420102
0.138230, 1.01968760, -0.00384988, -0.00164990, -0.00715127, -0.00955700, -0.00411903
0.150796, 1.01959600, -0.00396790, -0.00170113, -0.00742667, -0.00922416, -0.00403383
0.163363, 1.01950096, -0.00408165, -0.00175127, -0.00770060, -0.00887845, -0.00394540
0.175929, 1.01940247, -0.00419098, -0.00180028, -0.00797313, -0.00851991, -0.00385371
0.188496, 1.01930057, -0.00429573, -0.00184811, -0.00824436, -0.00814853, -0.00375875
0.201062, 1.01919528, -0.00439572, -0.00189473, -0.00851439, -0.00776432, -0.00366047
0.213628, 1.01908659, -0.00449081, -0.00194010, -0.00878335, -0.00736729, -0.00355885
0.226195, 1.01897453, -0.00458083, -0.00198416, -0.00905138, -0.00695743, -0.00345384
0.238761, 1.01885911, -0.00466562, -0.00202689, -0.00931868, -0.00653471, -0.00334541
0.251327, 1.01874033, -0.00474501, -0.00206823, -0.00958541, -0.00609913, -0.00323351
0.263894, 1.01861820, -0.00481885, -0.00210814, -0.00985181, -0.00565065, -0.00311809
0.276460, 1.01849273, -0.00488697, -0.00214658, -0.01011812, -0.00518922, -0.00299909
0.289027, 1.01836390, -0.00494922, -0.00218350, -0.01038462, -0.00471481, -0.00287646
0.301593, 1.01823173, -0.00500541, -0.00221886, -0.01065161, -0.00422734, -0.00275013
0.314159, 1.01809620, -0.00505541, -0.00225260, -0.01091943, -0.00372673, -0.00262002
0.326726, 1.01795729, -0.00509902, -0.00228469, -0.01118847, -0.00321291, -0.00248606
0.339292, 1.01781499, -0.00513610, -0.00231507, -0.01145915, -0.00268577, -0.00234816
0.351858, 1.01766928, -0.00516647, -0.00234369, -0.01173192, -0.00214519, -0.00220622
0.364425, 1.01752013, -0.00518996, -0.00237050, -0.01200730, -0.00159103, -0.00206014
0.376991, 1.01736749, -0.00520640, -0.00239545, -0.01228587, -0.00102314, -0.00190980
0.389557, 1.01721133, -0.00521561, -0.00241848, -0.01256824, -0.00044135, -0.00175509
0.402124, 1.01705160, -0.00521743, -0.00243954, -0.01285510, 0.00015454, -0.00159586
0.414690, 1.01688823, -0.00521167, -0.00245857, -0.01314722, 0.00076475, -0.00143195
0.427257, 1.01672115, -0.00519815, -0.00247551, -0.01344543, 0.00138950, -0.00126321
0.439823, 1.01655028, -0.00517668, -0.00249029, -0.01375067, 0.00202908, -0.00108946
0.452389, 1.01637552, -0.00514709, -0.00250286, -0.01406396, 0.00268377, -0.00091049
0.464956, 1.01619677, -0.00510917, -0.00251315, -0.01438643, 0.00335390, -0.00072608
0.477522, 1.01601391, -0.00506273, -0.00252109, -0.01471936, 0.00403981, -0.00053598
0.490088, 1.01582678, -0.00500757, -0.00252660, -0.01506412, 0.00474190, -0.00033994
0.502655, 1.01563525, -0.00494348, -0.00252961, -0.01542229, 0.00546057, -0.00013765
0.515221, 1.01543912, -0.00487026, -0.00253003, -0.01579558, 0.00619629, 0.00007122
0.527788, 1.01523819, -0.00478768, -0.00252779, -0.01618594, 0.00694955, 0.00028702
0.540354, 1.01503224, -0.00469552, -0.00252279, -0.01659552, 0.00772087, 0.00051017
0.552920, 1.01482101, -0.00459356, -0.00251493, -0.01702675, 0.00851081, 0.00074112
0.565487, 1.01460421, -0.00448154, -0.00250413, -0.01748236, 0.00931999, 0.00098038
0.578053, 1.01438151, -0.00435924, -0.00249026, -0.01796543, 0.01014905, 0.00122850
0.590619, 1.01415256, -0.00422638, -0.00247321, -0.01847945, 0.01099864, 0.00148613
0.603186, 1.01391693, -0.00408272, -0.00245286, -0.01902838, 0.01186949, 0.00175399
0.615752, 1.01367416, -0.00392798, -0.00242908, -0.01961676, 0.01276230, 0.00203287
0.628319, 1.01342372, -0.00376187, -0.00240172, -0.02024975, 0.01367782, 0.00232372
0.640885, 1.01316501, -0.00358412, -0.00237063, -0.02093334, 0.01461675, 0.00262756
0.653451, 1.01289737, -0.00339441, -0.00233562, -0.02167443, 0.01557978, 0.00294562
0.666018, 1.01262000, -0.00319245, -0.00229653, -0.02248106, 0.01656750, 0.00327926
0.678584, 1.01233204, -0.00297792, -0.00225313, -0.02336265, 0.01758039, 0.00363009
0.691150, 1.01203247, -0.00275050, -0.00220521, -0.02433027, 0.01861870, 0.00399997
0.703717, 1.01172014, -0.00250988, -0.00215252, -0.02539709, 0.01968231, 0.00439108
0.716283, 1.01139370, -0.00225573, -0.00209476, -0.02657884, 0.02077062, 0.00480597
0.728849, 1.01105158, -0.00198776, -0.00203162, -0.02789453, 0.02188223, 0.00524768
0.741416, 1.01069197, -0.00170568, -0.00196274, -0.02936725, 0.02301455, 0.00571985
0.753982, 1.01031272, -0.00140927, -0.00188771, -0.03102548, 0.02416323, 0.00622685
0.766549, 1.00991129, -0.00109835, -0.00180607, -0.03290461, 0.02532125, 0.00677401
0.779115, 1.00948463, -0.00077288, -0.00171727, -0.03504928, 0.02647743, 0.00736787
0.791681, 1.00902906, -0.00043298, -0.00162067, -0.03751657, 0.02761420, 0.00801651
0.804248, 1.00854008, -0.00007906, -0.00151552, -0.04038054, 0.02870378, 0.00873008
0.816814, 1.00801212, 0.00028804, -0.00140093, -0.04373900, 0.02970173, 0.00952137
0.829380, 1.00743818, 0.00066675, -0.00127583, -0.04772347, 0.03053573, 0.01040660
0.841947, 1.00680933, 0.00105431, -0.00113891, -0.05251403, 0.03108477, 0.01140631
0.854513, 1.00611395, 0.00144594, -0.00098857, -0.05836136, 0.03113945, 0.01254593
0.867080, 1.00533667, 0.00183331, -0.00082289, -0.06561730, 0.03032116, 0.01385454
0.879646, 1.00445690, 0.00220142, -0.00063956, -0.07476599, 0.02790855, 0.01535644
0.892212, 1.00344718, 0.00252216, -0.00043618, -0.08639671, 0.02244511, 0.01703528
0.904779, 1.00227363, 0.00274030, -0.00021141, -0.10080302, 0.01085453, 0.01869465
0.917345, 1.00091016, 0.00274393, 0.00003016, -0.11574306, -0.01302800, 0.01945229
0.929911, 0.99941213, 0.00233130, 0.00026260, -0.11871115, -0.05560939, 0.01660529
0.935504, 0.99876943, 0.00195858, 0.00034682, -0.10985835, -0.07746240, 0.01330203
NaN, NaN, NaN, NaN, NaN, NaN, NaN
0.000000, 1.02046170, -0.00231677, 0.00076232, -0.01236354, -0.00635653, 0.00099428
0.012566, 1.02030542, -0.00239416, 0.00077458, -0.01251028, -0.00595957, 0.00095710
0.025133, 1.02014726, -0.00246652, 0.00078637, -0.01266298, -0.00555423, 0.00091870
0.037699, 1.01998714, -0.00253372, 0.00079767, -0.01282187, -0.00514032, 0.00087908
0.050265, 1.01982498, -0.00259567, 0.00080846, -0.01298722, -0.00471768, 0.00083820
0.062832, 1.01966071, -0.00265225, 0.00081873, -0.01315935, -0.00428613, 0.00079605
0.075398, 1.01949422, -0.00270335, 0.00082846, -0.01333857, -0.00384548, 0.00075258
0.087965, 1.01932544, -0.00274886, 0.00083764, -0.01352528, -0.00339555, 0.00070778
0.100531, 1.01915426, -0.00278865, 0.00084624, -0.01371988, -0.00293613, 0.00066161
0.113097, 1.01898059, -0.00282261, 0.00085426, -0.01392284, -0.00246704, 0.00061403
0.125664, 1.01880431, -0.00285062, 0.00086167, -0.01413466, -0.00198805, 0.00056502
0.138230, 1.01862530, -0.00287254, 0.00086845, -0.01435593, -0.00149894, 0.00051452
0.150796, 1.01844346, -0.00288825, 0.00087459, -0.01458724, -0.00099950, 0.00046250
0.163363, 1.01825864, -0.00289761, 0.00088007, -0.01482931, -0.00048948, 0.00040890
0.175929, 1.01807071, -0.00290050, 0.00088486, -0.01508288, 0.00003136, 0.00035369
0.188496, 1.01787952, -0.00289678, 0.00088895, -0.01534880, 0.00056328, 0.00029679
0.201062, 1.01768490, -0.00288630, 0.00089232, -0.01562800, 0.00110655, 0.00023816
0.213628, 1.01748668, -0.00286892, 0.00089493, -0.01592150, 0.00166145, 0.00017772
0.226195, 1.01728468, -0.00284449, 0.00089677, -0.01623045, 0.00222826, 0.00011541
0.238761, 1.01707870, -0.00281286, 0.00089782, -0.01655609, 0.00280729, 0.00005115
0.251327, 1.01686851, -0.00277388, 0.00089805, -0.01689983, 0.00339885, -0.00001516
0.263894, 1.01665388, -0.00272739, 0.00089743, -0.01726322, 0.00400326, -0.00008360
0.276460, 1.01643455, -0.00267322, 0.00089594, -0.01764797, 0.00462086, -0.00015428
0.289027, 1.01621024, -0.00261120, 0.00089355, -0.01805601, 0.00525197, -0.00022732
0.301593, 1.01598064, -0.00254116, 0.00089022, -0.01848948, 0.00589694, -0.00030284
0.314159, 1.01574543, -0.00246293, 0.00088592, -0.01895077, 0.00655611, -0.00038099
0.326726, 1.01550423, -0.00237633, 0.00088063, -0.01944259, 0.00722981, -0.00046192
0.339292, 1.01525664, -0.00228116, 0.00087430, -0.01996795, 0.00791837, -0.00054581
0.351858, 1.01500223, -0.00217725, 0.00086690, -0.02053028, 0.00862210, -0.00063286
0.364425, 1.01474049, -0.00206440, 0.00085838, -0.02113342, 0.00934124, -0.00072328
0.376991, 1.01447090, -0.00194242, 0.00084871, -0.02178178, 0.01007602, -0.00081734
0.389557, 1.01419284, -0.00181110, 0.00083782, -0.02248035, 0.01082658, -0.00091531
0.402124, 1.01390567, -0.00167025, 0.00082568, -0.02323488, 0.01159293, -0.00101751
0.414690, 1.01360863, -0.00151967, 0.00081223, -0.02405195, 0.01237494, -0.00112430
0.427257, 1.01330088, -0.00135917, 0.00079741, -0.02493920, 0.01317228, -0.00123611
0.439823, 1.01298150, -0.00118855, 0.00078114, -0.02590550, 0.01398432, -0.00135341
0.452389, 1.01264943, -0.00100765, 0.00076337, -0.02696122, 0.01481001, -0.00147677
0.464956, 1.01230347, -0.00081629, 0.00074400, -0.02811857, 0.01564776, -0.00160682
0.477522, 1.01194225, -0.00061434, 0.00072295, -0.02939203, 0.01649519, -0.00174432
0.490088, 1.01156421, -0.00040169, 0.00070012, -0.03079892, 0.01734886, -0.00189017
0.502655, 1.01116754, -0.00017831, 0.00067541, -0.03236009, 0.01820378, -0.00204541
0.515221, 1.01075016, 0.00005580, 0.00064867, -0.03410090, 0.01905280, -0.00221131
0.527788, 1.01030961, 0.00030048, 0.00061978, -0.03605256, 0.01988567, -0.00238938
0.540354, 1.00984302, 0.00055545, 0.00058856, -0.03825382, 0.02068752, -0.00258147
0.552920, 1.00934694, 0.00082019, 0.00055483, -0.04075346, 0.02143669, -0.00278982
0.565487, 1.00881726, 0.00109386, 0.00051837, -0.04361372, 0.02210109, -0.00301721
0.578053, 1.00824896, 0.00137510, 0.00047891, -0.04691509, 0.02263241, -0.00326707
0.590619, 1.00763587, 0.00166181, 0.00043614, -0.05076332, 0.02295617, -0.00354367
0.603186, 1.00697027, 0.00195070, 0.00038971, -0.05529932, 0.02295428, -0.00385228
0.615752, 1.00624238, 0.00223656, 0.00033917, -0.06071299, 0.02243301, -0.00419919
0.628319, 1.00543965, 0.00251097, 0.00028398, -0.06726070, 0.02106101, -0.00459132
0.640885, 1.00454578, 0.00275989, 0.00022356, -0.07527891, 0.01824286, -0.00503396
0.653451, 1.00353988, 0.00295882, 0.00015727, -0.08515424, 0.01284787, -0.00552267
0.666018, 1.00239694, 0.00306285, 0.00008473, -0.09706477, 0.00261835, -0.00601397
0.678584, 1.00109666, 0.00298603, 0.00000683, -0.10967955, -0.01693588, -0.00632181
0.691150, 0.99966798, 0.00256968, -0.00007088, -0.11514201, -0.05235270, -0.00582005
0.702510, 0.99843400, 0.00173756, -0.00012691, -0.09713090, -0.09381174, -0.00374748
