x0_n,y0_n,z0_n,xd0_n,yd0_n,zd0_n,Tp,JC,L2ExcessVelocity_mps,landingVelocity_mps,stabilityIndex1,stabilityIndex2...,error_tol=1e-13
1.0219230113560405,-0.0000000000000000,0.0000000000000000,0.0000000000000008,-0.0101179657564863,0.0000000000000000,3.0899999999999999,3.0036904691,126.878,1854.034,1849.5525,1.9651
1.0222554751799535,0.0000000000000000,0.0000000000000000,-0.0000000000000018,-0.0126509266266315,0.0000000000000000,3.0980936454849495,3.0036414219,159.253,1856.531,1800.6914,1.9735
1.0225127337992967,-0.0000000000000000,0.0000000000000000,0.0000000000000043,-0.0146853096048507,0.0000000000000000,3.1061872909698995,3.0035936159,185.447,1858.961,1753.9301,1.9819
1.0227246660244265,-0.0000000000000005,0.0000000000000000,0.0000000000090747,-0.0164146927931865,0.0000000000000000,3.1142809364548492,3.0035469888,207.839,1861.328,1709.1477,1.9901
1.0229056108421888,-0.0000000000000005,0.0000000000000000,0.0000000000094756,-0.0179321644278189,0.0000000000000000,3.1223745819397992,3.0035014885,227.575,1863.635,1666.2322,1.9982
1.0230637740053530,-0.0000000000000000,0.0000000000000000,0.0000000000076328,-0.0192911435662895,0.0000000000000000,3.1304682274247488,3.0034570685,245.316,1865.884,1625.0793,2.0062
1.0232043734430127,-0.0000000000000000,0.0000000000000000,0.0000000000178176,-0.0205257172342560,0.0000000000000000,3.1385618729096989,3.0034136858,261.484,1868.079,1585.5921,2.0140
1.0233309706014495,-0.0000000000000006,0.0000000000000000,-0.0000000000052133,-0.0216592486565609,0.0000000000000000,3.1466555183946485,3.0033713006,276.368,1870.220,1547.6800,2.0218
1.0234461235187367,-0.0000000000000000,0.0000000000000000,0.0000000000000019,-0.0227085997266968,0.0000000000000000,3.1547491638795986,3.0033298751,290.178,1872.311,1511.2589,2.0294
1.0235517415772724,0.0000000000000000,0.0000000000000000,0.0000000000000013,-0.0236864255486693,0.0000000000000000,3.1628428093645482,3.0032893739,303.072,1874.352,1476.2501,2.0370
1.0236492935629058,0.0000000000000000,0.0000000000000000,0.0000000000000016,-0.0246025198553825,0.0000000000000000,3.1709364548494983,3.0032497636,315.172,1876.347,1442.5799,2.0444
1.0237399369496361,-0.0000000000000000,0.0000000000000000,-0.0000000000000004,-0.0254646515185643,0.0000000000000000,3.1790301003344479,3.0032110122,326.577,1878.296,1410.1796,2.0517
1.0238246021328097,0.0000000000000000,0.0000000000000000,0.0000000000000017,-0.0262791096783786,0.0000000000000000,3.1871237458193979,3.0031730896,337.365,1880.202,1378.9848,2.0589
1.0239040494406351,-0.0000000000000000,0.0000000000000000,0.0000000000000021,-0.0270510728775020,0.0000000000000000,3.1952173913043476,3.0031359670,347.601,1882.066,1348.9353,2.0660
1.0239789089734350,0.0000000000000000,0.0000000000000000,0.0000000000000003,-0.0277848671547724,0.0000000000000000,3.2033110367892976,3.0030996171,357.340,1883.889,1319.9743,2.0729
1.0240497092059062,-0.0000000000000000,0.0000000000000000,0.0000000000016161,-0.0284841514655576,0.0000000000000000,3.2114046822742472,3.0030640139,366.628,1885.672,1292.0489,2.0798
1.0241168980023281,-0.0000000000000000,0.0000000000000000,0.0000000000088140,-0.0291520540293983,0.0000000000000000,3.2194983277591973,3.0030291324,375.505,1887.418,1265.1090,2.0865
1.0241808583641479,-0.0000000000000008,0.0000000000000000,0.0000000000118099,-0.0297912746395173,0.0000000000000000,3.2275919732441469,3.0029949491,384.006,1889.128,1239.1079,2.0931
1.0242419204570212,-0.0000000000000009,0.0000000000000000,0.0000000000046243,-0.0304041628165504,0.0000000000000000,3.2356856187290970,3.0029614412,392.159,1890.802,1214.0014,2.0996
1.0243003709322966,-0.0000000000000000,0.0000000000000000,0.0000000000033050,-0.0309927784449210,0.0000000000000000,3.2437792642140466,3.0029285871,399.992,1892.442,1189.7480,2.1060
1.0243564602283719,-0.0000000000000009,0.0000000000000000,0.0000000000062891,-0.0315589394644872,0.0000000000000000,3.2518729096989967,3.0028963661,407.529,1894.050,1166.3085,2.1122
1.0244104083960328,-0.0000000000000000,0.0000000000000000,0.0000000000065478,-0.0321042598763109,0.0000000000000000,3.2599665551839463,3.0028647585,414.788,1895.625,1143.6461,2.1184
1.0244624097835995,-0.0000000000000000,0.0000000000000000,-0.0000000000000010,-0.0326301803665095,0.0000000000000000,3.2680602006688964,3.0028337451,421.790,1897.169,1121.7259,2.1244
1.0245126368462505,0.0000000000000000,0.0000000000000000,-0.0000000000000005,-0.0331379932325650,0.0000000000000000,3.2761538461538460,3.0028033080,428.550,1898.684,1100.5150,2.1303
1.0245612432481950,0.0000000000000000,0.0000000000000000,0.0000000000000002,-0.0336288628441596,0.0000000000000000,3.2842474916387960,3.0027734295,435.084,1900.169,1079.9824,2.1361
1.0246083664516561,0.0000000000000000,0.0000000000000000,0.0000000000000002,-0.0341038426172815,0.0000000000000000,3.2923411371237457,3.0027440932,441.406,1901.627,1060.0987,2.1418
1.0246541298613177,-0.0000000000000000,0.0000000000000000,0.0000000000000001,-0.0345638891764994,0.0000000000000000,3.3004347826086957,3.0027152829,447.527,1903.057,1040.8362,2.1473
1.0246986446255928,-0.0000000000000000,0.0000000000000000,-0.0000000000000003,-0.0350098742678311,0.0000000000000000,3.3085284280936453,3.0026869832,453.460,1904.461,1022.1685,2.1528
1.0247420111573959,-0.0000000000000000,0.0000000000000000,0.0000000000000013,-0.0354425948439076,0.0000000000000000,3.3166220735785950,3.0026591794,459.213,1905.839,1004.0707,2.1581
1.0247843204269009,-0.0000000000000000,0.0000000000000000,0.0000000000023824,-0.0358627816555469,0.0000000000000000,3.3247157190635450,3.0026318573,464.798,1907.192,986.5193,2.1633
1.0248256550609238,-0.0000000000000000,0.0000000000000000,0.0000000000040160,-0.0362711066060896,0.0000000000000000,3.3328093645484946,3.0026050033,470.222,1908.521,969.4917,2.1683
1.0248660902940920,-0.0000000000000000,0.0000000000000000,0.0000000000044333,-0.0366681890938185,0.0000000000000000,3.3409030100334447,3.0025786041,475.494,1909.827,952.9669,2.1733
1.0249056947838635,-0.0000000000000000,0.0000000000000000,0.0000000000031361,-0.0370546014955340,0.0000000000000000,3.3489966555183943,3.0025526473,480.622,1911.110,936.9246,2.1781
1.0249445313217604,-0.0000000000000011,0.0000000000000000,0.0000000000069372,-0.0374308739352552,0.0000000000000000,3.3570903010033444,3.0025271206,485.612,1912.371,921.3456,2.1828
1.0249826574359462,-0.0000000000000011,0.0000000000000000,0.0000000000000183,-0.0377974984395544,0.0000000000000000,3.3651839464882940,3.0025020124,490.470,1913.611,906.2118,2.1874
1.0250201259544938,-0.0000000000000000,0.0000000000000000,0.0000000000019878,-0.0381549326092896,0.0000000000000000,3.3732775919732441,3.0024773113,495.203,1914.829,891.5059,2.1919
1.0250569854472109,0.0000000000000000,0.0000000000000000,0.0000000000000017,-0.0385036028081583,0.0000000000000000,3.3813712374581937,3.0024530066,499.816,1916.027,877.2113,2.1962
1.0250932806628228,0.0000000000000000,0.0000000000000000,0.0000000000000016,-0.0388439070196811,0.0000000000000000,3.3894648829431437,3.0024290877,504.315,1917.206,863.3124,2.2004
1.0251290528833790,0.0000000000000000,0.0000000000000000,0.0000000000000014,-0.0391762173526200,0.0000000000000000,3.3975585284280934,3.0024055446,508.705,1918.365,849.7942,2.2045
1.0251643402527553,-0.0000000000000000,0.0000000000000000,0.0000000000000019,-0.0395008822821606,0.0000000000000000,3.4056521739130434,3.0023823675,512.989,1919.506,836.6426,2.2085
1.0251991780635656,0.0000000000000000,0.0000000000000000,-0.0000000000000004,-0.0398182286440795,0.0000000000000000,3.4137458193979930,3.0023595471,517.173,1920.628,823.8439,2.2123
1.0252335990134021,-0.0000000000000000,0.0000000000000000,0.0000000000000016,-0.0401285634192001,0.0000000000000000,3.4218394648829431,3.0023370742,521.261,1921.733,811.3852,2.2160
1.0252676334335793,-0.0000000000000000,0.0000000000000000,0.0000000000000008,-0.0404321753339211,0.0000000000000000,3.4299331103678927,3.0023149400,525.255,1922.820,799.2542,2.2196
1.0253013094972567,-0.0000000000000000,0.0000000000000000,0.0000000000075427,-0.0407293363025860,0.0000000000000000,3.4380267558528428,3.0022931362,529.161,1923.891,787.4391,2.2231
1.0253346533892918,-0.0000000000000012,0.0000000000000000,0.0000000000072800,-0.0410203027125625,0.0000000000000000,3.4461204013377924,3.0022716546,532.981,1924.945,775.9287,2.2264
1.0253676894904156,-0.0000000000000012,0.0000000000000000,0.0000000000032016,-0.0413053166139169,0.0000000000000000,3.4542140468227425,3.0022504871,536.718,1925.983,764.7122,2.2297
1.0254004405212429,-0.0000000000000000,0.0000000000000000,0.0000000000082151,-0.0415846067758657,0.0000000000000000,3.4623076923076921,3.0022296263,540.376,1927.006,753.7792,2.2328
1.0254329276601444,-0.0000000000000000,0.0000000000000000,0.0000000000076400,-0.0418583896382552,0.0000000000000000,3.4704013377926421,3.0022090647,543.957,1928.013,743.1201,2.2357
1.0254651706861837,-0.0000000000000012,0.0000000000000000,0.0000000000070563,-0.0421268702042843,0.0000000000000000,3.4784949832775918,3.0021887951,547.465,1929.006,732.7253,2.2385
1.0254971880786743,-0.0000000000000012,0.0000000000000000,0.0000000000086635,-0.0423902428314593,0.0000000000000000,3.4865886287625418,3.0021688107,550.901,1929.984,722.5860,2.2413
1.0255289971117802,-0.0000000000000000,0.0000000000000000,-0.0000000000000010,-0.0426486919552157,0.0000000000000000,3.4946822742474914,3.0021491047,554.269,1930.948,712.6934,2.2438
1.0255606139665672,0.0000000000000000,0.0000000000000000,0.0000000000000005,-0.0429023927748241,0.0000000000000000,3.5027759197324415,3.0021296706,557.570,1931.898,703.0394,2.2463
1.0255920537902772,-0.0000000000000012,0.0000000000000000,0.0000000000076857,-0.0431515118432363,0.0000000000000000,3.5108695652173911,3.0021105022,560.807,1932.835,693.6161,2.2486
1.0256233307772533,-0.0000000000000012,0.0000000000000000,0.0000000000139697,-0.0433962076328878,0.0000000000000000,3.5189632107023412,3.0020915933,563.983,1933.758,684.4158,2.2508
1.0256544582398597,-0.0000000000000000,0.0000000000000000,0.0000000000061787,-0.0436366310519615,0.0000000000000000,3.5270568561872908,3.0020729380,567.098,1934.669,675.4313,2.2529
1.0256854486865421,-0.0000000000000000,0.0000000000000000,0.0000000000000005,-0.0438729259324941,0.0000000000000000,3.5351505016722404,3.0020545307,570.155,1935.567,666.6556,2.2548
1.0257163138614809,-0.0000000000000000,0.0000000000000000,-0.0000000000000012,-0.0441052294520525,0.0000000000000000,3.5432441471571905,3.0020363658,573.155,1936.453,658.0822,2.2566
1.0257470647976876,-0.0000000000000000,0.0000000000000000,0.0000000000000012,-0.0443336725364717,0.0000000000000000,3.5513377926421406,3.0020184379,576.102,1937.327,649.7044,2.2583
1.0257777118736713,-0.0000000000000000,0.0000000000000000,-0.0000000000000003,-0.0445583802407357,0.0000000000000000,3.5594314381270902,3.0020007417,578.995,1938.190,641.5163,2.2598
1.0258082648569677,-0.0000000000000000,0.0000000000000000,0.0000000000033236,-0.0447794720932316,0.0000000000000000,3.5675250836120398,3.0019832722,581.837,1939.041,633.5118,2.2612
1.0258387329392558,-0.0000000000000000,0.0000000000000000,0.0000000000035230,-0.0449970624100377,0.0000000000000000,3.5756187290969899,3.0019660245,584.630,1939.881,625.6854,2.2625
1.0258691247853657,-0.0000000000000000,0.0000000000000000,0.0000000000065112,-0.0452112606050585,0.0000000000000000,3.5837123745819399,3.0019489938,587.375,1940.710,618.0314,2.2637
1.0258994485527000,0.0000000000000000,0.0000000000000000,-0.0000000000000007,-0.0454221714447472,0.0000000000000000,3.5918060200668895,3.0019321755,590.072,1941.528,610.5448,2.2647
1.0259297119471533,0.0000000000000000,0.0000000000000000,-0.0000000000000043,-0.0456298953344533,0.0000000000000000,3.5998996655518392,3.0019155651,592.725,1942.335,603.2204,2.2656
1.0259599222283373,-0.0000000000000000,0.0000000000000000,-0.0000000000000017,-0.0458345285303509,0.0000000000000000,3.6079933110367892,3.0018991581,595.333,1943.133,596.0533,2.2663
1.0259900862528384,-0.0000000000000013,0.0000000000000000,0.0000000000035120,-0.0460361633771536,0.0000000000000000,3.6160869565217388,3.0018829504,597.898,1943.921,589.0390,2.2669
1.0260202104882605,-0.0000000000000000,0.0000000000000000,-0.0000000000015873,-0.0462348885075793,0.0000000000000000,3.6241806020066889,3.0018669378,600.422,1944.698,582.1729,2.2674
1.0260503010587239,-0.0000000000000000,0.0000000000000000,0.0000000000035908,-0.0464307890536504,0.0000000000000000,3.6322742474916385,3.0018511162,602.906,1945.466,575.4506,2.2678
1.0260803637345643,0.0000000000000000,0.0000000000000000,-0.0000000000000002,-0.0466239468003401,0.0000000000000000,3.6403678929765886,3.0018354818,605.349,1946.225,568.8680,2.2680
1.0261104039857847,-0.0000000000000000,0.0000000000000000,0.0000000000000023,-0.0468144403845693,0.0000000000000000,3.6484615384615382,3.0018200308,607.755,1946.975,562.4211,2.2681
1.0261404269790733,-0.0000000000000000,0.0000000000000000,-0.0000000000000032,-0.0470023454362693,0.0000000000000000,3.6565551839464883,3.0018047594,610.123,1947.715,556.1061,2.2680
1.0261704376037251,-0.0000000000000000,0.0000000000000000,-0.0000000000016734,-0.0471877347331016,0.0000000000000000,3.6646488294314379,3.0017896641,612.455,1948.447,549.9190,2.2678
1.0262004404908793,-0.0000000000000000,0.0000000000000000,-0.0000000000004851,-0.0473706783452885,0.0000000000000000,3.6727424749163879,3.0017747414,614.752,1949.170,543.8565,2.2675
1.0262304400220108,-0.0000000000000013,0.0000000000000000,0.0000000000009441,-0.0475512437585113,0.0000000000000000,3.6808361204013376,3.0017599879,617.014,1949.885,537.9149,2.2670
1.0262604403461475,-0.0000000000000000,0.0000000000000000,-0.0000000000022552,-0.0477294960016157,0.0000000000000000,3.6889297658862876,3.0017454001,619.243,1950.591,532.0910,2.2664
1.0262904454015034,0.0000000000000000,0.0000000000000000,-0.0000000000000038,-0.0479054977699188,0.0000000000000000,3.6970234113712372,3.0017309750,621.439,1951.289,526.3815,2.2657
1.0263204589123145,0.0000000000000000,0.0000000000000000,-0.0000000000000027,-0.0480793095204128,0.0000000000000000,3.7051170568561869,3.0017167093,623.603,1951.980,520.7832,2.2648
1.0263504844142752,-0.0000000000000000,0.0000000000000000,0.0000000000000010,-0.0482509895885017,0.0000000000000000,3.7132107023411369,3.0017026000,625.736,1952.662,515.2933,2.2638
1.0263805252590794,-0.0000000000000014,0.0000000000000000,-0.0000000000004883,-0.0484205942778343,0.0000000000000000,3.7213043478260870,3.0016886441,627.838,1953.337,509.9087,2.2627
1.0264105846272911,-0.0000000000000014,0.0000000000000000,-0.0000000000006604,-0.0485881779570549,0.0000000000000000,3.7293979933110366,3.0016748387,629.911,1954.004,504.6266,2.2614
1.0264406655372569,-0.0000000000000000,0.0000000000000000,0.0000000000013758,-0.0487537931427827,0.0000000000000000,3.7374916387959862,3.0016611809,631.956,1954.664,499.4444,2.2600
1.0264707708503225,-0.0000000000000000,0.0000000000000000,-0.0000000000000013,-0.0489174905795698,0.0000000000000000,3.7455852842809363,3.0016476680,633.972,1955.317,494.3594,2.2584
1.0265009032880061,-0.0000000000000000,0.0000000000000000,0.0000000000000018,-0.0490793193251358,0.0000000000000000,3.7536789297658864,3.0016342973,635.960,1955.963,489.3690,2.2567
1.0265310654321624,-0.0000000000000000,0.0000000000000000,0.0000000000000013,-0.0492393268172063,0.0000000000000000,3.7617725752508360,3.0016210661,637.922,1956.601,484.4709,2.2549
1.0265612597362126,-0.0000000000000000,0.0000000000000000,0.0000000000009524,-0.0493975589448359,0.0000000000000000,3.7698662207357856,3.0016079720,639.857,1957.233,479.6626,2.2529
1.0265914885304983,-0.0000000000000000,0.0000000000000000,0.0000000000010354,-0.0495540601155650,0.0000000000000000,3.7779598662207357,3.0015950122,641.767,1957.858,474.9419,2.2508
1.0266217540304952,-0.0000000000000014,0.0000000000000000,0.0000000000015580,-0.0497088733141551,0.0000000000000000,3.7860535117056857,3.0015821845,643.652,1958.477,470.3065,2.2486
1.0266520583416052,-0.0000000000000000,0.0000000000000000,0.0000000000014348,-0.0498620401652939,0.0000000000000000,3.7941471571906353,3.0015694865,645.512,1959.089,465.7542,2.2462
1.0266824034659034,-0.0000000000000000,0.0000000000000000,-0.0000000000000010,-0.0500136009885420,0.0000000000000000,3.8022408026755850,3.0015569157,647.349,1959.695,461.2830,2.2436
1.0267127913087306,0.0000000000000000,0.0000000000000000,0.0000000000000007,-0.0501635948508138,0.0000000000000000,3.8103344481605350,3.0015444700,649.162,1960.295,456.8910,2.2410
1.0267432236809899,-0.0000000000000000,0.0000000000000000,0.0000000000000018,-0.0503120596174279,0.0000000000000000,3.8184280936454846,3.0015321471,650.952,1960.888,452.5760,2.2381
1.0267737023072387,-0.0000000000000014,0.0000000000000000,0.0000000000021496,-0.0504590320009599,0.0000000000000000,3.8265217391304347,3.0015199449,652.720,1961.476,448.3363,2.2352
1.0268042288261625,-0.0000000000000014,0.0000000000000000,0.0000000000026333,-0.0506045476043535,0.0000000000000000,3.8346153846153843,3.0015078612,654.466,1962.058,444.1700,2.2321
1.0268348047993523,-0.0000000000000000,0.0000000000000000,0.0000000000019493,-0.0507486409674195,0.0000000000000000,3.8427090301003344,3.0014958939,656.190,1962.633,440.0753,2.2288
1.0268654317135020,0.0000000000000000,0.0000000000000000,0.0000000000000006,-0.0508913456066967,0.0000000000000000,3.8508026755852840,3.0014840411,657.894,1963.204,436.0505,2.2255
1.0268961109859303,0.0000000000000000,0.0000000000000000,-0.0000000000000007,-0.0510326940568386,0.0000000000000000,3.8588963210702341,3.0014723008,659.577,1963.768,432.0940,2.2219
1.0269268439643764,-0.0000000000000000,0.0000000000000000,0.0000000000000016,-0.0511727179043689,0.0000000000000000,3.8669899665551837,3.0014606711,661.240,1964.328,428.2041,2.2183
1.0269576319336118,-0.0000000000000000,0.0000000000000000,-0.0000000000002788,-0.0513114478262039,0.0000000000000000,3.8750836120401333,3.0014491500,662.883,1964.881,424.3792,2.2145
1.0269884761174384,-0.0000000000000000,0.0000000000000000,-0.0000000000020991,-0.0514489136226025,0.0000000000000000,3.8831772575250834,3.0014377357,664.507,1965.430,420.6179,2.2105
1.0270193776832985,-0.0000000000000000,0.0000000000000000,-0.0000000000052173,-0.0515851442519346,0.0000000000000000,3.8912709030100334,3.0014264264,666.113,1965.973,416.9186,2.2064
1.0270503377484590,-0.0000000000000000,0.0000000000000000,-0.0000000000005898,-0.0517201678636892,0.0000000000000000,3.8993645484949830,3.0014152203,667.699,1966.511,413.2800,2.2022
1.0270813573678839,-0.0000000000000000,0.0000000000000000,0.0000000000000038,-0.0518540118134648,0.0000000000000000,3.9074581939799327,3.0014041158,669.268,1967.045,409.7006,2.1978
1.0271124375557945,-0.0000000000000000,0.0000000000000000,0.0000000000000035,-0.0519867027124584,0.0000000000000000,3.9155518394648827,3.0013931112,670.819,1967.573,406.1791,2.1933
1.0271435792780952,-0.0000000000000000,0.0000000000000000,0.0000000000000012,-0.0521182664415451,0.0000000000000000,3.9236454849498328,3.0013822047,672.353,1968.096,402.7142,2.1886
1.0271747834548550,-0.0000000000000000,0.0000000000000000,-0.0000000000027965,-0.0522487281785957,0.0000000000000000,3.9317391304347824,3.0013713948,673.869,1968.615,399.3046,2.1838
1.0272060509681595,-0.0000000000000015,0.0000000000000000,-0.0000000000042956,-0.0523781124301457,0.0000000000000000,3.9398327759197320,3.0013606799,675.369,1969.129,395.9491,2.1789
1.0272373826570653,-0.0000000000000000,0.0000000000000000,-0.0000000000058673,-0.0525064430447670,0.0000000000000000,3.9479264214046821,3.0013500584,676.853,1969.638,392.6465,2.1738
1.0272687793275055,-0.0000000000000000,0.0000000000000000,-0.0000000000000002,-0.0526337432465070,0.0000000000000000,3.9560200668896321,3.0013395289,678.320,1970.143,389.3955,2.1685
1.0273002417393191,-0.0000000000000000,0.0000000000000000,-0.0000000000000009,-0.0527600356412102,0.0000000000000000,3.9641137123745818,3.0013290899,679.772,1970.643,386.1952,2.1632
1.0273317706278235,0.0000000000000000,0.0000000000000000,0.0000000000000000,-0.0528853422561369,0.0000000000000000,3.9722073578595314,3.0013187398,681.208,1971.139,383.0443,2.1576
1.0273633666905346,-0.0000000000000000,0.0000000000000000,-0.0000000000051184,-0.0530096845456497,0.0000000000000000,3.9803010033444814,3.0013084774,682.629,1971.631,379.9418,2.1520
1.0273950306035158,-0.0000000000000000,0.0000000000000000,-0.0000000000023287,-0.0531330834248867,0.0000000000000000,3.9883946488294315,3.0012983011,684.036,1972.118,376.8868,2.1461
1.0274267630042211,-0.0000000000000015,0.0000000000000000,0.0000000000027172,-0.0532555592691856,0.0000000000000000,3.9964882943143811,3.0012882097,685.427,1972.601,373.8780,2.1402
1.0274585645004979,-0.0000000000000000,0.0000000000000000,0.0000000000000004,-0.0533771319403180,0.0000000000000000,4.0045819397993307,3.0012782018,686.805,1973.080,370.9147,2.1341
1.0274904356840118,0.0000000000000000,0.0000000000000000,0.0000000000000002,-0.0534978208132976,0.0000000000000000,4.0126755852842813,3.0012682761,688.168,1973.555,367.9957,2.1278
1.0275223771151072,0.0000000000000000,0.0000000000000000,-0.0000000000000019,-0.0536176447781134,0.0000000000000000,4.0207692307692309,3.0012584313,689.518,1974.026,365.1203,2.1214
1.0275543893318386,0.0000000000000000,0.0000000000000000,-0.0000000000000013,-0.0537366222621629,0.0000000000000000,4.0288628762541805,3.0012486661,690.854,1974.493,362.2874,2.1149
1.0275864728500632,-0.0000000000000030,0.0000000000000000,0.0000000000004726,-0.0538547712440683,0.0000000000000000,4.0369565217391301,3.0012389794,692.177,1974.957,359.4962,2.1082
1.0276186281640451,-0.0000000000000000,0.0000000000000000,0.0000000000009147,-0.0539721092681166,0.0000000000000000,4.0450501672240797,3.0012293699,693.487,1975.416,356.7459,2.1013
1.0276508557444208,-0.0000000000000000,0.0000000000000000,-0.0000000000056538,-0.0540886534540209,0.0000000000000000,4.0531438127090302,3.0012198365,694.784,1975.872,354.0356,2.0943
1.0276831560559192,0.0000000000000000,0.0000000000000000,-0.0000000000000015,-0.0542044205270517,0.0000000000000000,4.0612374581939799,3.0012103779,696.068,1976.324,351.3645,2.0872
1.0277155295267109,-0.0000000000000000,0.0000000000000000,-0.0000000000000020,-0.0543194268005567,0.0000000000000000,4.0693311036789295,3.0012009931,697.340,1976.772,348.7318,2.0799
1.0277479765794177,-0.0000000000000000,0.0000000000000000,0.0000000000000011,-0.0544336882163837,0.0000000000000000,4.0774247491638800,3.0011916810,698.600,1977.217,346.1367,2.0725
1.0277804976193505,-0.0000000000000031,0.0000000000000000,0.0000000000034728,-0.0545472203450150,0.0000000000000000,4.0855183946488296,3.0011824403,699.848,1977.658,343.5785,2.0649
1.0278130930272060,-0.0000000000000000,0.0000000000000000,-0.0000000000045322,-0.0546600383892779,0.0000000000000000,4.0936120401337792,3.0011732702,701.084,1978.096,341.0564,2.0572
1.0278457631867663,-0.0000000000000031,0.0000000000000000,-0.0000000000032487,-0.0547721572202793,0.0000000000000000,4.1017056856187288,3.0011641695,702.309,1978.530,338.5698,2.0493
1.0278785084525781,-0.0000000000000000,0.0000000000000000,-0.0000000000034463,-0.0548835913576013,0.0000000000000000,4.1097993311036785,3.0011551371,703.523,1978.961,336.1180,2.0413
1.0279113291736321,-0.0000000000000000,0.0000000000000000,0.0000000000000021,-0.0549943549996008,0.0000000000000000,4.1178929765886281,3.0011461722,704.725,1979.389,333.7002,2.0331
1.0279442256808757,0.0000000000000000,0.0000000000000000,-0.0000000000000012,-0.0551044620228041,0.0000000000000000,4.1259866220735786,3.0011372736,705.916,1979.814,331.3159,2.0248
1.0279771982985644,-0.0000000000000000,0.0000000000000000,0.0000000000000018,-0.0552139259996156,0.0000000000000000,4.1340802675585282,3.0011284405,707.097,1980.235,328.9643,2.0164
1.0280102473330437,-0.0000000000000031,0.0000000000000000,-0.0000000000101003,-0.0553227601968472,0.0000000000000000,4.1421739130434778,3.0011196718,708.267,1980.653,326.6448,2.0078
1.0280433730989091,-0.0000000000000000,0.0000000000000000,-0.0000000000047101,-0.0554309776101621,0.0000000000000000,4.1502675585284283,3.0011109666,709.427,1981.068,324.3569,1.9990
1.0280765758783406,-0.0000000000000032,0.0000000000000000,-0.0000000000002080,-0.0555385909291143,0.0000000000000000,4.1583612040133779,3.0011023241,710.576,1981.480,322.0999,1.9901
1.0281098559522657,-0.0000000000000000,0.0000000000000000,0.0000000000000017,-0.0556456125802885,0.0000000000000000,4.1664548494983276,3.0010937432,711.716,1981.889,319.8733,1.9811
1.0281432135959245,-0.0000000000000000,0.0000000000000000,0.0000000000000019,-0.0557520547260436,0.0000000000000000,4.1745484949832772,3.0010852231,712.845,1982.295,317.6765,1.9719
1.0281766490745037,-0.0000000000000000,0.0000000000000000,-0.0000000000000009,-0.0558579292691183,0.0000000000000000,4.1826421404682268,3.0010767630,713.965,1982.698,315.5089,1.9625
1.0282101626441862,-0.0000000000000032,0.0000000000000000,-0.0000000000026739,-0.0559632478604907,0.0000000000000000,4.1907357859531773,3.0010683620,715.076,1983.098,313.3700,1.9530
1.0282437545573835,-0.0000000000000032,0.0000000000000000,-0.0000000000027836,-0.0560680219106418,0.0000000000000000,4.1988294314381269,3.0010600192,716.177,1983.495,311.2593,1.9434
1.0282774250561604,-0.0000000000000000,0.0000000000000000,-0.0000000000028026,-0.0561722625894033,0.0000000000000000,4.2069230769230765,3.0010517338,717.268,1983.890,309.1762,1.9336
1.0283111743792490,-0.0000000000000000,0.0000000000000000,0.0000000000000009,-0.0562759808413016,0.0000000000000000,4.2150167224080271,3.0010435050,718.351,1984.281,307.1203,1.9237
1.0283450027544594,-0.0000000000000000,0.0000000000000000,-0.0000000000000010,-0.0563791873803684,0.0000000000000000,4.2231103678929767,3.0010353320,719.424,1984.670,305.0911,1.9136
1.0283789104086458,-0.0000000000000000,0.0000000000000000,0.0000000000000005,-0.0564818927085669,0.0000000000000000,4.2312040133779263,3.0010272140,720.489,1985.056,303.0881,1.9034
1.0284128975597933,-0.0000000000000032,0.0000000000000000,-0.0000000000045605,-0.0565841071128562,0.0000000000000000,4.2392976588628759,3.0010191503,721.545,1985.440,301.1108,1.8930
1.0284469644271013,-0.0000000000000032,0.0000000000000000,-0.0000000000055937,-0.0566858406797169,0.0000000000000000,4.2473913043478255,3.0010111400,722.593,1985.821,299.1587,1.8825
1.0284811112234600,-0.0000000000000000,0.0000000000000000,0.0000000000008195,-0.0567871032943414,0.0000000000000000,4.2554849498327760,3.0010031825,723.632,1986.199,297.2315,1.8718
1.0285153381489498,-0.0000000000000032,0.0000000000000000,0.0000000000014540,-0.0568879046390425,0.0000000000000000,4.2635785953177257,3.0009952771,724.663,1986.575,295.3287,1.8610
1.0285496454083372,-0.0000000000000000,0.0000000000000000,-0.0000000000000019,-0.0569882542145536,0.0000000000000000,4.2716722408026753,3.0009874229,725.686,1986.949,293.4499,1.8500
1.0285840332025633,-0.0000000000000000,0.0000000000000000,0.0000000000000036,-0.0570881613372545,0.0000000000000000,4.2797658862876258,3.0009796193,726.701,1987.319,291.5946,1.8389
1.0286185017269540,-0.0000000000000000,0.0000000000000000,0.0000000000000002,-0.0571876351417174,0.0000000000000000,4.2878595317725754,3.0009718656,727.708,1987.688,289.7625,1.8276
1.0286530511721907,-0.0000000000000032,0.0000000000000000,-0.0000000000049300,-0.0572866845866361,0.0000000000000000,4.2959531772575250,3.0009641611,728.707,1988.054,287.9531,1.8162
1.0286876817331678,-0.0000000000000032,0.0000000000000000,-0.0000000000051877,-0.0573853184664452,0.0000000000000000,4.3040468227424746,3.0009565052,729.698,1988.417,286.1661,1.8046
1.0287223935998226,-0.0000000000000000,0.0000000000000000,0.0000000000029019,-0.0574835454087287,0.0000000000000000,4.3121404682274243,3.0009488972,730.682,1988.779,284.4011,1.7929
1.0287571869478291,-0.0000000000000000,0.0000000000000000,0.0000000000000013,-0.0575813738673744,0.0000000000000000,4.3202341137123739,3.0009413363,731.659,1989.138,282.6577,1.7810
1.0287920619681572,-0.0000000000000000,0.0000000000000000,0.0000000000000017,-0.0576788121568258,0.0000000000000000,4.3283277591973244,3.0009338221,732.628,1989.494,280.9356,1.7690
1.0288270188411297,-0.0000000000000000,0.0000000000000000,-0.0000000000000002,-0.0577758684292816,0.0000000000000000,4.3364214046822740,3.0009263539,733.590,1989.849,279.2344,1.7569
1.0288620577425440,-0.0000000000000033,0.0000000000000000,-0.0000000000096194,-0.0578725506857849,0.0000000000000000,4.3445150501672236,3.0009189309,734.545,1990.201,277.5537,1.7446
1.0288971788615644,-0.0000000000000000,0.0000000000000000,-0.0000000000075703,-0.0579688667948517,0.0000000000000000,4.3526086956521741,3.0009115527,735.493,1990.551,275.8933,1.7321
1.0289323823704377,-0.0000000000000000,0.0000000000000000,-0.0000000000054848,-0.0580648244697693,0.0000000000000000,4.3607023411371237,3.0009042187,736.434,1990.899,274.2528,1.7195
1.0289676684469433,-0.0000000000000033,0.0000000000000000,-0.0000000000028279,-0.0581604312928014,0.0000000000000000,4.3687959866220734,3.0008969282,737.368,1991.245,272.6319,1.7068
1.0290030372663017,0.0000000000000000,0.0000000000000000,-0.0000000000000016,-0.0582556947078350,0.0000000000000000,4.3768896321070230,3.0008896806,738.296,1991.589,271.0302,1.6939
1.0290384890031876,0.0000000000000000,0.0000000000000000,-0.0000000000000036,-0.0583506220302126,0.0000000000000000,4.3849832775919726,3.0008824755,739.217,1991.930,269.4475,1.6808
1.0290740238340479,0.0000000000000000,0.0000000000000000,-0.0000000000000019,-0.0584452204483935,0.0000000000000000,4.3930769230769231,3.0008753122,740.131,1992.270,267.8834,1.6676
1.0291096419346957,-0.0000000000000000,0.0000000000000000,0.0000000000011996,-0.0585394970267668,0.0000000000000000,4.4011705685618727,3.0008681901,741.039,1992.607,266.3377,1.6543
1.0291453434715050,-0.0000000000000033,0.0000000000000000,-0.0000000000114652,-0.0586334586974062,0.0000000000000000,4.4092642140468223,3.0008611088,741.941,1992.943,264.8100,1.6408
1.0291811286378860,-0.0000000000000033,0.0000000000000000,-0.0000000000039026,-0.0587271123038228,0.0000000000000000,4.4173578595317728,3.0008540677,742.837,1993.277,263.3002,1.6272
1.0292169975958252,-0.0000000000000000,0.0000000000000000,0.0000000000000014,-0.0588204645396093,0.0000000000000000,4.4254515050167225,3.0008470662,743.727,1993.608,261.8078,1.6134
1.0292529505212091,0.0000000000000000,0.0000000000000000,0.0000000000000003,-0.0589135220014908,0.0000000000000000,4.4335451505016721,3.0008401039,744.610,1993.938,260.3327,1.5994
1.0292889875917886,-0.0000000000000000,0.0000000000000000,0.0000000000000005,-0.0590062911767038,0.0000000000000000,4.4416387959866217,3.0008331802,745.488,1994.266,258.8746,1.5854
1.0293251089761397,-0.0000000000000000,0.0000000000000000,-0.0000000000155447,-0.0590987784356820,0.0000000000000000,4.4497324414715713,3.0008262947,746.359,1994.592,257.4332,1.5711
1.0293613148733829,-0.0000000000000034,0.0000000000000000,-0.0000000000035080,-0.0591909900744313,0.0000000000000000,4.4578260869565209,3.0008194467,747.225,1994.916,256.0082,1.5568
1.0293976054416978,-0.0000000000000000,0.0000000000000000,-0.0000000000042966,-0.0592829322460519,0.0000000000000000,4.4659197324414714,3.0008126359,748.086,1995.238,254.5995,1.5423
1.0294339808681476,0.0000000000000000,0.0000000000000000,0.0000000000000007,-0.0593746110293347,0.0000000000000000,4.4740133779264211,3.0008058618,748.940,1995.559,253.2067,1.5276
1.0294704413288389,0.0000000000000000,0.0000000000000000,-0.0000000000000040,-0.0594660323969424,0.0000000000000000,4.4821070234113716,3.0007991239,749.789,1995.878,251.8297,1.5128
1.0295069870070730,0.0000000000000000,0.0000000000000000,0.0000000000000052,-0.0595572022313276,0.0000000000000000,4.4902006688963212,3.0007924216,750.633,1996.195,250.4681,1.4978
1.0295436180854245,-0.0000000000000000,0.0000000000000000,-0.0000000000000010,-0.0596481263207068,0.0000000000000000,4.4982943143812708,3.0007857546,751.471,1996.510,249.1219,1.4827
1.0295803347454668,-0.0000000000000034,0.0000000000000000,-0.0000000000045804,-0.0597388103603473,0.0000000000000000,4.5063879598662204,3.0007791224,752.304,1996.824,247.7907,1.4675
1.0296171371766427,-0.0000000000000000,0.0000000000000000,-0.0000000000065815,-0.0598292599652492,0.0000000000000000,4.5144816053511700,3.0007725245,753.132,1997.136,246.4743,1.4521
1.0296540255667637,-0.0000000000000000,0.0000000000000000,-0.0000000000038768,-0.0599194806587835,0.0000000000000000,4.5225752508361197,3.0007659605,753.955,1997.446,245.1725,1.4366
1.0296910001019168,-0.0000000000000000,0.0000000000000000,0.0000000000000019,-0.0600094778778111,0.0000000000000000,4.5306688963210702,3.0007594300,754.772,1997.755,243.8851,1.4209
1.0297280609711479,0.0000000000000000,0.0000000000000000,0.0000000000000004,-0.0600992569799201,0.0000000000000000,4.5387625418060198,3.0007529326,755.585,1998.062,242.6119,1.4050
1.0297652083681954,-0.0000000000000000,0.0000000000000000,-0.0000000000000025,-0.0601888232438196,0.0000000000000000,4.5468561872909694,3.0007464677,756.392,1998.368,241.3527,1.3891
1.0298024424857697,-0.0000000000000034,0.0000000000000000,-0.0000000000028942,-0.0602781818675762,0.0000000000000000,4.5549498327759199,3.0007400350,757.195,1998.672,240.1074,1.3730
1.0298397635245018,-0.0000000000000000,0.0000000000000000,-0.0000000000001417,-0.0603673379792647,0.0000000000000000,4.5630434782608695,3.0007336341,757.993,1998.974,238.8756,1.3567
1.0298771716740864,-0.0000000000000000,0.0000000000000000,-0.0000000000069716,-0.0604562966174671,0.0000000000000000,4.5711371237458192,3.0007272646,758.786,1999.275,237.6572,1.3403
1.0299146671476374,-0.0000000000000000,0.0000000000000000,-0.0000000000000035,-0.0605450627721367,0.0000000000000000,4.5792307692307688,3.0007209260,759.574,1999.574,236.4521,1.3237
1.0299522501367449,0.0000000000000000,0.0000000000000000,0.0000000000000085,-0.0606336413363618,0.0000000000000000,4.5873244147157184,3.0007146180,760.358,1999.872,235.2600,1.3070
1.0299899208497907,0.0000000000000000,0.0000000000000000,0.0000000000000018,-0.0607220371487423,0.0000000000000000,4.5954180602006689,3.0007083402,761.137,2000.169,234.0807,1.2902
1.0300276794939289,-0.0000000000000000,0.0000000000000000,0.0000000000000104,-0.0608102549764497,0.0000000000000000,4.6035117056856185,3.0007020921,761.912,2000.464,232.9142,1.2732
1.0300655262714449,-0.0000000000000000,0.0000000000000000,-0.0000000000142177,-0.0608982995130148,0.0000000000000000,4.6116053511705681,3.0006958735,762.683,2000.757,231.7602,1.2561
1.0301034614162350,-0.0000000000000000,0.0000000000000000,-0.0000000000005923,-0.0609861754168560,0.0000000000000000,4.6196989966555186,3.0006896840,763.449,2001.049,230.6185,1.2388
1.0301414851191690,-0.0000000000000035,0.0000000000000000,-0.0000000000040054,-0.0610738872360665,0.0000000000000000,4.6277926421404683,3.0006835231,764.210,2001.340,229.4890,1.2214
1.0301795976098773,0.0000000000000000,0.0000000000000000,0.0000000000000015,-0.0611614394940468,0.0000000000000000,4.6358862876254179,3.0006773905,764.968,2001.629,228.3716,1.2039
1.0302177991030790,-0.0000000000000000,0.0000000000000000,0.0000000000000038,-0.0612488366371724,0.0000000000000000,4.6439799331103675,3.0006712858,765.721,2001.917,227.2660,1.1862
1.0302560898229309,0.0000000000000000,0.0000000000000000,-0.0000000000000036,-0.0613360830580845,0.0000000000000000,4.6520735785953171,3.0006652087,766.470,2002.204,226.1721,1.1683
1.0302944699917638,-0.0000000000000000,0.0000000000000000,-0.0000000000058667,-0.0614231830875332,0.0000000000000000,4.6601672240802667,3.0006591589,767.215,2002.489,225.0898,1.1503
1.0303329398427283,-0.0000000000000000,0.0000000000000000,-0.0000000000071777,-0.0615101410083007,0.0000000000000000,4.6682608695652172,3.0006531359,767.956,2002.773,224.0188,1.1322
1.0303714996057036,-0.0000000000000035,0.0000000000000000,-0.0000000000073890,-0.0615969610421375,0.0000000000000000,4.6763545150501669,3.0006471395,768.693,2003.056,222.9592,1.1140
1.0304101495163644,-0.0000000000000000,0.0000000000000000,0.0000000000000168,-0.0616836473577318,0.0000000000000000,4.6844481605351174,3.0006411693,769.426,2003.338,221.9106,1.0956
1.0304488898052362,0.0000000000000000,0.0000000000000000,0.0000000000000046,-0.0617702040663783,0.0000000000000000,4.6925418060200670,3.0006352250,770.155,2003.618,220.8730,1.0770
1.0304877207154357,-0.0000000000000000,0.0000000000000000,0.0000000000000034,-0.0618566352354558,0.0000000000000000,4.7006354515050166,3.0006293062,770.881,2003.897,219.8463,1.0583
1.0305266424895512,-0.0000000000000000,0.0000000000000000,-0.0000000000008419,-0.0619429448790996,0.0000000000000000,4.7087290969899662,3.0006234126,771.603,2004.174,218.8302,1.0395
1.0305656553721643,-0.0000000000000000,0.0000000000000000,-0.0000000000050629,-0.0620291369615028,0.0000000000000000,4.7168227424749158,3.0006175439,772.320,2004.451,217.8248,1.0205
1.0306047596123646,-0.0000000000000035,0.0000000000000000,-0.0000000000113785,-0.0621152153986449,0.0000000000000000,4.7249163879598655,3.0006116998,773.035,2004.726,216.8297,1.0014
1.0306439554686067,-0.0000000000000035,0.0000000000000000,-0.0000000000104754,-0.0622011840691656,0.0000000000000000,4.7330100334448160,3.0006058799,773.745,2005.000,215.8450,0.9822
1.0306832431963286,-0.0000000000000000,0.0000000000000000,-0.0000000000000053,-0.0622870467963718,0.0000000000000000,4.7411036789297656,3.0006000840,774.452,2005.273,214.8704,0.9628
1.0307226230448898,-0.0000000000000000,0.0000000000000000,0.0000000000000098,-0.0623728073510769,0.0000000000000000,4.7491973244147152,3.0005943117,775.156,2005.545,213.9059,0.9433
1.0307620952815597,-0.0000000000000000,0.0000000000000000,-0.0000000000000024,-0.0624584694746435,0.0000000000000000,4.7572909698996657,3.0005885628,775.856,2005.816,212.9513,0.9236
1.0308016601672736,-0.0000000000000035,0.0000000000000000,-0.0000000000087479,-0.0625440368557524,0.0000000000000000,4.7653846153846153,3.0005828369,776.553,2006.085,212.0066,0.9039
1.0308413179791489,-0.0000000000000035,0.0000000000000000,-0.0000000000103068,-0.0626295131547763,0.0000000000000000,4.7734782608695649,3.0005771338,777.246,2006.354,211.0715,0.8839
1.0308810689864132,-0.0000000000000000,0.0000000000000000,-0.0000000000109202,-0.0627149019792917,0.0000000000000000,4.7815719063545146,3.0005714531,777.936,2006.621,210.1460,0.8639
1.0309209134705328,-0.0000000000000000,0.0000000000000000,0.0000000000000036,-0.0628002069068864,0.0000000000000000,4.7896655518394642,3.0005657945,778.622,2006.887,209.2300,0.8437
1.0309608516988245,-0.0000000000000000,0.0000000000000000,-0.0000000000000007,-0.0628854314563992,0.0000000000000000,4.7977591973244147,3.0005601579,779.306,2007.153,208.3233,0.8233
1.0310008839600038,-0.0000000000000000,0.0000000000000000,0.0000000000000044,-0.0629705791282715,0.0000000000000000,4.8058528428093643,3.0005545428,779.986,2007.417,207.4259,0.8028
1.0310410105345245,-0.0000000000000036,0.0000000000000000,-0.0000000000113355,-0.0630556533728661,0.0000000000000000,4.8139464882943148,3.0005489490,780.663,2007.680,206.5377,0.7822
1.0310812317206965,-0.0000000000000000,0.0000000000000000,-0.0000000000193723,-0.0631406576199352,0.0000000000000000,4.8220401337792644,3.0005433763,781.337,2007.942,205.6584,0.7615
1.0311215478194937,-0.0000000000000000,0.0000000000000000,-0.0000000000084029,-0.0632255952614616,0.0000000000000000,4.8301337792642141,3.0005378244,782.007,2008.203,204.7881,0.7406
1.0311619591125587,-0.0000000000000000,0.0000000000000000,-0.0000000000099116,-0.0633104696312810,0.0000000000000000,4.8382274247491637,3.0005322929,782.675,2008.463,203.9267,0.7196
1.0312024659137420,0.0000000000000000,0.0000000000000000,0.0000000000000089,-0.0633952840600677,0.0000000000000000,4.8463210702341133,3.0005267817,783.340,2008.722,203.0740,0.6984
1.0312430685165583,0.0000000000000000,0.0000000000000000,0.0000000000000047,-0.0634800418181647,0.0000000000000000,4.8544147157190629,3.0005212904,784.001,2008.981,202.2299,0.6772
1.0312837672350610,-0.0000000000000000,0.0000000000000000,0.0000000000000018,-0.0635647461626271,0.0000000000000000,4.8625083612040134,3.0005158188,784.660,2009.238,201.3943,0.6557
1.0313245623756375,-0.0000000000000036,0.0000000000000000,-0.0000000000122577,-0.0636494003064130,0.0000000000000000,4.8706020066889630,3.0005103667,785.316,2009.494,200.5672,0.6342
1.0313654542679387,-0.0000000000000036,0.0000000000000000,-0.0000000000104166,-0.0637340074519524,0.0000000000000000,4.8786956521739127,3.0005049337,785.969,2009.749,199.7485,0.6125
1.0314064432267123,-0.0000000000000000,0.0000000000000000,-0.0000000000078806,-0.0638185707530002,0.0000000000000000,4.8867892976588632,3.0004995197,786.619,2010.004,198.9380,0.5907
1.0314475295767238,0.0000000000000000,0.0000000000000000,0.0000000000000042,-0.0639030933374291,0.0000000000000000,4.8948829431438128,3.0004941244,787.267,2010.257,198.1357,0.5688
1.0314887136410016,-0.0000000000000000,0.0000000000000000,-0.0000000000000008,-0.0639875783015451,0.0000000000000000,4.9029765886287624,3.0004887474,787.912,2010.510,197.3414,0.5467
1.0315299957555022,-0.0000000000000000,0.0000000000000000,-0.0000000000000001,-0.0640720287213974,0.0000000000000000,4.9110702341137120,3.0004833887,788.554,2010.761,196.5552,0.5245
1.0315713762509411,-0.0000000000000000,0.0000000000000000,-0.0000000000106785,-0.0641564476359505,0.0000000000000000,4.9191638795986616,3.0004780479,789.193,2011.012,195.7769,0.5022
1.0316128554791206,-0.0000000000000036,0.0000000000000000,-0.0000000000106326,-0.0642408380762943,0.0000000000000000,4.9272575250836121,3.0004727248,789.830,2011.262,195.0064,0.4797
1.0316544337811213,-0.0000000000000036,0.0000000000000000,-0.0000000000066294,-0.0643252030310469,0.0000000000000000,4.9353511705685618,3.0004674192,790.464,2011.511,194.2437,0.4571
1.0316961115045449,-0.0000000000000000,0.0000000000000000,0.0000000000000133,-0.0644095454661101,0.0000000000000000,4.9434448160535114,3.0004621308,791.095,2011.759,193.4887,0.4344
1.0317378889978093,0.0000000000000000,0.0000000000000000,0.0000000000000080,-0.0644938683189043,0.0000000000000000,4.9515384615384619,3.0004568594,791.724,2012.007,192.7412,0.4115
1.0317797666213484,-0.0000000000000000,0.0000000000000000,0.0000000000000058,-0.0645781745112075,0.0000000000000000,4.9596321070234115,3.0004516048,792.351,2012.253,192.0013,0.3886
1.0318217447364957,-0.0000000000000000,0.0000000000000000,0.0000000000000018,-0.0646624669375598,0.0000000000000000,4.9677257525083611,3.0004463667,792.975,2012.499,191.2688,0.3655
1.0318638237053230,-0.0000000000000000,0.0000000000000000,-0.0000000000078222,-0.0647467484659828,0.0000000000000000,4.9758193979933107,3.0004411449,793.596,2012.744,190.5436,0.3422
1.0319060039049102,-0.0000000000000000,0.0000000000000000,-0.0000000000071126,-0.0648310219526760,0.0000000000000000,4.9839130434782604,3.0004359391,794.216,2012.989,189.8258,0.3189
1.0319482857023634,-0.0000000000000000,0.0000000000000000,-0.0000000000130442,-0.0649152902172296,0.0000000000000000,4.9920066889632100,3.0004307493,794.832,2013.232,189.1152,0.2954
1.0319906694900707,-0.0000000000000000,0.0000000000000000,0.0000000000000002,-0.0649995560815186,0.0000000000000000,5.0001003344481605,3.0004255750,795.447,2013.475,188.4117,0.2718
1.0320331556339768,-0.0000000000000000,0.0000000000000000,0.0000000000000084,-0.0650838223112914,0.0000000000000000,5.0081939799331101,3.0004204162,796.059,2013.717,187.7153,0.2481
1.0320757445283939,-0.0000000000000000,0.0000000000000000,0.0000000000000004,-0.0651680916791932,0.0000000000000000,5.0162876254180606,3.0004152726,796.669,2013.958,187.0259,0.2242
1.0321184365614759,-0.0000000000000000,0.0000000000000000,-0.0000000000077338,-0.0652523669265219,0.0000000000000000,5.0243812709030102,3.0004101440,797.277,2014.198,186.3435,0.2003
1.0321612321377089,-0.0000000000000000,0.0000000000000000,-0.0000000000069042,-0.0653366507878664,0.0000000000000000,5.0324749163879599,3.0004050302,797.882,2014.438,185.6679,0.1762
1.0322041316541559,-0.0000000000000037,0.0000000000000000,-0.0000000000055750,-0.0654209459663668,0.0000000000000000,5.0405685618729095,3.0003999309,798.486,2014.677,184.9992,0.1520
1.0322471355179930,-0.0000000000000000,0.0000000000000000,0.0000000000000096,-0.0655052551530166,0.0000000000000000,5.0486622073578591,3.0003948460,799.087,2014.915,184.3372,0.1276
1.0322902441348722,0.0000000000000000,0.0000000000000000,-0.0000000000000002,-0.0655895810147362,0.0000000000000000,5.0567558528428087,3.0003897752,799.686,2015.153,183.6818,0.1032
1.0323334579222543,0.0000000000000000,0.0000000000000000,0.0000000000000028,-0.0656739262086249,0.0000000000000000,5.0648494983277592,3.0003847184,800.283,2015.390,183.0332,0.0786
1.0323767772996408,-0.0000000000000000,0.0000000000000000,0.0000000000000056,-0.0657582933723280,0.0000000000000000,5.0729431438127088,3.0003796753,800.878,2015.626,182.3910,0.0539
1.0324202026887306,-0.0000000000000037,0.0000000000000000,-0.0000000000055547,-0.0658426851247340,0.0000000000000000,5.0810367892976585,3.0003746457,801.470,2015.862,181.7554,0.0291
1.0324637345227299,-0.0000000000000037,0.0000000000000000,-0.0000000000070487,-0.0659271040754976,0.0000000000000000,5.0891304347826090,3.0003696295,802.061,2016.097,181.1263,0.0041
1.0325073732339067,-0.0000000000000037,0.0000000000000000,-0.0000000000084895,-0.0660115528139176,0.0000000000000000,5.0972240802675586,3.0003646264,802.650,2016.331,180.5035,-0.0209
1.0325511192651196,0.0000000000000000,0.0000000000000000,-0.0000000000000023,-0.0660960339194846,0.0000000000000000,5.1053177257525082,3.0003596363,803.237,2016.565,179.8870,-0.0461
1.0325949730513555,-0.0000000000000000,0.0000000000000000,0.0000000000000002,-0.0661805499444530,0.0000000000000000,5.1134113712374578,3.0003546589,803.822,2016.798,179.2769,-0.0714
1.0326389350448468,0.0000000000000000,0.0000000000000000,0.0000000000000010,-0.0662651034397914,0.0000000000000000,5.1215050167224074,3.0003496940,804.405,2017.030,178.6729,-0.0968
1.0326830056917327,-0.0000000000000000,0.0000000000000000,-0.0000000000131433,-0.0663496969305569,0.0000000000000000,5.1295986622073579,3.0003447416,804.986,2017.262,178.0751,-0.1223
1.0327271854671096,-0.0000000000000038,0.0000000000000000,-0.0000000000103144,-0.0664343329574942,0.0000000000000000,5.1376923076923076,3.0003398012,805.566,2017.494,177.4835,-0.1480
1.0327714748216017,-0.0000000000000000,0.0000000000000000,-0.0000000000098756,-0.0665190140113324,0.0000000000000000,5.1457859531772572,3.0003348729,806.143,2017.724,176.8979,-0.1737
1.0328158742310125,0.0000000000000000,0.0000000000000000,0.0000000000000102,-0.0666037425965920,0.0000000000000000,5.1538795986622077,3.0003299564,806.719,2017.954,176.3183,-0.1996
1.0328603841593398,0.0000000000000000,0.0000000000000000,0.0000000000000115,-0.0666885211866276,0.0000000000000000,5.1619732441471573,3.0003250514,807.293,2018.184,175.7447,-0.2255
1.0329050050895998,0.0000000000000000,0.0000000000000000,0.0000000000000016,-0.0667733522576405,0.0000000000000000,5.1700668896321069,3.0003201579,807.865,2018.413,175.1770,-0.2516
1.0329497375053871,-0.0000000000000000,0.0000000000000000,0.0000000000000078,-0.0668582382700522,0.0000000000000000,5.1781605351170565,3.0003152756,808.436,2018.641,174.6152,-0.2778
1.0329945818879651,-0.0000000000000000,0.0000000000000000,-0.0000000000140181,-0.0669431816648155,0.0000000000000000,5.1862541806020062,3.0003104044,809.004,2018.869,174.0591,-0.3041
1.0330395387528992,-0.0000000000000038,0.0000000000000000,-0.0000000000024346,-0.0670281849061609,0.0000000000000000,5.1943478260869558,3.0003055440,809.572,2019.096,173.5089,-0.3306
1.0330846085765244,-0.0000000000000000,0.0000000000000000,-0.0000000000070706,-0.0671132503966421,0.0000000000000000,5.2024414715719063,3.0003006943,810.137,2019.323,172.9644,-0.3571
1.0331297918782372,-0.0000000000000000,0.0000000000000000,-0.0000000000000081,-0.0671983805725399,0.0000000000000000,5.2105351170568559,3.0002958552,810.701,2019.550,172.4256,-0.3837
1.0331750891586648,-0.0000000000000000,0.0000000000000000,0.0000000000000087,-0.0672835778341306,0.0000000000000000,5.2186287625418064,3.0002910264,811.263,2019.775,171.8924,-0.4105
1.0332205009365873,-0.0000000000000000,0.0000000000000000,0.0000000000000051,-0.0673688445864486,0.0000000000000000,5.2267224080267560,3.0002862077,811.824,2020.001,171.3648,-0.4373
1.0332660277315668,-0.0000000000000000,0.0000000000000000,-0.0000000000034763,-0.0674541832214211,0.0000000000000000,5.2348160535117056,3.0002813990,812.383,2020.225,170.8427,-0.4643
1.0333116700709364,-0.0000000000000000,0.0000000000000000,-0.0000000000060604,-0.0675395961239189,0.0000000000000000,5.2429096989966553,3.0002766002,812.941,2020.450,170.3262,-0.4914
1.0333574284894518,-0.0000000000000000,0.0000000000000000,-0.0000000000030397,-0.0676250856746911,0.0000000000000000,5.2510033444816049,3.0002718109,813.497,2020.674,169.8151,-0.5185
1.0334033035211381,0.0000000000000000,0.0000000000000000,0.0000000000000111,-0.0677106542387904,0.0000000000000000,5.2590969899665545,3.0002670312,814.052,2020.897,169.3094,-0.5458
1.0334492957083272,0.0000000000000000,0.0000000000000000,0.0000000000000094,-0.0677963041784495,0.0000000000000000,5.2671906354515050,3.0002622607,814.605,2021.120,168.8092,-0.5732
1.0334954056006396,0.0000000000000000,0.0000000000000000,0.0000000000000045,-0.0678820378496791,0.0000000000000000,5.2752842809364546,3.0002574994,815.157,2021.342,168.3143,-0.6007
1.0335416337512697,-0.0000000000000038,0.0000000000000000,-0.0000000000029899,-0.0679678576003376,0.0000000000000000,5.2833779264214042,3.0002527470,815.707,2021.564,167.8247,-0.6283
1.0335879807234121,-0.0000000000000000,0.0000000000000000,-0.0000000000018382,-0.0680537657763558,0.0000000000000000,5.2914715719063548,3.0002480034,816.256,2021.786,167.3403,-0.6560
1.0336344470774053,-0.0000000000000039,0.0000000000000000,-0.0000000000056002,-0.0681397647075496,0.0000000000000000,5.2995652173913044,3.0002432684,816.804,2022.007,166.8613,-0.6838
1.0336810333910420,-0.0000000000000000,0.0000000000000000,-0.0000000000054142,-0.0682258567337773,0.0000000000000000,5.3076588628762540,3.0002385419,817.350,2022.228,166.3874,-0.7117
1.0337277402404959,0.0000000000000000,0.0000000000000000,0.0000000000000040,-0.0683120441776920,0.0000000000000000,5.3157525083612036,3.0002338236,817.895,2022.448,165.9186,-0.7397
1.0337745682057444,0.0000000000000000,0.0000000000000000,0.0000000000000007,-0.0683983293581973,0.0000000000000000,5.3238461538461532,3.0002291135,818.438,2022.668,165.4550,-0.7677
1.0338215178781378,-0.0000000000000000,0.0000000000000000,0.0000000000000030,-0.0684847145935251,0.0000000000000000,5.3319397993311037,3.0002244114,818.981,2022.888,164.9965,-0.7959
1.0338685898508020,-0.0000000000000039,0.0000000000000000,-0.0000000000054751,-0.0685712021936022,0.0000000000000000,5.3400334448160534,3.0002197171,819.522,2023.107,164.5431,-0.8242
1.0339157847324372,-0.0000000000000000,0.0000000000000000,-0.0000000000005270,-0.0686577944750605,0.0000000000000000,5.3481270903010030,3.0002150304,820.062,2023.325,164.0946,-0.8526
1.0339631031223770,-0.0000000000000000,0.0000000000000000,-0.0000000000015648,-0.0687444937324339,0.0000000000000000,5.3562207357859535,3.0002103511,820.600,2023.544,163.6512,-0.8811
1.0340105456386659,-0.0000000000000000,0.0000000000000000,0.0000000000000026,-0.0688313022728468,0.0000000000000000,5.3643143812709031,3.0002056793,821.138,2023.762,163.2127,-0.9097
1.0340581129000395,0.0000000000000000,0.0000000000000000,0.0000000000000051,-0.0689182223933332,0.0000000000000000,5.3724080267558527,3.0002010145,821.674,2023.979,162.7792,-0.9383
1.0341058055330479,-0.0000000000000000,0.0000000000000000,0.0000000000000066,-0.0690052563897205,0.0000000000000000,5.3805016722408023,3.0001963568,822.209,2024.197,162.3505,-0.9671
1.0341536241693978,-0.0000000000000039,0.0000000000000000,-0.0000000000026779,-0.0690924065547090,0.0000000000000000,5.3885953177257520,3.0001917059,822.743,2024.414,161.9268,-0.9960
1.0342015694513715,-0.0000000000000039,0.0000000000000000,-0.0000000000007874,-0.0691796751826110,0.0000000000000000,5.3966889632107016,3.0001870617,823.276,2024.630,161.5078,-1.0249
1.0342496420155209,-0.0000000000000000,0.0000000000000000,-0.0000000000085192,-0.0692670645517889,0.0000000000000000,5.4047826086956521,3.0001824240,823.808,2024.847,161.0937,-1.0540
1.0342978425195795,-0.0000000000000039,0.0000000000000000,-0.0000000000201988,-0.0693545769581234,0.0000000000000000,5.4128762541806017,3.0001777927,824.339,2025.063,160.6843,-1.0831
1.0343461716370095,0.0000000000000000,0.0000000000000000,0.0000000000000425,-0.0694422147043299,0.0000000000000000,5.4209698996655522,3.0001731677,824.868,2025.278,160.2797,-1.1123
1.0343946300089462,-0.0000000000000000,0.0000000000000000,0.0000000000000207,-0.0695299800490879,0.0000000000000000,5.4290635451505018,3.0001685487,825.397,2025.494,159.8798,-1.1416
1.0344432183163488,0.0000000000000000,0.0000000000000000,-0.0000000000000047,-0.0696178752874888,0.0000000000000000,5.4371571906354514,3.0001639356,825.925,2025.709,159.4847,-1.1710
1.0344919372363142,-0.0000000000000039,0.0000000000000000,-0.0000000000034214,-0.0697059027026679,0.0000000000000000,5.4452508361204011,3.0001593283,826.451,2025.924,159.0942,-1.2005
1.0345407874532777,-0.0000000000000040,0.0000000000000000,-0.0000000000090526,-0.0697940645769371,0.0000000000000000,5.4533444816053507,3.0001547266,826.977,2026.138,158.7083,-1.2301
1.0345897696662170,-0.0000000000000000,0.0000000000000000,-0.0000000000064041,-0.0698823632042715,0.0000000000000000,5.4614381270903003,3.0001501303,827.502,2026.352,158.3270,-1.2597
1.0346388845695476,-0.0000000000000000,0.0000000000000000,0.0000000000000049,-0.0699708008625421,0.0000000000000000,5.4695317725752508,3.0001455394,828.025,2026.566,157.9504,-1.2895
1.0346881328658244,0.0000000000000000,0.0000000000000000,-0.0000000000000225,-0.0700593798346252,0.0000000000000000,5.4776254180602004,3.0001409536,828.548,2026.780,157.5783,-1.3193
1.0347375152703868,-0.0000000000000000,0.0000000000000000,-0.0000000000000062,-0.0701481024094324,0.0000000000000000,5.4857190635451500,3.0001363728,829.070,2026.993,157.2107,-1.3492
1.0347870325024451,-0.0000000000000000,0.0000000000000000,-0.0000000000023516,-0.0702369708741659,0.0000000000000000,5.4938127090301005,3.0001317969,829.591,2027.206,156.8477,-1.3792
1.0348366852901685,-0.0000000000000000,0.0000000000000000,-0.0000000000031566,-0.0703259875189309,0.0000000000000000,5.5019063545150502,3.0001272256,830.111,2027.419,156.4892,-1.4093
1.0348864743612993,-0.0000000000000000,0.0000000000000000,-0.0000000000123716,-0.0704151546257499,0.0000000000000000,5.5099999999999998,3.0001226590,830.631,2027.632,156.1351,-1.4394
