x0_n,y0_n,z0_n,xd0_n,yd0_n,zd0_n,Tp,JC,L2ExcessVelocity_mps,landingVelocity_mps,stabilityIndex1,stabilityIndex2...,error_tol=1e-13
1.0222335283189632,-0.0000000000000000,0.0000000000000000,-0.0000000000009769,-0.0130070450381076,0.0000000000000000,3.0899999999999999,3.0043437132,163.412,1852.766,1807.0702,1.9753
1.0224823923703645,-0.0000000000000000,0.0000000000000000,-0.0000000000008177,-0.0150022427721351,0.0000000000000000,3.0980936454849495,3.0042956535,189.157,1855.214,1759.8681,1.9837
1.0226884047152840,-0.0000000000000000,0.0000000000000000,0.0000000000002177,-0.0167067520518995,0.0000000000000000,3.1061872909698995,3.0042487678,211.272,1857.599,1714.6770,1.9919
1.0228647827582706,-0.0000000000000000,0.0000000000000000,0.0000000000009122,-0.0182068774418263,0.0000000000000000,3.1142809364548492,3.0042030103,230.820,1859.924,1671.3822,2.0000
1.0230192185526454,-0.0000000000000000,0.0000000000000000,0.0000000000005402,-0.0195529915773349,0.0000000000000000,3.1223745819397992,3.0041583376,248.425,1862.191,1629.8772,2.0080
1.0231566568235342,-0.0000000000000000,0.0000000000000000,-0.0000000000006710,-0.0207775939948319,0.0000000000000000,3.1304682274247488,3.0041147085,264.491,1864.402,1590.0626,2.0159
1.0232804983764592,-0.0000000000000003,0.0000000000000000,-0.0000000000004917,-0.0219031340658240,0.0000000000000000,3.1385618729096989,3.0040720838,279.295,1866.560,1551.8462,2.0236
1.0233931996126906,-0.0000000000000000,0.0000000000000000,-0.0000000000007294,-0.0229459084492440,0.0000000000000000,3.1466555183946485,3.0040304265,293.042,1868.666,1515.1418,2.0313
1.0234966020015874,-0.0000000000000003,0.0000000000000000,-0.0000000000004871,-0.0239182032087233,0.0000000000000000,3.1547491638795986,3.0039897014,305.885,1870.723,1479.8693,2.0388
1.0235921268878487,-0.0000000000000000,0.0000000000000000,-0.0000000000005746,-0.0248295606312310,0.0000000000000000,3.1628428093645482,3.0039498749,317.942,1872.732,1445.9534,2.0462
1.0236808974181408,-0.0000000000000004,0.0000000000000000,-0.0000000000003556,-0.0256875723064781,0.0000000000000000,3.1709364548494983,3.0039109152,329.311,1874.696,1413.3241,2.0535
1.0237638184042466,-0.0000000000000004,0.0000000000000000,-0.0000000000003494,-0.0264983988010056,0.0000000000000000,3.1790301003344479,3.0038727919,340.068,1876.615,1381.9157,2.0607
1.0238416306275004,-0.0000000000000004,0.0000000000000000,-0.0000000000004340,-0.0272671231794792,0.0000000000000000,3.1871237458193979,3.0038354762,350.277,1878.492,1351.6668,2.0678
1.0239149489306827,-0.0000000000000004,0.0000000000000000,-0.0000000000007866,-0.0279979991347508,0.0000000000000000,3.1952173913043476,3.0037989405,359.992,1880.328,1322.5198,2.0747
1.0239842896564069,-0.0000000000000000,0.0000000000000000,-0.0000000000002662,-0.0286946298439821,0.0000000000000000,3.2033110367892976,3.0037631585,369.259,1882.124,1294.4205,2.0816
1.0240500908621610,-0.0000000000000000,0.0000000000000000,-0.0000000000002809,-0.0293600998650609,0.0000000000000000,3.2114046822742472,3.0037281052,378.118,1883.882,1267.3183,2.0883
1.0241127275152631,-0.0000000000000004,0.0000000000000000,-0.0000000000001286,-0.0299970743606936,0.0000000000000000,3.2194983277591973,3.0036937565,386.601,1885.603,1241.1654,2.0949
1.0241725231081931,-0.0000000000000000,0.0000000000000000,-0.0000000000004268,-0.0306078750512277,0.0000000000000000,3.2275919732441469,3.0036600896,394.739,1887.288,1215.9169,2.1013
1.0242297586786266,-0.0000000000000004,0.0000000000000000,-0.0000000000002614,-0.0311945392613810,0.0000000000000000,3.2356856187290970,3.0036270826,402.558,1888.939,1191.5306,2.1077
1.0242846799061269,-0.0000000000000000,0.0000000000000000,-0.0000000000001158,-0.0317588664564536,0.0000000000000000,3.2437792642140466,3.0035947146,410.081,1890.557,1167.9669,2.1139
1.0243375027669304,-0.0000000000000000,0.0000000000000000,-0.0000000000005513,-0.0323024553764050,0.0000000000000000,3.2518729096989967,3.0035629656,417.328,1892.142,1145.1880,2.1201
1.0243884180885823,-0.0000000000000005,0.0000000000000000,-0.0000000000006039,-0.0328267339970734,0.0000000000000000,3.2599665551839463,3.0035318163,424.318,1893.696,1123.1588,2.1261
1.0244375952528253,-0.0000000000000005,0.0000000000000000,-0.0000000000006178,-0.0333329839468825,0.0000000000000000,3.2680602006688964,3.0035012484,431.067,1895.220,1101.8459,2.1320
1.0244851852365682,-0.0000000000000005,0.0000000000000000,-0.0000000000004753,-0.0338223605919115,0.0000000000000000,3.2761538461538460,3.0034712443,437.591,1896.714,1081.2177,2.1377
1.0245313231273863,-0.0000000000000005,0.0000000000000000,-0.0000000000005454,-0.0342959096943060,0.0000000000000000,3.2842474916387960,3.0034417870,443.903,1898.180,1061.2443,2.1434
1.0245761302215137,-0.0000000000000005,0.0000000000000000,-0.0000000000008428,-0.0347545813365274,0.0000000000000000,3.2923411371237457,3.0034128604,450.014,1899.619,1041.8978,2.1489
1.0246197157850327,-0.0000000000000005,0.0000000000000000,-0.0000000000009471,-0.0351992416423154,0.0000000000000000,3.3004347826086957,3.0033844489,455.937,1901.031,1023.1513,2.1543
1.0246621785421053,-0.0000000000000000,0.0000000000000000,0.0000000000005394,-0.0356306827081325,0.0000000000000000,3.3085284280936453,3.0033565375,461.682,1902.417,1004.9797,2.1596
1.0247036079372496,-0.0000000000000005,0.0000000000000000,0.0000000000004635,-0.0360496310667011,0.0000000000000000,3.3166220735785950,3.0033291119,467.258,1903.778,987.3590,2.1647
1.0247440852200012,-0.0000000000000000,0.0000000000000000,-0.0000000000001568,-0.0364567549481958,0.0000000000000000,3.3247157190635450,3.0033021582,472.674,1905.114,970.2665,2.1698
1.0247836843715772,-0.0000000000000000,0.0000000000000000,0.0000000000000801,-0.0368526705329474,0.0000000000000000,3.3328093645484946,3.0032756633,477.938,1906.427,953.6808,2.1747
1.0248224729047439,-0.0000000000000000,0.0000000000000000,-0.0000000000000505,-0.0372379473664939,0.0000000000000000,3.3409030100334447,3.0032496143,483.058,1907.717,937.5813,2.1795
1.0248605125600163,-0.0000000000000005,0.0000000000000000,-0.0000000000004962,-0.0376131130730463,0.0000000000000000,3.3489966555183943,3.0032239989,488.040,1908.984,921.9487,2.1841
1.0248978599098850,-0.0000000000000000,0.0000000000000000,-0.0000000000005953,-0.0379786574721088,0.0000000000000000,3.3570903010033444,3.0031988054,492.891,1910.230,906.7646,2.1887
1.0249345668865262,-0.0000000000000000,0.0000000000000000,-0.0000000000003561,-0.0383350361895374,0.0000000000000000,3.3651839464882940,3.0031740223,497.616,1911.455,892.0115,2.1931
1.0249706812456840,-0.0000000000000005,0.0000000000000000,0.0000000000010682,-0.0386826738380154,0.0000000000000000,3.3732775919732441,3.0031496385,502.222,1912.659,877.6727,2.1974
1.0250062469722834,-0.0000000000000006,0.0000000000000000,0.0000000000006678,-0.0390219668256657,0.0000000000000000,3.3813712374581937,3.0031256437,506.714,1913.844,863.7322,2.2016
1.0250413046445950,-0.0000000000000006,0.0000000000000000,0.0000000000005844,-0.0393532858518579,0.0000000000000000,3.3894648829431437,3.0031020274,511.097,1915.009,850.1752,2.2056
1.0250758917490645,-0.0000000000000006,0.0000000000000000,0.0000000000004433,-0.0396769781200888,0.0000000000000000,3.3975585284280934,3.0030787800,515.374,1916.155,836.9870,2.2096
1.0251100429655335,-0.0000000000000006,0.0000000000000000,0.0000000000005073,-0.0399933693180807,0.0000000000000000,3.4056521739130434,3.0030558918,519.551,1917.282,824.1541,2.2133
1.0251437904179805,-0.0000000000000000,0.0000000000000000,-0.0000000000000087,-0.0403027653856492,0.0000000000000000,3.4137458193979930,3.0030333538,523.632,1918.392,811.6634,2.2170
1.0251771639013036,-0.0000000000000006,0.0000000000000000,-0.0000000000002346,-0.0406054541045001,0.0000000000000000,3.4218394648829431,3.0030111570,527.619,1919.485,799.5023,2.2206
1.0252101910813511,-0.0000000000000000,0.0000000000000000,-0.0000000000000331,-0.0409017065246587,0.0000000000000000,3.4299331103678927,3.0029892929,531.518,1920.560,787.6591,2.2240
1.0252428976759631,-0.0000000000000000,0.0000000000000000,-0.0000000000002744,-0.0411917782531049,0.0000000000000000,3.4380267558528428,3.0029677533,535.332,1921.619,776.1222,2.2273
1.0252753076186649,-0.0000000000000000,0.0000000000000000,0.0000000000001883,-0.0414759106186100,0.0000000000000000,3.4461204013377924,3.0029465301,539.062,1922.661,764.8810,2.2304
1.0253074432029405,-0.0000000000000000,0.0000000000000000,-0.0000000000004950,-0.0417543317243966,0.0000000000000000,3.4542140468227425,3.0029256157,542.714,1923.688,753.9249,2.2335
1.0253393252175562,-0.0000000000000000,0.0000000000000000,-0.0000000000004187,-0.0420272574082658,0.0000000000000000,3.4623076923076921,3.0029050025,546.289,1924.700,743.2442,2.2364
1.0253709730637346,-0.0000000000000000,0.0000000000000000,0.0000000000006949,-0.0422948921111939,0.0000000000000000,3.4704013377926421,3.0028846834,549.790,1925.697,732.8292,2.2392
1.0254024048630412,-0.0000000000000006,0.0000000000000000,0.0000000000000159,-0.0425574296706462,0.0000000000000000,3.4784949832775918,3.0028646513,553.220,1926.679,722.6710,2.2418
1.0254336375592059,-0.0000000000000003,0.0000000000000000,-0.0000000000002503,-0.0428150540480163,0.0000000000000000,3.4865886287625418,3.0028448995,556.582,1927.647,712.7608,2.2443
1.0254646870053981,-0.0000000000000006,0.0000000000000000,0.0000000000007291,-0.0430679399905895,0.0000000000000000,3.4946822742474914,3.0028254214,559.877,1928.601,703.0903,2.2467
1.0254955680441389,-0.0000000000000006,0.0000000000000000,0.0000000000005109,-0.0433162536365308,0.0000000000000000,3.5027759197324415,3.0028062107,563.108,1929.541,693.6516,2.2490
1.0255262945852910,-0.0000000000000004,0.0000000000000000,-0.0000000000000068,-0.0435601530764108,0.0000000000000000,3.5108695652173911,3.0027872613,566.277,1930.468,684.4370,2.2511
1.0255568796723975,-0.0000000000000000,0.0000000000000000,-0.0000000000000207,-0.0437997888642547,0.0000000000000000,3.5189632107023412,3.0027685671,569.386,1931.383,675.4392,2.2531
1.0255873355440626,-0.0000000000000000,0.0000000000000000,-0.0000000000001650,-0.0440353044887934,0.0000000000000000,3.5270568561872908,3.0027501224,572.437,1932.284,666.6512,2.2550
1.0256176736928071,-0.0000000000000000,0.0000000000000000,0.0000000000006933,-0.0442668368104939,0.0000000000000000,3.5351505016722404,3.0027319215,575.431,1933.174,658.0663,2.2568
1.0256479049147789,-0.0000000000000006,0.0000000000000000,0.0000000000008866,-0.0444945164608758,0.0000000000000000,3.5432441471571905,3.0027139592,578.372,1934.051,649.6779,2.2584
1.0256780393605573,-0.0000000000000006,0.0000000000000000,0.0000000000007896,-0.0447184682168958,0.0000000000000000,3.5513377926421406,3.0026962300,581.259,1934.916,641.4799,2.2599
1.0257080865779031,-0.0000000000000006,0.0000000000000000,0.0000000000003566,-0.0449388113434576,0.0000000000000000,3.5594314381270902,3.0026787289,584.096,1935.770,633.4663,2.2612
1.0257380555532618,-0.0000000000000000,0.0000000000000000,0.0000000000006568,-0.0451556599133113,0.0000000000000000,3.5675250836120398,3.0026614508,586.882,1936.613,625.6314,2.2624
1.0257679547477998,-0.0000000000000000,0.0000000000000000,0.0000000000006676,-0.0453691231014010,0.0000000000000000,3.5756187290969899,3.0026443911,589.621,1937.445,617.9697,2.2635
1.0257977921337103,-0.0000000000000000,0.0000000000000000,0.0000000000007411,-0.0455793054617652,0.0000000000000000,3.5837123745819399,3.0026275450,592.313,1938.266,610.4759,2.2644
1.0258275752247563,-0.0000000000000000,0.0000000000000000,-0.0000000000002127,-0.0457863071819177,0.0000000000000000,3.5918060200668895,3.0026109080,594.960,1939.076,603.1450,2.2653
1.0258573111081859,-0.0000000000000000,0.0000000000000000,-0.0000000000002989,-0.0459902243234152,0.0000000000000000,3.5998996655518392,3.0025944756,597.562,1939.876,595.9720,2.2659
1.0258870064694328,-0.0000000000000007,0.0000000000000000,0.0000000000002200,-0.0461911490414907,0.0000000000000000,3.6079933110367892,3.0025782436,600.122,1940.666,588.9522,2.2665
1.0259166676181424,-0.0000000000000000,0.0000000000000000,-0.0000000000001925,-0.0463891697930038,0.0000000000000000,3.6160869565217388,3.0025622078,602.640,1941.446,582.0811,2.2669
1.0259463005138847,-0.0000000000000000,0.0000000000000000,0.0000000000003168,-0.0465843715322900,0.0000000000000000,3.6241806020066889,3.0025463641,605.118,1942.217,575.3544,2.2672
1.0259759107846036,-0.0000000000000007,0.0000000000000000,-0.0000000000001332,-0.0467768358889772,0.0000000000000000,3.6322742474916385,3.0025307086,607.556,1942.978,568.7678,2.2673
1.0260055037502598,-0.0000000000000000,0.0000000000000000,-0.0000000000001625,-0.0469666413408020,0.0000000000000000,3.6403678929765886,3.0025152375,609.956,1943.730,562.3173,2.2673
1.0260350844399329,-0.0000000000000007,0.0000000000000000,0.0000000000007996,-0.0471538633706554,0.0000000000000000,3.6484615384615382,3.0024999471,612.319,1944.472,555.9990,2.2672
1.0260646576084762,-0.0000000000000000,0.0000000000000000,0.0000000000010289,-0.0473385746148581,0.0000000000000000,3.6565551839464883,3.0024848336,614.645,1945.206,549.8091,2.2669
1.0260942277551215,-0.0000000000000007,0.0000000000000000,0.0000000000007631,-0.0475208450047987,0.0000000000000000,3.6646488294314379,3.0024698936,616.936,1945.931,543.7441,2.2665
1.0261237991380272,-0.0000000000000000,0.0000000000000000,0.0000000000007916,-0.0477007418978128,0.0000000000000000,3.6727424749163879,3.0024551237,619.193,1946.648,537.8004,2.2660
1.0261533757876695,-0.0000000000000000,0.0000000000000000,0.0000000000007035,-0.0478783301996381,0.0000000000000000,3.6808361204013376,3.0024405205,621.416,1947.356,531.9746,2.2653
1.0261829615208313,-0.0000000000000007,0.0000000000000000,0.0000000000002522,-0.0480536724812989,0.0000000000000000,3.6889297658862876,3.0024260807,623.607,1948.056,526.2636,2.2645
1.0262125599534835,-0.0000000000000000,0.0000000000000000,0.0000000000004090,-0.0482268290886162,0.0000000000000000,3.6970234113712372,3.0024118012,625.765,1948.748,520.6641,2.2636
1.0262421745110200,-0.0000000000000007,0.0000000000000000,0.0000000000001177,-0.0483978582445527,0.0000000000000000,3.7051170568561869,3.0023976789,627.893,1949.433,515.1732,2.2625
1.0262718084405025,-0.0000000000000000,0.0000000000000000,-0.0000000000003031,-0.0485668161468001,0.0000000000000000,3.7132107023411369,3.0023837107,629.990,1950.109,509.7879,2.2613
1.0263014648207354,-0.0000000000000007,0.0000000000000000,0.0000000000000912,-0.0487337570600948,0.0000000000000000,3.7213043478260870,3.0023698938,632.058,1950.778,504.5053,2.2599
1.0263311465705605,-0.0000000000000007,0.0000000000000000,0.0000000000006974,-0.0488987334009718,0.0000000000000000,3.7293979933110366,3.0023562252,634.097,1951.440,499.3229,2.2584
1.0263608564585402,-0.0000000000000000,0.0000000000000000,0.0000000000006428,-0.0490617958207749,0.0000000000000000,3.7374916387959862,3.0023427022,636.108,1952.094,494.2378,2.2568
1.0263905971122804,-0.0000000000000000,0.0000000000000000,0.0000000000008712,-0.0492229932834111,0.0000000000000000,3.7455852842809363,3.0023293221,638.091,1952.741,489.2476,2.2550
1.0264203710244408,-0.0000000000000000,0.0000000000000000,0.0000000000002934,-0.0493823731370550,0.0000000000000000,3.7536789297658864,3.0023160822,640.047,1953.381,484.3499,2.2531
1.0264501805625630,-0.0000000000000007,0.0000000000000000,0.0000000000007298,-0.0495399811855857,0.0000000000000000,3.7617725752508360,3.0023029800,641.978,1954.015,479.5421,2.2510
1.0264800279729611,-0.0000000000000007,0.0000000000000000,0.0000000000006299,-0.0496958617512293,0.0000000000000000,3.7698662207357856,3.0022900128,643.882,1954.641,474.8220,2.2488
1.0265099153899608,-0.0000000000000004,0.0000000000000000,0.0000000000007696,-0.0498500577397262,0.0000000000000000,3.7779598662207357,3.0022771783,645.762,1955.261,470.1875,2.2465
1.0265398448402643,-0.0000000000000000,0.0000000000000000,0.0000000000006781,-0.0500026106966875,0.0000000000000000,3.7860535117056857,3.0022644741,647.617,1955.875,465.6362,2.2440
1.0265698182496450,-0.0000000000000007,0.0000000000000000,0.0000000000001511,-0.0501535608654465,0.0000000000000000,3.7941471571906353,3.0022518977,649.448,1956.482,461.1662,2.2414
1.0265998374487382,-0.0000000000000007,0.0000000000000000,0.0000000000006605,-0.0503029472397640,0.0000000000000000,3.8022408026755850,3.0022394470,651.256,1957.083,456.7754,2.2386
1.0266299041762104,-0.0000000000000007,0.0000000000000000,0.0000000000004662,-0.0504508076130082,0.0000000000000000,3.8103344481605350,3.0022271196,653.041,1957.678,452.4619,2.2357
1.0266600200859244,-0.0000000000000000,0.0000000000000000,0.0000000000000439,-0.0505971786279009,0.0000000000000000,3.8184280936454846,3.0022149135,654.804,1958.266,448.2237,2.2327
1.0266901867508729,-0.0000000000000007,0.0000000000000000,0.0000000000007693,-0.0507420958217120,0.0000000000000000,3.8265217391304347,3.0022028264,656.545,1958.849,444.0590,2.2295
1.0267204056651873,-0.0000000000000000,0.0000000000000000,0.0000000000001371,-0.0508855936674948,0.0000000000000000,3.8346153846153843,3.0021908563,658.264,1959.426,439.9660,2.2262
1.0267506782522531,-0.0000000000000011,0.0000000000000000,-0.0000000000000802,-0.0510277056192617,0.0000000000000000,3.8427090301003344,3.0021790011,659.963,1959.997,435.9431,2.2227
1.0267810058653160,-0.0000000000000007,0.0000000000000000,-0.0000000000000966,-0.0511684641481733,0.0000000000000000,3.8508026755852840,3.0021672590,661.641,1960.563,431.9885,2.2191
1.0268113897921107,-0.0000000000000000,0.0000000000000000,-0.0000000000001890,-0.0513079007810878,0.0000000000000000,3.8588963210702341,3.0021556278,663.299,1961.123,428.1006,2.2154
1.0268418312587599,-0.0000000000000007,0.0000000000000000,0.0000000000001882,-0.0514460461367691,0.0000000000000000,3.8669899665551837,3.0021441058,664.937,1961.678,424.2778,2.2115
1.0268723314316808,-0.0000000000000000,0.0000000000000000,-0.0000000000000769,-0.0515829299585434,0.0000000000000000,3.8750836120401333,3.0021326911,666.556,1962.227,420.5187,2.2074
1.0269028914224496,-0.0000000000000000,0.0000000000000000,-0.0000000000000333,-0.0517185811487144,0.0000000000000000,3.8831772575250834,3.0021213818,668.157,1962.771,416.8217,2.2033
1.0269335122891219,-0.0000000000000000,0.0000000000000000,-0.0000000000000671,-0.0518530277980285,0.0000000000000000,3.8912709030100334,3.0021101762,669.739,1963.311,413.1853,2.1989
1.0269641950400485,-0.0000000000000000,0.0000000000000000,0.0000000000003392,-0.0519862972163785,0.0000000000000000,3.8993645484949830,3.0020990726,671.302,1963.845,409.6083,2.1945
1.0269949406350940,-0.0000000000000007,0.0000000000000000,0.0000000000001709,-0.0521184159597406,0.0000000000000000,3.9074581939799327,3.0020880692,672.849,1964.374,406.0892,2.1899
1.0270257499897877,-0.0000000000000007,0.0000000000000000,-0.0000000000000920,-0.0522494098588344,0.0000000000000000,3.9155518394648827,3.0020771644,674.377,1964.898,402.6268,2.1851
1.0270566239768086,-0.0000000000000000,0.0000000000000000,-0.0000000000000903,-0.0523793040445862,0.0000000000000000,3.9236454849498328,3.0020663567,675.889,1965.417,399.2197,2.1802
1.0270875634279772,-0.0000000000000007,0.0000000000000000,0.0000000000003237,-0.0525081229722811,0.0000000000000000,3.9317391304347824,3.0020556443,677.384,1965.932,395.8668,2.1752
1.0271185691359201,-0.0000000000000007,0.0000000000000000,0.0000000000001356,-0.0526358904443860,0.0000000000000000,3.9398327759197320,3.0020450257,678.863,1966.442,392.5667,2.1700
1.0271496418577888,-0.0000000000000007,0.0000000000000000,0.0000000000001132,-0.0527626296361025,0.0000000000000000,3.9479264214046821,3.0020344995,680.326,1966.947,389.3184,2.1646
1.0271807823151562,-0.0000000000000007,0.0000000000000000,-0.0000000000002326,-0.0528883631142343,0.0000000000000000,3.9560200668896321,3.0020240640,681.772,1967.448,386.1208,2.1592
1.0272119911975810,-0.0000000000000000,0.0000000000000000,0.0000000000001160,-0.0530131128598054,0.0000000000000000,3.9641137123745818,3.0020137180,683.204,1967.945,382.9726,2.1535
1.0272432691619271,-0.0000000000000000,0.0000000000000000,-0.0000000000002273,-0.0531369002861206,0.0000000000000000,3.9722073578595314,3.0020034599,684.620,1968.437,379.8729,2.1478
1.0272746168368494,-0.0000000000000000,0.0000000000000000,-0.0000000000004724,-0.0532597462604242,0.0000000000000000,3.9803010033444814,3.0019932883,686.022,1968.925,376.8206,2.1419
1.0273060348228467,-0.0000000000000015,0.0000000000000000,0.0000000000006064,-0.0533816711205682,0.0000000000000000,3.9883946488294315,3.0019832019,687.409,1969.409,373.8146,2.1358
1.0273375236913556,-0.0000000000000000,0.0000000000000000,-0.0000000000003714,-0.0535026946903727,0.0000000000000000,3.9964882943143811,3.0019731994,688.782,1969.888,370.8541,2.1296
1.0273690839921361,-0.0000000000000000,0.0000000000000000,-0.0000000000000215,-0.0536228363029611,0.0000000000000000,4.0045819397993307,3.0019632793,690.141,1970.364,367.9380,2.1232
1.0274007162480931,-0.0000000000000015,0.0000000000000000,-0.0000000000003858,-0.0537421148099408,0.0000000000000000,4.0126755852842813,3.0019534405,691.486,1970.835,365.0654,2.1167
1.0274324209611889,-0.0000000000000015,0.0000000000000000,0.0000000000001313,-0.0538605486012183,0.0000000000000000,4.0207692307692309,3.0019436817,692.817,1971.303,362.2354,2.1101
1.0274641986102198,-0.0000000000000000,0.0000000000000000,0.0000000000001159,-0.0539781556175463,0.0000000000000000,4.0288628762541805,3.0019340016,694.135,1971.766,359.4471,2.1033
1.0274960496545595,-0.0000000000000000,0.0000000000000000,-0.0000000000002430,-0.0540949533671108,0.0000000000000000,4.0369565217391301,3.0019243990,695.440,1972.226,356.6996,2.0964
1.0275279745345720,-0.0000000000000015,0.0000000000000000,0.0000000000003743,-0.0542109589381745,0.0000000000000000,4.0450501672240797,3.0019148728,696.733,1972.682,353.9922,2.0893
1.0275599736704748,-0.0000000000000000,0.0000000000000000,-0.0000000000001753,-0.0543261890107653,0.0000000000000000,4.0531438127090302,3.0019054218,698.013,1973.135,351.3240,2.0821
1.0275920474673836,-0.0000000000000000,0.0000000000000000,0.0000000000001411,-0.0544406598733515,0.0000000000000000,4.0612374581939799,3.0018960448,699.280,1973.583,348.6942,2.0747
1.0276241963119312,-0.0000000000000000,0.0000000000000000,-0.0000000000000924,-0.0545543874303997,0.0000000000000000,4.0693311036789295,3.0018867407,700.535,1974.028,346.1021,2.0672
1.0276564205767258,-0.0000000000000015,0.0000000000000000,0.0000000000001035,-0.0546673872186637,0.0000000000000000,4.0774247491638800,3.0018775084,701.779,1974.470,343.5468,2.0595
1.0276887206182830,-0.0000000000000000,0.0000000000000000,0.0000000000001044,-0.0547796744144864,0.0000000000000000,4.0855183946488296,3.0018683468,703.011,1974.908,341.0277,2.0517
1.0277210967801200,-0.0000000000000016,0.0000000000000000,0.0000000000000153,-0.0548912638482776,0.0000000000000000,4.0936120401337792,3.0018592550,704.231,1975.343,338.5440,2.0437
1.0277535493919441,-0.0000000000000016,0.0000000000000000,-0.0000000000003766,-0.0550021700124002,0.0000000000000000,4.1017056856187288,3.0018502318,705.440,1975.774,336.0951,2.0356
1.0277860787717685,-0.0000000000000016,0.0000000000000000,-0.0000000000001144,-0.0551124070732402,0.0000000000000000,4.1097993311036785,3.0018412762,706.638,1976.202,333.6803,2.0274
1.0278186852249735,-0.0000000000000012,0.0000000000000000,0.0000000000000253,-0.0552219888794410,0.0000000000000000,4.1178929765886281,3.0018323873,707.825,1976.627,331.2988,2.0190
1.0278513690460949,-0.0000000000000000,0.0000000000000000,0.0000000000001466,-0.0553309289721244,0.0000000000000000,4.1259866220735786,3.0018235640,709.001,1977.048,328.9502,2.0104
1.0278841305192381,-0.0000000000000016,0.0000000000000000,0.0000000000001797,-0.0554392405940923,0.0000000000000000,4.1340802675585282,3.0018148054,710.166,1977.467,326.6336,2.0017
1.0279169699185484,-0.0000000000000016,0.0000000000000000,-0.0000000000000466,-0.0555469366982264,0.0000000000000000,4.1421739130434778,3.0018061106,711.322,1977.882,324.3486,1.9929
1.0279498875091997,-0.0000000000000016,0.0000000000000000,0.0000000000001321,-0.0556540299564941,0.0000000000000000,4.1502675585284283,3.0017974787,712.467,1978.294,322.0946,1.9839
1.0279828835469582,-0.0000000000000016,0.0000000000000000,0.0000000000000267,-0.0557605327671324,0.0000000000000000,4.1583612040133779,3.0017889086,713.602,1978.703,319.8708,1.9747
1.0280159582796191,-0.0000000000000016,0.0000000000000000,-0.0000000000005395,-0.0558664572633507,0.0000000000000000,4.1664548494983276,3.0017803996,714.727,1979.109,317.6769,1.9654
1.0280491119482622,-0.0000000000000000,0.0000000000000000,0.0000000000002586,-0.0559718153218842,0.0000000000000000,4.1745484949832772,3.0017719507,715.842,1979.512,315.5122,1.9560
1.0280823447845493,-0.0000000000000000,0.0000000000000000,0.0000000000002677,-0.0560766185666148,0.0000000000000000,4.1826421404682268,3.0017635611,716.948,1979.912,313.3762,1.9464
1.0281156570150518,-0.0000000000000000,0.0000000000000000,0.0000000000004160,-0.0561808783807485,0.0000000000000000,4.1907357859531773,3.0017552300,718.045,1980.310,311.2683,1.9367
1.0281490488591511,-0.0000000000000016,0.0000000000000000,0.0000000000002769,-0.0562846059094048,0.0000000000000000,4.1988294314381269,3.0017469565,719.132,1980.704,309.1882,1.9268
1.0281825205306558,-0.0000000000000016,0.0000000000000000,-0.0000000000000898,-0.0563878120689772,0.0000000000000000,4.2069230769230765,3.0017387399,720.210,1981.096,307.1351,1.9168
1.0282160722378659,-0.0000000000000000,0.0000000000000000,-0.0000000000003338,-0.0564905075524162,0.0000000000000000,4.2150167224080271,3.0017305792,721.279,1981.485,305.1087,1.9066
1.0282497041839842,-0.0000000000000016,0.0000000000000000,0.0000000000001259,-0.0565927028355745,0.0000000000000000,4.2231103678929767,3.0017224737,722.340,1981.871,303.1085,1.8963
1.0282834165666284,-0.0000000000000000,0.0000000000000000,0.0000000000001932,-0.0566944081823244,0.0000000000000000,4.2312040133779263,3.0017144227,723.392,1982.255,301.1340,1.8858
1.0283172095796527,-0.0000000000000016,0.0000000000000000,0.0000000000002730,-0.0567956336523614,0.0000000000000000,4.2392976588628759,3.0017064254,724.435,1982.636,299.1848,1.8752
1.0283510834126111,-0.0000000000000016,0.0000000000000000,0.0000000000003795,-0.0568963891047456,0.0000000000000000,4.2473913043478255,3.0016984810,725.470,1983.014,297.2604,1.8644
1.0283850382510362,-0.0000000000000016,0.0000000000000000,0.0000000000001225,-0.0569966842042114,0.0000000000000000,4.2554849498327760,3.0016905888,726.496,1983.390,295.3603,1.8535
1.0284190742774262,-0.0000000000000000,0.0000000000000000,0.0000000000001593,-0.0570965284275551,0.0000000000000000,4.2635785953177257,3.0016827482,727.515,1983.763,293.4843,1.8424
1.0284531916705644,-0.0000000000000016,0.0000000000000000,-0.0000000000000978,-0.0571959310656724,0.0000000000000000,4.2716722408026753,3.0016749583,728.525,1984.134,291.6317,1.8312
1.0284873906066478,-0.0000000000000016,0.0000000000000000,-0.0000000000002707,-0.0572949012323805,0.0000000000000000,4.2797658862876258,3.0016672184,729.528,1984.502,289.8023,1.8198
1.0285216712590370,-0.0000000000000000,0.0000000000000000,-0.0000000000005223,-0.0573934478654031,0.0000000000000000,4.2878595317725754,3.0016595280,730.523,1984.868,287.9957,1.8083
1.0285560337990896,-0.0000000000000016,0.0000000000000000,-0.0000000000000995,-0.0574915797340751,0.0000000000000000,4.2959531772575250,3.0016518863,731.510,1985.232,286.2114,1.7967
1.0285904783949256,-0.0000000000000016,0.0000000000000000,-0.0000000000003241,-0.0575893054410562,0.0000000000000000,4.3040468227424746,3.0016442926,732.489,1985.593,284.4491,1.7848
1.0286250052143247,-0.0000000000000000,0.0000000000000000,0.0000000000003871,-0.0576866334295937,0.0000000000000000,4.3121404682274243,3.0016367464,733.462,1985.952,282.7083,1.7729
1.0286596144210802,-0.0000000000000000,0.0000000000000000,-0.0000000000004595,-0.0577835719844485,0.0000000000000000,4.3202341137123739,3.0016292469,734.427,1986.308,280.9889,1.7608
1.0286943061803735,-0.0000000000000016,0.0000000000000000,-0.0000000000002759,-0.0578801292396505,0.0000000000000000,4.3283277591973244,3.0016217935,735.384,1986.663,279.2903,1.7485
1.0287290806538416,-0.0000000000000016,0.0000000000000000,-0.0000000000005634,-0.0579763131787104,0.0000000000000000,4.3364214046822740,3.0016143857,736.335,1987.015,277.6123,1.7361
1.0287639380034825,-0.0000000000000016,0.0000000000000000,-0.0000000000000536,-0.0580721316420675,0.0000000000000000,4.3445150501672236,3.0016070228,737.279,1987.365,275.9545,1.7236
1.0287988783887108,-0.0000000000000000,0.0000000000000000,-0.0000000000008423,-0.0581675923262839,0.0000000000000000,4.3526086956521741,3.0015997041,738.216,1987.712,274.3166,1.7109
1.0288339019708288,-0.0000000000000017,0.0000000000000000,-0.0000000000001307,-0.0582627027935760,0.0000000000000000,4.3607023411371237,3.0015924292,739.146,1988.058,272.6982,1.6981
1.0288690089078187,-0.0000000000000017,0.0000000000000000,-0.0000000000001224,-0.0583574704690457,0.0000000000000000,4.3687959866220734,3.0015851974,740.069,1988.402,271.0991,1.6851
1.0289041993592893,-0.0000000000000017,0.0000000000000000,0.0000000000001620,-0.0584519026489924,0.0000000000000000,4.3768896321070230,3.0015780081,740.986,1988.743,269.5189,1.6719
1.0289394734833690,-0.0000000000000017,0.0000000000000000,-0.0000000000001719,-0.0585460065008677,0.0000000000000000,4.3849832775919726,3.0015708608,741.896,1989.082,267.9573,1.6587
1.0289748314392428,-0.0000000000000000,0.0000000000000000,-0.0000000000002022,-0.0586397890695945,0.0000000000000000,4.3930769230769231,3.0015637550,742.800,1989.420,266.4141,1.6452
1.0290102733854811,-0.0000000000000017,0.0000000000000000,-0.0000000000005832,-0.0587332572770895,0.0000000000000000,4.4011705685618727,3.0015566900,743.698,1989.755,264.8890,1.6317
1.0290457994812667,-0.0000000000000017,0.0000000000000000,-0.0000000000008829,-0.0588264179283007,0.0000000000000000,4.4092642140468223,3.0015496654,744.589,1990.088,263.3816,1.6179
1.0290814098868566,-0.0000000000000000,0.0000000000000000,0.0000000000002219,-0.0589192777134412,0.0000000000000000,4.4173578595317728,3.0015426806,745.475,1990.420,261.8917,1.6041
1.0291171047608156,-0.0000000000000017,0.0000000000000000,0.0000000000000697,-0.0590118432077822,0.0000000000000000,4.4254515050167225,3.0015357351,746.354,1990.749,260.4191,1.5901
1.0291528842643258,-0.0000000000000000,0.0000000000000000,-0.0000000000003991,-0.0591041208792762,0.0000000000000000,4.4335451505016721,3.0015288284,747.227,1991.077,258.9634,1.5759
1.0291887485594535,-0.0000000000000000,0.0000000000000000,-0.0000000000000791,-0.0591961170888916,0.0000000000000000,4.4416387959866217,3.0015219599,748.095,1991.403,257.5243,1.5616
1.0292246978079680,-0.0000000000000017,0.0000000000000000,-0.0000000000000960,-0.0592878380920944,0.0000000000000000,4.4497324414715713,3.0015151292,748.956,1991.726,256.1018,1.5471
1.0292607321735279,-0.0000000000000000,0.0000000000000000,0.0000000000002192,-0.0593792900433047,0.0000000000000000,4.4578260869565209,3.0015083358,749.813,1992.049,254.6954,1.5325
1.0292968518205705,-0.0000000000000000,0.0000000000000000,0.0000000000004527,-0.0594704789973178,0.0000000000000000,4.4659197324414714,3.0015015792,750.663,1992.369,253.3050,1.5178
1.0293330569145753,-0.0000000000000000,0.0000000000000000,0.0000000000002646,-0.0595614109116947,0.0000000000000000,4.4740133779264211,3.0014948590,751.508,1992.687,251.9303,1.5029
1.0293693476227828,-0.0000000000000017,0.0000000000000000,-0.0000000000000529,-0.0596520916498869,0.0000000000000000,4.4821070234113716,3.0014881745,752.347,1993.004,250.5711,1.4878
1.0294057241137544,-0.0000000000000000,0.0000000000000000,-0.0000000000005247,-0.0597425269828265,0.0000000000000000,4.4902006688963212,3.0014815255,753.182,1993.319,249.2271,1.4727
1.0294421865580268,-0.0000000000000000,0.0000000000000000,-0.0000000000002339,-0.0598327225917917,0.0000000000000000,4.4982943143812708,3.0014749114,754.010,1993.632,247.8982,1.4573
1.0294787351266717,-0.0000000000000017,0.0000000000000000,-0.0000000000003061,-0.0599226840688487,0.0000000000000000,4.5063879598662204,3.0014683317,754.834,1993.944,246.5841,1.4419
1.0295153699934332,-0.0000000000000017,0.0000000000000000,-0.0000000000001477,-0.0600124169213016,0.0000000000000000,4.5144816053511700,3.0014617861,755.653,1994.254,245.2846,1.4262
1.0295520913331537,-0.0000000000000000,0.0000000000000000,-0.0000000000003297,-0.0601019265715305,0.0000000000000000,4.5225752508361197,3.0014552741,756.466,1994.562,243.9994,1.4105
1.0295888993234232,-0.0000000000000010,0.0000000000000000,-0.0000000000000062,-0.0601912183612748,0.0000000000000000,4.5306688963210702,3.0014487953,757.274,1994.869,242.7285,1.3946
1.0296257941427709,-0.0000000000000017,0.0000000000000000,-0.0000000000000315,-0.0602802975510305,0.0000000000000000,4.5387625418060198,3.0014423491,758.078,1995.174,241.4715,1.3785
1.0296627759725943,-0.0000000000000000,0.0000000000000000,0.0000000000001303,-0.0603691693241480,0.0000000000000000,4.5468561872909694,3.0014359354,758.876,1995.478,240.2283,1.3623
1.0296998449956771,-0.0000000000000017,0.0000000000000000,-0.0000000000002282,-0.0604578387867899,0.0000000000000000,4.5549498327759199,3.0014295535,759.670,1995.780,238.9987,1.3460
1.0297370013978822,-0.0000000000000000,0.0000000000000000,-0.0000000000002099,-0.0605463109718756,0.0000000000000000,4.5630434782608695,3.0014232031,760.459,1996.080,237.7825,1.3295
1.0297742453668322,-0.0000000000000000,0.0000000000000000,0.0000000000000603,-0.0606345908387214,0.0000000000000000,4.5711371237458192,3.0014168838,761.243,1996.379,236.5795,1.3129
1.0298115770922476,-0.0000000000000000,0.0000000000000000,0.0000000000003625,-0.0607226832755719,0.0000000000000000,4.5792307692307688,3.0014105952,762.023,1996.677,235.3895,1.2961
1.0298489967656768,-0.0000000000000017,0.0000000000000000,-0.0000000000007604,-0.0608105931004663,0.0000000000000000,4.5873244147157184,3.0014043370,762.798,1996.973,234.2124,1.2792
1.0298865045837118,-0.0000000000000000,0.0000000000000000,-0.0000000000001850,-0.0608983250666819,0.0000000000000000,4.5954180602006689,3.0013981086,763.569,1997.267,233.0480,1.2621
1.0299241007424511,-0.0000000000000000,0.0000000000000000,0.0000000000000705,-0.0609858838578071,0.0000000000000000,4.6035117056856185,3.0013919098,764.335,1997.560,231.8960,1.2449
1.0299617854418344,-0.0000000000000000,0.0000000000000000,0.0000000000001740,-0.0610732740941594,0.0000000000000000,4.6116053511705681,3.0013857401,765.097,1997.852,230.7564,1.2276
1.0299995588842585,-0.0000000000000000,0.0000000000000000,-0.0000000000001302,-0.0611605003326518,0.0000000000000000,4.6196989966555186,3.0013795993,765.855,1998.142,229.6290,1.2101
1.0300374212754759,-0.0000000000000000,0.0000000000000000,-0.0000000000000700,-0.0612475670690840,0.0000000000000000,4.6277926421404683,3.0013734868,766.608,1998.431,228.5136,1.1925
1.0300753728229295,-0.0000000000000017,0.0000000000000000,0.0000000000001498,-0.0613344787381391,0.0000000000000000,4.6358862876254179,3.0013674025,767.357,1998.718,227.4100,1.1747
1.0301134137372470,-0.0000000000000000,0.0000000000000000,-0.0000000000001717,-0.0614212397153251,0.0000000000000000,4.6439799331103675,3.0013613458,768.102,1999.005,226.3181,1.1568
1.0301515442327476,-0.0000000000000000,0.0000000000000000,0.0000000000005384,-0.0615078543199448,0.0000000000000000,4.6520735785953171,3.0013553165,768.843,1999.289,225.2378,1.1387
1.0301897645247069,-0.0000000000000017,0.0000000000000000,-0.0000000000000596,-0.0615943268126669,0.0000000000000000,4.6601672240802667,3.0013493142,769.580,1999.573,224.1688,1.1206
1.0302280748333730,-0.0000000000000017,0.0000000000000000,0.0000000000001651,-0.0616806614014541,0.0000000000000000,4.6682608695652172,3.0013433386,770.313,1999.855,223.1111,1.1022
1.0302664753808333,-0.0000000000000000,0.0000000000000000,0.0000000000000766,-0.0617668622391269,0.0000000000000000,4.6763545150501669,3.0013373893,771.042,2000.136,222.0645,1.0838
1.0303049663925870,-0.0000000000000000,0.0000000000000000,-0.0000000000000445,-0.0618529334268592,0.0000000000000000,4.6844481605351174,3.0013314660,771.767,2000.416,221.0289,1.0651
1.0303435480968852,-0.0000000000000000,0.0000000000000000,-0.0000000000005190,-0.0619388790133030,0.0000000000000000,4.6925418060200670,3.0013255683,772.488,2000.694,220.0041,1.0464
1.0303822207257942,-0.0000000000000018,0.0000000000000000,-0.0000000000006769,-0.0620247029983204,0.0000000000000000,4.7006354515050166,3.0013196960,773.206,2000.971,218.9899,1.0275
1.0304209845145293,-0.0000000000000000,0.0000000000000000,0.0000000000001683,-0.0621104093325396,0.0000000000000000,4.7087290969899662,3.0013138487,773.920,2001.247,217.9863,1.0085
1.0304598396998741,-0.0000000000000000,0.0000000000000000,-0.0000000000000859,-0.0621960019168149,0.0000000000000000,4.7168227424749158,3.0013080261,774.630,2001.522,216.9932,0.9893
1.0304987865236384,-0.0000000000000000,0.0000000000000000,-0.0000000000005431,-0.0622814846072257,0.0000000000000000,4.7249163879598655,3.0013022278,775.336,2001.795,216.0103,0.9700
1.0305378252314734,-0.0000000000000000,0.0000000000000000,0.0000000000004206,-0.0623668612146684,0.0000000000000000,4.7330100334448160,3.0012964537,776.039,2002.068,215.0376,0.9506
1.0305769560695717,-0.0000000000000000,0.0000000000000000,0.0000000000002841,-0.0624521355022165,0.0000000000000000,4.7411036789297656,3.0012907033,776.739,2002.339,214.0749,0.9310
1.0306161792901316,-0.0000000000000000,0.0000000000000000,0.0000000000004564,-0.0625373111919190,0.0000000000000000,4.7491973244147152,3.0012849763,777.435,2002.609,213.1221,0.9113
1.0306554951468132,-0.0000000000000000,0.0000000000000000,-0.0000000000007026,-0.0626223919616260,0.0000000000000000,4.7572909698996657,3.0012792725,778.127,2002.878,212.1792,0.8914
1.0306949039001290,-0.0000000000000018,0.0000000000000000,0.0000000000001450,-0.0627073814506979,0.0000000000000000,4.7653846153846153,3.0012735916,778.816,2003.146,211.2459,0.8714
1.0307344058093915,-0.0000000000000018,0.0000000000000000,0.0000000000000976,-0.0627922832522494,0.0000000000000000,4.7734782608695649,3.0012679332,779.502,2003.413,210.3222,0.8513
1.0307740011409581,-0.0000000000000018,0.0000000000000000,-0.0000000000000506,-0.0628771009242896,0.0000000000000000,4.7815719063545146,3.0012622971,780.185,2003.678,209.4080,0.8310
1.0308136901630942,-0.0000000000000000,0.0000000000000000,-0.0000000000000732,-0.0629618379831124,0.0000000000000000,4.7896655518394642,3.0012566830,780.864,2003.943,208.5031,0.8107
1.0308534731482157,-0.0000000000000000,0.0000000000000000,-0.0000000000001740,-0.0630464979086344,0.0000000000000000,4.7977591973244147,3.0012510906,781.540,2004.206,207.6075,0.7901
1.0308933503725775,-0.0000000000000007,0.0000000000000000,-0.0000000000000260,-0.0631310841428416,0.0000000000000000,4.8058528428093643,3.0012455196,782.213,2004.469,206.7209,0.7695
1.0309333221157926,-0.0000000000000018,0.0000000000000000,0.0000000000004102,-0.0632156000915537,0.0000000000000000,4.8139464882943148,3.0012399698,782.882,2004.730,205.8434,0.7487
1.0309733886603201,0.0000000000000000,0.0000000000000000,-0.0000000000002276,-0.0633000491240225,0.0000000000000000,4.8220401337792644,3.0012344409,783.549,2004.991,204.9748,0.7277
1.0310135502943525,-0.0000000000000000,0.0000000000000000,-0.0000000000001676,-0.0633844345770057,0.0000000000000000,4.8301337792642141,3.0012289326,784.213,2005.250,204.1150,0.7067
1.0310538073086553,-0.0000000000000000,0.0000000000000000,0.0000000000003983,-0.0634687597527038,0.0000000000000000,4.8382274247491637,3.0012234446,784.873,2005.509,203.2641,0.6855
1.0310941599967678,-0.0000000000000000,0.0000000000000000,0.0000000000000308,-0.0635530279177535,0.0000000000000000,4.8463210702341133,3.0012179767,785.531,2005.766,202.4216,0.6641
1.0311346086590003,-0.0000000000000018,0.0000000000000000,0.0000000000009210,-0.0636372423110288,0.0000000000000000,4.8544147157190629,3.0012125286,786.186,2006.023,201.5878,0.6427
1.0311751535953289,-0.0000000000000002,0.0000000000000000,0.0000000000000946,-0.0637214061342862,0.0000000000000000,4.8625083612040134,3.0012071001,786.837,2006.278,200.7623,0.6211
1.0312157951139824,-0.0000000000000000,0.0000000000000000,0.0000000000002071,-0.0638055225639721,0.0000000000000000,4.8706020066889630,3.0012016908,787.486,2006.533,199.9453,0.5994
1.0312565335244288,-0.0000000000000018,0.0000000000000000,0.0000000000004529,-0.0638895947430143,0.0000000000000000,4.8786956521739127,3.0011963006,788.132,2006.786,199.1364,0.5775
1.0312973691406471,-0.0000000000000018,0.0000000000000000,0.0000000000001602,-0.0639736257857496,0.0000000000000000,4.8867892976588632,3.0011909292,788.776,2007.039,198.3357,0.5555
1.0313383022815459,-0.0000000000000018,0.0000000000000000,0.0000000000007815,-0.0640576187784963,0.0000000000000000,4.8948829431438128,3.0011855764,789.416,2007.291,197.5431,0.5334
1.0313793332682657,-0.0000000000000018,0.0000000000000000,0.0000000000002588,-0.0641415767781581,0.0000000000000000,4.9029765886287624,3.0011802418,790.054,2007.542,196.7585,0.5112
1.0314204624276990,-0.0000000000000018,0.0000000000000000,0.0000000000004293,-0.0642255028155370,0.0000000000000000,4.9110702341137120,3.0011749253,790.689,2007.792,195.9818,0.4888
1.0314616900900946,-0.0000000000000000,0.0000000000000000,0.0000000000005545,-0.0643093998942702,0.0000000000000000,4.9191638795986616,3.0011696266,791.322,2008.041,195.2129,0.4663
1.0315030165898049,-0.0000000000000018,0.0000000000000000,0.0000000000005650,-0.0643932709918791,0.0000000000000000,4.9272575250836121,3.0011643455,791.952,2008.289,194.4518,0.4437
1.0315444422650271,-0.0000000000000000,0.0000000000000000,-0.0000000000002274,-0.0644771190600578,0.0000000000000000,4.9353511705685618,3.0011590818,792.579,2008.537,193.6983,0.4209
1.0315859674595376,-0.0000000000000018,0.0000000000000000,-0.0000000000001385,-0.0645609470272265,0.0000000000000000,4.9434448160535114,3.0011538351,793.204,2008.784,192.9524,0.3980
1.0316275925196234,-0.0000000000000018,0.0000000000000000,-0.0000000000005045,-0.0646447577956997,0.0000000000000000,4.9515384615384619,3.0011486053,793.827,2009.029,192.2141,0.3750
1.0316693177971923,-0.0000000000000018,0.0000000000000000,-0.0000000000001569,-0.0647285542457875,0.0000000000000000,4.9596321070234115,3.0011433922,794.447,2009.275,191.4831,0.3519
1.0317111436472319,-0.0000000000000018,0.0000000000000000,-0.0000000000001156,-0.0648123392332782,0.0000000000000000,4.9677257525083611,3.0011381955,795.064,2009.519,190.7595,0.3287
1.0317530704302060,-0.0000000000000000,0.0000000000000000,0.0000000000006518,-0.0648961155929059,0.0000000000000000,4.9758193979933107,3.0011330150,795.679,2009.762,190.0432,0.3053
1.0317950985091873,-0.0000000000000000,0.0000000000000000,0.0000000000002583,-0.0649798861355677,0.0000000000000000,4.9839130434782604,3.0011278505,796.292,2010.005,189.3341,0.2818
1.0318372282539319,-0.0000000000000018,0.0000000000000000,0.0000000000006139,-0.0650636536532141,0.0000000000000000,4.9920066889632100,3.0011227017,796.902,2010.247,188.6322,0.2581
1.0318794600367882,-0.0000000000000000,0.0000000000000000,0.0000000000006262,-0.0651474209154563,0.0000000000000000,5.0001003344481605,3.0011175684,797.510,2010.488,187.9373,0.2344
1.0319217942346903,-0.0000000000000018,0.0000000000000000,-0.0000000000005825,-0.0652311906714604,0.0000000000000000,5.0081939799331101,3.0011124505,798.116,2010.728,187.2494,0.2105
1.0319642312317681,-0.0000000000000019,0.0000000000000000,0.0000000000008193,-0.0653149656534442,0.0000000000000000,5.0162876254180606,3.0011073477,798.720,2010.968,186.5685,0.1865
1.0320067714120735,-0.0000000000000000,0.0000000000000000,0.0000000000007888,-0.0653987485696811,0.0000000000000000,5.0243812709030102,3.0011022597,799.321,2011.207,185.8944,0.1624
1.0320494151668489,-0.0000000000000000,0.0000000000000000,-0.0000000000002658,-0.0654825421124562,0.0000000000000000,5.0324749163879599,3.0010971865,799.920,2011.445,185.2271,0.1382
1.0320921628931539,-0.0000000000000000,0.0000000000000000,0.0000000000001911,-0.0655663489578232,0.0000000000000000,5.0405685618729095,3.0010921277,800.517,2011.682,184.5666,0.1138
1.0321350149891986,-0.0000000000000000,0.0000000000000000,-0.0000000000005336,-0.0656501717589188,0.0000000000000000,5.0486622073578591,3.0010870832,801.112,2011.919,183.9128,0.0893
1.0321779718613358,-0.0000000000000000,0.0000000000000000,-0.0000000000003221,-0.0657340131571459,0.0000000000000000,5.0567558528428087,3.0010820528,801.705,2012.155,183.2656,0.0647
1.0322210339183167,-0.0000000000000019,0.0000000000000000,-0.0000000000001238,-0.0658178757735736,0.0000000000000000,5.0648494983277592,3.0010770362,802.296,2012.391,182.6249,0.0400
1.0322642015741843,-0.0000000000000019,0.0000000000000000,-0.0000000000000676,-0.0659017622139651,0.0000000000000000,5.0729431438127088,3.0010720332,802.884,2012.626,181.9908,0.0152
1.0323074752478103,-0.0000000000000019,0.0000000000000000,-0.0000000000002151,-0.0659856750681514,0.0000000000000000,5.0810367892976585,3.0010670437,803.471,2012.860,181.3630,-0.0098
1.0323508553632728,-0.0000000000000019,0.0000000000000000,0.0000000000001973,-0.0660696169113838,0.0000000000000000,5.0891304347826090,3.0010620675,804.055,2013.093,180.7417,-0.0348
1.0323943423483954,-0.0000000000000000,0.0000000000000000,0.0000000000003677,-0.0661535903022689,0.0000000000000000,5.0972240802675586,3.0010571044,804.638,2013.326,180.1268,-0.0600
1.0324379366365548,-0.0000000000000000,0.0000000000000000,0.0000000000002759,-0.0662375977862371,0.0000000000000000,5.1053177257525082,3.0010521541,805.219,2013.558,179.5180,-0.0853
1.0324816386655262,-0.0000000000000019,0.0000000000000000,-0.0000000000008179,-0.0663216418936871,0.0000000000000000,5.1134113712374578,3.0010472164,805.798,2013.790,178.9155,-0.1107
1.0325254488802691,-0.0000000000000000,0.0000000000000000,0.0000000000005874,-0.0664057251441691,0.0000000000000000,5.1215050167224074,3.0010422913,806.375,2014.021,178.3192,-0.1362
1.0325693677262928,-0.0000000000000019,0.0000000000000000,-0.0000000000000533,-0.0664898500393878,0.0000000000000000,5.1295986622073579,3.0010373784,806.950,2014.251,177.7289,-0.1619
1.0326133956580035,-0.0000000000000019,0.0000000000000000,0.0000000000002561,-0.0665740190714351,0.0000000000000000,5.1376923076923076,3.0010324777,807.523,2014.481,177.1448,-0.1876
1.0326575331324535,-0.0000000000000000,0.0000000000000000,-0.0000000000005453,-0.0666582347185933,0.0000000000000000,5.1457859531772572,3.0010275888,808.095,2014.710,176.5666,-0.2135
1.0327017806139271,-0.0000000000000000,0.0000000000000000,-0.0000000000001997,-0.0667424994490707,0.0000000000000000,5.1538795986622077,3.0010227117,808.665,2014.938,175.9944,-0.2395
1.0327461385701315,-0.0000000000000000,0.0000000000000000,0.0000000000005832,-0.0668268157175109,0.0000000000000000,5.1619732441471573,3.0010178461,809.233,2015.166,175.4281,-0.2655
1.0327906074732733,-0.0000000000000000,0.0000000000000000,0.0000000000000898,-0.0669111859665856,0.0000000000000000,5.1700668896321069,3.0010129919,809.799,2015.394,174.8677,-0.2917
1.0328351878025397,-0.0000000000000019,0.0000000000000000,-0.0000000000003024,-0.0669956126303700,0.0000000000000000,5.1781605351170565,3.0010081489,810.363,2015.621,174.3131,-0.3180
1.0328798800415782,-0.0000000000000000,0.0000000000000000,-0.0000000000005934,-0.0670800981315225,0.0000000000000000,5.1862541806020062,3.0010033168,810.926,2015.847,173.7643,-0.3445
1.0329246846794213,-0.0000000000000019,0.0000000000000000,-0.0000000000004953,-0.0671646448828259,0.0000000000000000,5.1943478260869558,3.0009984956,811.488,2016.073,173.2212,-0.3710
1.0329696022102208,-0.0000000000000000,0.0000000000000000,0.0000000000002448,-0.0672492552869943,0.0000000000000000,5.2024414715719063,3.0009936850,812.047,2016.298,172.6837,-0.3976
1.0330146331325645,-0.0000000000000019,0.0000000000000000,-0.0000000000003520,-0.0673339317366905,0.0000000000000000,5.2105351170568559,3.0009888849,812.605,2016.523,172.1520,-0.4243
1.0330597779521613,-0.0000000000000019,0.0000000000000000,0.0000000000000618,-0.0674186766171494,0.0000000000000000,5.2186287625418064,3.0009840951,813.162,2016.747,171.6257,-0.4512
1.0331050371783823,-0.0000000000000019,0.0000000000000000,-0.0000000000002005,-0.0675034923029486,0.0000000000000000,5.2267224080267560,3.0009793153,813.717,2016.971,171.1051,-0.4781
1.0331504113269860,-0.0000000000000019,0.0000000000000000,-0.0000000000008405,-0.0675883811620744,0.0000000000000000,5.2348160535117056,3.0009745455,814.270,2017.195,170.5900,-0.5052
1.0331959009203870,-0.0000000000000000,0.0000000000000000,-0.0000000000000602,-0.0676733455559917,0.0000000000000000,5.2429096989966553,3.0009697855,814.822,2017.417,170.0803,-0.5323
1.0332415064832714,-0.0000000000000019,0.0000000000000000,-0.0000000000003868,-0.0677583878334288,0.0000000000000000,5.2510033444816049,3.0009650351,815.372,2017.640,169.5760,-0.5596
1.0332872285491628,-0.0000000000000000,0.0000000000000000,-0.0000000000000706,-0.0678435103409953,0.0000000000000000,5.2590969899665545,3.0009602940,815.921,2017.862,169.0772,-0.5869
1.0333330676548333,-0.0000000000000000,0.0000000000000000,-0.0000000000006603,-0.0679287154154309,0.0000000000000000,5.2671906354515050,3.0009555623,816.468,2018.083,168.5837,-0.6144
1.0333790243448588,-0.0000000000000000,0.0000000000000000,-0.0000000000002867,-0.0680140053887772,0.0000000000000000,5.2752842809364546,3.0009508396,817.015,2018.304,168.0954,-0.6420
1.0334250991682494,-0.0000000000000019,0.0000000000000000,0.0000000000009615,-0.0680993825863203,0.0000000000000000,5.2833779264214042,3.0009461259,817.559,2018.525,167.6125,-0.6696
1.0334712926779819,-0.0000000000000000,0.0000000000000000,0.0000000000005241,-0.0681848493236338,0.0000000000000000,5.2914715719063548,3.0009414209,818.102,2018.745,167.1349,-0.6974
1.0335176054360173,-0.0000000000000005,0.0000000000000000,-0.0000000000002499,-0.0682704079166048,0.0000000000000000,5.2995652173913044,3.0009367244,818.644,2018.964,166.6624,-0.7253
1.0335640380091284,-0.0000000000000001,0.0000000000000000,-0.0000000000003817,-0.0683560606731695,0.0000000000000000,5.3076588628762540,3.0009320365,819.185,2019.184,166.1951,-0.7532
1.0336105909695921,-0.0000000000000000,0.0000000000000000,0.0000000000001949,-0.0684418098960924,0.0000000000000000,5.3157525083612036,3.0009273567,819.724,2019.403,165.7329,-0.7813
1.0336572648942135,-0.0000000000000019,0.0000000000000000,-0.0000000000007179,-0.0685276578819718,0.0000000000000000,5.3238461538461532,3.0009226851,820.262,2019.621,165.2758,-0.8094
1.0337040603696694,-0.0000000000000001,0.0000000000000000,0.0000000000002507,-0.0686136069279767,0.0000000000000000,5.3319397993311037,3.0009180214,820.799,2019.839,164.8237,-0.8377
1.0337509779838383,-0.0000000000000019,0.0000000000000000,-0.0000000000000207,-0.0686996593204000,0.0000000000000000,5.3400334448160534,3.0009133655,821.335,2020.057,164.3768,-0.8660
1.0337980183341824,-0.0000000000000000,0.0000000000000000,0.0000000000005143,-0.0687858173470189,0.0000000000000000,5.3481270903010030,3.0009087172,821.869,2020.274,163.9347,-0.8945
1.0338451820220238,-0.0000000000000000,0.0000000000000000,-0.0000000000001478,-0.0688720832893533,0.0000000000000000,5.3562207357859535,3.0009040763,822.402,2020.491,163.4976,-0.9230
1.0338924696567662,-0.0000000000000019,0.0000000000000000,-0.0000000000004798,-0.0689584594277660,0.0000000000000000,5.3643143812709031,3.0008994428,822.934,2020.707,163.0655,-0.9516
1.0339398818538910,-0.0000000000000000,0.0000000000000000,0.0000000000008744,-0.0690449480395372,0.0000000000000000,5.3724080267558527,3.0008948164,823.465,2020.924,162.6383,-0.9803
1.0339874192319678,-0.0000000000000020,0.0000000000000000,-0.0000000000001120,-0.0691315513958984,0.0000000000000000,5.3805016722408023,3.0008901970,823.994,2021.139,162.2160,-1.0091
1.0340350824199667,-0.0000000000000000,0.0000000000000000,-0.0000000000005456,-0.0692182717706077,0.0000000000000000,5.3885953177257520,3.0008855844,824.523,2021.355,161.7985,-1.0380
1.0340828720526689,-0.0000000000000000,0.0000000000000000,0.0000000000012324,-0.0693051114346444,0.0000000000000000,5.3966889632107016,3.0008809784,825.050,2021.570,161.3858,-1.0670
1.0341307887665578,-0.0000000000000020,0.0000000000000000,-0.0000000000002738,-0.0693920726513703,0.0000000000000000,5.4047826086956521,3.0008763790,825.576,2021.785,160.9779,-1.0961
1.0341788332112600,-0.0000000000000000,0.0000000000000000,-0.0000000000003315,-0.0694791576913542,0.0000000000000000,5.4128762541806017,3.0008717860,826.101,2022.000,160.5747,-1.1253
1.0342270060385927,-0.0000000000000000,0.0000000000000000,-0.0000000000003390,-0.0695663688180622,0.0000000000000000,5.4209698996655522,3.0008671992,826.626,2022.214,160.1763,-1.1545
1.0342753079085338,-0.0000000000000020,0.0000000000000000,-0.0000000000002834,-0.0696537082972672,0.0000000000000000,5.4290635451505018,3.0008626184,827.149,2022.428,159.7826,-1.1838
1.0343237394875691,-0.0000000000000020,0.0000000000000000,0.0000000000001850,-0.0697411783924443,0.0000000000000000,5.4371571906354514,3.0008580436,827.671,2022.641,159.3936,-1.2133
1.0343723014473949,-0.0000000000000000,0.0000000000000000,-0.0000000000001138,-0.0698287813660040,0.0000000000000000,5.4452508361204011,3.0008534745,828.192,2022.855,159.0092,-1.2428
1.0344209944688005,-0.0000000000000020,0.0000000000000000,-0.0000000000001999,-0.0699165194830964,0.0000000000000000,5.4533444816053507,3.0008489109,828.712,2023.068,158.6295,-1.2724
1.0344698192380388,-0.0000000000000000,0.0000000000000000,0.0000000000000808,-0.0700043950073168,0.0000000000000000,5.4614381270903003,3.0008443529,829.231,2023.280,158.2543,-1.3020
1.0345187764486985,-0.0000000000000000,0.0000000000000000,0.0000000000007148,-0.0700924102030614,0.0000000000000000,5.4695317725752508,3.0008398002,829.750,2023.493,157.8837,-1.3318
1.0345678668005434,-0.0000000000000002,0.0000000000000000,0.0000000000013476,-0.0701805673348367,0.0000000000000000,5.4776254180602004,3.0008352526,830.267,2023.705,157.5176,-1.3616
1.0346170909997841,-0.0000000000000020,0.0000000000000000,0.0000000000001519,-0.0702688686682471,0.0000000000000000,5.4857190635451500,3.0008307100,830.784,2023.917,157.1562,-1.3915
1.0346664497627132,-0.0000000000000000,0.0000000000000000,0.0000000000002236,-0.0703573164729276,0.0000000000000000,5.4938127090301005,3.0008261723,831.299,2024.129,156.7992,-1.4215
1.0347159438099829,-0.0000000000000000,0.0000000000000000,0.0000000000007909,-0.0704459130171105,0.0000000000000000,5.5019063545150502,3.0008216392,831.814,2024.340,156.4467,-1.4516
1.0347655738691528,-0.0000000000000020,0.0000000000000000,-0.0000000000001048,-0.0705346605708460,0.0000000000000000,5.5099999999999998,3.0008171108,832.328,2024.551,156.0986,-1.4817
