x0_n,y0_n,z0_n,xd0_n,yd0_n,zd0_n,Tp,JC,L2ExcessVelocity_mps,landingVelocity_mps,stabilityIndex1,stabilityIndex2...,error_tol=1e-13
1.0082663547752759,-0.0000000000000001,-0.0249274649916186,-0.0000000000000156,-0.0199839013117954,-0.0000000000000184,1.8100000000000001,3.0010234643,698.831,1974.025,1.1567,-3.8456
1.0083159547651868,-0.0000000000000001,-0.0249336475458328,-0.0000000000000265,-0.0200792289076969,-0.0000000000000119,1.8143612040133781,3.0010203104,699.257,1974.176,1.1452,-3.8407
1.0083653545501501,-0.0000000000000000,-0.0249397373498258,-0.0000000000000355,-0.0201738603797842,0.0000000000000251,1.8187224080267559,3.0010171831,699.679,1974.326,1.1337,-3.8354
1.0084145572648839,-0.0000000000000000,-0.0249457346527213,-0.0000000000000444,-0.0202678048756587,0.0000000000000152,1.8230836120401339,3.0010140823,700.097,1974.474,1.1221,-3.8296
1.0084635659754886,-0.0000000000000001,-0.0249516396801519,-0.0000000000000293,-0.0203610713314707,-0.0000000000000056,1.8274448160535117,3.0010110081,700.512,1974.621,1.1104,-3.8234
1.0085123836814551,-0.0000000000000001,-0.0249574526348937,-0.0000000000000322,-0.0204536684778837,0.0000000000000025,1.8318060200668898,3.0010079603,700.922,1974.767,1.0987,-3.8167
1.0085610133177201,-0.0000000000000001,-0.0249631736976479,-0.0000000000000275,-0.0205456048458555,-0.0000000000000158,1.8361672240802676,3.0010049390,701.329,1974.911,1.0870,-3.8095
1.0086094577565472,-0.0000000000000001,-0.0249688030275405,-0.0000000000000570,-0.0206368887722588,0.0000000000000207,1.8405284280936456,3.0010019440,701.733,1975.054,1.0752,-3.8018
1.0086577198094553,-0.0000000000000000,-0.0249743407629202,-0.0000000000000536,-0.0207275284052403,0.0000000000000241,1.8448896321070234,3.0009989753,702.132,1975.196,1.0634,-3.7937
1.0087058022289059,-0.0000000000000001,-0.0249797870217528,-0.0000000000000311,-0.0208175317093911,0.0000000000000141,1.8492508361204014,3.0009960330,702.528,1975.337,1.0515,-3.7851
1.0087537077101136,-0.0000000000000000,-0.0249851419021374,-0.0000000000000323,-0.0209069064708469,0.0000000000000194,1.8536120401337792,3.0009931169,702.919,1975.476,1.0395,-3.7760
1.0088014388927293,-0.0000000000000000,-0.0249904054829725,-0.0000000000000278,-0.0209956603020659,-0.0000000000000197,1.8579732441471573,3.0009902271,703.308,1975.615,1.0276,-3.7664
1.0088489983624473,-0.0000000000000000,-0.0249955778242421,-0.0000000000000379,-0.0210838006466067,0.0000000000000023,1.8623344481605351,3.0009873634,703.692,1975.751,1.0156,-3.7563
1.0088963886525890,-0.0000000000000000,-0.0250006589676188,-0.0000000000000281,-0.0211713347835634,-0.0000000000000274,1.8666956521739131,3.0009845260,704.073,1975.887,1.0035,-3.7457
1.0089436122455797,-0.0000000000000000,-0.0250056489367244,-0.0000000000000366,-0.0212582698319876,-0.0000000000000104,1.8710568561872911,3.0009817147,704.450,1976.021,0.9914,-3.7346
1.0089906715744885,-0.0000000000000002,-0.0250105477376539,-0.0000000000000411,-0.0213446127551098,0.0000000000000101,1.8754180602006689,3.0009789295,704.823,1976.155,0.9793,-3.7230
1.0090375690244009,-0.0000000000000000,-0.0250153553592520,-0.0000000000000582,-0.0214303703644388,0.0000000000000321,1.8797792642140470,3.0009761704,705.193,1976.286,0.9671,-3.7109
1.0090843069338051,-0.0000000000000000,-0.0250200717735363,-0.0000000000000652,-0.0215155493236667,-0.0000000000000246,1.8841404682274248,3.0009734374,705.558,1976.417,0.9549,-3.6983
1.0091308875959804,-0.0000000000000000,-0.0250246969359433,-0.0000000000000364,-0.0216001561525695,-0.0000000000000348,1.8885016722408028,3.0009707305,705.921,1976.546,0.9426,-3.6852
1.0091773132601412,-0.0000000000000000,-0.0250292307856354,-0.0000000000000462,-0.0216841972305712,0.0000000000000211,1.8928628762541806,3.0009680496,706.279,1976.674,0.9304,-3.6715
1.0092235861328736,-0.0000000000000002,-0.0250336732458647,-0.0000000000000437,-0.0217676788004497,0.0000000000000145,1.8972240802675586,3.0009653948,706.634,1976.801,0.9180,-3.6573
1.0092697083792359,-0.0000000000000002,-0.0250380242241760,-0.0000000000000149,-0.0218506069716861,-0.0000000000000349,1.9015852842809364,3.0009627660,706.985,1976.927,0.9057,-3.6425
1.0093156821239060,-0.0000000000000002,-0.0250422836126117,-0.0000000000000187,-0.0219329877238225,0.0000000000000131,1.9059464882943145,3.0009601632,707.333,1977.051,0.8933,-3.6272
1.0093615094524147,-0.0000000000000000,-0.0250464512880676,-0.0000000000000326,-0.0220148269097361,0.0000000000000029,1.9103076923076923,3.0009575864,707.677,1977.174,0.8809,-3.6114
1.0094071924122072,-0.0000000000000002,-0.0250505271123915,-0.0000000000000289,-0.0220961302587418,0.0000000000000001,1.9146688963210703,3.0009550356,708.017,1977.296,0.8685,-3.5950
1.0094527330136691,-0.0000000000000001,-0.0250545109326220,-0.0000000000000151,-0.0221769033795735,-0.0000000000000260,1.9190301003344481,3.0009525108,708.354,1977.417,0.8561,-3.5781
1.0094981332311979,-0.0000000000000002,-0.0250584025811798,-0.0000000000000074,-0.0222571517633408,-0.0000000000000214,1.9233913043478261,3.0009500120,708.687,1977.536,0.8436,-3.5606
1.0095433950042110,-0.0000000000000002,-0.0250622018759938,-0.0000000000000306,-0.0223368807863718,0.0000000000000206,1.9277525083612042,3.0009475392,709.016,1977.654,0.8312,-3.5425
1.0095885202381407,-0.0000000000000002,-0.0250659086207629,-0.0000000000000207,-0.0224160957129266,0.0000000000000018,1.9321137123745820,3.0009450924,709.342,1977.771,0.8187,-3.5239
1.0096335108052843,-0.0000000000000000,-0.0250695226049683,-0.0000000000000471,-0.0224948016978206,0.0000000000000302,1.9364749163879600,3.0009426716,709.664,1977.886,0.8062,-3.5047
1.0096783685458952,-0.0000000000000002,-0.0250730436041317,-0.0000000000000090,-0.0225730037891156,-0.0000000000000335,1.9408361204013378,3.0009402768,709.983,1978.001,0.7937,-3.4849
1.0097230952688447,-0.0000000000000000,-0.0250764713797359,-0.0000000000000240,-0.0226507069304179,0.0000000000000141,1.9451973244147158,3.0009379080,710.298,1978.114,0.7811,-3.4646
1.0097676927526955,-0.0000000000000002,-0.0250798056795890,-0.0000000000000259,-0.0227279159634234,-0.0000000000000060,1.9495585284280936,3.0009355652,710.609,1978.226,0.7686,-3.4437
1.0098121627464458,-0.0000000000000002,-0.0250830462377458,-0.0000000000000087,-0.0228046356302345,-0.0000000000000299,1.9539197324414717,3.0009332485,710.917,1978.336,0.7561,-3.4221
1.0098565069703149,-0.0000000000000000,-0.0250861927746093,-0.0000000000000266,-0.0228808705755264,0.0000000000000128,1.9582809364548495,3.0009309578,711.221,1978.446,0.7436,-3.4000
1.0099007271166338,-0.0000000000000000,-0.0250892449970923,-0.0000000000000163,-0.0229566253488469,0.0000000000000214,1.9626421404682275,3.0009286931,711.522,1978.554,0.7311,-3.3773
1.0099448248505183,-0.0000000000000002,-0.0250922025985735,-0.0000000000000228,-0.0230319044066675,-0.0000000000000005,1.9670033444816053,3.0009264545,711.819,1978.661,0.7186,-3.3540
1.0099888018106575,-0.0000000000000002,-0.0250950652589999,-0.0000000000000592,-0.0231067121144197,0.0000000000000080,1.9713645484949833,3.0009242421,712.112,1978.766,0.7061,-3.3300
1.0100326596101430,-0.0000000000000002,-0.0250978326450208,-0.0000000000000109,-0.0231810527486070,-0.0000000000000326,1.9757257525083611,3.0009220557,712.402,1978.870,0.6936,-3.3055
1.0100763998369167,-0.0000000000000000,-0.0251005044097561,-0.0000000000000284,-0.0232549304985119,-0.0000000000000008,1.9800869565217392,3.0009198955,712.689,1978.974,0.6812,-3.2803
1.0101200240547643,-0.0000000000000000,-0.0251030801932032,-0.0000000000000185,-0.0233283494682790,0.0000000000000028,1.9844481605351172,3.0009177614,712.971,1979.075,0.6687,-3.2546
1.0101635338037778,-0.0000000000000000,-0.0251055596219084,-0.0000000000000124,-0.0234013136785918,0.0000000000000135,1.9888093645484950,3.0009156535,713.250,1979.176,0.6563,-3.2282
1.0102069306010830,-0.0000000000000000,-0.0251079423091834,-0.0000000000000386,-0.0234738270684560,0.0000000000000206,1.9931705685618730,3.0009135718,713.526,1979.275,0.6440,-3.2011
1.0102502159415441,-0.0000000000000002,-0.0251102278550529,-0.0000000000000147,-0.0235458934969951,-0.0000000000000144,1.9975317725752508,3.0009115164,713.798,1979.373,0.6317,-3.1735
1.0102933912981999,-0.0000000000000000,-0.0251124158462036,-0.0000000000000329,-0.0236175167448753,-0.0000000000000204,2.0018929765886289,3.0009094873,714.066,1979.470,0.6194,-3.1452
1.0103364581230909,-0.0000000000000002,-0.0251145058560098,-0.0000000000000388,-0.0236887005161664,-0.0000000000000177,2.0062541806020069,3.0009074844,714.331,1979.566,0.6072,-3.1163
1.0103794178477041,-0.0000000000000002,-0.0251164974445684,0.0000000000000078,-0.0237594484397189,-0.0000000000000212,2.0106153846153845,3.0009055079,714.592,1979.660,0.5951,-3.0868
1.0104222718835274,-0.0000000000000000,-0.0251183901585055,0.0000000000000182,-0.0238297640706522,-0.0000000000000169,2.0149765886287625,3.0009035578,714.850,1979.753,0.5830,-3.0566
1.0104650216227198,-0.0000000000000000,-0.0251201835310903,0.0000000000000106,-0.0238996508919064,0.0000000000000359,2.0193377926421405,3.0009016341,715.104,1979.845,0.5710,-3.0258
1.0105076684386165,-0.0000000000000000,-0.0251218770821951,0.0000000000000066,-0.0239691123156447,-0.0000000000000253,2.0236989966555186,3.0008997369,715.355,1979.935,0.5591,-2.9943
1.0105502136862454,-0.0000000000000002,-0.0251234703180842,0.0000000000000133,-0.0240381516845559,-0.0000000000000114,2.0280602006688961,3.0008978662,715.602,1980.025,0.5473,-2.9622
1.0105926587028160,-0.0000000000000000,-0.0251249627315461,0.0000000000000029,-0.0241067722731640,-0.0000000000000098,2.0324214046822742,3.0008960221,715.845,1980.112,0.5356,-2.9295
1.0106350048083341,-0.0000000000000000,-0.0251263538016877,0.0000000000000044,-0.0241749772892606,-0.0000000000000146,2.0367826086956522,3.0008942045,716.085,1980.199,0.5241,-2.8961
1.0106772533059738,-0.0000000000000002,-0.0251276429939465,-0.0000000000000017,-0.0242427698749575,-0.0000000000000046,2.0411438127090302,3.0008924136,716.321,1980.285,0.5126,-2.8621
1.0107194054826769,-0.0000000000000000,-0.0251288297599741,0.0000000000000235,-0.0243101531080437,-0.0000000000000503,2.0455050167224083,3.0008906494,716.553,1980.369,0.5013,-2.8274
1.0107614626094950,-0.0000000000000000,-0.0251299135375150,0.0000000000000024,-0.0243771300030178,-0.0000000000000144,2.0498662207357858,3.0008889120,716.782,1980.452,0.4902,-2.7921
1.0108034259422241,-0.0000000000000002,-0.0251308937504085,-0.0000000000000001,-0.0244437035124012,-0.0000000000000235,2.0542274247491639,3.0008872014,717.008,1980.533,0.4792,-2.7562
1.0108452967217445,-0.0000000000000000,-0.0251317698084175,0.0000000000000177,-0.0245098765276986,-0.0000000000000160,2.0585886287625419,3.0008855177,717.229,1980.613,0.4684,-2.7196
1.0108870761744397,-0.0000000000000000,-0.0251325411071306,0.0000000000000246,-0.0245756518804526,-0.0000000000000370,2.0629498327759199,3.0008838609,717.447,1980.692,0.4578,-2.6824
1.0109287655127368,-0.0000000000000000,-0.0251332070278308,0.0000000000000194,-0.0246410323433991,-0.0000000000000451,2.0673110367892975,3.0008822311,717.662,1980.770,0.4474,-2.6447
1.0109703659354687,-0.0000000000000000,-0.0251337669374375,0.0000000000000033,-0.0247060206313536,-0.0000000000000011,2.0716722408026755,3.0008806284,717.873,1980.846,0.4373,-2.6063
1.0110118786283269,-0.0000000000000000,-0.0251342201883740,0.0000000000000227,-0.0247706194022593,-0.0000000000000301,2.0760334448160536,3.0008790528,718.080,1980.922,0.4274,-2.5673
1.0110533047641990,-0.0000000000000002,-0.0251345661183055,0.0000000000000135,-0.0248348312580404,-0.0000000000000197,2.0803946488294316,3.0008775044,718.284,1980.995,0.4178,-2.5277
1.0110946455036722,-0.0000000000000002,-0.0251348040502152,0.0000000000000194,-0.0248986587455952,-0.0000000000000107,2.0847558528428092,3.0008759832,718.484,1981.068,0.4085,-2.4875
1.0111359019953456,-0.0000000000000000,-0.0251349332920432,0.0000000000000089,-0.0249621043576317,-0.0000000000000171,2.0891170568561872,3.0008744895,718.680,1981.139,0.3996,-2.4468
1.0111770753762979,-0.0000000000000002,-0.0251349531367175,0.0000000000000296,-0.0250251705335593,-0.0000000000000369,2.0934782608695652,3.0008730231,718.873,1981.209,0.3910,-2.4056
1.0112181667723510,-0.0000000000000002,-0.0251348628618384,0.0000000000000226,-0.0250878596602242,-0.0000000000000194,2.0978394648829433,3.0008715843,719.062,1981.278,0.3829,-2.3638
1.0112591772985691,-0.0000000000000002,-0.0251346617296321,0.0000000000000055,-0.0251501740728244,-0.0000000000000296,2.1022006688963213,3.0008701730,719.247,1981.345,0.3751,-2.3216
1.0113001080595825,-0.0000000000000002,-0.0251343489867157,0.0000000000000137,-0.0252121160556362,-0.0000000000000091,2.1065618729096989,3.0008687894,719.429,1981.411,0.3679,-2.2789
1.0113409601498826,-0.0000000000000002,-0.0251339238639418,0.0000000000000050,-0.0252736878427000,-0.0000000000000195,2.1109230769230769,3.0008674336,719.606,1981.475,0.3612,-2.2357
1.0113817346543079,-0.0000000000000000,-0.0251333855762136,0.0000000000000214,-0.0253348916186707,-0.0000000000000305,2.1152842809364549,3.0008661056,719.781,1981.539,0.3551,-2.1921
1.0114224326482339,-0.0000000000000000,-0.0251327333222520,0.0000000000000135,-0.0253957295193574,-0.0000000000000371,2.1196454849498330,3.0008648055,719.951,1981.601,0.3496,-2.1482
1.0114630551980861,-0.0000000000000000,-0.0251319662844362,0.0000000000000002,-0.0254562036325773,-0.0000000000000323,2.1240066889632105,3.0008635335,720.118,1981.661,0.3447,-2.1040
1.0115036033615747,-0.0000000000000002,-0.0251310836286252,0.0000000000000344,-0.0255163159986591,0.0000000000000009,2.1283678929765886,3.0008622895,720.281,1981.721,0.3407,-2.0594
1.0115440781880047,-0.0000000000000002,-0.0251300845038823,0.0000000000000250,-0.0255760686111223,-0.0000000000000359,2.1327290969899666,3.0008610738,720.441,1981.778,0.3374,-2.0147
1.0115844807187222,-0.0000000000000002,-0.0251289680422449,0.0000000000000119,-0.0256354634173303,-0.0000000000000356,2.1370903010033446,3.0008598865,720.596,1981.835,0.3351,-1.9698
1.0116248119873612,-0.0000000000000000,-0.0251277333585828,0.0000000000000198,-0.0256945023190213,-0.0000000000000135,2.1414515050167227,3.0008587275,720.748,1981.890,0.3337,-1.9248
1.0116650730201544,-0.0000000000000000,-0.0251263795503122,0.0000000000000368,-0.0257531871728720,-0.0000000000000347,2.1458127090301002,3.0008575971,720.896,1981.944,0.3335,-1.8799
1.0117052648362748,-0.0000000000000002,-0.0251249056971015,0.0000000000000218,-0.0258115197910722,-0.0000000000000313,2.1501739130434783,3.0008564953,721.041,1981.997,0.3344,-1.8350
1.0117453884481860,-0.0000000000000000,-0.0251233108607147,0.0000000000000156,-0.0258695019418413,-0.0000000000000142,2.1545351170568563,3.0008554223,721.181,1982.048,0.3366,-1.7902
1.0117854448619037,-0.0000000000000002,-0.0251215940847226,0.0000000000000250,-0.0259271353499247,-0.0000000000000143,2.1588963210702343,3.0008543781,721.318,1982.098,0.3402,-1.7458
1.0118254350772957,-0.0000000000000000,-0.0251197543941726,0.0000000000000211,-0.0259844216970396,-0.0000000000000160,2.1632575250836119,3.0008533630,721.451,1982.146,0.3453,-1.7017
1.0118653600884153,0.0000000000000000,-0.0251177907954014,0.0000000000000013,-0.0260413626223941,0.0000000000000132,2.1676187290969899,3.0008523769,721.580,1982.193,0.3522,-1.6581
1.0119052208838515,-0.0000000000000002,-0.0251157022757529,0.0000000000000242,-0.0260979597231453,-0.0000000000000211,2.1719799331103680,3.0008514200,721.705,1982.238,0.3608,-1.6152
1.0119450184469092,-0.0000000000000000,-0.0251134878031754,0.0000000000000322,-0.0261542145547626,-0.0000000000000220,2.1763411371237460,3.0008504925,721.826,1982.283,0.3715,-1.5730
1.0119847537559792,-0.0000000000000002,-0.0251111463260578,0.0000000000000364,-0.0262101286314415,-0.0000000000000276,2.1807023411371236,3.0008495945,721.944,1982.325,0.3842,-1.5318
1.0120244277848527,-0.0000000000000002,-0.0251086767728428,0.0000000000000276,-0.0262657034265651,-0.0000000000000101,2.1850635451505016,3.0008487261,722.057,1982.367,0.3993,-1.4916
1.0120640415029660,-0.0000000000000002,-0.0251060780517799,0.0000000000000334,-0.0263209403729748,-0.0000000000000493,2.1894247491638796,3.0008478875,722.167,1982.407,0.4169,-1.4526
1.0121035958757290,-0.0000000000000000,-0.0251033490504811,0.0000000000000242,-0.0263758408634336,-0.0000000000000214,2.1937859531772577,3.0008470787,722.273,1982.445,0.4371,-1.4150
1.0121430918647685,-0.0000000000000002,-0.0251004886357313,0.0000000000000055,-0.0264304062508520,-0.0000000000000126,2.1981471571906352,3.0008463000,722.375,1982.482,0.4602,-1.3789
1.0121825304282961,-0.0000000000000000,-0.0250974956530818,0.0000000000000327,-0.0264846378487075,-0.0000000000000248,2.2025083612040133,3.0008455514,722.472,1982.518,0.4862,-1.3444
1.0122219125212646,-0.0000000000000002,-0.0250943689264156,0.0000000000000246,-0.0265385369312219,-0.0000000000000214,2.2068695652173913,3.0008448332,722.566,1982.552,0.5154,-1.3118
1.0122612390957961,-0.0000000000000002,-0.0250911072577458,0.0000000000000315,-0.0265921047337974,-0.0000000000000320,2.2112307692307693,3.0008441454,722.656,1982.585,0.5478,-1.2810
1.0123005111013619,-0.0000000000000002,-0.0250877094267007,0.0000000000000125,-0.0266453424531363,-0.0000000000000089,2.2155919732441474,3.0008434883,722.742,1982.616,0.5837,-1.2522
1.0123397294851417,-0.0000000000000000,-0.0250841741902602,0.0000000000000251,-0.0266982512476370,-0.0000000000000184,2.2199531772575249,3.0008428619,722.824,1982.646,0.6230,-1.2255
1.0123788951922275,-0.0000000000000000,-0.0250805002822624,0.0000000000000234,-0.0267508322374667,-0.0000000000000281,2.2243143812709030,3.0008422665,722.902,1982.674,0.6659,-1.2009
1.0124180091659820,-0.0000000000000000,-0.0250766864130450,0.0000000000000182,-0.0268030865049275,-0.0000000000000319,2.2286755852842810,3.0008417022,722.975,1982.701,0.7125,-1.1784
1.0124570723482742,-0.0000000000000002,-0.0250727312690481,0.0000000000000311,-0.0268550150945452,-0.0000000000000075,2.2330367892976590,3.0008411691,723.045,1982.727,0.7627,-1.1582
1.0124960856797602,-0.0000000000000000,-0.0250686335123829,0.0000000000000271,-0.0269066190133200,-0.0000000000000287,2.2373979933110366,3.0008406676,723.110,1982.751,0.8165,-1.1400
1.0125350501002033,-0.0000000000000000,-0.0250643917803219,0.0000000000000144,-0.0269578992308712,-0.0000000000000201,2.2417591973244146,3.0008401976,723.172,1982.773,0.8740,-1.1240
1.0125739665487470,-0.0000000000000000,-0.0250600046849847,0.0000000000000311,-0.0270088566796140,-0.0000000000000093,2.2461204013377927,3.0008397594,723.229,1982.794,0.9352,-1.1100
1.0126128359641153,-0.0000000000000002,-0.0250554708127354,0.0000000000000049,-0.0270594922547880,-0.0000000000000079,2.2504816053511707,3.0008393533,723.282,1982.813,0.9999,-1.0979
1.0126516592850832,-0.0000000000000002,-0.0250507887238324,0.0000000000000417,-0.0271098068147884,-0.0000000000000025,2.2548428093645487,3.0008389793,723.331,1982.831,1.0681,-1.0878
1.0126904374504957,-0.0000000000000000,-0.0250459569518685,0.0000000000000120,-0.0271598011809757,-0.0000000000000175,2.2592040133779263,3.0008386377,723.376,1982.847,1.1398,-1.0795
1.0127291713998554,-0.0000000000000002,-0.0250409740032671,0.0000000000000297,-0.0272094761380823,-0.0000000000000240,2.2635652173913043,3.0008383286,723.416,1982.862,1.2149,-1.0729
1.0127678620733402,-0.0000000000000002,-0.0250358383567977,0.0000000000000217,-0.0272588324339940,-0.0000000000000061,2.2679264214046824,3.0008380523,723.452,1982.875,1.2933,-1.0678
1.0128065104122770,-0.0000000000000002,-0.0250305484631072,0.0000000000000311,-0.0273078707800018,-0.0000000000000351,2.2722876254180604,3.0008378090,723.484,1982.887,1.3749,-1.0643
1.0128451173593236,-0.0000000000000000,-0.0250251027440050,0.0000000000000144,-0.0273565918507313,0.0000000000000038,2.2766488294314380,3.0008375988,723.511,1982.897,1.4598,-1.0621
1.0128836838588418,-0.0000000000000000,-0.0250194995921389,0.0000000000000188,-0.0274049962842171,-0.0000000000000044,2.2810100334448160,3.0008374220,723.534,1982.905,1.5477,-1.0613
1.0129222108571174,-0.0000000000000002,-0.0250137373702056,0.0000000000000244,-0.0274530846818605,0.0000000000000148,2.2853712374581940,3.0008372788,723.553,1982.912,1.6387,-1.0617
1.0129606993026892,-0.0000000000000000,-0.0250078144105520,0.0000000000000141,-0.0275008576084376,-0.0000000000000154,2.2897324414715721,3.0008371695,723.567,1982.917,1.7327,-1.0632
1.0129991501466953,-0.0000000000000000,-0.0250017290144194,0.0000000000000326,-0.0275483155921184,-0.0000000000000330,2.2940936454849497,3.0008370941,723.577,1982.921,1.8297,-1.0657
1.0130375643430460,-0.0000000000000000,-0.0249954794513945,0.0000000000000084,-0.0275954591242504,-0.0000000000000137,2.2984548494983277,3.0008370531,723.582,1982.923,1.9296,-1.0692
1.0130759428489069,-0.0000000000000002,-0.0249890639588359,0.0000000000000174,-0.0276422886595439,-0.0000000000000051,2.3028160535117057,3.0008370466,723.583,1982.923,2.0323,-1.0736
1.0131142866248208,-0.0000000000000002,-0.0249824807410995,0.0000000000000032,-0.0276888046157397,0.0000000000000061,2.3071772575250837,3.0008370748,723.580,1982.922,2.1379,-1.0787
1.0131525966351946,-0.0000000000000002,-0.0249757279689569,0.0000000000000323,-0.0277350073737031,-0.0000000000000184,2.3115384615384613,3.0008371380,723.571,1982.919,2.2462,-1.0847
1.0131908738484112,-0.0000000000000000,-0.0249688037788423,0.0000000000000058,-0.0277808972771058,-0.0000000000000106,2.3158996655518393,3.0008372365,723.558,1982.914,2.3574,-1.0913
1.0132291192373875,-0.0000000000000002,-0.0249617062722457,0.0000000000000196,-0.0278264746325251,-0.0000000000000226,2.3202608695652174,3.0008373704,723.541,1982.908,2.4714,-1.0985
1.0132673337796805,-0.0000000000000000,-0.0249544335148462,0.0000000000000259,-0.0278717397090750,-0.0000000000000293,2.3246220735785954,3.0008375402,723.519,1982.900,2.5881,-1.1064
1.0133055184579269,-0.0000000000000000,-0.0249469835358834,0.0000000000000206,-0.0279166927383178,-0.0000000000000286,2.3289832775919734,3.0008377459,723.492,1982.890,2.7075,-1.1147
1.0133436742601656,-0.0000000000000000,-0.0249393543273260,0.0000000000000175,-0.0279613339140862,-0.0000000000000226,2.3333444816053515,3.0008379880,723.460,1982.878,2.8298,-1.1236
1.0133818021801315,-0.0000000000000000,-0.0249315438431095,0.0000000000000104,-0.0280056633922336,-0.0000000000000128,2.3377056856187290,3.0008382666,723.424,1982.865,2.9548,-1.1329
1.0134199032176308,-0.0000000000000002,-0.0249235499983180,-0.0000000000000005,-0.0280496812903990,0.0000000000000010,2.3420668896321071,3.0008385821,723.383,1982.850,3.0826,-1.1427
1.0134579783788971,-0.0000000000000000,-0.0249153706683345,0.0000000000000264,-0.0280933876877910,-0.0000000000000136,2.3464280936454847,3.0008389347,723.337,1982.833,3.2132,-1.1528
1.0134960286768475,-0.0000000000000000,-0.0249070036879929,0.0000000000000264,-0.0281367826247994,-0.0000000000000244,2.3507892976588627,3.0008393248,723.286,1982.815,3.3465,-1.1633
1.0135340551315630,-0.0000000000000000,-0.0248984468506952,0.0000000000000135,-0.0281798661028309,-0.0000000000000266,2.3551505016722407,3.0008397526,723.230,1982.794,3.4827,-1.1741
1.0135720587706027,-0.0000000000000000,-0.0248896979075110,0.0000000000000174,-0.0282226380839381,-0.0000000000000274,2.3595117056856187,3.0008402184,723.169,1982.772,3.6218,-1.1853
1.0136100406293358,0.0000000000000000,-0.0248807545662413,0.0000000000000289,-0.0282650984904424,-0.0000000000000224,2.3638729096989968,3.0008407226,723.103,1982.748,3.7637,-1.1967
1.0136480017513370,-0.0000000000000000,-0.0248716144904175,0.0000000000000268,-0.0283072472045653,-0.0000000000000194,2.3682341137123748,3.0008412655,723.032,1982.722,3.9085,-1.2083
1.0136859431887995,-0.0000000000000000,-0.0248622752983913,0.0000000000000264,-0.0283490840681105,-0.0000000000000277,2.3725953177257524,3.0008418474,722.956,1982.694,4.0563,-1.2202
1.0137238660028842,-0.0000000000000004,-0.0248527345622152,0.0000000000000210,-0.0283906088819783,0.0000000000000028,2.3769565217391304,3.0008424686,722.875,1982.665,4.2070,-1.2323
1.0137617712641409,-0.0000000000000004,-0.0248429898067321,0.0000000000000348,-0.0284318214057627,-0.0000000000000160,2.3813177257525084,3.0008431295,722.789,1982.633,4.3608,-1.2446
1.0137996600528481,-0.0000000000000002,-0.0248330385083208,0.0000000000000116,-0.0284727213572241,-0.0000000000000229,2.3856789297658860,3.0008438304,722.697,1982.600,4.5176,-1.2570
1.0138375334595708,-0.0000000000000004,-0.0248228780939427,0.0000000000000280,-0.0285133084119557,-0.0000000000000083,2.3900401337792641,3.0008445717,722.600,1982.565,4.6775,-1.2697
1.0138753925853567,-0.0000000000000002,-0.0248125059399176,0.0000000000000011,-0.0285535822026001,-0.0000000000000033,2.3944013377926421,3.0008453537,722.498,1982.527,4.8405,-1.2824
1.0139132385424319,-0.0000000000000000,-0.0248019193707662,0.0000000000000237,-0.0285935423186280,-0.0000000000000188,2.3987625418060201,3.0008461768,722.391,1982.488,5.0067,-1.2953
1.0139510724543703,-0.0000000000000003,-0.0247911156579571,0.0000000000000240,-0.0286331883054568,0.0000000000000226,2.4031237458193981,3.0008470414,722.278,1982.447,5.1762,-1.3083
1.0139888954567342,-0.0000000000000004,-0.0247800920188106,0.0000000000000278,-0.0286725196640584,-0.0000000000000214,2.4074849498327757,3.0008479479,722.159,1982.404,5.3490,-1.3215
1.0140267086974570,-0.0000000000000004,-0.0247688456149420,0.0000000000000430,-0.0287115358502350,-0.0000000000000298,2.4118461538461538,3.0008488966,722.035,1982.359,5.5251,-1.3347
1.0140645133372721,-0.0000000000000000,-0.0247573735511717,0.0000000000000206,-0.0287502362739196,-0.0000000000000168,2.4162073578595318,3.0008498880,721.905,1982.311,5.7046,-1.3480
1.0141023105503058,-0.0000000000000000,-0.0247456728741194,0.0000000000000295,-0.0287886202986113,-0.0000000000000345,2.4205685618729098,3.0008509224,721.770,1982.262,5.8876,-1.3613
1.0141401015244467,-0.0000000000000004,-0.0247337405706059,0.0000000000000098,-0.0288266872405170,-0.0000000000000141,2.4249297658862874,3.0008520003,721.629,1982.211,6.0741,-1.3747
1.0141778874619156,-0.0000000000000004,-0.0247215735665324,0.0000000000000227,-0.0288644363678130,-0.0000000000000142,2.4292909698996654,3.0008531221,721.482,1982.157,6.2642,-1.3882
1.0142156695797186,-0.0000000000000000,-0.0247091687250614,0.0000000000000207,-0.0289018668998336,-0.0000000000000171,2.4336521739130434,3.0008542883,721.329,1982.102,6.4580,-1.4017
1.0142534491102391,-0.0000000000000000,-0.0246965228452555,0.0000000000000096,-0.0289389780062907,-0.0000000000000079,2.4380133779264215,3.0008554992,721.171,1982.044,6.6555,-1.4152
1.0142912273017615,-0.0000000000000000,-0.0246836326604265,0.0000000000000265,-0.0289757688063734,-0.0000000000000102,2.4423745819397995,3.0008567554,721.006,1981.984,6.8568,-1.4288
1.0143290054189409,-0.0000000000000004,-0.0246704948365153,0.0000000000000036,-0.0290122383677280,-0.0000000000000149,2.4467357859531775,3.0008580573,720.836,1981.922,7.0620,-1.4423
1.0143667847435216,-0.0000000000000004,-0.0246571059703468,0.0000000000000206,-0.0290483857056855,-0.0000000000000128,2.4510969899665551,3.0008594053,720.659,1981.858,7.2712,-1.4559
1.0144045665747339,-0.0000000000000004,-0.0246434625879388,0.0000000000000062,-0.0290842097820678,-0.0000000000000182,2.4554581939799331,3.0008608000,720.476,1981.792,7.4845,-1.4695
1.0144423522300683,-0.0000000000000004,-0.0246295611426633,0.0000000000000173,-0.0291197095043014,-0.0000000000000146,2.4598193979933107,3.0008622419,720.287,1981.723,7.7018,-1.4830
1.0144801430457260,-0.0000000000000000,-0.0246153980133809,0.0000000000000046,-0.0291548837241791,-0.0000000000000223,2.4641806020066888,3.0008637314,720.092,1981.652,7.9234,-1.4965
1.0145179403773938,-0.0000000000000004,-0.0246009695025189,0.0000000000000229,-0.0291897312368746,-0.0000000000000191,2.4685418060200668,3.0008652691,719.890,1981.579,8.1493,-1.5100
1.0145557456007319,-0.0000000000000004,-0.0245862718340816,0.0000000000000044,-0.0292242507795717,-0.0000000000000240,2.4729030100334448,3.0008668555,719.682,1981.503,8.3796,-1.5235
1.0145935601122056,-0.0000000000000004,-0.0245713011515890,0.0000000000000141,-0.0292584410304282,-0.0000000000000209,2.4772642140468228,3.0008684911,719.468,1981.425,8.6145,-1.5369
1.0146313853296109,-0.0000000000000004,-0.0245560535159703,0.0000000000000015,-0.0292923006070823,-0.0000000000000254,2.4816254180602009,3.0008701765,719.246,1981.345,8.8539,-1.5503
1.0146692226929024,-0.0000000000000004,-0.0245405249033323,0.0000000000000253,-0.0293258280654557,-0.0000000000000221,2.4859866220735785,3.0008719123,719.019,1981.262,9.0980,-1.5636
1.0147070736647761,-0.0000000000000000,-0.0245247112027292,0.0000000000000235,-0.0293590218982020,-0.0000000000000160,2.4903478260869565,3.0008736990,718.784,1981.177,9.3470,-1.5768
1.0147449397315373,-0.0000000000000004,-0.0245086082137787,0.0000000000000131,-0.0293918805333517,0.0000000000000130,2.4947090301003345,3.0008755372,718.542,1981.089,9.6008,-1.5900
1.0147828224038367,-0.0000000000000004,-0.0244922116443204,0.0000000000000154,-0.0294244023327976,-0.0000000000000190,2.4990702341137121,3.0008774275,718.294,1980.999,9.8598,-1.6031
1.0148207232173496,-0.0000000000000002,-0.0244755171077283,-0.0000000000000001,-0.0294565855905042,-0.0000000000000157,2.5034314381270901,3.0008793706,718.038,1980.906,10.1238,-1.6161
1.0148586437337392,-0.0000000000000004,-0.0244585201205193,0.0000000000000104,-0.0294884285310731,-0.0000000000000086,2.5077926421404682,3.0008813670,717.776,1980.811,10.3932,-1.6290
1.0148965855413550,-0.0000000000000004,-0.0244412160995377,0.0000000000000039,-0.0295199293078426,-0.0000000000000149,2.5121538461538462,3.0008834174,717.506,1980.714,10.6679,-1.6418
1.0149345502561880,-0.0000000000000000,-0.0244236003592246,0.0000000000000237,-0.0295510860011609,-0.0000000000000295,2.5165150501672242,3.0008855224,717.229,1980.613,10.9482,-1.6545
1.0149725395226614,-0.0000000000000000,-0.0244056681086644,0.0000000000000306,-0.0295818966164057,0.0000000000000073,2.5208762541806018,3.0008876828,716.944,1980.510,11.2342,-1.6671
1.0150105550146313,-0.0000000000000000,-0.0243874144487754,0.0000000000000243,-0.0296123590821236,-0.0000000000000057,2.5252374581939798,3.0008898992,716.652,1980.404,11.5260,-1.6796
1.0150485984362667,-0.0000000000000004,-0.0243688343689905,0.0000000000000272,-0.0296424712478621,-0.0000000000000190,2.5295986622073579,3.0008921723,716.353,1980.296,11.8237,-1.6919
1.0150866715230360,-0.0000000000000004,-0.0243499227442298,0.0000000000000328,-0.0296722308820816,-0.0000000000000209,2.5339598662207359,3.0008945029,716.045,1980.185,12.1275,-1.7041
1.0151247760426800,-0.0000000000000000,-0.0243306743315128,0.0000000000000122,-0.0297016356698758,-0.0000000000000124,2.5383210702341135,3.0008968916,715.730,1980.071,12.4376,-1.7162
1.0151629137963132,-0.0000000000000000,-0.0243110837665298,-0.0000000000000038,-0.0297306832106894,-0.0000000000000202,2.5426822742474915,3.0008993393,715.407,1979.954,12.7541,-1.7281
1.0152010866194348,-0.0000000000000004,-0.0242911455601212,0.0000000000000317,-0.0297593710158495,-0.0000000000000122,2.5470434782608695,3.0009018466,715.076,1979.835,13.0772,-1.7399
1.0152392963829604,-0.0000000000000004,-0.0242708540944834,0.0000000000000340,-0.0297876965059184,-0.0000000000000201,2.5514046822742475,3.0009044145,714.737,1979.712,13.4071,-1.7515
1.0152775449944886,-0.0000000000000000,-0.0242502036194140,0.0000000000000342,-0.0298156570081871,0.0000000000000024,2.5557658862876256,3.0009070436,714.390,1979.587,13.7438,-1.7630
1.0153158343994000,-0.0000000000000004,-0.0242291882483455,0.0000000000000080,-0.0298432497538260,-0.0000000000000171,2.5601270903010036,3.0009097349,714.034,1979.458,14.0877,-1.7743
1.0153541665821071,-0.0000000000000000,-0.0242078019541412,0.0000000000000296,-0.0298704718750172,-0.0000000000000205,2.5644882943143812,3.0009124891,713.669,1979.327,14.4389,-1.7854
1.0153925435672009,-0.0000000000000000,-0.0241860385648454,0.0000000000000268,-0.0298973204018155,0.0000000000000018,2.5688494983277592,3.0009153072,713.296,1979.193,14.7976,-1.7963
1.0154309674208857,-0.0000000000000000,-0.0241638917593008,0.0000000000000274,-0.0299237922591360,-0.0000000000000091,2.5732107023411368,3.0009181900,712.915,1979.055,15.1639,-1.8070
1.0154694402522575,-0.0000000000000000,-0.0241413550623216,0.0000000000000284,-0.0299498842633801,0.0000000000000074,2.5775719063545148,3.0009211385,712.524,1978.914,15.5382,-1.8175
1.0155079642146345,-0.0000000000000004,-0.0241184218402027,0.0000000000000256,-0.0299755931189467,-0.0000000000000029,2.5819331103678929,3.0009241535,712.124,1978.770,15.9206,-1.8278
1.0155465415070688,-0.0000000000000000,-0.0240950852953933,0.0000000000000313,-0.0300009154146579,-0.0000000000000140,2.5862943143812709,3.0009272361,711.715,1978.623,16.3113,-1.8379
1.0155851743757849,-0.0000000000000004,-0.0240713384615164,0.0000000000000352,-0.0300258476199973,-0.0000000000000004,2.5906555183946489,3.0009303872,711.297,1978.473,16.7106,-1.8478
1.0156238651157390,-0.0000000000000000,-0.0240471741979391,0.0000000000000197,-0.0300503860811634,-0.0000000000000162,2.5950167224080269,3.0009336078,710.869,1978.319,17.1187,-1.8574
1.0156626160721949,-0.0000000000000000,-0.0240225851840488,0.0000000000000186,-0.0300745270169055,-0.0000000000000261,2.5993779264214045,3.0009368990,710.432,1978.162,17.5359,-1.8668
1.0157014296423665,-0.0000000000000004,-0.0239975639135224,0.0000000000000253,-0.0300982665142432,-0.0000000000000210,2.6037391304347826,3.0009402617,709.985,1978.001,17.9624,-1.8760
1.0157403082770935,-0.0000000000000004,-0.0239721026881774,0.0000000000000017,-0.0301216005238719,0.0000000000000097,2.6081003344481606,3.0009436972,709.528,1977.837,18.3986,-1.8849
1.0157792544827338,-0.0000000000000004,-0.0239461936117414,0.0000000000000217,-0.0301445248556330,-0.0000000000000227,2.6124615384615382,3.0009472065,709.061,1977.670,18.8446,-1.8936
1.0158182708227874,-0.0000000000000000,-0.0239198285830246,0.0000000000000197,-0.0301670351732568,-0.0000000000000146,2.6168227424749162,3.0009507907,708.583,1977.499,19.3007,-1.9019
1.0158573599199743,-0.0000000000000004,-0.0238929992892626,0.0000000000000136,-0.0301891269894268,-0.0000000000000036,2.6211839464882942,3.0009544510,708.095,1977.324,19.7673,-1.9100
1.0158965244581326,-0.0000000000000004,-0.0238656971988701,0.0000000000000075,-0.0302107956602447,-0.0000000000000041,2.6255451505016723,3.0009581886,707.596,1977.145,20.2447,-1.9178
1.0159357671842808,-0.0000000000000004,-0.0238379135539487,0.0000000000000198,-0.0302320363795789,-0.0000000000000058,2.6299063545150503,3.0009620048,707.087,1976.963,20.7332,-1.9254
1.0159750909106895,-0.0000000000000004,-0.0238096393624984,0.0000000000000255,-0.0302528441729975,0.0000000000000009,2.6342675585284279,3.0009659008,706.566,1976.777,21.2332,-1.9326
1.0160144985171335,-0.0000000000000000,-0.0237808653903210,0.0000000000000079,-0.0302732138916253,-0.0000000000000110,2.6386287625418059,3.0009698779,706.035,1976.587,21.7449,-1.9395
1.0160539929531887,-0.0000000000000000,-0.0237515821524385,0.0000000000000236,-0.0302931402055269,-0.0000000000000077,2.6429899665551839,3.0009739374,705.491,1976.393,22.2687,-1.9461
1.0160935772405324,-0.0000000000000004,-0.0237217799043637,0.0000000000000137,-0.0303126175968167,-0.0000000000000089,2.6473511705685620,3.0009780808,704.937,1976.195,22.8051,-1.9523
1.0161332544754957,-0.0000000000000000,-0.0236914486327140,0.0000000000000269,-0.0303316403524387,-0.0000000000000022,2.6517123745819395,3.0009823094,704.370,1975.993,23.3544,-1.9582
1.0161730278315397,-0.0000000000000004,-0.0236605780456236,0.0000000000000320,-0.0303502025565547,-0.0000000000000120,2.6560735785953176,3.0009866247,703.791,1975.787,23.9171,-1.9638
1.0162129005619811,-0.0000000000000000,-0.0236291575625639,0.0000000000000171,-0.0303682980825979,-0.0000000000000054,2.6604347826086956,3.0009910281,703.200,1975.576,24.4935,-1.9690
1.0162528760027492,-0.0000000000000004,-0.0235971763038276,0.0000000000000215,-0.0303859205848896,-0.0000000000000124,2.6647959866220736,3.0009955212,702.596,1975.361,25.0840,-1.9739
1.0162929575752229,-0.0000000000000004,-0.0235646230794300,0.0000000000000164,-0.0304030634898010,-0.0000000000000124,2.6691571906354516,3.0010001056,701.980,1975.142,25.6893,-1.9783
1.0163331487892839,-0.0000000000000000,-0.0235314863775445,0.0000000000000279,-0.0304197199865609,-0.0000000000000010,2.6735183946488292,3.0010047829,701.350,1974.919,26.3096,-1.9824
1.0163734532463597,-0.0000000000000004,-0.0234977543523708,0.0000000000000277,-0.0304358830174018,-0.0000000000000097,2.6778795986622073,3.0010095547,700.708,1974.690,26.9456,-1.9861
1.0164138746427271,-0.0000000000000004,-0.0234634148114513,0.0000000000000117,-0.0304515452674126,-0.0000000000000081,2.6822408026755853,3.0010144228,700.051,1974.458,27.5978,-1.9894
1.0164544167728624,-0.0000000000000004,-0.0234284552023595,-0.0000000000000115,-0.0304666991537064,-0.0000000000000067,2.6866020066889633,3.0010193889,699.381,1974.220,28.2666,-1.9923
1.0164950835329796,-0.0000000000000000,-0.0233928625987739,0.0000000000000027,-0.0304813368140682,-0.0000000000000181,2.6909632107023409,3.0010244548,698.697,1973.978,28.9527,-1.9947
1.0165358789246137,-0.0000000000000000,-0.0233566236858358,0.0000000000000010,-0.0304954500949235,-0.0000000000000125,2.6953244147157189,3.0010296224,697.998,1973.731,29.6567,-1.9967
1.0165768070585335,-0.0000000000000004,-0.0233197247447762,0.0000000000000151,-0.0305090305387866,-0.0000000000000036,2.6996856187290970,3.0010348936,697.284,1973.478,30.3791,-1.9983
1.0166178721586274,-0.0000000000000000,-0.0232821516368968,0.0000000000000081,-0.0305220693708554,-0.0000000000000151,2.7040468227424750,3.0010402704,696.556,1973.221,31.1207,-1.9994
1.0166590785661396,-0.0000000000000004,-0.0232438897865577,0.0000000000000137,-0.0305345574851002,-0.0000000000000220,2.7084080267558530,3.0010457549,695.812,1972.959,31.8820,-2.0000
1.0167004307439023,-0.0000000000000004,-0.0232049241634686,0.0000000000000116,-0.0305464854292867,-0.0000000000000029,2.7127692307692306,3.0010513491,695.052,1972.691,32.6638,-2.0002
1.0167419332809029,-0.0000000000000004,-0.0231652392639927,0.0000000000000163,-0.0305578433894081,-0.0000000000000075,2.7171304347826086,3.0010570552,694.276,1972.418,33.4669,-1.9999
1.0167835908969505,-0.0000000000000000,-0.0231248190914951,0.0000000000000122,-0.0305686211731036,-0.0000000000000015,2.7214916387959867,3.0010628755,693.484,1972.139,34.2919,-1.9990
1.0168254084476116,-0.0000000000000000,-0.0230836471356804,0.0000000000000080,-0.0305788081921993,-0.0000000000000065,2.7258528428093647,3.0010688122,692.675,1971.855,35.1397,-1.9976
1.0168673909293320,-0.0000000000000004,-0.0230417063508239,0.0000000000000209,-0.0305883934441953,-0.0000000000000102,2.7302140468227423,3.0010748677,691.849,1971.565,36.0112,-1.9957
1.0169095434847555,-0.0000000000000000,-0.0229989791328562,0.0000000000000299,-0.0305973654926706,-0.0000000000000127,2.7345752508361203,3.0010810445,691.006,1971.269,36.9071,-1.9933
1.0169518714083357,-0.0000000000000000,-0.0229554472952125,0.0000000000000101,-0.0306057124465831,-0.0000000000000093,2.7389364548494983,3.0010873451,690.144,1970.967,37.8285,-1.9903
1.0169943801522321,-0.0000000000000004,-0.0229110920433582,0.0000000000000051,-0.0306134219383913,-0.0000000000000116,2.7432976588628764,3.0010937722,689.264,1970.659,38.7763,-1.9867
1.0170370753323226,-0.0000000000000004,-0.0228658939479286,-0.0000000000000003,-0.0306204811006730,-0.0000000000000125,2.7476588628762539,3.0011003283,688.365,1970.345,39.7516,-1.9826
1.0170799627346736,-0.0000000000000000,-0.0228198329163647,0.0000000000000341,-0.0306268765415840,-0.0000000000000043,2.7520200668896320,3.0011070164,687.447,1970.024,40.7553,-1.9779
1.0171230483221008,0.0000000000000000,-0.0227728881629443,0.0000000000000215,-0.0306325943185267,-0.0000000000000031,2.7563812709030100,3.0011138393,686.509,1969.697,41.7885,-1.9725
1.0171663382413203,-0.0000000000000000,-0.0227250381771657,0.0000000000000296,-0.0306376199105882,-0.0000000000000076,2.7607424749163876,3.0011208000,685.551,1969.363,42.8526,-1.9665
1.0172098388301205,-0.0000000000000004,-0.0226762606902168,0.0000000000000192,-0.0306419381888734,-0.0000000000000010,2.7651036789297656,3.0011279016,684.572,1969.023,43.9486,-1.9599
1.0172535566250969,-0.0000000000000004,-0.0226265326396013,0.0000000000000038,-0.0306455333852170,0.0000000000000058,2.7694648829431436,3.0011351472,683.572,1968.675,45.0779,-1.9526
1.0172974983696459,-0.0000000000000000,-0.0225758301316449,0.0000000000000224,-0.0306483890588101,-0.0000000000000125,2.7738260869565217,3.0011425402,682.550,1968.321,46.2419,-1.9447
1.0173416710222873,-0.0000000000000004,-0.0225241284017053,-0.0000000000000290,-0.0306504880606650,-0.0000000000000074,2.7781872909698997,3.0011500839,681.505,1967.959,47.4419,-1.9361
1.0173860817656546,-0.0000000000000000,-0.0224714017721836,0.0000000000000149,-0.0306518124959940,-0.0000000000000062,2.7825484949832777,3.0011577820,680.438,1967.589,48.6794,-1.9268
1.0174307380154388,-0.0000000000000004,-0.0224176236076712,0.0000000000000098,-0.0306523436836618,-0.0000000000000063,2.7869096989966553,3.0011656381,679.347,1967.212,49.9562,-1.9167
1.0174756474302891,-0.0000000000000004,-0.0223627662676948,0.0000000000000126,-0.0306520621135109,-0.0000000000000084,2.7912709030100333,3.0011736560,678.231,1966.827,51.2737,-1.9060
1.0175208179218163,-0.0000000000000004,-0.0223068010562346,-0.0000000000000148,-0.0306509474003874,-0.0000000000000046,2.7956321070234114,3.0011818395,677.091,1966.434,52.6338,-1.8945
1.0175662576653184,-0.0000000000000000,-0.0222496981682373,0.0000000000000070,-0.0306489782353629,-0.0000000000000010,2.7999933110367894,3.0011901929,675.925,1966.033,54.0383,-1.8822
1.0176119751108039,-0.0000000000000004,-0.0221914266325828,0.0000000000000108,-0.0306461323332935,0.0000000000000017,2.8043545150501670,3.0011987203,674.732,1965.623,55.4892,-1.8691
1.0176579789948124,-0.0000000000000000,-0.0221319542514644,0.0000000000000034,-0.0306423863771001,0.0000000000000090,2.8087157190635450,3.0012074262,673.513,1965.205,56.9885,-1.8553
1.0177042783526733,-0.0000000000000004,-0.0220712475357841,0.0000000000000051,-0.0306377159579137,-0.0000000000000148,2.8130769230769230,3.0012163151,672.265,1964.778,58.5385,-1.8406
1.0177508825313830,-0.0000000000000000,-0.0220092716361948,0.0000000000000059,-0.0306320955110475,0.0000000000000023,2.8174381270903011,3.0012253917,670.989,1964.342,60.1413,-1.8251
1.0177978012031907,-0.0000000000000000,-0.0219459902696364,0.0000000000000147,-0.0306254982473431,-0.0000000000000067,2.8217993311036791,3.0012346610,669.683,1963.896,61.7996,-1.8088
1.0178450443798055,-0.0000000000000006,-0.0218813656407446,0.0000000000000081,-0.0306178960796100,0.0000000000000057,2.8261605351170567,3.0012441280,668.347,1963.441,63.5157,-1.7915
1.0178926224274107,-0.0000000000000000,-0.0218153583579562,0.0000000000000199,-0.0306092595436330,-0.0000000000000096,2.8305217391304347,3.0012537982,666.979,1962.975,65.2926,-1.7734
1.0179405460823299,-0.0000000000000000,-0.0217479273436350,0.0000000000000109,-0.0305995577132440,-0.0000000000000018,2.8348829431438123,3.0012636771,665.579,1962.500,67.1330,-1.7544
1.0179888264676238,-0.0000000000000000,-0.0216790297379627,0.0000000000000032,-0.0305887581091076,-0.0000000000000038,2.8392441471571903,3.0012737703,664.145,1962.014,69.0400,-1.7345
1.0180374751104406,-0.0000000000000004,-0.0216086207958287,0.0000000000000112,-0.0305768266004997,0.0000000000000038,2.8436053511705683,3.0012840840,662.677,1961.518,71.0170,-1.7136
1.0180865039603002,-0.0000000000000004,-0.0215366537762359,0.0000000000000159,-0.0305637272994827,-0.0000000000000021,2.8479665551839464,3.0012946245,661.173,1961.010,73.0673,-1.6917
1.0181359254083266,-0.0000000000000004,-0.0214630798235874,0.0000000000000224,-0.0305494224468764,0.0000000000000013,2.8523277591973244,3.0013053981,659.633,1960.491,75.1947,-1.6689
1.0181857523075097,-0.0000000000000004,-0.0213878478399373,0.0000000000000119,-0.0305338722891885,-0.0000000000000048,2.8566889632107024,3.0013164117,658.054,1959.961,77.4030,-1.6450
1.0182359979939530,-0.0000000000000000,-0.0213109043477534,0.0000000000000042,-0.0305170349456063,-0.0000000000000114,2.8610501672240805,3.0013276725,656.436,1959.418,79.6965,-1.6201
1.0182866763093013,-0.0000000000000000,-0.0212321933418234,0.0000000000000065,-0.0304988662642883,-0.0000000000000023,2.8654113712374585,3.0013391878,654.778,1958.863,82.0795,-1.5942
1.0183378016242630,-0.0000000000000004,-0.0211516561297678,0.0000000000000109,-0.0304793196666711,-0.0000000000000065,2.8697725752508361,3.0013509654,653.077,1958.295,84.5569,-1.5672
1.0183893888634217,-0.0000000000000000,-0.0210692311597110,0.0000000000000027,-0.0304583459789274,-0.0000000000000021,2.8741337792642137,3.0013630134,651.332,1957.714,87.1336,-1.5391
1.0184414535313440,-0.0000000000000004,-0.0209848538341087,0.0000000000000149,-0.0304358932490487,-0.0000000000000001,2.8784949832775917,3.0013753401,649.543,1957.120,89.8150,-1.5099
1.0184940117399504,-0.0000000000000004,-0.0208984563082255,0.0000000000000182,-0.0304119065482115,-0.0000000000000002,2.8828561872909697,3.0013879546,647.706,1956.511,92.6070,-1.4795
1.0185470802374330,-0.0000000000000004,-0.0208099672718147,0.0000000000000183,-0.0303863277548964,-0.0000000000000098,2.8872173913043477,3.0014008661,645.821,1955.887,95.5156,-1.4480
1.0186006764385545,-0.0000000000000004,-0.0207193117122583,0.0000000000000135,-0.0303590953198577,-0.0000000000000053,2.8915785953177258,3.0014140842,643.885,1955.249,98.5475,-1.4153
1.0186548184565749,-0.0000000000000000,-0.0206264106572445,0.0000000000000290,-0.0303301440100609,0.0000000000000026,2.8959397993311038,3.0014276191,641.897,1954.595,101.7098,-1.3814
1.0187095251366816,-0.0000000000000004,-0.0205311808948540,-0.0000000000000155,-0.0302994046291565,-0.0000000000000115,2.9003010033444814,3.0014414816,639.854,1953.926,105.0101,-1.3463
1.0187648160913265,-0.0000000000000000,-0.0204335346686502,0.0000000000000091,-0.0302668037124061,0.0000000000000028,2.9046622073578594,3.0014556828,637.755,1953.239,108.4564,-1.3099
1.0188207117369474,-0.0000000000000004,-0.0203333793449680,0.0000000000000108,-0.0302322631924908,-0.0000000000000001,2.9090234113712374,3.0014702345,635.597,1952.535,112.0577,-1.2723
1.0188772333328020,-0.0000000000000004,-0.0202306170494905,0.0000000000000075,-0.0301957000338310,0.0000000000000060,2.9133846153846155,3.0014851491,633.377,1951.814,115.8233,-1.2333
1.0189344030214975,-0.0000000000000004,-0.0201251442693896,0.0000000000000158,-0.0301570258312930,-0.0000000000000097,2.9177458193979930,3.0015004396,631.093,1951.074,119.7633,-1.1931
1.0189922438713239,-0.0000000000000000,-0.0200168514173105,-0.0000000000000035,-0.0301161463692422,0.0000000000000039,2.9221070234113711,3.0015161196,628.742,1950.315,123.8888,-1.1515
1.0190507799206545,-0.0000000000000000,-0.0199056223525545,0.0000000000000064,-0.0300729611366142,0.0000000000000010,2.9264682274247491,3.0015322036,626.322,1949.536,128.2115,-1.1085
1.0191100362239949,-0.0000000000000004,-0.0197913338543519,0.0000000000000060,-0.0300273627923463,-0.0000000000000079,2.9308294314381271,3.0015487068,623.828,1948.736,132.7443,-1.0641
1.0191700389000931,-0.0000000000000000,-0.0196738550414235,0.0000000000000140,-0.0299792365754890,0.0000000000000057,2.9351906354515052,3.0015656452,621.259,1947.915,137.5010,-1.0184
1.0192308151817195,-0.0000000000000004,-0.0195530467310058,0.0000000000000025,-0.0299284596530720,0.0000000000000013,2.9395518394648827,3.0015830357,618.610,1947.072,142.4967,-0.9712
1.0192923934672034,-0.0000000000000004,-0.0194287607296964,0.0000000000000076,-0.0298749003978370,-0.0000000000000043,2.9439130434782608,3.0016008962,615.877,1946.206,147.7474,-0.9225
1.0193548033734312,-0.0000000000000000,-0.0193008390470992,-0.0000000000000186,-0.0298184175869531,-0.0000000000000364,2.9482742474916384,3.0016192457,613.057,1945.315,153.2711,-0.8724
1.0194180757902551,-0.0000000000000000,-0.0191691130220900,0.0000000000000037,-0.0297588595114390,-0.0000000000000023,2.9526354515050164,3.0016381041,610.146,1944.399,159.0868,-0.8208
1.0194822429357673,-0.0000000000000004,-0.0190334023494465,-0.0000000000000063,-0.0296960629843545,0.0000000000000026,2.9569966555183944,3.0016574926,607.137,1943.457,165.2155,-0.7677
1.0195473384122780,-0.0000000000000000,-0.0188935139932596,-0.0000000000000054,-0.0296298522340890,-0.0000000000000182,2.9613578595317724,3.0016774338,604.028,1942.488,171.6802,-0.7130
1.0196133972621657,-0.0000000000000004,-0.0187492409704286,0.0000000000000101,-0.0295600376668424,0.0000000000000101,2.9657190635451505,3.0016979514,600.811,1941.491,178.5056,-0.6569
1.0196804560231179,-0.0000000000000000,-0.0186003609852510,0.0000000000000062,-0.0294864144798585,-0.0000000000000060,2.9700802675585285,3.0017190707,597.483,1940.463,185.7192,-0.5991
1.0197485527816221,-0.0000000000000000,-0.0184466348925251,-0.0000000000000100,-0.0294087611039050,-0.0000000000000192,2.9744414715719065,3.0017408189,594.035,1939.404,193.3509,-0.5398
1.0198177272235707,-0.0000000000000004,-0.0182878049622973,-0.0000000000000056,-0.0293268374496790,0.0000000000000019,2.9788026755852846,3.0017632244,590.463,1938.313,201.4336,-0.4789
1.0198880206803511,-0.0000000000000004,-0.0181235929145194,-0.0000000000000252,-0.0292403829288285,-0.0000000000000163,2.9831638795986621,3.0017863179,586.758,1937.188,210.0033,-0.4165
1.0199594761684856,-0.0000000000000000,-0.0179536976855091,-0.0000000000000077,-0.0291491142146699,-0.0000000000000010,2.9875250836120397,3.0018101320,582.912,1936.026,219.1000,-0.3524
1.0200321384200766,-0.0000000000000000,-0.0177777928806069,-0.0000000000000499,-0.0290527227013908,0.0000000000000371,2.9918862876254178,3.0018347015,578.918,1934.828,228.7674,-0.2868
1.0201060539011702,-0.0000000000000000,-0.0175955238577153,-0.0000000000000305,-0.0289508716134563,-0.0000000000000069,2.9962474916387958,3.0018600635,574.766,1933.589,239.0542,-0.2195
1.0201812708131379,-0.0000000000000004,-0.0174065043746145,-0.0000000000000641,-0.0288431927060438,0.0000000000000200,3.0006086956521738,3.0018862580,570.446,1932.310,250.0141,-0.1507
1.0202578390728205,-0.0000000000000004,-0.0172103127183060,-0.0000000000000332,-0.0287292824884949,0.0000000000000298,3.0049698996655518,3.0019133277,565.947,1930.986,261.7068,-0.0803
1.0203358102636106,-0.0000000000000004,-0.0170064872146529,-0.0000000000000366,-0.0286086978856525,0.0000000000000343,3.0093311036789299,3.0019413183,561.257,1929.617,274.1988,-0.0083
1.0204152375497015,-0.0000000000000004,-0.0167945209938807,-0.0000000000000218,-0.0284809512372090,0.0000000000000552,3.0136923076923074,3.0019702791,556.363,1928.199,287.5639,0.0651
1.0204961755419375,-0.0000000000000004,-0.0165738558545831,-0.0000000000000620,-0.0283455045117358,0.0000000000000417,3.0180535117056855,3.0020002630,551.250,1926.730,301.8850,0.1401
1.0205786801015890,-0.0000000000000004,-0.0163438750291022,-0.0000000000000550,-0.0282017625861857,0.0000000000000387,3.0224147157190635,3.0020313272,545.903,1925.207,317.2544,0.2165
1.0206628080634881,-0.0000000000000004,-0.0161038945990140,-0.0000000000000263,-0.0280490654063961,-0.0000000000000234,3.0267759197324415,3.0020635332,540.303,1923.626,333.7763,0.2944
1.0207486168554205,-0.0000000000000000,-0.0158531532379105,-0.0000000000000159,-0.0278866788015113,0.0000000000000059,3.0311371237458191,3.0020969475,534.431,1921.985,351.5673,0.3736
1.0208361639836045,-0.0000000000000004,-0.0155907998621328,-0.0000000000000314,-0.0277137836699010,-0.0000000000000258,3.0354983277591971,3.0021316421,528.265,1920.280,370.7595,0.4540
1.0209255063441951,-0.0000000000000000,-0.0153158786387824,-0.0000000000000347,-0.0275294631806396,-0.0000000000000191,3.0398595317725752,3.0021676951,521.780,1918.506,391.5020,0.5357
1.0210166993097376,-0.0000000000000002,-0.0150273106171989,-0.0000000000000382,-0.0273326875438277,-0.0000000000000230,3.0442207357859532,3.0022051912,514.949,1916.660,413.9642,0.6184
1.0211097955220061,-0.0000000000000002,-0.0147238709939537,-0.0000000000000195,-0.0271222957776640,-0.0000000000000003,3.0485819397993312,3.0022442225,507.741,1914.735,438.3385,0.7021
1.0212048433010201,-0.0000000000000004,-0.0144041606529504,-0.0000000000000164,-0.0268969737384342,-0.0000000000000133,3.0529431438127088,3.0022848893,500.120,1912.729,464.8448,0.7866
1.0213018845492607,-0.0000000000000002,-0.0140665700852681,0.0000000000000065,-0.0266552274588746,-0.0000000000000244,3.0573043478260868,3.0023273011,492.046,1910.634,493.7347,0.8718
1.0214009519877529,-0.0000000000000002,-0.0137092329923225,-0.0000000000000369,-0.0263953505416750,-0.0000000000000273,3.0616655518394644,3.0023715777,483.474,1908.444,525.2974,0.9574
1.0215020655019318,-0.0000000000000004,-0.0133299656515711,-0.0000000000000294,-0.0261153839414258,-0.0000000000000160,3.0660267558528425,3.0024178501,474.350,1906.153,559.8659,1.0433
1.0216052272902545,-0.0000000000000002,-0.0129261862037251,-0.0000000000000233,-0.0258130658893656,-0.0000000000000211,3.0703879598662205,3.0024662621,464.612,1903.753,597.8260,1.1291
1.0217104153882695,-0.0000000000000002,-0.0124948049130793,-0.0000000000000183,-0.0254857688896709,-0.0000000000000164,3.0747491638795985,3.0025169719,454.188,1901.236,639.6252,1.2147
1.0218175749621849,-0.0000000000000000,-0.0120320712488407,-0.0000000000000278,-0.0251304195176924,-0.0000000000000308,3.0791103678929765,3.0025701536,442.992,1898.593,685.7856,1.2995
1.0219266065005963,0.0000000000000000,-0.0115333545598588,-0.0000000000000281,-0.0247433949734515,-0.0000000000000354,3.0834715719063546,3.0026259994,430.923,1895.813,736.9183,1.3833
1.0220373496269375,-0.0000000000000000,-0.0109928185284040,-0.0000000000000163,-0.0243203876492123,-0.0000000000000370,3.0878327759197326,3.0026847222,417.856,1892.885,793.7418,1.4656
1.0221495606197186,-0.0000000000000000,-0.0104029175208513,-0.0000000000000334,-0.0238562247730677,-0.0000000000000369,3.0921939799331106,3.0027465574,403.640,1889.798,857.1048,1.5458
1.0222628807043113,-0.0000000000000000,-0.0097535766085684,-0.0000000000000321,-0.0233446234615129,-0.0000000000000364,3.0965551839464882,3.0028117671,388.084,1886.537,928.0143,1.6233
1.0223767904768335,-0.0000000000000002,-0.0090307677005678,-0.0000000000000118,-0.0227778503499201,-0.0000000000000483,3.1009163879598658,3.0028806426,370.945,1883.086,1007.6713,1.6976
1.0224905428772324,-0.0000000000000000,-0.0082138197621555,0.0000000000000265,-0.0221462357131788,-0.0000000000000141,3.1052775919732438,3.0029535090,351.906,1879.428,1097.5153,1.7677
1.0226030618053119,-0.0000000000000002,-0.0072697156435849,0.0000000000000376,-0.0214374572147265,-0.0000000000000178,3.1096387959866219,3.0030307299,330.535,1875.544,1199.2809,1.8328
1.0227127833168370,-0.0000000000000001,-0.0061387528475320,0.0000000000000577,-0.0206354421303067,-0.0000000000000147,3.1139999999999999,3.0031127123,306.218,1871.411,1315.0704,1.8919
