x0_n,y0_n,z0_n,xd0_n,yd0_n,zd0_n,Tp,JC,L2ExcessVelocity_mps,landingVelocity_mps,stabilityIndex1,stabilityIndex2...,error_tol=1e-13
1.0200951173175887,-0.0000000000000000,0.0000000000011483,0.0000000000007319,-0.0007651925345893,-0.0145196434495379,3.2200000000000002,3.0033989775,199.256,1856.910,2287.0572,1.9118
1.0199838494938231,0.0000000000000000,0.0000000000001291,-0.0000000000000478,-0.0010066287199037,0.0165869903920064,3.2298996655518395,3.0033350825,227.532,1860.156,2209.8081,1.9009
1.0198758353892907,-0.0000000000000000,0.0000000000000637,-0.0000000000000258,-0.0012453897575982,0.0183770761574687,3.2397993311036792,3.0032729904,251.988,1863.306,2136.7059,1.8902
1.0197709396530703,-0.0000000000000000,-0.0000000000000282,0.0000000000000118,-0.0014815612425695,0.0199665045809626,3.2496989966555185,3.0032126141,273.681,1866.363,2067.4587,1.8797
1.0196690348490614,-0.0000000000000000,-0.0000000000000418,0.0000000000000200,-0.0017152235531712,0.0214016812273259,3.2595986622073578,3.0031538722,293.250,1869.333,2001.7999,1.8695
1.0195700008556305,-0.0000000000000000,-0.0000000000000523,0.0000000000000276,-0.0019464522546681,0.0227133263338878,3.2694983277591976,3.0030966883,311.121,1872.220,1939.4854,1.8595
1.0194737243209588,0.0000000000000000,-0.0000000000000199,0.0000000000000123,-0.0021753184652599,0.0239230719254256,3.2793979933110369,3.0030409910,327.590,1875.027,1880.2919,1.8497
1.0193800981679320,-0.0000000000000000,-0.0000000000000066,0.0000000000000038,-0.0024018891886309,0.0250468604930921,3.2892976588628766,3.0029867131,342.880,1877.759,1824.0141,1.8401
1.0192890211433059,-0.0000000000000000,0.0000000000001984,0.0000000000002160,-0.0026262276165120,-0.0260968602578086,3.2991973244147159,3.0029337913,357.158,1880.418,1770.4637,1.8308
1.0192003974062762,-0.0000000000000000,0.0000000000000847,0.0000000000001065,-0.0028483934044006,-0.0270826202357707,3.3090969899665552,3.0028821664,370.557,1883.009,1719.4671,1.8217
1.0191141361529530,-0.0000000000000000,0.0000000000000171,0.0000000000000295,-0.0030684429236833,-0.0280118049424851,3.3189966555183950,3.0028317823,383.182,1885.534,1670.8647,1.8128
1.0190301512722000,-0.0000000000000000,-0.0000000000002709,-0.0000000000002979,-0.0032864294916217,-0.0288906822507392,3.3288963210702343,3.0027825862,395.120,1887.997,1624.5090,1.8041
1.0189483610307815,-0.0000000000000000,0.0000000000001103,0.0000000000001295,-0.0035024035827562,-0.0297244590405015,3.3387959866220736,3.0027345284,406.444,1890.399,1580.2636,1.7956
1.0188686877833508,-0.0000000000000001,-0.0000000000001347,-0.0000000000001645,-0.0037164130217037,-0.0305175191170864,3.3486956521739133,3.0026875616,417.214,1892.744,1538.0026,1.7874
1.0187910577073904,-0.0000000000000000,-0.0000000000000196,0.0000000000000125,-0.0039285031617109,0.0312735961924705,3.3585953177257526,3.0026416415,427.481,1895.033,1497.6092,1.7793
1.0187154005575614,0.0000000000000000,-0.0000000000000009,0.0000000000000005,-0.0041387170472989,0.0319959024422163,3.3684949832775923,3.0025967259,437.291,1897.270,1458.9752,1.7715
1.0186416494405859,-0.0000000000000000,-0.0000000000000116,0.0000000000000084,-0.0043470955652954,0.0326872258873557,3.3783946488294316,3.0025527748,446.682,1899.457,1422.0001,1.7639
1.0185697406067498,0.0000000000000000,0.0000000000000007,0.0000000000000003,-0.0045536775835310,0.0333500054127357,3.3882943143812709,3.0025097506,455.687,1901.595,1386.5905,1.7565
1.0184996132574884,0.0000000000000000,-0.0000000000000017,0.0000000000000022,-0.0047585000787902,0.0339863894228806,3.3981939799331107,3.0024676172,464.336,1903.686,1352.6595,1.7493
1.0184312093673551,0.0000000000000000,0.0000000000000126,-0.0000000000000093,-0.0049615982554922,0.0345982823184087,3.4080936454849500,3.0024263406,472.656,1905.732,1320.1263,1.7423
1.0183644735190513,-0.0000000000000000,-0.0000000000000040,0.0000000000000035,-0.0051630056550615,0.0351873817633781,3.4179933110367893,3.0023858883,480.671,1907.736,1288.9153,1.7356
1.0182993527506565,-0.0000000000000001,0.0000000000006807,0.0000000000010220,-0.0053627542577108,-0.0357552088914643,3.4278929765886290,3.0023462297,488.400,1909.698,1258.9563,1.7290
1.0182357964130762,-0.0000000000000001,0.0000000000007870,0.0000000000011572,-0.0055608745761133,-0.0363031330301863,3.4377926421404683,3.0023073354,495.863,1911.620,1230.1835,1.7226
1.0181737560388702,-0.0000000000000000,0.0000000000008677,0.0000000000013136,-0.0057573957433692,-0.0368323921163548,3.4476923076923081,3.0022691774,503.078,1913.504,1202.5355,1.7165
1.0181131852188285,-0.0000000000000001,0.0000000000002126,0.0000000000004077,-0.0059523455936959,-0.0373441096942032,3.4575919732441474,3.0022317292,510.059,1915.352,1175.9547,1.7106
1.0180540394885305,-0.0000000000000001,0.0000000000010776,0.0000000000014902,-0.0061457507388231,-0.0378393091711622,3.4674916387959867,3.0021949655,516.821,1917.163,1150.3873,1.7048
1.0179962762202444,-0.0000000000000000,0.0000000000008148,0.0000000000011359,-0.0063376366365474,-0.0383189258612613,3.4773913043478264,3.0021588619,523.376,1918.941,1125.7828,1.6993
1.0179398545249614,-0.0000000000000001,-0.0000000000000013,0.0000000000000217,-0.0065280276583692,-0.0387838172168570,3.4872909698996657,3.0021233954,529.737,1920.685,1102.0938,1.6940
1.0178847351591909,0.0000000000000000,0.0000000000000102,-0.0000000000000092,-0.0067169471494140,0.0392347715783120,3.4971906354515050,3.0020885439,535.914,1922.398,1079.2760,1.6889
1.0178308804374807,-0.0000000000000000,0.0000000000000040,-0.0000000000000046,-0.0069044174853788,0.0396725156971883,3.5070903010033447,3.0020542863,541.917,1924.080,1057.2875,1.6840
1.0177782541518385,-0.0000000000000000,-0.0000000000000077,0.0000000000000081,-0.0070904601263840,0.0400977212338639,3.5169899665551840,3.0020206024,547.755,1925.733,1036.0891,1.6793
1.0177268214954667,-0.0000000000000000,-0.0000000000000075,0.0000000000000094,-0.0072750956662402,0.0405110103996193,3.5268896321070233,3.0019874728,553.437,1927.357,1015.6438,1.6749
1.0176765489915125,-0.0000000000000000,-0.0000000000000120,0.0000000000000117,-0.0074583438796858,0.0409129608769217,3.5367892976588631,3.0019548791,558.971,1928.953,995.9167,1.6706
1.0176274044261768,0.0000000000000000,-0.0000000000000029,0.0000000000000038,-0.0076402237652762,0.0413041101270475,3.5466889632107024,3.0019228035,564.364,1930.523,976.8752,1.6665
1.0175793567860174,-0.0000000000000000,-0.0000000000000129,0.0000000000000148,-0.0078207535869613,0.0416849591774084,3.5565886287625421,3.0018912290,569.623,1932.067,958.4882,1.6627
1.0175323761991200,-0.0000000000000001,0.0000000000006103,0.0000000000011255,-0.0079999509122425,-0.0420559759629822,3.5664882943143814,3.0018601392,574.754,1933.586,940.7266,1.6590
1.0174864338790037,-0.0000000000000001,0.0000000000006328,0.0000000000011811,-0.0081778326474575,-0.0424175982853858,3.5763879598662207,3.0018295186,579.763,1935.081,923.5627,1.6556
1.0174415020735288,-0.0000000000000001,0.0000000000007713,0.0000000000014491,-0.0083544150728657,-0.0427702364401546,3.5862876254180605,3.0017993520,584.656,1936.552,906.9707,1.6524
1.0173975540148361,-0.0000000000000001,0.0000000000004455,0.0000000000008751,-0.0085297138731361,-0.0431142755593407,3.5961872909698998,3.0017696251,589.438,1938.001,890.9258,1.6494
1.0173545638739796,-0.0000000000000001,0.0000000000003723,0.0000000000007498,-0.0087037441682397,-0.0434500777034206,3.6060869565217395,3.0017403238,594.114,1939.428,875.4047,1.6466
1.0173125067165425,-0.0000000000000001,0.0000000000003774,0.0000000000006955,-0.0088765205408802,-0.0437779837379545,3.6159866220735788,3.0017114349,598.688,1940.835,860.3854,1.6440
1.0172713584617403,-0.0000000000000000,0.0000000000000324,0.0000000000003337,-0.0090480570627879,-0.0440983150175677,3.6258862876254181,3.0016829455,603.165,1942.220,845.8470,1.6416
1.0172310958437434,-0.0000000000000000,-0.0000000000000013,0.0000000000000011,-0.0092183673197855,0.0444113749046925,3.6357859531772578,3.0016548433,607.549,1943.586,831.7697,1.6394
1.0171916963750325,-0.0000000000000000,-0.0000000000000020,0.0000000000000020,-0.0093874644362224,0.0447174501405392,3.6456856187290971,3.0016271162,611.844,1944.933,818.1348,1.6375
1.0171531383113182,-0.0000000000000000,-0.0000000000000042,0.0000000000000053,-0.0095553610953841,0.0450168120847126,3.6555852842809364,3.0015997529,616.053,1946.261,804.9243,1.6357
1.0171154006190768,-0.0000000000000000,0.0000000000000025,-0.0000000000000026,-0.0097220695614788,0.0453097178408827,3.6654849498327762,3.0015727422,620.179,1947.571,792.1215,1.6342
1.0170784629444054,-0.0000000000000000,-0.0000000000000019,0.0000000000000028,-0.0098876016988745,0.0455964112791356,3.6753846153846155,3.0015460734,624.227,1948.864,779.7102,1.6329
1.0170423055835920,0.0000000000000000,0.0000000000000073,-0.0000000000000095,-0.0100519689910086,0.0458771239675977,3.6852842809364548,3.0015197363,628.199,1950.140,767.6752,1.6318
1.0170069094552374,-0.0000000000000001,-0.0000000000002223,-0.0000000000003724,-0.0102151825576648,-0.0461520760216656,3.6951839464882945,3.0014937208,632.097,1951.399,756.0020,1.6309
1.0169722560741004,-0.0000000000000001,-0.0000000000002148,-0.0000000000003387,-0.0103772531716855,-0.0464214768806399,3.7050836120401338,3.0014680175,635.926,1952.643,744.6767,1.6303
1.0169383275257555,-0.0000000000000001,0.0000000000000641,0.0000000000000790,-0.0105381912751108,-0.0466855260193909,3.7149832775919736,3.0014426169,639.687,1953.871,733.6862,1.6298
1.0169051064424734,-0.0000000000000002,-0.0000000000002044,-0.0000000000003371,-0.0106980069923561,-0.0469444135998457,3.7248829431438129,3.0014175101,643.382,1955.084,723.0181,1.6296
1.0168725759818205,-0.0000000000000000,-0.0000000000001944,-0.0000000000003245,-0.0108567101471517,-0.0471983210712998,3.7347826086956522,3.0013926885,647.015,1956.282,712.6603,1.6296
1.0168407198040190,-0.0000000000000002,0.0000000000001403,0.0000000000002338,-0.0110143102731352,-0.0474474217206503,3.7446822742474914,3.0013681436,650.588,1957.467,702.6016,1.6298
1.0168095220517128,-0.0000000000000000,-0.0000000000004368,-0.0000000000006276,-0.0111708166277521,-0.0476918811822467,3.7545819397993312,3.0013438673,654.102,1958.638,692.8311,1.6303
1.0167789673316574,0.0000000000000000,0.0000000000000029,-0.0000000000000037,-0.0113262382038814,0.0479318579032831,3.7644816053511709,3.0013198517,657.560,1959.795,683.3385,1.6309
1.0167490406946513,0.0000000000000000,-0.0000000000000051,0.0000000000000070,-0.0114805837415619,0.0481675035819386,3.7743812709030102,3.0012960891,660.964,1960.940,674.1140,1.6318
1.0167197276192315,0.0000000000000000,-0.0000000000000022,0.0000000000000033,-0.0116338617381945,0.0483989635643928,3.7842809364548495,3.0012725723,664.316,1962.072,665.1480,1.6330
1.0166910139943437,-0.0000000000000000,-0.0000000000000020,0.0000000000000029,-0.0117860804587871,0.0486263772181673,3.7941806020066888,3.0012492940,667.617,1963.192,656.4316,1.6343
1.0166628861036124,0.0000000000000000,-0.0000000000000040,0.0000000000000057,-0.0119372479461136,0.0488498782762175,3.8040802675585286,3.0012262473,670.869,1964.300,647.9563,1.6359
1.0166353306100167,-0.0000000000000000,-0.0000000000000059,0.0000000000000085,-0.0120873720292230,0.0490695951573278,3.8139799331103679,3.0012034254,674.073,1965.397,639.7139,1.6377
1.0166083345414798,-0.0000000000000000,-0.0000000000000060,0.0000000000000088,-0.0122364603325454,0.0492856512635159,3.8238795986622076,3.0011808218,677.233,1966.483,631.6964,1.6397
1.0165818852772941,-0.0000000000000002,0.0000000000007182,0.0000000000015823,-0.0123845202846022,-0.0494981652574580,3.8337792642140469,3.0011584301,680.348,1967.558,623.8964,1.6420
1.0165559705337686,-0.0000000000000000,0.0000000000008723,0.0000000000016489,-0.0125315591239763,-0.0497072513203887,3.8436789297658862,3.0011362442,683.420,1968.623,616.3066,1.6445
1.0165305783531635,-0.0000000000000002,0.0000000000004496,0.0000000000009792,-0.0126775839095111,-0.0499130193944578,3.8535785953177260,3.0011142580,686.452,1969.677,608.9203,1.6473
1.0165056970911233,-0.0000000000000000,0.0000000000004088,0.0000000000009226,-0.0128226015255860,-0.0501155754048745,3.8634782608695653,3.0010924657,689.443,1970.722,601.7308,1.6503
1.0164813154044441,-0.0000000000000000,-0.0000000000001016,0.0000000000000932,-0.0129666186892813,-0.0503150214736202,3.8733779264214050,3.0010708616,692.396,1971.756,594.7318,1.6535
1.0164574222414149,-0.0000000000000000,0.0000000000006115,0.0000000000011091,-0.0131096419569013,-0.0505114561133833,3.8832775919732443,3.0010494401,695.311,1972.782,587.9173,1.6570
1.0164340068292197,-0.0000000000000000,0.0000000000002764,0.0000000000006543,-0.0132516777298714,-0.0507049744162644,3.8931772575250836,3.0010281960,698.191,1973.799,581.2814,1.6607
1.0164110586661956,-0.0000000000000000,0.0000000000000039,-0.0000000000000044,-0.0133927322607793,0.0508956682213114,3.9030769230769233,3.0010071239,701.035,1974.807,574.8187,1.6647
1.0163885675108473,0.0000000000000000,-0.0000000000000018,0.0000000000000023,-0.0135328116591185,0.0510836262807511,3.9129765886287626,3.0009862188,703.846,1975.806,568.5237,1.6689
1.0163665233726842,0.0000000000000000,-0.0000000000000030,0.0000000000000049,-0.0136719218960353,0.0512689344111543,3.9228762541806019,3.0009654757,706.623,1976.797,562.3914,1.6733
1.0163449165035559,0.0000000000000000,-0.0000000000000018,0.0000000000000027,-0.0138100688093110,0.0514516756369841,3.9327759197324417,3.0009448896,709.369,1977.781,556.4169,1.6780
1.0163237373892402,0.0000000000000000,0.0000000000000033,-0.0000000000000053,-0.0139472581088743,0.0516319303251385,3.9426755852842810,3.0009244560,712.084,1978.756,550.5954,1.6830
1.0163029767411484,-0.0000000000000000,0.0000000000000011,-0.0000000000000030,-0.0140834953805928,0.0518097763122922,3.9525752508361203,3.0009041700,714.769,1979.724,544.9224,1.6882
1.0162826254884181,-0.0000000000000002,-0.0000000000004475,-0.0000000000005678,-0.0142187860907949,-0.0519852890248767,3.9624749163879600,3.0008840274,717.426,1980.684,539.3936,1.6937
1.0162626747711376,-0.0000000000000000,-0.0000000000003724,-0.0000000000004678,-0.0143531355911879,-0.0521585415900557,3.9723745819397993,3.0008640235,720.054,1981.638,534.0048,1.6994
1.0162431159319814,-0.0000000000000000,-0.0000000000001575,-0.0000000000002934,-0.0144865491210512,-0.0523296049453770,3.9822742474916391,3.0008441541,722.655,1982.585,528.7520,1.7054
1.0162239405100644,-0.0000000000000000,-0.0000000000001821,-0.0000000000003289,-0.0146190318128550,-0.0524985479373586,3.9921739130434784,3.0008244151,725.230,1983.525,523.6312,1.7117
1.0162051402343222,-0.0000000000000000,-0.0000000000000874,-0.0000000000001533,-0.0147505886947692,-0.0526654374169888,4.0020735785953176,3.0008048022,727.779,1984.458,518.6389,1.7182
1.0161867070169268,-0.0000000000000000,0.0000000000002184,0.0000000000003277,-0.0148812246943519,-0.0528303383296203,4.0119732441471569,3.0007853115,730.304,1985.385,513.7713,1.7250
1.0161686329468240,-0.0000000000000004,-0.0000000000000534,-0.0000000000000839,-0.0150109446417050,-0.0529933138019075,4.0218729096989971,3.0007659389,732.805,1986.307,509.0252,1.7321
1.0161509102848709,-0.0000000000000000,0.0000000000000024,-0.0000000000000010,-0.0151397532727202,0.0531544252188494,4.0317725752508364,3.0007466807,735.282,1987.222,504.3971,1.7394
1.0161335314570232,-0.0000000000000000,-0.0000000000000011,0.0000000000000029,-0.0152676552319937,0.0533137323046832,4.0416722408026757,3.0007275330,737.737,1988.132,499.8839,1.7470
1.0161164890495653,-0.0000000000000000,0.0000000000000030,-0.0000000000000047,-0.0153946550757749,0.0534712931924863,4.0515719063545150,3.0007084922,740.171,1989.036,495.4825,1.7549
1.0160997758035553,-0.0000000000000000,0.0000000000000006,-0.0000000000000011,-0.0155207572741625,0.0536271644945740,4.0614715719063543,3.0006895545,742.583,1989.935,491.1900,1.7631
1.0160833846099313,-0.0000000000000000,0.0000000000000037,-0.0000000000000056,-0.0156459662143283,0.0537814013675019,4.0713712374581936,3.0006707164,744.975,1990.829,487.0035,1.7715
1.0160673085045362,0.0000000000000000,-0.0000000000000023,0.0000000000000029,-0.0157702862024885,0.0539340575746150,4.0812709030100338,3.0006519745,747.347,1991.717,482.9203,1.7803
1.0160515406634751,-0.0000000000000000,0.0000000000000030,-0.0000000000000059,-0.0158937214665102,0.0540851855451944,4.0911705685618731,3.0006333251,749.700,1992.601,478.9377,1.7893
1.0160360743985908,-0.0000000000000000,0.0000000000003864,0.0000000000007735,-0.0160162761574346,-0.0542348364308703,4.1010702341137124,3.0006147651,752.034,1993.481,475.0532,1.7986
1.0160209031528742,-0.0000000000000005,0.0000000000002358,0.0000000000004927,-0.0161379543537244,-0.0543830601602503,4.1109698996655517,3.0005962910,754.350,1994.356,471.2644,1.8082
1.0160060204968751,-0.0000000000000000,0.0000000000002275,0.0000000000004750,-0.0162587600606365,-0.0545299054875466,4.1208695652173910,3.0005778995,756.649,1995.227,467.5688,1.8181
1.0159914201238627,-0.0000000000000005,0.0000000000002089,0.0000000000006514,-0.0163786972133717,-0.0546754200450778,4.1307692307692303,3.0005595875,758.931,1996.093,463.9641,1.8283
1.0159770958465155,-0.0000000000000000,0.0000000000005769,0.0000000000011617,-0.0164977696789839,-0.0548196503869068,4.1406688963210705,3.0005413518,761.197,1996.956,460.4482,1.8388
1.0159630415924312,-0.0000000000000005,0.0000000000005399,0.0000000000012128,-0.0166159812581748,-0.0549626420360102,4.1505685618729098,3.0005231892,763.447,1997.814,457.0190,1.8497
1.0159492514013975,-0.0000000000000005,0.0000000000003850,0.0000000000008195,-0.0167333356870675,-0.0551044395246176,4.1604682274247491,3.0005050967,765.681,1998.669,453.6744,1.8608
1.0159357194210665,-0.0000000000000000,-0.0000000000000001,0.0000000000000021,-0.0168498366378726,0.0552450864358258,4.1703678929765884,3.0004870713,767.901,1999.521,450.4123,1.8722
1.0159224399041540,-0.0000000000000000,-0.0000000000000005,0.0000000000000015,-0.0169654877215635,0.0553846254431642,4.1802675585284277,3.0004691099,770.107,2000.369,447.2310,1.8839
1.0159094072045984,-0.0000000000000000,0.0000000000000011,-0.0000000000000007,-0.0170802924893812,0.0555230983469813,4.1901672240802679,3.0004512096,772.299,2001.214,444.1285,1.8960
1.0158966157744926,0.0000000000000000,-0.0000000000000004,0.0000000000000002,-0.0171942544327970,0.0556605461112500,4.2000668896321072,3.0004333675,774.477,2002.056,441.1031,1.9084
1.0158840601613175,-0.0000000000000000,0.0000000000000073,-0.0000000000000130,-0.0173073769868591,0.0557970088968509,4.2099665551839465,3.0004155807,776.643,2002.894,438.1530,1.9211
1.0158717350044244,-0.0000000000000000,-0.0000000000000039,0.0000000000000074,-0.0174196635291272,0.0559325260956984,4.2198662207357858,3.0003978464,778.797,2003.730,435.2766,1.9341
1.0158596350328291,-0.0000000000000000,-0.0000000000000036,0.0000000000000133,-0.0175311173840964,0.0560671363608131,4.2297658862876251,3.0003801618,780.938,2004.564,432.4722,1.9474
1.0158477550616460,-0.0000000000000005,0.0000000000003030,0.0000000000006041,-0.0176417418204028,-0.0562008776387081,4.2396655518394653,3.0003625241,783.068,2005.394,429.7384,1.9611
1.0158360899897372,-0.0000000000000005,0.0000000000003640,0.0000000000007584,-0.0177515400553116,-0.0563337871968086,4.2495652173913046,3.0003449304,785.187,2006.223,427.0736,1.9752
1.0158246347967264,-0.0000000000000005,0.0000000000003396,0.0000000000007310,-0.0178605152520542,-0.0564659016537769,4.2594648829431438,3.0003273782,787.295,2007.049,424.4763,1.9895
1.0158133845417368,-0.0000000000000000,0.0000000000001871,0.0000000000005491,-0.0179686705278622,-0.0565972570028338,4.2693645484949831,3.0003098647,789.393,2007.873,421.9452,2.0042
1.0158023343594915,-0.0000000000000000,0.0000000000003730,0.0000000000007957,-0.0180760089473820,-0.0567278886411143,4.2792642140468224,3.0002923871,791.481,2008.694,419.4789,2.0193
1.0157914794574623,-0.0000000000000000,0.0000000000003313,0.0000000000007076,-0.0181825335244421,-0.0568578313962300,4.2891638795986626,3.0002749430,793.560,2009.514,417.0761,2.0347
1.0157808151154777,-0.0000000000000000,0.0000000000000022,-0.0000000000000042,-0.0182882472287529,0.0569871195455497,4.2990635451505019,3.0002575296,795.629,2010.333,414.7356,2.0504
1.0157703366821200,-0.0000000000000000,0.0000000000000039,-0.0000000000000061,-0.0183931529808723,0.0571157868439416,4.3089632107023412,3.0002401442,797.690,2011.149,412.4560,2.0665
1.0157600395725717,-0.0000000000000000,-0.0000000000000002,0.0000000000000009,-0.0184972536555877,0.0572438665446984,4.3188628762541805,3.0002227844,799.742,2011.964,410.2363,2.0830
1.0157499192667079,-0.0000000000000000,0.0000000000000078,-0.0000000000000147,-0.0186005520818600,0.0573713914220738,4.3287625418060198,3.0002054475,801.787,2012.778,408.0752,2.0998
1.0157399713071098,-0.0000000000000000,-0.0000000000000053,0.0000000000000090,-0.0187030510444417,0.0574983937920375,4.3386622073578600,3.0001881310,803.824,2013.590,405.9717,2.1170
1.0157301912966532,-0.0000000000000000,-0.0000000000000103,0.0000000000000186,-0.0188047532829610,0.0576249055337739,4.3485618729096993,3.0001708322,805.854,2014.401,403.9247,2.1346
1.0157205748972025,-0.0000000000000005,0.0000000000003403,0.0000000000006360,-0.0189056614948294,-0.0577509581082183,4.3584615384615386,3.0001535487,807.876,2015.211,401.9332,2.1525
1.0157111178262297,-0.0000000000000000,0.0000000000000014,-0.0000000000000021,-0.0190057783326223,0.0578765825803117,4.3683612040133779,3.0001362779,809.893,2016.020,399.9961,2.1709
1.0157018158572917,-0.0000000000000000,0.0000000000000014,-0.0000000000000011,-0.0191051064088747,0.0580018096335165,4.3782608695652172,3.0001190172,811.903,2016.829,398.1125,2.1896
1.0156926648162039,-0.0000000000000005,0.0000000000002502,0.0000000000005224,-0.0192036482935280,-0.0581266695918812,4.3881605351170565,3.0001017642,813.907,2017.636,396.2814,2.2087
1.0156836605793129,-0.0000000000000000,0.0000000000000007,-0.0000000000000012,-0.0193014065136784,0.0582511924371560,4.3980602006688958,3.0000845164,815.906,2018.443,394.5020,2.2281
1.0156747990734183,-0.0000000000000000,0.0000000000000013,-0.0000000000000015,-0.0193983835581177,0.0583754078246237,4.4079598662207360,3.0000672712,817.899,2019.250,392.7733,2.2480
1.0156660762727181,-0.0000000000000000,0.0000000000002693,0.0000000000005687,-0.0194945818752308,-0.0584993451010141,4.4178595317725753,3.0000500261,819.888,2020.056,391.0946,2.2683
1.0156574881963880,-0.0000000000000000,0.0000000000000040,-0.0000000000000061,-0.0195900038704665,0.0586230333228528,4.4277591973244146,3.0000327786,821.872,2020.863,389.4649,2.2890
1.0156490309096400,0.0000000000000000,0.0000000000000039,-0.0000000000000038,-0.0196846519144720,0.0587465012686001,4.4376588628762539,3.0000155262,823.852,2021.669,387.8836,2.3101
1.0156407005195207,-0.0000000000000006,0.0000000000001533,0.0000000000002609,-0.0197785283361988,-0.0588697774582771,4.4475585284280932,2.9999982663,825.828,2022.475,386.3497,2.3316
1.0156324931742680,-0.0000000000000000,-0.0000000000000041,0.0000000000000063,-0.0198716354262681,0.0589928901673125,4.4574581939799334,2.9999809966,827.801,2023.281,384.8627,2.3535
1.0156244050623340,-0.0000000000000000,-0.0000000000000006,0.0000000000000013,-0.0199639754378166,0.0591158674417333,4.4673578595317727,2.9999637145,829.770,2024.087,383.4217,2.3758
1.0156164324102090,-0.0000000000000006,0.0000000000002201,0.0000000000004038,-0.0200555505858224,-0.0592387371133788,4.4772575250836120,2.9999464173,831.736,2024.894,382.0261,2.3986
1.0156085714808754,-0.0000000000000000,-0.0000000000000035,0.0000000000000053,-0.0201463630474998,0.0593615268145349,4.4871571906354513,2.9999291027,833.700,2025.702,380.6752,2.4218
1.0156008185733616,-0.0000000000000000,0.0000000000003206,0.0000000000006547,-0.0202364149634892,-0.0594842639920593,4.4970568561872906,2.9999117681,835.661,2026.509,379.3684,2.4454
1.0155931700199048,-0.0000000000000000,0.0000000000003574,0.0000000000006498,-0.0203257084368175,-0.0596069759218263,4.5069565217391307,2.9998944109,837.620,2027.318,378.1049,2.4695
1.0155856221854525,-0.0000000000000000,-0.0000000000000257,0.0000000000000431,-0.0204142455338617,0.0597296897236243,4.5168561872909700,2.9998770286,839.578,2028.128,376.8843,2.4940
1.0155781714672301,-0.0000000000000006,0.0000000000002218,0.0000000000005453,-0.0205020282867179,-0.0598524323712131,4.5267558528428093,2.9998596186,841.534,2028.938,375.7059,2.5190
1.0155708142907365,-0.0000000000000000,0.0000000000002055,0.0000000000004028,-0.0205890586880141,-0.0599752307120785,4.5366555183946486,2.9998421784,843.488,2029.750,374.5692,2.5444
1.0155635471109881,0.0000000000000000,-0.0000000000000032,0.0000000000000042,-0.0206753386965203,0.0600981114753747,4.5465551839464879,2.9998247052,845.442,2030.563,373.4736,2.5702
1.0155563664104199,-0.0000000000000000,0.0000000000001716,0.0000000000002888,-0.0207608702354183,-0.0602211012879480,4.5564548494983281,2.9998071966,847.396,2031.377,372.4186,2.5966
1.0155492686969672,-0.0000000000000006,0.0000000000002186,0.0000000000004120,-0.0208456551917020,-0.0603442266871974,4.5663545150501674,2.9997896499,849.349,2032.192,371.4036,2.6234
1.0155422505035916,-0.0000000000000000,-0.0000000000000076,0.0000000000000114,-0.0209296954176443,0.0604675141338333,4.5762541806020067,2.9997720625,851.302,2033.009,370.4282,2.6507
1.0155353083871179,-0.0000000000000000,0.0000000000003485,0.0000000000008551,-0.0210129927303561,-0.0605909900250309,4.5861538461538460,2.9997544316,853.256,2033.828,369.4920,2.6784
1.0155284389258610,-0.0000000000000006,0.0000000000002076,0.0000000000005029,-0.0210955489115920,-0.0607146807081094,4.5960535117056853,2.9997367546,855.210,2034.649,368.5943,2.7066
1.0155216387201120,-0.0000000000000000,-0.0000000000000041,0.0000000000000060,-0.0211773657094640,0.0608386124926476,4.6059531772575255,2.9997190287,857.165,2035.471,367.7349,2.7354
1.0155149043897698,-0.0000000000000000,0.0000000000001771,0.0000000000004674,-0.0212584448362792,-0.0609628116626219,4.6158528428093648,2.9997012513,859.121,2036.296,366.9132,2.7646
1.0155082325733220,0.0000000000000000,-0.0000000000000038,0.0000000000000058,-0.0213387879709819,0.0610873044921364,4.6257525083612041,2.9996834196,861.079,2037.123,366.1288,2.7943
1.0155016199270421,-0.0000000000000000,-0.0000000000000022,0.0000000000000005,-0.0214183967573461,0.0612121172548608,4.6356521739130434,2.9996655307,863.039,2037.952,365.3815,2.8245
1.0154950631236390,-0.0000000000000000,0.0000000000000932,0.0000000000004697,-0.0214972728058508,-0.0613372762394443,4.6455518394648827,2.9996475819,865.001,2038.783,364.6707,2.8553
1.0154885588507645,0.0000000000000000,0.0000000000000016,-0.0000000000000012,-0.0215754176919102,0.0614628077611562,4.6554515050167229,2.9996295702,866.965,2039.617,363.9961,2.8865
1.0154821038107109,-0.0000000000000000,-0.0000000000000038,0.0000000000000115,-0.0216528329582676,0.0615887381756579,4.6653511705685613,2.9996114928,868.932,2040.454,363.3573,2.9183
1.0154756947186254,-0.0000000000000000,0.0000000000002140,0.0000000000005471,-0.0217295201134274,-0.0617150938911542,4.6752508361204015,2.9995933468,870.901,2041.294,362.7540,2.9505
1.0154693283008838,0.0000000000000000,0.0000000000000005,-0.0000000000000007,-0.0218054806311005,0.0618419013831360,4.6851505016722408,2.9995751291,872.875,2042.136,362.1860,2.9834
1.0154630012957129,-0.0000000000000000,0.0000000000000016,-0.0000000000000028,-0.0218807159534051,0.0619691872049732,4.6950501672240801,2.9995568369,874.851,2042.982,361.6527,3.0167
1.0154567104502101,-0.0000000000000000,0.0000000000001617,0.0000000000003534,-0.0219552274873492,-0.0620969780036073,4.7049498327759203,2.9995384670,876.832,2043.831,361.1541,3.0506
1.0154504525201424,-0.0000000000000000,0.0000000000000274,-0.0000000000000388,-0.0220290166075228,0.0622253005331886,4.7148494983277587,2.9995200163,878.817,2044.683,360.6896,3.0851
1.0154442242692392,-0.0000000000000000,0.0000000000003584,0.0000000000006477,-0.0221020846556545,-0.0623541816647223,4.7247491638795989,2.9995014818,880.806,2045.539,360.2592,3.1201
1.0154380224662569,-0.0000000000000006,-0.0000000000003674,-0.0000000000003717,-0.0221744329388376,-0.0624836484064989,4.7346488294314382,2.9994828602,882.801,2046.399,359.8625,3.1556
1.0154318438862420,-0.0000000000000000,0.0000000000000147,-0.0000000000000198,-0.0222460627301786,0.0626137279123671,4.7445484949832775,2.9994641484,884.800,2047.262,359.4992,3.1918
1.0154256853080639,-0.0000000000000006,0.0000000000000178,-0.0000000000001239,-0.0223169752734980,-0.0627444474970819,4.7544481605351168,2.9994453430,886.805,2048.129,359.1692,3.2285
1.0154195435135041,-0.0000000000000006,0.0000000000000564,-0.0000000000000013,-0.0223871717771155,-0.0628758346535375,4.7643478260869561,2.9994264407,888.815,2049.001,358.8721,3.2658
1.0154134152860657,-0.0000000000000000,-0.0000000000000072,0.0000000000000104,-0.0224566534169318,0.0630079170642673,4.7742474916387962,2.9994074382,890.832,2049.876,358.6077,3.3036
1.0154072974098074,-0.0000000000000006,0.0000000000002067,0.0000000000001260,-0.0225254213351853,-0.0631407226166858,4.7841471571906355,2.9993883319,892.855,2050.756,358.3759,3.3421
1.0154011866688091,-0.0000000000000006,0.0000000000001042,0.0000000000002450,-0.0225934766433793,-0.0632742794198733,4.7940468227424748,2.9993691184,894.885,2051.641,358.1764,3.3811
1.0153950798452112,-0.0000000000000000,0.0000000000000087,-0.0000000000000115,-0.0226608204190450,0.0634086158191349,4.8039464882943141,2.9993497942,896.922,2052.530,358.0091,3.4208
1.0153889737185311,-0.0000000000000000,0.0000000000000290,0.0000000000000456,-0.0227274537071562,-0.0635437604102695,4.8138461538461534,2.9993303555,898.966,2053.424,357.8737,3.4611
1.0153828650646419,-0.0000000000000006,0.0000000000000356,0.0000000000001671,-0.0227933775214288,-0.0636797420581815,4.8237458193979936,2.9993107987,901.018,2054.324,357.7701,3.5020
1.0153767506540854,0.0000000000000000,0.0000000000000006,0.0000000000000002,-0.0228585928425433,0.0638165899123182,4.8336454849498329,2.9992911200,903.078,2055.228,357.6981,3.5435
1.0153706272512530,-0.0000000000000000,0.0000000000001063,0.0000000000001506,-0.0229231006184189,-0.0639543334219211,4.8435451505016722,2.9992713156,905.147,2056.138,357.6575,3.5856
1.0153644916134785,-0.0000000000000000,-0.0000000000000020,0.0000000000000022,-0.0229869017668375,0.0640930023558291,4.8534448160535115,2.9992513815,907.224,2057.053,357.6483,3.6284
1.0153583404890103,-0.0000000000000000,0.0000000000000013,-0.0000000000000014,-0.0230499971715315,0.0642326268184562,4.8633444816053508,2.9992313138,909.311,2057.974,357.6702,3.6718
1.0153521706165645,-0.0000000000000000,0.0000000000000456,0.0000000000003063,-0.0231123876855245,-0.0643732372683057,4.8732441471571910,2.9992111083,911.407,2058.901,357.7232,3.7159
1.0153459787238222,-0.0000000000000000,0.0000000000000018,-0.0000000000000018,-0.0231740741306422,0.0645148645375803,4.8831438127090303,2.9991907610,913.513,2059.834,357.8071,3.7606
1.0153397615260373,0.0000000000000000,-0.0000000000000041,0.0000000000000116,-0.0232350572961508,0.0646575398489661,4.8930434782608696,2.9991702674,915.629,2060.773,357.9217,3.8060
1.0153335157249923,-0.0000000000000007,0.0000000000001928,0.0000000000003576,-0.0232953379404691,-0.0648012948372777,4.9029431438127089,2.9991496234,917.755,2061.719,358.0671,3.8521
1.0153272380074998,-0.0000000000000000,0.0000000000000025,-0.0000000000000039,-0.0233549167917289,0.0649461615706455,4.9128428093645482,2.9991288244,919.893,2062.672,358.2431,3.8988
1.0153209250442796,-0.0000000000000000,0.0000000000000001,-0.0000000000000006,-0.0234137945455433,0.0650921725673756,4.9227424749163875,2.9991078659,922.042,2063.631,358.4496,3.9462
1.0153145734884623,-0.0000000000000007,-0.0000000000002295,0.0000000000000161,-0.0234719718680760,-0.0652393608216784,4.9326421404682277,2.9990867433,924.203,2064.597,358.6866,3.9944
1.0153081799742676,0.0000000000000000,0.0000000000000132,-0.0000000000000175,-0.0235294493936988,0.0653877598237617,4.9425418060200670,2.9990654518,926.376,2065.571,358.9538,4.0432
1.0153017411159186,-0.0000000000000000,0.0000000000000033,-0.0000000000000041,-0.0235862277290222,0.0655374035825315,4.9524414715719063,2.9990439864,928.562,2066.552,359.2514,4.0927
1.0152952535055078,-0.0000000000000007,0.0000000000002369,0.0000000000003795,-0.0236423074477285,-0.0656883266503808,4.9623411371237456,2.9990223423,930.760,2067.541,359.5793,4.1430
1.0152887137117637,-0.0000000000000000,0.0000000000000079,-0.0000000000000098,-0.0236976890952481,0.0658405641489185,4.9722408026755858,2.9990005143,932.972,2068.538,359.9373,4.1940
1.0152821182795886,-0.0000000000000000,-0.0000000000002058,-0.0000000000003556,-0.0237523731881404,-0.0659941517884473,4.9821404682274242,2.9989784972,935.198,2069.543,360.3255,4.2457
1.0152754637272141,-0.0000000000000007,-0.0000000000000299,0.0000000000001327,-0.0238063602128394,-0.0661491259007199,4.9920401337792644,2.9989562855,937.438,2070.556,360.7437,4.2981
1.0152687465449464,-0.0000000000000000,0.0000000000000070,-0.0000000000000090,-0.0238596506279251,0.0663055234642170,5.0019397993311037,2.9989338739,939.693,2071.578,361.1921,4.3513
1.0152619631940565,-0.0000000000000000,0.0000000000002819,0.0000000000003495,-0.0239122448630926,-0.0664633821290788,5.0118394648829430,2.9989112567,941.963,2072.609,361.6705,4.4053
1.0152551101045055,-0.0000000000000000,0.0000000000002934,0.0000000000001812,-0.0239641433207356,-0.0666227402512603,5.0217391304347823,2.9988884279,944.249,2073.648,362.1790,4.4600
1.0152481836740990,-0.0000000000000000,0.0000000000000060,-0.0000000000000081,-0.0240153463763746,0.0667836369184902,5.0316387959866216,2.9988653818,946.551,2074.698,362.7174,4.5155
1.0152411802656707,-0.0000000000000007,-0.0000000000000174,0.0000000000001245,-0.0240658543770393,-0.0669461119836666,5.0415384615384617,2.9988421122,948.870,2075.757,363.2860,4.5718
1.0152340962062936,-0.0000000000000000,0.0000000000002759,0.0000000000003990,-0.0241156676450546,-0.0671102060980289,5.0514381270903010,2.9988186129,951.206,2076.825,363.8845,4.6288
1.0152269277845094,0.0000000000000000,0.0000000000000069,-0.0000000000000082,-0.0241647864767052,0.0672759607444131,5.0613377926421403,2.9987948773,953.559,2077.904,364.5132,4.6867
1.0152196712494768,-0.0000000000000000,0.0000000000001316,0.0000000000004035,-0.0242132111425697,-0.0674434182705624,5.0712374581939796,2.9987708988,955.931,2078.994,365.1718,4.7454
1.0152123228080872,-0.0000000000000007,-0.0000000000000652,0.0000000000000384,-0.0242609418900024,-0.0676126219300508,5.0811371237458189,2.9987466707,958.322,2080.094,365.8606,4.8048
1.0152048786236463,-0.0000000000000000,0.0000000000000077,-0.0000000000000097,-0.0243079789421211,0.0677836159165858,5.0910367892976591,2.9987221858,960.731,2081.205,366.5795,4.8651
1.0151973348131560,-0.0000000000000007,0.0000000000001644,0.0000000000004472,-0.0243543224990239,-0.0679564454056185,5.1009364548494975,2.9986974371,963.161,2082.328,367.3286,4.9263
1.0151896874456585,-0.0000000000000000,0.0000000000000019,-0.0000000000000024,-0.0243999727400826,0.0681311565968609,5.1108361204013377,2.9986724170,965.611,2083.462,368.1079,4.9883
1.0151819325398805,-0.0000000000000000,0.0000000000000007,-0.0000000000000001,-0.0244449298224521,0.0683077967545700,5.1207357859531770,2.9986471180,968.082,2084.609,368.9175,5.0511
1.0151740660618016,-0.0000000000000000,0.0000000000004683,0.0000000000003827,-0.0244891938837539,-0.0684864142554425,5.1306354515050163,2.9986215321,970.575,2085.768,369.7573,5.1148
1.0151660839226455,-0.0000000000000000,0.0000000000000078,-0.0000000000000170,-0.0245327650447793,0.0686670586353226,5.1405351170568565,2.9985956512,973.090,2086.939,370.6276,5.1794
1.0151579819757341,-0.0000000000000000,-0.0000000000000055,0.0000000000000113,-0.0245756434054879,0.0688497806369989,5.1504347826086958,2.9985694669,975.627,2088.124,371.5283,5.2448
1.0151497560147067,-0.0000000000000000,0.0000000000002025,0.0000000000005317,-0.0246178290517631,-0.0690346322629793,5.1603344481605351,2.9985429707,978.189,2089.321,372.4595,5.3112
1.0151414017701930,0.0000000000000000,0.0000000000000004,-0.0000000000000006,-0.0246593220545226,0.0692216668304595,5.1702341137123744,2.9985161535,980.774,2090.533,373.4214,5.3784
1.0151329149077097,-0.0000000000000000,0.0000000000000011,-0.0000000000000016,-0.0247001224706506,0.0694109390241355,5.1801337792642137,2.9984890063,983.385,2091.759,374.4139,5.4466
1.0151242910243212,-0.0000000000000007,-0.0000000000000357,0.0000000000001351,-0.0247402303459231,-0.0696025049583484,5.1900334448160530,2.9984615195,986.021,2093.000,375.4372,5.5157
1.0151155256455702,-0.0000000000000000,0.0000000000000123,-0.0000000000000143,-0.0247796457156069,0.0697964222394799,5.1999331103678923,2.9984336833,988.683,2094.255,376.4914,5.5857
1.0151066142231611,-0.0000000000000007,-0.0000000000000215,0.0000000000001007,-0.0248183686079917,-0.0699927500259824,5.2098327759197325,2.9984054876,991.372,2095.526,377.5767,5.6566
1.0150975521308621,-0.0000000000000000,-0.0000000000000514,0.0000000000000185,-0.0248563990444923,-0.0701915491016550,5.2197324414715718,2.9983769219,994.090,2096.813,378.6930,5.7285
1.0150883346614439,-0.0000000000000000,0.0000000000000099,-0.0000000000000114,-0.0248937370428602,0.0703928819449186,5.2296321070234111,2.9983479755,996.836,2098.117,379.8405,5.8014
1.0150789570234233,-0.0000000000000000,-0.0000000000003321,-0.0000000000003894,-0.0249303826199362,-0.0705968128014012,5.2395317725752513,2.9983186371,999.611,2099.437,381.0194,5.8753
1.0150694143373922,-0.0000000000000007,-0.0000000000000595,0.0000000000000344,-0.0249663357930850,-0.0708034077656241,5.2494314381270906,2.9982888951,1002.417,2100.774,382.2298,5.9501
1.0150597016316809,-0.0000000000000000,0.0000000000000042,-0.0000000000000060,-0.0250015965844160,0.0710127348630847,5.2593311036789299,2.9982587377,1005.254,2102.129,383.4718,6.0259
1.0150498138391177,-0.0000000000000007,-0.0000000000000869,-0.0000000000000666,-0.0250361650224228,-0.0712248641337109,5.2692307692307692,2.9982281523,1008.123,2103.503,384.7456,6.1028
1.0150397457924869,-0.0000000000000000,-0.0000000000001556,-0.0000000000001730,-0.0250700411462068,-0.0714398677281414,5.2791304347826085,2.9981971261,1011.025,2104.895,386.0512,6.1806
1.0150294922202785,-0.0000000000000000,0.0000000000000011,-0.0000000000000010,-0.0251032250082448,0.0716578200001019,5.2890301003344478,2.9981656458,1013.962,2106.307,387.3890,6.2595
1.0150190477421084,-0.0000000000000006,0.0000000000000198,0.0000000000000374,-0.0251357166784756,-0.0718787976076485,5.2989297658862871,2.9981336976,1016.933,2107.739,388.7589,6.3394
1.0150084068641734,-0.0000000000000000,-0.0000000000001743,-0.0000000000002551,-0.0251675162489508,-0.0721028796227935,5.3088294314381272,2.9981012671,1019.940,2109.191,390.1612,6.4204
1.0149975639740978,0.0000000000000000,-0.0000000000000002,0.0000000000000008,-0.0251986238367293,0.0723301476406628,5.3187290969899657,2.9980683395,1022.984,2110.665,391.5961,6.5025
1.0149865133356821,-0.0000000000000007,-0.0000000000001678,-0.0000000000002161,-0.0252290395900626,-0.0725606858986956,5.3286287625418058,2.9980348994,1026.066,2112.161,393.0637,6.5857
1.0149752490837387,-0.0000000000000000,-0.0000000000000010,0.0000000000000014,-0.0252587636928563,0.0727945814045517,5.3385284280936460,2.9980009308,1029.188,2113.679,394.5643,6.6699
1.0149637652180741,-0.0000000000000000,0.0000000000000026,-0.0000000000000012,-0.0252877963701944,0.0730319240635835,5.3484280936454844,2.9979664169,1032.350,2115.220,396.0979,6.7553
1.0149520555976941,-0.0000000000000000,-0.0000000000001164,-0.0000000000001001,-0.0253161378945158,-0.0732728068221904,5.3583277591973246,2.9979313406,1035.553,2116.786,397.6648,6.8417
1.0149401139343515,-0.0000000000000000,0.0000000000000008,-0.0000000000000021,-0.0253437885919232,0.0735173258158744,5.3682274247491639,2.9978956837,1038.800,2118.376,399.2653,6.9293
1.0149279337860493,-0.0000000000000000,0.0000000000000013,0.0000000000000006,-0.0253707488492085,0.0737655805216043,5.3781270903010032,2.9978594276,1042.091,2119.992,400.8995,7.0181
1.0149155085499941,-0.0000000000000007,-0.0000000000000956,-0.0000000000001745,-0.0253970191214410,-0.0740176739273087,5.3880267558528425,2.9978225529,1045.427,2121.634,402.5675,7.1080
1.0149028314551161,-0.0000000000000000,0.0000000000000003,0.0000000000000003,-0.0254225999398906,0.0742737127073312,5.3979264214046818,2.9977850391,1048.810,2123.303,404.2698,7.1991
1.0148898955547307,0.0000000000000000,-0.0000000000000014,0.0000000000000014,-0.0254474919214293,0.0745338074045525,5.4078260869565220,2.9977468652,1052.242,2125.000,406.0064,7.2914
1.0148766937180509,-0.0000000000000007,-0.0000000000001117,-0.0000000000000725,-0.0254716957776315,-0.0747980726314813,5.4177257525083604,2.9977080092,1055.723,2126.726,407.7776,7.3850
1.0148632186214919,-0.0000000000000000,-0.0000000000000014,0.0000000000000015,-0.0254952123250470,0.0750666272805876,5.4276254180602006,2.9976684480,1059.256,2128.482,409.5836,7.4797
1.0148494627401670,-0.0000000000000000,0.0000000000000036,-0.0000000000000045,-0.0255180424971898,0.0753395947415817,5.4375250836120399,2.9976281577,1062.842,2130.269,411.4248,7.5757
1.0148354183376422,-0.0000000000000000,0.0000000000000911,-0.0000000000002028,-0.0255401873556049,-0.0756171031433727,5.4474247491638792,2.9975871132,1066.483,2132.087,413.3013,7.6729
1.0148210774564697,-0.0000000000000000,-0.0000000000000007,-0.0000000000000021,-0.0255616481054055,0.0758992856060043,5.4573244147157194,2.9975452884,1070.180,2133.939,415.2133,7.7714
1.0148064319067212,-0.0000000000000007,-0.0000000000001135,-0.0000000000001127,-0.0255824261057473,-0.0761862805032120,5.4672240802675578,2.9975026560,1073.935,2135.825,417.1613,7.8712
1.0147914732552699,-0.0000000000000006,-0.0000000000002014,-0.0000000000002370,-0.0256025228893526,-0.0764782317559173,5.4771237458193980,2.9974591873,1077.751,2137.746,419.1453,7.9723
1.0147761928136660,-0.0000000000000000,0.0000000000000110,-0.0000000000000116,-0.0256219401774908,0.0767752891317817,5.4870234113712373,2.9974148525,1081.628,2139.703,421.1658,8.0747
1.0147605816252885,-0.0000000000000000,-0.0000000000000985,-0.0000000000004243,-0.0256406798992239,-0.0770776085712976,5.4969230769230766,2.9973696204,1085.570,2141.699,423.2230,8.1784
1.0147446304518972,-0.0000000000000007,-0.0000000000002258,-0.0000000000004871,-0.0256587442108752,-0.0773853525378636,5.5068227424749168,2.9973234580,1089.578,2143.733,425.3172,8.2835
1.0147283297592611,-0.0000000000000000,0.0000000000000084,-0.0000000000000097,-0.0256761355182812,0.0776986903876908,5.5167224080267552,2.9972763310,1093.655,2145.808,427.4486,8.3900
1.0147116697021341,-0.0000000000000007,-0.0000000000000964,-0.0000000000002986,-0.0256928565012962,-0.0780177987659085,5.5266220735785954,2.9972282034,1097.803,2147.925,429.6176,8.4979
1.0146946401077928,-0.0000000000000000,-0.0000000000002292,-0.0000000000006597,-0.0257089101388612,-0.0783428620361752,5.5365217391304347,2.9971790373,1102.024,2150.086,431.8245,8.6072
1.0146772304590201,-0.0000000000000000,0.0000000000000146,-0.0000000000000199,-0.0257242997377717,0.0786740727339827,5.5464214046822740,2.9971287930,1106.322,2152.292,434.0697,8.7179
1.0146594298756988,-0.0000000000000000,-0.0000000000002619,-0.0000000000004318,-0.0257390289645822,-0.0790116320564171,5.5563210702341133,2.9970774288,1110.697,2154.544,436.3533,8.8301
1.0146412270951723,-0.0000000000000000,-0.0000000000002899,-0.0000000000003211,-0.0257531018782550,-0.0793557503912519,5.5662207357859526,2.9970249007,1115.155,2156.845,438.6759,8.9437
1.0146226104515446,0.0000000000000000,0.0000000000000073,-0.0000000000000113,-0.0257665229684641,0.0797066478787154,5.5761204013377927,2.9969711626,1119.696,2159.197,441.0376,9.0588
1.0146035678531331,-0.0000000000000000,-0.0000000000000788,-0.0000000000003813,-0.0257792971959623,-0.0800645550208386,5.5860200668896320,2.9969161658,1124.325,2161.601,443.4390,9.1755
1.0145840867589075,-0.0000000000000000,-0.0000000000000074,0.0000000000000093,-0.0257914300371314,0.0804297133385738,5.5959197324414713,2.9968598590,1129.044,2164.059,445.8802,9.2937
1.0145641541527757,-0.0000000000000000,0.0000000000000060,-0.0000000000000082,-0.0258029275332343,0.0808023760754720,5.6058193979933115,2.9968021881,1133.858,2166.574,448.3617,9.4134
1.0145437565164259,-0.0000000000000000,-0.0000000000002544,-0.0000000000004738,-0.0258137963443142,-0.0811828089619017,5.6157190635451499,2.9967430960,1138.769,2169.148,450.8839,9.5348
1.0145228797998342,0.0000000000000000,-0.0000000000000011,0.0000000000000025,-0.0258240438078812,0.0815712910405498,5.6256187290969901,2.9966825226,1143.781,2171.784,453.4471,9.6577
1.0145015093901146,0.0000000000000000,0.0000000000000044,-0.0000000000000077,-0.0258336780052182,0.0819681155534252,5.6355183946488294,2.9966204039,1148.898,2174.483,456.0517,9.7823
1.0144796300773911,-0.0000000000000000,-0.0000000000003307,-0.0000000000007504,-0.0258427078322023,-0.0823735909121744,5.6454180602006687,2.9965566726,1154.125,2177.249,458.6981,9.9085
1.0144572260190277,-0.0000000000000000,-0.0000000000000024,0.0000000000000020,-0.0258511430789112,0.0827880417425560,5.6553177257525080,2.9964912572,1159.465,2180.085,461.3868,10.0364
1.0144342806995708,0.0000000000000000,0.0000000000000039,-0.0000000000000060,-0.0258589945174264,0.0832118100223073,5.6652173913043473,2.9964240820,1164.923,2182.993,464.1181,10.1660
1.0144107768894481,-0.0000000000000007,-0.0000000000002582,-0.0000000000006318,-0.0258662739983911,-0.0836452563163028,5.6751170568561875,2.9963550666,1170.504,2185.976,466.8924,10.2973
1.0143866965990938,-0.0000000000000000,0.0000000000000105,-0.0000000000000163,-0.0258729945581650,0.0840887611233175,5.6850167224080259,2.9962841258,1176.214,2189.039,469.7102,10.4304
1.0143620210295623,-0.0000000000000000,-0.0000000000002747,-0.0000000000007046,-0.0258791705382808,-0.0845427263400563,5.6949163879598661,2.9962111688,1182.057,2192.184,472.5719,10.5652
1.0143367305195927,-0.0000000000000000,-0.0000000000003604,-0.0000000000007064,-0.0258848177167191,-0.0850075768651585,5.7048160535117063,2.9961360990,1188.039,2195.415,475.4780,10.7019
1.0143108044875722,-0.0000000000000000,0.0000000000000004,-0.0000000000000011,-0.0258899534550613,0.0854837623476078,5.7147157190635447,2.9960588138,1194.166,2198.737,478.4289,10.8404
1.0142842213691587,-0.0000000000000000,-0.0000000000003985,-0.0000000000008143,-0.0258945968625341,-0.0859717591010338,5.7246153846153849,2.9959792034,1200.446,2202.154,481.4251,10.9808
1.0142569585491259,-0.0000000000000007,-0.0000000000003239,-0.0000000000007007,-0.0258987689769272,-0.0864720722085536,5.7345150501672242,2.9958971507,1206.883,2205.670,484.4671,11.1231
1.0142289922873087,-0.0000000000000000,0.0000000000000029,-0.0000000000000058,-0.0259024929697179,0.0869852378270536,5.7444147157190635,2.9958125307,1213.486,2209.290,487.5553,11.2674
1.0142002976378330,-0.0000000000000000,-0.0000000000004371,-0.0000000000005726,-0.0259057943734185,-0.0875118257256721,5.7543143812709028,2.9957252094,1220.263,2213.019,490.6903,11.4135
1.0141708483613898,-0.0000000000000000,-0.0000000000003702,-0.0000000000007480,-0.0259087013368411,-0.0880524420855117,5.7642140468227421,2.9956350432,1227.221,2216.863,493.8726,11.5617
1.0141406168282920,-0.0000000000000000,0.0000000000000008,-0.0000000000000014,-0.0259112449118205,0.0886077325850725,5.7741137123745814,2.9955418784,1234.369,2220.828,497.1026,11.7120
1.0141095739135417,-0.0000000000000007,-0.0000000000001488,-0.0000000000002749,-0.0259134593769314,-0.0891783858162507,5.7840133779264207,2.9954455494,1241.717,2224.921,500.3810,11.8643
1.0140776888811740,-0.0000000000000000,-0.0000000000005179,-0.0000000000006451,-0.0259153826004316,-0.0897651370696785,5.7939130434782609,2.9953458782,1249.274,2229.147,503.7082,12.0187
1.0140449292566487,-0.0000000000000000,-0.0000000000000007,0.0000000000000037,-0.0259170564510036,0.0903687725390895,5.8038127090301002,2.9952426733,1257.051,2233.515,507.0849,12.1752
1.0140112606872134,-0.0000000000000000,0.0000000000002849,0.0000000000001916,-0.0259185272637585,-0.0909901339920504,5.8137123745819395,2.9951357276,1265.060,2238.032,510.5116,12.3340
1.0139766467872364,-0.0000000000000000,-0.0000000000000016,0.0000000000000020,-0.0259198463676289,0.0916301239905026,5.8236120401337796,2.9950248176,1273.312,2242.707,513.9888,12.4949
1.0139410489679321,-0.0000000000000000,0.0000000000000099,-0.0000000000000124,-0.0259210706847432,0.0922897117116833,5.8335117056856181,2.9949097013,1281.821,2247.549,517.5172,12.6582
1.0139044262477275,-0.0000000000000000,0.0000000000005050,0.0000000000006287,-0.0259222634151726,-0.0929699394800721,5.8434113712374582,2.9947901160,1290.601,2252.568,521.0973,12.8237
1.0138667350423713,-0.0000000000000000,0.0000000000000050,-0.0000000000000071,-0.0259234948190348,0.0936719300962044,5.8533110367892975,2.9946657768,1299.667,2257.775,524.7299,12.9916
1.0138279289316257,0.0000000000000000,-0.0000000000000025,0.0000000000000008,-0.0259248431099599,0.0943968950869890,5.8632107023411368,2.9945363732,1309.036,2263.181,528.4154,13.1618
1.0137879583982021,-0.0000000000000007,0.0000000000004183,0.0000000000005258,-0.0259263954859888,-0.0951461440236462,5.8731103678929761,2.9944015668,1318.725,2268.799,532.1547,13.3345
1.0137467705366126,0.0000000000000000,0.0000000000000010,-0.0000000000000048,-0.0259282493151038,0.0959210950642427,5.8830100334448154,2.9942609879,1328.754,2274.643,535.9483,13.5097
1.0137043087260746,-0.0000000000000000,-0.0000000000000003,0.0000000000000002,-0.0259305135036381,0.0967232869265646,5.8929096989966556,2.9941142314,1339.144,2280.727,539.7968,13.6875
1.0136605122633207,-0.0000000000000000,0.0000000000019312,0.0000000000020451,-0.0259333100865217,-0.0975543925193118,5.9028093645484940,2.9939608529,1349.916,2287.069,543.7011,13.8678
1.0136153159482539,0.0000000000000000,-0.0000000000000006,0.0000000000000012,-0.0259367760790424,0.0984162345162223,5.9127090301003342,2.9938003633,1361.097,2293.686,547.6618,14.0508
1.0135686496151348,-0.0000000000000000,-0.0000000000000047,0.0000000000000066,-0.0259410656268707,0.0993108032102677,5.9226086956521735,2.9936322236,1372.713,2300.598,551.6796,14.2365
1.0135204376011118,-0.0000000000000007,0.0000000000009385,0.0000000000013865,-0.0259463525437313,-0.1002402770499172,5.9325083612040128,2.9934558372,1384.794,2307.827,555.7553,14.4249
1.0134705981407428,-0.0000000000000000,0.0000000000000055,-0.0000000000000077,-0.0259528332851993,0.1012070463545669,5.9424080267558530,2.9932705431,1397.373,2315.397,559.8896,14.6161
1.0134190426743896,-0.0000000000000007,0.0000000000009447,0.0000000000010625,-0.0259607304614687,-0.1022137408075141,5.9523076923076923,2.9930756060,1410.486,2323.334,564.0833,14.8102
1.0133656750548532,-0.0000000000000007,0.0000000000007020,0.0000000000006704,-0.0259702970155075,-0.1032632614603596,5.9622073578595316,2.9928702056,1424.171,2331.668,568.3371,15.0073
1.0133103906342160,-0.0000000000000000,0.0000000000000074,-0.0000000000000098,-0.0259818211939893,0.1043588181562286,5.9721070234113709,2.9926534240,1438.474,2340.431,572.6519,15.2074
1.0132530752075033,-0.0000000000000005,0.0000000000005880,0.0000000000007679,-0.0259956325091948,-0.1055039734940808,5.9820066889632102,2.9924242304,1453.442,2349.661,577.0284,15.4105
1.0131936037860398,-0.0000000000000007,0.0000000000008423,0.0000000000008679,-0.0260121089211598,-0.1067026947351467,5.9919063545150504,2.9921814626,1469.131,2359.398,581.4676,15.6168
1.0131318391656392,-0.0000000000000000,-0.0000000000000014,0.0000000000000035,-0.0260316855333817,0.1079594154118525,6.0018060200668888,2.9919238058,1485.601,2369.688,585.9701,15.8263
1.0130676302473816,-0.0000000000000000,0.0000000000011948,0.0000000000012756,-0.0260548651908596,-0.1092791088664349,6.0117056856187290,2.9916497654,1502.919,2380.584,590.5368,16.0391
1.0130008100566015,-0.0000000000000007,0.0000000000008336,0.0000000000009161,-0.0260822314827138,-0.1106673765622977,6.0216053511705683,2.9913576356,1521.164,2392.144,595.1685,16.2553
1.0129311933935115,-0.0000000000000000,0.0000000000000007,-0.0000000000000032,-0.0261144647909602,0.1121305548196572,6.0315050167224076,2.9910454595,1540.423,2404.436,599.8661,16.4749
1.0128585740280378,-0.0000000000000000,0.0000000000014000,0.0000000000017020,-0.0261523622616908,-0.1136758447215232,6.0414046822742478,2.9907109808,1560.793,2417.537,604.6303,16.6981
1.0127827213288267,-0.0000000000000000,0.0000000000010978,0.0000000000012774,-0.0261968628513022,-0.1153114714037519,6.0513043478260862,2.9903515830,1582.389,2431.536,609.4620,16.9250
1.0127033761828099,-0.0000000000000000,-0.0000000000000051,0.0000000000000075,-0.0262490789978501,0.1170468809523270,6.0612040133779264,2.9899642139,1605.340,2446.534,614.3618,17.1556
1.0126202460161500,-0.0000000000000000,0.0000000000005787,0.0000000000004787,-0.0263103370618535,-0.1188929859296462,6.0711036789297657,2.9895452892,1629.797,2462.651,619.3305,17.3900
1.0125329986677036,-0.0000000000000000,-0.0000000000000110,0.0000000000000143,-0.0263822294826901,0.1208624744451534,6.0810033444816050,2.9890905693,1655.935,2480.027,624.3686,17.6284
1.0124412547792832,-0.0000000000000000,-0.0000000000000126,0.0000000000000164,-0.0264666827855645,0.1229702032697772,6.0909030100334451,2.9885950001,1683.959,2498.826,629.4765,17.8709
1.0123445782469549,-0.0000000000000008,0.0000000000007868,0.0000000000008029,-0.0265660473516524,-0.1252337035376682,6.1008026755852836,2.9880525043,1714.112,2519.244,634.6547,18.1176
1.0122424641046677,-0.0000000000000000,0.0000000000000034,0.0000000000000087,-0.0266832174946993,0.1276738394226271,6.1107023411371237,2.9874557045,1746.681,2541.517,639.9031,18.3685
1.0121343229574911,-0.0000000000000000,-0.0000000000000029,0.0000000000000043,-0.0268217944615700,0.1303156779565551,6.1206020066889630,2.9867955491,1782.015,2565.929,645.2215,18.6240
1.0120194607059452,-0.0000000000000000,0.0000000000005232,0.0000000000004460,-0.0269863113647474,-0.1331896553379197,6.1305016722408023,2.9860608017,1820.536,2592.829,650.6091,18.8840
1.0118970517270367,0.0000000000000000,0.0000000000000020,-0.0000000000000013,-0.0271825493064461,0.1363331677402813,6.1404013377926416,2.9852373267,1862.761,2622.650,656.0646,19.1487
1.0117661027826799,-0.0000000000000000,-0.0000000000000076,0.0000000000000097,-0.0274179909302370,0.1397927831880110,6.1503010033444809,2.9843070733,1909.339,2655.934,661.5857,19.4183
1.0116254034875991,-0.0000000000000000,0.0000000000006737,0.0000000000006087,-0.0277024865569493,-0.1436273846813212,6.1602006688963211,2.9832465931,1961.088,2693.377,667.1688,19.6930
1.0114734567919477,-0.0000000000000000,-0.0000000000000033,0.0000000000000046,-0.0280492590988808,0.1479127492477056,6.1701003344481595,2.9820248204,2019.065,2735.879,672.8081,19.9729
1.0113083788578612,-0.0000000000000000,-0.0000000000000015,-0.0000000000000007,-0.0284764677316158,0.1527484135855861,6.1799999999999997,2.9805996426,2084.657,2784.638,678.4952,20.2582
