x0_n,y0_n,z0_n,xd0_n,yd0_n,zd0_n,Tp,JC,L2ExcessVelocity_mps,landingVelocity_mps,stabilityIndex1,stabilityIndex2...,error_tol=1e-13
1.0082963005704604,-0.0000000000000001,-0.0247692367483639,-0.0000000000001235,-0.0202821108105784,0.0000000000000076,1.8100000000000001,3.0018948069,699.447,1973.643,1.0959,-3.8019
1.0083444607703356,-0.0000000000000001,-0.0247762390940423,-0.0000000000001387,-0.0203735642276317,0.0000000000000300,1.8143612040133781,3.0018916446,699.874,1973.794,1.0844,-3.7968
1.0083924527116110,-0.0000000000000001,-0.0247831326866803,-0.0000000000000531,-0.0204644017056848,0.0000000000000206,1.8187224080267559,3.0018885099,700.297,1973.944,1.0729,-3.7913
1.0084402785544400,-0.0000000000000000,-0.0247899181596569,-0.0000000000000898,-0.0205546298544052,-0.0000000000000280,1.8230836120401339,3.0018854026,700.716,1974.092,1.0614,-3.7853
1.0084879404314202,-0.0000000000000000,-0.0247965961074089,-0.0000000000000616,-0.0206442551770612,-0.0000000000000130,1.8274448160535117,3.0018823228,701.131,1974.240,1.0498,-3.7788
1.0085354404470961,-0.0000000000000000,-0.0248031670864786,-0.0000000000000774,-0.0207332840708224,-0.0000000000000009,1.8318060200668898,3.0018792704,701.542,1974.386,1.0382,-3.7718
1.0085827806782801,-0.0000000000000000,-0.0248096316172143,-0.0000000000000768,-0.0208217228276156,-0.0000000000000110,1.8361672240802676,3.0018762452,701.949,1974.530,1.0265,-3.7644
1.0086299631740197,-0.0000000000000000,-0.0248159901848825,-0.0000000000000749,-0.0209095776349719,-0.0000000000000249,1.8405284280936456,3.0018732472,702.352,1974.674,1.0147,-3.7565
1.0086769899557979,-0.0000000000000001,-0.0248222432409558,-0.0000000000000377,-0.0209968545769810,-0.0000000000000359,1.8448896321070234,3.0018702765,702.751,1974.816,1.0029,-3.7481
1.0087238630173863,-0.0000000000000001,-0.0248283912040817,-0.0000000000003515,-0.0210835596350583,0.0000000000001217,1.8492508361204014,3.0018673329,703.147,1974.957,0.9911,-3.7391
1.0087705843260204,-0.0000000000000000,-0.0248344344619680,-0.0000000000002992,-0.0211696986897717,0.0000000000000604,1.8536120401337792,3.0018644163,703.538,1975.096,0.9792,-3.7297
1.0088171558211962,-0.0000000000000002,-0.0248403733710935,-0.0000000000004021,-0.0212552775208350,0.0000000000001650,1.8579732441471573,3.0018615268,703.926,1975.234,0.9672,-3.7198
1.0088635794162555,-0.0000000000000000,-0.0248462082589300,-0.0000000000002130,-0.0213403018093377,0.0000000000000705,1.8623344481605351,3.0018586643,704.310,1975.371,0.9552,-3.7094
1.0089098569974593,-0.0000000000000002,-0.0248519394237766,-0.0000000000003553,-0.0214247771379968,0.0000000000000845,1.8666956521739131,3.0018558287,704.690,1975.507,0.9432,-3.6985
1.0089559904255865,-0.0000000000000003,-0.0248575671367151,-0.0000000000003786,-0.0215087089933848,0.0000000000001142,1.8710568561872911,3.0018530201,705.066,1975.641,0.9311,-3.6870
1.0090019815353368,-0.0000000000000003,-0.0248630916416580,-0.0000000000002578,-0.0215921027665430,0.0000000000000519,1.8754180602006689,3.0018502383,705.439,1975.774,0.9190,-3.6750
1.0090478321359191,-0.0000000000000000,-0.0248685131562385,-0.0000000000000623,-0.0216749637544266,0.0000000000000414,1.8797792642140470,3.0018474834,705.808,1975.906,0.9069,-3.6625
1.0090935440110564,-0.0000000000000003,-0.0248738318724338,-0.0000000000003653,-0.0217572971609331,0.0000000000001125,1.8841404682274248,3.0018447553,706.173,1976.036,0.8947,-3.6495
1.0091391189206391,-0.0000000000000003,-0.0248790479580832,-0.0000000000003746,-0.0218391080992469,0.0000000000001195,1.8885016722408028,3.0018420540,706.534,1976.165,0.8825,-3.6359
1.0091845585994152,-0.0000000000000000,-0.0248841615563686,-0.0000000000004310,-0.0219204015918040,0.0000000000001477,1.8928628762541806,3.0018393794,706.891,1976.293,0.8703,-3.6218
1.0092298647584788,-0.0000000000000003,-0.0248891727871128,-0.0000000000004240,-0.0220011825725625,0.0000000000001372,1.8972240802675586,3.0018367317,707.245,1976.419,0.8580,-3.6071
1.0092750390851810,-0.0000000000000000,-0.0248940817470798,-0.0000000000004189,-0.0220814558879039,0.0000000000001385,1.9015852842809364,3.0018341106,707.595,1976.545,0.8457,-3.5919
1.0093200832437446,-0.0000000000000003,-0.0248988885106889,-0.0000000000003813,-0.0221612262981189,0.0000000000001106,1.9059464882943145,3.0018315162,707.941,1976.669,0.8333,-3.5761
1.0093649988754827,-0.0000000000000003,-0.0249035931303443,-0.0000000000004325,-0.0222404984786151,0.0000000000001474,1.9103076923076923,3.0018289485,708.283,1976.791,0.8210,-3.5598
1.0094097875994925,-0.0000000000000003,-0.0249081956371208,-0.0000000000004227,-0.0223192770214685,0.0000000000001743,1.9146688963210703,3.0018264075,708.622,1976.913,0.8086,-3.5429
1.0094544510126999,-0.0000000000000003,-0.0249126960410243,-0.0000000000004008,-0.0223975664363829,0.0000000000001465,1.9190301003344481,3.0018238932,708.957,1977.033,0.7962,-3.5255
1.0094989906905165,-0.0000000000000003,-0.0249170943313968,-0.0000000000004110,-0.0224753711523040,0.0000000000001186,1.9233913043478261,3.0018214055,709.288,1977.152,0.7838,-3.5074
1.0095434081872068,-0.0000000000000003,-0.0249213904774903,-0.0000000000003730,-0.0225526955185487,0.0000000000000749,1.9277525083612042,3.0018189445,709.616,1977.269,0.7714,-3.4888
1.0095877050360997,-0.0000000000000003,-0.0249255844286674,-0.0000000000004274,-0.0226295438059088,0.0000000000001710,1.9321137123745820,3.0018165101,709.940,1977.385,0.7589,-3.4696
1.0096318827503767,-0.0000000000000003,-0.0249296761148819,-0.0000000000004280,-0.0227059202083537,0.0000000000001622,1.9364749163879600,3.0018141023,710.260,1977.500,0.7465,-3.4498
1.0096759428230992,-0.0000000000000000,-0.0249336654468671,-0.0000000000003933,-0.0227818288438063,0.0000000000001266,1.9408361204013378,3.0018117213,710.576,1977.614,0.7340,-3.4294
1.0097198867278023,-0.0000000000000000,-0.0249375523164470,-0.0000000000003753,-0.0228572737556149,0.0000000000001259,1.9451973244147158,3.0018093668,710.889,1977.726,0.7215,-3.4084
1.0097637159188138,-0.0000000000000003,-0.0249413365969250,-0.0000000000004061,-0.0229322589136183,0.0000000000001447,1.9495585284280936,3.0018070390,711.198,1977.838,0.7091,-3.3868
1.0098074318317782,-0.0000000000000000,-0.0249450181432595,-0.0000000000004372,-0.0230067882154830,0.0000000000001702,1.9539197324414717,3.0018047379,711.504,1977.947,0.6966,-3.3646
1.0098510358839574,-0.0000000000000000,-0.0249485967924315,-0.0000000000004168,-0.0230808654877632,0.0000000000001482,1.9582809364548495,3.0018024634,711.806,1978.056,0.6842,-3.3418
1.0098945294745869,-0.0000000000000000,-0.0249520723633353,-0.0000000000004326,-0.0231544944870481,0.0000000000001477,1.9626421404682275,3.0018002156,712.104,1978.163,0.6717,-3.3184
1.0099379139853639,-0.0000000000000000,-0.0249554446574675,-0.0000000000003928,-0.0232276789010692,0.0000000000001197,1.9670033444816053,3.0017979946,712.398,1978.269,0.6593,-3.2944
1.0099811907807070,-0.0000000000000003,-0.0249587134586113,-0.0000000000004370,-0.0233004223498545,0.0000000000001654,1.9713645484949833,3.0017958002,712.689,1978.374,0.6469,-3.2697
1.0100243612083930,-0.0000000000000000,-0.0249618785335392,-0.0000000000003369,-0.0233727283868864,0.0000000000000969,1.9757257525083611,3.0017936325,712.976,1978.478,0.6346,-3.2444
1.0100674265994569,-0.0000000000000000,-0.0249649396315865,-0.0000000000003978,-0.0234446004998126,0.0000000000001613,1.9800869565217392,3.0017914916,713.260,1978.580,0.6222,-3.2185
1.0101103882691409,-0.0000000000000000,-0.0249678964853298,-0.0000000000004726,-0.0235160421120121,0.0000000000001586,1.9844481605351172,3.0017893775,713.540,1978.681,0.6099,-3.1920
1.0101532475170121,-0.0000000000000003,-0.0249707488104819,-0.0000000000003964,-0.0235870565833442,0.0000000000001383,1.9888093645484950,3.0017872902,713.816,1978.780,0.5976,-3.1648
1.0101960056270591,-0.0000000000000000,-0.0249734963058637,-0.0000000000003934,-0.0236576472109403,0.0000000000001377,1.9931705685618730,3.0017852296,714.088,1978.879,0.5854,-3.1369
1.0102386638684786,-0.0000000000000003,-0.0249761386537265,-0.0000000000004297,-0.0237278172305604,0.0000000000001645,1.9975317725752508,3.0017831960,714.357,1978.976,0.5733,-3.1085
1.0102812234958802,-0.0000000000000003,-0.0249786755198753,-0.0000000000003852,-0.0237975698173867,0.0000000000001244,2.0018929765886289,3.0017811892,714.622,1979.071,0.5612,-3.0793
1.0103236857495257,-0.0000000000000003,-0.0249811065534875,-0.0000000000003735,-0.0238669080868923,0.0000000000001306,2.0062541806020069,3.0017792093,714.884,1979.166,0.5492,-3.0496
1.0103660518559008,-0.0000000000000000,-0.0249834313874579,-0.0000000000002747,-0.0239358350959522,0.0000000000000504,2.0106153846153845,3.0017772564,715.142,1979.259,0.5372,-3.0192
1.0104083230276499,-0.0000000000000000,-0.0249856496380947,-0.0000000000004087,-0.0240043538433587,0.0000000000001348,2.0149765886287625,3.0017753305,715.396,1979.351,0.5253,-2.9881
1.0104505004646758,-0.0000000000000003,-0.0249877609058040,-0.0000000000003509,-0.0240724672713648,0.0000000000001145,2.0193377926421405,3.0017734315,715.647,1979.442,0.5136,-2.9564
1.0104925853535771,-0.0000000000000003,-0.0249897647743082,-0.0000000000003909,-0.0241401782657964,0.0000000000001315,2.0236989966555186,3.0017715597,715.894,1979.531,0.5019,-2.9240
1.0105345788686639,-0.0000000000000000,-0.0249916608113214,-0.0000000000003752,-0.0242074896574115,0.0000000000000963,2.0280602006688961,3.0017697150,716.137,1979.619,0.4904,-2.8910
1.0105764821718561,-0.0000000000000003,-0.0249934485681541,-0.0000000000004550,-0.0242744042224003,0.0000000000001599,2.0324214046822742,3.0017678974,716.377,1979.706,0.4790,-2.8573
1.0106182964133790,-0.0000000000000000,-0.0249951275799895,-0.0000000000004716,-0.0243409246834839,0.0000000000001608,2.0367826086956522,3.0017661070,716.613,1979.791,0.4677,-2.8230
1.0106600227317963,-0.0000000000000003,-0.0249966973657234,-0.0000000000004235,-0.0244070537104225,0.0000000000001461,2.0411438127090302,3.0017643439,716.845,1979.875,0.4566,-2.7880
1.0107016622544136,-0.0000000000000003,-0.0249981574279392,-0.0000000000003104,-0.0244727939208721,0.0000000000001156,2.0455050167224083,3.0017626081,717.074,1979.958,0.4456,-2.7524
1.0107432160975125,-0.0000000000000000,-0.0249995072527643,-0.0000000000003853,-0.0245381478810942,0.0000000000001149,2.0498662207357858,3.0017608997,717.299,1980.039,0.4349,-2.7162
1.0107846853670048,-0.0000000000000000,-0.0250007463102485,-0.0000000000003573,-0.0246031181068694,0.0000000000001072,2.0542274247491639,3.0017592187,717.520,1980.120,0.4243,-2.6793
1.0108260711582167,-0.0000000000000000,-0.0250018740538782,-0.0000000000004113,-0.0246677070637868,0.0000000000001774,2.0585886287625419,3.0017575651,717.738,1980.198,0.4139,-2.6418
1.0108673745568599,-0.0000000000000000,-0.0250028899208467,-0.0000000000001806,-0.0247319171685966,0.0000000000000769,2.0629498327759199,3.0017559391,717.951,1980.276,0.4038,-2.6036
1.0109085966383256,-0.0000000000000000,-0.0250037933314297,-0.0000000000002282,-0.0247957507889038,0.0000000000001168,2.0673110367892975,3.0017543408,718.162,1980.352,0.3940,-2.5649
1.0109497384690938,-0.0000000000000000,-0.0250045836896561,-0.0000000000003280,-0.0248592102448038,0.0000000000001127,2.0716722408026755,3.0017527701,718.368,1980.427,0.3845,-2.5255
1.0109908011063931,-0.0000000000000000,-0.0250052603828653,-0.0000000000003934,-0.0249222978089006,0.0000000000001420,2.0760334448160536,3.0017512271,718.571,1980.501,0.3752,-2.4856
1.0110317855986544,-0.0000000000000004,-0.0250058227814964,-0.0000000000003999,-0.0249850157072194,0.0000000000001287,2.0803946488294316,3.0017497120,718.770,1980.573,0.3663,-2.4451
1.0110726929861433,-0.0000000000000004,-0.0250062702393961,0.0000000000003049,-0.0250473661199681,-0.0000000000000927,2.0847558528428092,3.0017482248,718.965,1980.644,0.3578,-2.4041
1.0111135242990470,-0.0000000000000000,-0.0250066020923129,-0.0000000000005231,-0.0251093511802104,0.0000000000001852,2.0891170568561872,3.0017467655,719.157,1980.713,0.3497,-2.3625
1.0111542805627081,-0.0000000000000000,-0.0250068176608116,-0.0000000000001278,-0.0251709729788019,0.0000000000000669,2.0934782608695652,3.0017453343,719.345,1980.782,0.3420,-2.3205
1.0111949627923806,-0.0000000000000004,-0.0250069162466078,0.0000000000003110,-0.0252322335601370,-0.0000000000001418,2.0978394648829433,3.0017439312,719.529,1980.848,0.3349,-2.2779
1.0112355719957764,-0.0000000000000000,-0.0250068971341295,-0.0000000000004579,-0.0252931349244769,0.0000000000001763,2.1022006688963213,3.0017425563,719.710,1980.914,0.3282,-2.2349
1.0112761091758837,-0.0000000000000000,-0.0250067595917529,0.0000000000001302,-0.0253536790309101,-0.0000000000000467,2.1065618729096989,3.0017412098,719.886,1980.978,0.3222,-2.1915
1.0113165753259978,-0.0000000000000000,-0.0250065028684035,0.0000000000001500,-0.0254138677930960,-0.0000000000000468,2.1109230769230769,3.0017398916,720.059,1981.041,0.3168,-2.1477
1.0113569714342232,-0.0000000000000000,-0.0250061261959522,-0.0000000000002122,-0.0254737030836229,0.0000000000000984,2.1152842809364549,3.0017386019,720.228,1981.103,0.3120,-2.1036
1.0113972984828576,-0.0000000000000004,-0.0250056287887214,0.0000000000002046,-0.0255331867335055,-0.0000000000001060,2.1196454849498330,3.0017373408,720.394,1981.163,0.3081,-2.0592
1.0114375574466072,-0.0000000000000000,-0.0250050098417189,-0.0000000000000215,-0.0255923205309689,-0.0000000000000070,2.1240066889632105,3.0017361083,720.555,1981.221,0.3050,-2.0146
1.0114777492955462,-0.0000000000000004,-0.0250042685326173,-0.0000000000002041,-0.0256511062241064,0.0000000000001196,2.1283678929765886,3.0017349046,720.713,1981.279,0.3028,-1.9698
1.0115178749941691,-0.0000000000000004,-0.0250034040201695,-0.0000000000000326,-0.0257095455204732,-0.0000000000000214,2.1327290969899666,3.0017337299,720.867,1981.335,0.3016,-1.9250
1.0115579355011919,-0.0000000000000004,-0.0250024154442952,0.0000000000002758,-0.0257676400867710,-0.0000000000001619,2.1370903010033446,3.0017325840,721.017,1981.389,0.3015,-1.8801
1.0115979317700594,-0.0000000000000004,-0.0250013019254688,-0.0000000000002192,-0.0258253915497859,0.0000000000001228,2.1414515050167227,3.0017314673,721.163,1981.443,0.3026,-1.8354
1.0116378647507596,-0.0000000000000004,-0.0250000625660999,-0.0000000000000778,-0.0258828014978498,0.0000000000000584,2.1458127090301002,3.0017303798,721.306,1981.494,0.3050,-1.7908
1.0116777353874431,-0.0000000000000000,-0.0249986964481039,-0.0000000000001866,-0.0259398714790285,0.0000000000001157,2.1501739130434783,3.0017293216,721.444,1981.545,0.3089,-1.7465
1.0117175446207454,-0.0000000000000004,-0.0249972026343173,-0.0000000000001591,-0.0259966030032286,0.0000000000000857,2.1545351170568563,3.0017282928,721.579,1981.594,0.3144,-1.7025
1.0117572933870334,-0.0000000000000004,-0.0249955801673239,-0.0000000000001575,-0.0260529975416815,0.0000000000000909,2.1588963210702343,3.0017272936,721.709,1981.642,0.3215,-1.6591
1.0117969826191464,-0.0000000000000000,-0.0249938280697092,-0.0000000000000024,-0.0261090565276778,-0.0000000000000058,2.1632575250836119,3.0017263241,721.836,1981.688,0.3306,-1.6164
1.0118366132462195,-0.0000000000000004,-0.0249919453436609,0.0000000000003107,-0.0261647813563526,-0.0000000000001095,2.1676187290969899,3.0017253843,721.959,1981.732,0.3416,-1.5745
1.0118761861940002,-0.0000000000000000,-0.0249899309702118,0.0000000000002465,-0.0262201733853107,-0.0000000000001013,2.1719799331103680,3.0017244745,722.078,1981.776,0.3549,-1.5335
1.0119157023854799,-0.0000000000000000,-0.0249877839096521,-0.0000000000002582,-0.0262752339349899,0.0000000000001481,2.1763411371237460,3.0017235948,722.193,1981.818,0.3705,-1.4936
1.0119551627415444,-0.0000000000000000,-0.0249855031015576,-0.0000000000001080,-0.0263299642892957,0.0000000000000853,2.1807023411371236,3.0017227452,722.304,1981.858,0.3887,-1.4549
1.0119945681797529,-0.0000000000000004,-0.0249830874630856,0.0000000000002135,-0.0263843656946984,-0.0000000000001055,2.1850635451505016,3.0017219260,722.411,1981.897,0.4096,-1.4177
1.0120339196152279,-0.0000000000000000,-0.0249805358893838,-0.0000000000001112,-0.0264384393608582,0.0000000000000774,2.1894247491638796,3.0017211372,722.515,1981.935,0.4334,-1.3820
1.0120732179623568,-0.0000000000000000,-0.0249778472542687,0.0000000000002445,-0.0264921864622133,-0.0000000000001048,2.1937859531772577,3.0017203791,722.614,1981.971,0.4603,-1.3480
1.0121124641322965,-0.0000000000000000,-0.0249750204078332,0.0000000000000118,-0.0265456081357207,0.0000000000000111,2.1981471571906352,3.0017196518,722.709,1982.006,0.4903,-1.3158
1.0121516590359345,-0.0000000000000000,-0.0249720541781844,-0.0000000000000159,-0.0265987054834518,0.0000000000000112,2.2025083612040133,3.0017189553,722.800,1982.039,0.5237,-1.2855
1.0121908035823837,-0.0000000000000000,-0.0249689473696536,0.0000000000000075,-0.0266514795711713,0.0000000000000203,2.2068695652173913,3.0017182900,722.887,1982.071,0.5606,-1.2573
1.0122298986798715,-0.0000000000000000,-0.0249656987629997,0.0000000000000046,-0.0267039314291814,-0.0000000000000014,2.2112307692307693,3.0017176558,722.969,1982.101,0.6010,-1.2312
1.0122689452359239,-0.0000000000000004,-0.0249623071149276,-0.0000000000000045,-0.0267560620522423,0.0000000000000078,2.2155919732441474,3.0017170531,723.048,1982.129,0.6450,-1.2072
1.0123079441576224,-0.0000000000000000,-0.0249587711577961,-0.0000000000000104,-0.0268078723997990,0.0000000000000162,2.2199531772575249,3.0017164819,723.123,1982.157,0.6928,-1.1855
1.0123468963516553,-0.0000000000000000,-0.0249550895989882,-0.0000000000002905,-0.0268593633959104,0.0000000000001571,2.2243143812709030,3.0017159425,723.193,1982.182,0.7442,-1.1658
1.0123858027253494,-0.0000000000000000,-0.0249512611209144,-0.0000000000002625,-0.0269105359300898,0.0000000000001331,2.2286755852842810,3.0017154350,723.259,1982.207,0.7993,-1.1484
1.0124246641856833,-0.0000000000000000,-0.0249472843800452,-0.0000000000002817,-0.0269613908561475,0.0000000000001526,2.2330367892976590,3.0017149595,723.322,1982.229,0.8581,-1.1330
1.0124634816407905,-0.0000000000000000,-0.0249431580071036,0.0000000000002321,-0.0270119289934895,-0.0000000000001004,2.2373979933110366,3.0017145163,723.379,1982.250,0.9206,-1.1197
1.0125022559985906,-0.0000000000000004,-0.0249388806054220,-0.0000000000000178,-0.0270621511257468,0.0000000000000092,2.2417591973244146,3.0017141056,723.433,1982.270,0.9866,-1.1083
1.0125409881693277,-0.0000000000000004,-0.0249344507523820,-0.0000000000000162,-0.0271120580026994,-0.0000000000000031,2.2461204013377927,3.0017137275,723.482,1982.288,1.0562,-1.0988
1.0125796790638451,-0.0000000000000004,-0.0249298669971754,-0.0000000000001953,-0.0271616503387201,0.0000000000001421,2.2504816053511707,3.0017133822,723.527,1982.304,1.1293,-1.0911
1.0126183295951525,-0.0000000000000000,-0.0249251278614240,-0.0000000000000238,-0.0272109288138738,-0.0000000000000047,2.2548428093645487,3.0017130699,723.568,1982.319,1.2058,-1.0850
1.0126569406775245,-0.0000000000000000,-0.0249202318378489,0.0000000000000035,-0.0272598940728223,0.0000000000000087,2.2592040133779263,3.0017127909,723.605,1982.333,1.2856,-1.0805
1.0126955132276634,-0.0000000000000004,-0.0249151773904245,-0.0000000000000966,-0.0273085467256523,0.0000000000000844,2.2635652173913043,3.0017125453,723.637,1982.344,1.3687,-1.0775
1.0127340481649973,-0.0000000000000000,-0.0249099629535242,-0.0000000000000016,-0.0273568873479898,-0.0000000000000012,2.2679264214046824,3.0017123334,723.664,1982.354,1.4549,-1.0759
1.0127725464111244,-0.0000000000000000,-0.0249045869313926,-0.0000000000000312,-0.0274049164799644,0.0000000000000264,2.2722876254180604,3.0017121552,723.688,1982.363,1.5443,-1.0755
1.0128110088908928,-0.0000000000000004,-0.0248990476976258,-0.0000000000001908,-0.0274526346270693,0.0000000000001227,2.2766488294314380,3.0017120112,723.706,1982.370,1.6367,-1.0763
1.0128494365328211,-0.0000000000000000,-0.0248933435948359,0.0000000000002202,-0.0275000422601857,-0.0000000000000760,2.2810100334448160,3.0017119015,723.721,1982.375,1.7322,-1.0782
1.0128878302678868,-0.0000000000000004,-0.0248874729330596,-0.0000000000000094,-0.0275471398140894,-0.0000000000000033,2.2853712374581940,3.0017118263,723.730,1982.378,1.8306,-1.0812
1.0129261910320231,-0.0000000000000000,-0.0248814339907679,0.0000000000000057,-0.0275939276893207,0.0000000000000278,2.2897324414715721,3.0017117858,723.736,1982.380,1.9320,-1.0850
1.0129645197647001,-0.0000000000000004,-0.0248752250128719,0.0000000000000088,-0.0276404062506189,0.0000000000000063,2.2940936454849497,3.0017117803,723.736,1982.381,2.0362,-1.0897
1.0130028174100343,-0.0000000000000004,-0.0248688442106690,0.0000000000001693,-0.0276865758274360,-0.0000000000000650,2.2984548494983277,3.0017118101,723.733,1982.379,2.1433,-1.0952
1.0130410849163818,-0.0000000000000000,-0.0248622897607972,-0.0000000000001432,-0.0277324367131785,0.0000000000001228,2.3028160535117057,3.0017118754,723.724,1982.376,2.2532,-1.1014
1.0130793232382547,-0.0000000000000004,-0.0248555598054589,0.0000000000003055,-0.0277779891665225,-0.0000000000001256,2.3071772575250837,3.0017119764,723.711,1982.371,2.3660,-1.1082
1.0131175333339653,-0.0000000000000000,-0.0248486524501815,0.0000000000002588,-0.0278232334086997,-0.0000000000000899,2.3115384615384613,3.0017121133,723.693,1982.365,2.4815,-1.1157
1.0131557161684168,-0.0000000000000000,-0.0248415657644978,-0.0000000000000137,-0.0278681696256984,0.0000000000000091,2.3158996655518393,3.0017122866,723.670,1982.357,2.5998,-1.1237
1.0131938727125183,-0.0000000000000000,-0.0248342977808478,-0.0000000000000040,-0.0279127979670624,0.0000000000000041,2.3202608695652174,3.0017124964,723.643,1982.347,2.7210,-1.1323
1.0132320039430653,-0.0000000000000004,-0.0248268464932212,-0.0000000000000099,-0.0279571185453812,-0.0000000000000027,2.3246220735785954,3.0017127429,723.611,1982.335,2.8449,-1.1414
1.0132701108434941,-0.0000000000000000,-0.0248192098569508,-0.0000000000001495,-0.0280011314362923,0.0000000000001104,2.3289832775919734,3.0017130266,723.574,1982.321,2.9717,-1.1508
1.0133081944045845,-0.0000000000000004,-0.0248113857877431,-0.0000000000000245,-0.0280448366787051,0.0000000000000267,2.3333444816053515,3.0017133476,723.532,1982.306,3.1012,-1.1607
1.0133462556236668,-0.0000000000000004,-0.0248033721607604,-0.0000000000001592,-0.0280882342732086,0.0000000000001382,2.3377056856187290,3.0017137063,723.485,1982.289,3.2336,-1.1710
1.0133842955066774,-0.0000000000000004,-0.0247951668100344,0.0000000000003019,-0.0281313241836344,-0.0000000000000996,2.3420668896321071,3.0017141029,723.433,1982.270,3.3688,-1.1816
1.0134223150659716,-0.0000000000000000,-0.0247867675266812,-0.0000000000001803,-0.0281741063340485,0.0000000000001769,2.3464280936454847,3.0017145378,723.377,1982.249,3.5069,-1.1925
1.0134603153241613,-0.0000000000000000,-0.0247781720597720,-0.0000000000000120,-0.0282165806119140,0.0000000000000108,2.3507892976588627,3.0017150113,723.315,1982.227,3.6479,-1.2037
1.0134982973108948,-0.0000000000000000,-0.0247693781134252,-0.0000000000001543,-0.0282587468640791,0.0000000000001392,2.3551505016722407,3.0017155236,723.248,1982.202,3.7919,-1.2151
1.0135362620658903,-0.0000000000000004,-0.0247603833470962,-0.0000000000001336,-0.0283006048991331,0.0000000000001287,2.3595117056856187,3.0017160752,723.176,1982.176,3.9387,-1.2269
1.0135742106378944,-0.0000000000000000,-0.0247511853740789,-0.0000000000000020,-0.0283421544854634,0.0000000000000094,2.3638729096989968,3.0017166663,723.099,1982.148,4.0886,-1.2388
1.0136121440851500,-0.0000000000000004,-0.0247417817606276,-0.0000000000001817,-0.0283833953508448,0.0000000000001361,2.3682341137123748,3.0017172973,723.016,1982.118,4.2415,-1.2509
1.0136500634768257,-0.0000000000000004,-0.0247321700249184,-0.0000000000001937,-0.0284243271831507,0.0000000000001566,2.3725953177257524,3.0017179685,722.929,1982.086,4.3975,-1.2632
1.0136879698922221,-0.0000000000000000,-0.0247223476359019,-0.0000000000001390,-0.0284649496285101,0.0000000000001510,2.3769565217391304,3.0017186802,722.836,1982.052,4.5566,-1.2757
1.0137258644219298,-0.0000000000000004,-0.0247123120122262,0.0000000000002252,-0.0285052622915732,-0.0000000000001283,2.3813177257525084,3.0017194329,722.737,1982.016,4.7188,-1.2883
1.0137637481671353,-0.0000000000000004,-0.0247020605209069,0.0000000000000171,-0.0285452647337577,-0.0000000000000062,2.3856789297658860,3.0017202269,722.634,1981.978,4.8842,-1.3011
1.0138016222421591,-0.0000000000000004,-0.0246915904766602,0.0000000000001994,-0.0285849564749611,-0.0000000000001170,2.3900401337792641,3.0017210626,722.524,1981.938,5.0529,-1.3139
1.0138394877724795,-0.0000000000000000,-0.0246808991397884,-0.0000000000000856,-0.0286243369903687,0.0000000000001150,2.3944013377926421,3.0017219403,722.410,1981.897,5.2250,-1.3269
1.0138773458974835,-0.0000000000000004,-0.0246699837161428,0.0000000000002842,-0.0286634057121501,-0.0000000000000863,2.3987625418060201,3.0017228604,722.289,1981.853,5.4003,-1.3400
1.0139151977683085,-0.0000000000000004,-0.0246588413542889,0.0000000000000053,-0.0287021620261893,-0.0000000000000010,2.4031237458193981,3.0017238234,722.163,1981.807,5.5791,-1.3532
1.0139530445510156,-0.0000000000000000,-0.0246474691458720,-0.0000000000000124,-0.0287406052740130,-0.0000000000000028,2.4074849498327757,3.0017248297,722.032,1981.759,5.7614,-1.3664
1.0139908874251338,0.0000000000000000,-0.0246358641228586,-0.0000000000000777,-0.0287787347502089,0.0000000000001178,2.4118461538461538,3.0017258795,721.894,1981.709,5.9473,-1.3797
1.0140287275852291,-0.0000000000000000,-0.0246240232567290,0.0000000000000337,-0.0288165497027324,-0.0000000000000256,2.4162073578595318,3.0017269735,721.751,1981.657,6.1367,-1.3931
1.0140665662403883,-0.0000000000000004,-0.0246119434569816,-0.0000000000001076,-0.0288540493309010,0.0000000000001519,2.4205685618729098,3.0017281120,721.602,1981.603,6.3298,-1.4064
1.0141044046160834,-0.0000000000000004,-0.0245996215695365,-0.0000000000000861,-0.0288912327861597,0.0000000000001501,2.4249297658862874,3.0017292954,721.447,1981.546,6.5267,-1.4199
1.0141422439534904,-0.0000000000000000,-0.0245870543751682,-0.0000000000000429,-0.0289280991697733,0.0000000000001526,2.4292909698996654,3.0017305242,721.287,1981.488,6.7275,-1.4333
1.0141800855106187,-0.0000000000000000,-0.0245742385879542,-0.0000000000000188,-0.0289646475326073,0.0000000000001275,2.4336521739130434,3.0017317989,721.120,1981.427,6.9321,-1.4468
1.0142179305626851,-0.0000000000000004,-0.0245611708535680,-0.0000000000001073,-0.0290008768739138,0.0000000000001564,2.4380133779264215,3.0017331200,720.947,1981.364,7.1407,-1.4602
1.0142557804029491,-0.0000000000000000,-0.0245478477475885,-0.0000000000000851,-0.0290367861406407,0.0000000000001746,2.4423745819397995,3.0017344878,720.767,1981.299,7.3534,-1.4737
1.0142936363429127,-0.0000000000000000,-0.0245342657737366,-0.0000000000000716,-0.0290723742259864,0.0000000000001356,2.4467357859531775,3.0017359030,720.582,1981.231,7.5702,-1.4871
1.0143314997131441,-0.0000000000000004,-0.0245204213619832,-0.0000000000000648,-0.0291076399684988,0.0000000000001418,2.4510969899665551,3.0017373660,720.390,1981.161,7.7912,-1.5005
1.0143693718638773,-0.0000000000000004,-0.0245063108667343,-0.0000000000000835,-0.0291425821509614,0.0000000000001452,2.4554581939799331,3.0017388772,720.192,1981.089,8.0166,-1.5139
1.0144072541656641,-0.0000000000000004,-0.0244919305649108,-0.0000000000000233,-0.0291771994991743,0.0000000000001700,2.4598193979933107,3.0017404374,719.988,1981.015,8.2465,-1.5273
1.0144451480098369,-0.0000000000000004,-0.0244772766538117,-0.0000000000000850,-0.0292114906805678,0.0000000000001869,2.4641806020066888,3.0017420469,719.776,1980.938,8.4808,-1.5406
1.0144830548097936,-0.0000000000000000,-0.0244623452492532,0.0000000000002710,-0.0292454543035312,-0.0000000000001369,2.4685418060200668,3.0017437063,719.559,1980.859,8.7198,-1.5539
1.0145209760001181,-0.0000000000000004,-0.0244471323829757,0.0000000000000170,-0.0292790889143281,-0.0000000000000192,2.4729030100334448,3.0017454162,719.334,1980.778,8.9634,-1.5671
1.0145589130397150,-0.0000000000000000,-0.0244316340010744,-0.0000000000000032,-0.0293123929984277,0.0000000000000074,2.4772642140468228,3.0017471772,719.103,1980.694,9.2120,-1.5802
1.0145968674103811,-0.0000000000000004,-0.0244158459611443,-0.0000000000001339,-0.0293453649766179,0.0000000000001496,2.4816254180602009,3.0017489898,718.865,1980.607,9.4654,-1.5933
1.0146348406189347,-0.0000000000000000,-0.0243997640301572,0.0000000000000166,-0.0293780032049875,0.0000000000000232,2.4859866220735785,3.0017508547,718.620,1980.518,9.7239,-1.6063
1.0146728341967108,-0.0000000000000000,-0.0243833838819924,-0.0000000000000966,-0.0294103059719664,0.0000000000001480,2.4903478260869565,3.0017527724,718.368,1980.427,9.9876,-1.6192
1.0147108497017903,-0.0000000000000000,-0.0243667010947984,-0.0000000000001134,-0.0294422714982041,0.0000000000001445,2.4947090301003345,3.0017547436,718.109,1980.333,10.2566,-1.6321
1.0147488887190521,-0.0000000000000000,-0.0243497111485546,0.0000000000003180,-0.0294738979340133,-0.0000000000001503,2.4990702341137121,3.0017567688,717.842,1980.236,10.5311,-1.6448
1.0147869528600544,-0.0000000000000004,-0.0243324094219549,0.0000000000000217,-0.0295051833565235,-0.0000000000000058,2.5034314381270901,3.0017588489,717.569,1980.137,10.8110,-1.6574
1.0148250437662272,-0.0000000000000004,-0.0243147911902071,-0.0000000000002203,-0.0295361257703139,0.0000000000002070,2.5077926421404682,3.0017609844,717.288,1980.035,11.0967,-1.6699
1.0148631631081948,-0.0000000000000004,-0.0242968516215822,-0.0000000000001270,-0.0295667231037608,0.0000000000001818,2.5121538461538462,3.0017631759,716.999,1979.931,11.3882,-1.6823
1.0149013125864284,-0.0000000000000004,-0.0242785857746253,-0.0000000000001470,-0.0295969732067007,0.0000000000001456,2.5165150501672242,3.0017654243,716.703,1979.824,11.6857,-1.6946
1.0149394939331080,-0.0000000000000000,-0.0242599885949304,-0.0000000000001600,-0.0296268738492261,0.0000000000001836,2.5208762541806018,3.0017677303,716.399,1979.714,11.9893,-1.7067
1.0149777089128311,-0.0000000000000004,-0.0242410549120824,-0.0000000000000013,-0.0296564227192724,-0.0000000000000007,2.5252374581939798,3.0017700945,716.087,1979.601,12.2991,-1.7187
1.0150159593230068,-0.0000000000000004,-0.0242217794359902,-0.0000000000001658,-0.0296856174195062,0.0000000000001660,2.5295986622073579,3.0017725177,715.767,1979.485,12.6154,-1.7305
1.0150542469961559,-0.0000000000000000,-0.0242021567537517,-0.0000000000001808,-0.0297144554663693,0.0000000000001739,2.5339598662207359,3.0017750006,715.440,1979.367,12.9383,-1.7422
1.0150925737999372,-0.0000000000000000,-0.0241821813258009,-0.0000000000000148,-0.0297429342863396,0.0000000000000020,2.5383210702341135,3.0017775441,715.104,1979.245,13.2680,-1.7538
1.0151309416382384,-0.0000000000000000,-0.0241618474821971,-0.0000000000001264,-0.0297710512133323,0.0000000000001494,2.5426822742474915,3.0017801490,714.760,1979.121,13.6046,-1.7651
1.0151693524533345,-0.0000000000000004,-0.0241411494188675,-0.0000000000000799,-0.0297988034869554,0.0000000000001276,2.5470434782608695,3.0017828161,714.407,1978.994,13.9484,-1.7763
1.0152078082259592,-0.0000000000000004,-0.0241200811934116,-0.0000000000000600,-0.0298261882485183,0.0000000000001177,2.5514046822742475,3.0017855462,714.047,1978.864,14.2995,-1.7874
1.0152463109771366,-0.0000000000000004,-0.0240986367210388,-0.0000000000000775,-0.0298532025386443,0.0000000000001225,2.5557658862876256,3.0017883402,713.677,1978.730,14.6581,-1.7982
1.0152848627693070,-0.0000000000000004,-0.0240768097701395,-0.0000000000001555,-0.0298798432939685,0.0000000000001639,2.5601270903010036,3.0017911989,713.299,1978.594,15.0244,-1.8088
1.0153234657080754,-0.0000000000000000,-0.0240545939579081,0.0000000000003163,-0.0299061073443929,-0.0000000000001868,2.5644882943143812,3.0017941233,712.911,1978.454,15.3986,-1.8193
1.0153621219418478,-0.0000000000000000,-0.0240319827452902,0.0000000000000159,-0.0299319914077590,0.0000000000000026,2.5688494983277592,3.0017971143,712.515,1978.311,15.7810,-1.8295
1.0154008336661384,-0.0000000000000000,-0.0240089694327119,0.0000000000000507,-0.0299574920894291,0.0000000000000096,2.5732107023411368,3.0018001729,712.109,1978.165,16.1717,-1.8395
1.0154396031224746,-0.0000000000000004,-0.0239855471544936,0.0000000000000153,-0.0299826058758522,0.0000000000000056,2.5775719063545148,3.0018033000,711.695,1978.016,16.5710,-1.8493
1.0154784326010391,-0.0000000000000000,-0.0239617088737760,-0.0000000000000955,-0.0300073291318253,0.0000000000001481,2.5819331103678929,3.0018064966,711.270,1977.864,16.9792,-1.8589
1.0155173244422557,-0.0000000000000004,-0.0239374473770763,-0.0000000000000801,-0.0300316580964770,0.0000000000001420,2.5862943143812709,3.0018097638,710.836,1977.708,17.3965,-1.8682
1.0155562810378980,-0.0000000000000004,-0.0239127552685332,-0.0000000000000882,-0.0300555888784985,0.0000000000001549,2.5906555183946489,3.0018131025,710.393,1977.548,17.8231,-1.8773
1.0155953048332833,-0.0000000000000000,-0.0238876249640160,0.0000000000000263,-0.0300791174521938,-0.0000000000000007,2.5950167224080269,3.0018165139,709.939,1977.385,18.2593,-1.8861
1.0156343983283547,-0.0000000000000000,-0.0238620486849124,-0.0000000000001255,-0.0301022396521460,0.0000000000001570,2.5993779264214045,3.0018199991,709.475,1977.219,18.7054,-1.8947
1.0156735640805152,-0.0000000000000000,-0.0238360184517747,-0.0000000000001308,-0.0301249511694803,0.0000000000001621,2.6037391304347826,3.0018235592,709.001,1977.049,19.1618,-1.9030
1.0157128047055481,-0.0000000000000004,-0.0238095260775232,0.0000000000000196,-0.0301472475456726,0.0000000000000078,2.6081003344481606,3.0018271954,708.517,1976.875,19.6286,-1.9111
1.0157521228797664,-0.0000000000000004,-0.0237825631605590,0.0000000000001810,-0.0301691241675301,-0.0000000000001325,2.6124615384615382,3.0018309088,708.022,1976.698,20.1062,-1.9188
1.0157915213418647,-0.0000000000000000,-0.0237551210773984,-0.0000000000001116,-0.0301905762613384,0.0000000000001598,2.6168227424749162,3.0018347006,707.516,1976.516,20.5949,-1.9262
1.0158310028961204,-0.0000000000000000,-0.0237271909752466,-0.0000000000001359,-0.0302115988882492,0.0000000000001834,2.6211839464882942,3.0018385722,706.999,1976.331,21.0950,-1.9334
1.0158705704133113,-0.0000000000000000,-0.0236987637639448,0.0000000000003686,-0.0302321869368118,-0.0000000000002725,2.6255451505016723,3.0018425249,706.471,1976.143,21.6070,-1.9402
1.0159102268321014,-0.0000000000000000,-0.0236698301076793,-0.0000000000000234,-0.0302523351155210,0.0000000000000122,2.6299063545150503,3.0018465598,705.931,1975.950,22.1312,-1.9468
1.0159499751645200,-0.0000000000000000,-0.0236403804166639,0.0000000000000212,-0.0302720379495725,0.0000000000000355,2.6342675585284279,3.0018506785,705.380,1975.753,22.6679,-1.9530
1.0159898184951397,-0.0000000000000000,-0.0236104048377534,-0.0000000000000023,-0.0302912897701482,0.0000000000000077,2.6386287625418059,3.0018548822,704.817,1975.552,23.2175,-1.9588
1.0160297599852866,-0.0000000000000000,-0.0235798932453299,0.0000000000000821,-0.0303100847089243,-0.0000000000000204,2.6429899665551839,3.0018591725,704.242,1975.347,23.7805,-1.9643
1.0160698028749515,-0.0000000000000000,-0.0235488352313371,0.0000000000000379,-0.0303284166893890,-0.0000000000000051,2.6473511705685620,3.0018635508,703.655,1975.138,24.3572,-1.9695
1.0161099504858984,-0.0000000000000000,-0.0235172200951598,-0.0000000000000555,-0.0303462794191354,0.0000000000001537,2.6517123745819395,3.0018680185,703.055,1974.924,24.9481,-1.9743
1.0161502062244445,-0.0000000000000004,-0.0234850368327075,-0.0000000000000532,-0.0303636663811648,0.0000000000001556,2.6560735785953176,3.0018725774,702.442,1974.706,25.5538,-1.9787
1.0161905735840193,-0.0000000000000004,-0.0234522741253585,-0.0000000000000313,-0.0303805708244143,0.0000000000001414,2.6604347826086956,3.0018772289,701.816,1974.483,26.1745,-1.9827
1.0162310561484966,-0.0000000000000000,-0.0234189203281156,-0.0000000000000026,-0.0303969857545304,0.0000000000000171,2.6647959866220736,3.0018819747,701.178,1974.256,26.8109,-1.9864
1.0162716575951822,-0.0000000000000004,-0.0233849634573966,-0.0000000000000386,-0.0304129039236680,0.0000000000001523,2.6691571906354516,3.0018868166,700.525,1974.025,27.4635,-1.9896
1.0163123816984583,-0.0000000000000000,-0.0233503911779650,0.0000000000000223,-0.0304283178202158,0.0000000000000005,2.6735183946488292,3.0018917562,699.859,1973.789,28.1328,-1.9925
1.0163532323325286,-0.0000000000000004,-0.0233151907897042,-0.0000000000000484,-0.0304432196570776,0.0000000000001528,2.6778795986622073,3.0018967953,699.179,1973.547,28.8194,-1.9949
1.0163942134758623,-0.0000000000000000,-0.0232793492131672,0.0000000000000215,-0.0304576013607431,-0.0000000000000001,2.6822408026755853,3.0019019358,698.484,1973.301,29.5238,-1.9968
1.0164353292139585,-0.0000000000000000,-0.0232428529750127,-0.0000000000000021,-0.0304714545580732,0.0000000000000105,2.6866020066889633,3.0019071796,697.775,1973.050,30.2467,-1.9984
1.0164765837439365,-0.0000000000000000,-0.0232056881922253,-0.0000000000000216,-0.0304847705639802,0.0000000000001404,2.6909632107023409,3.0019125287,697.050,1972.794,30.9887,-1.9994
1.0165179813783702,-0.0000000000000004,-0.0231678405558595,0.0000000000001518,-0.0304975403674476,0.0000000000000091,2.6953244147157189,3.0019179850,696.311,1972.533,31.7504,-2.0000
1.0165595265488787,-0.0000000000000000,-0.0231292953138230,0.0000000000000155,-0.0305097546165106,0.0000000000001437,2.6996856187290970,3.0019235507,695.556,1972.267,32.5327,-2.0002
1.0166012238117084,-0.0000000000000000,-0.0230900372529218,0.0000000000000402,-0.0305214036041836,0.0000000000000780,2.7040468227424750,3.0019292278,694.784,1971.995,33.3362,-1.9998
1.0166430778510853,-0.0000000000000004,-0.0230500506798448,0.0000000000000291,-0.0305324772510507,0.0000000000000950,2.7084080267558530,3.0019350186,693.997,1971.718,34.1617,-1.9989
1.0166850934846872,-0.0000000000000000,-0.0230093194011751,0.0000000000000216,-0.0305429650889267,0.0000000000000057,2.7127692307692306,3.0019409254,693.193,1971.435,35.0099,-1.9976
1.0167272756683108,-0.0000000000000004,-0.0229678267025384,0.0000000000000559,-0.0305528562426188,0.0000000000000781,2.7171304347826086,3.0019469505,692.371,1971.146,35.8818,-1.9956
1.0167696295011168,-0.0000000000000004,-0.0229255553263060,0.0000000000000363,-0.0305621394107129,-0.0000000000000042,2.7214916387959867,3.0019530963,691.533,1970.852,36.7782,-1.9932
1.0168121602310209,-0.0000000000000000,-0.0228824874485907,0.0000000000000041,-0.0305708028456416,0.0000000000001060,2.7258528428093647,3.0019593653,690.676,1970.551,37.6999,-1.9902
1.0168548732604339,-0.0000000000000004,-0.0228386046544683,0.0000000000000032,-0.0305788343321715,0.0000000000001216,2.7302140468227423,3.0019657602,689.801,1970.245,38.6481,-1.9866
1.0168977741519474,-0.0000000000000004,-0.0227938879122890,-0.0000000000000182,-0.0305862211647053,0.0000000000001276,2.7345752508361203,3.0019722835,688.907,1969.932,39.6236,-1.9825
1.0169408686347734,-0.0000000000000000,-0.0227483175463522,0.0000000000001332,-0.0305929501235486,0.0000000000000611,2.7389364548494983,3.0019789380,687.995,1969.613,40.6275,-1.9778
1.0169841626106018,-0.0000000000000004,-0.0227018732080590,0.0000000000000360,-0.0305990074487862,-0.0000000000000029,2.7432976588628764,3.0019857267,687.062,1969.287,41.6610,-1.9724
1.0170276621612071,-0.0000000000000000,-0.0226545338456046,0.0000000000000227,-0.0306043788144062,-0.0000000000000099,2.7476588628762539,3.0019926523,686.110,1968.955,42.7252,-1.9665
1.0170713735547650,-0.0000000000000000,-0.0226062776717632,0.0000000000000825,-0.0306090492986864,0.0000000000000747,2.7520200668896320,3.0019997179,685.136,1968.616,43.8213,-1.9599
1.0171153032534277,-0.0000000000000000,-0.0225570821298772,0.0000000000001389,-0.0306130033540379,0.0000000000000595,2.7563812709030100,3.0020069267,684.142,1968.271,44.9506,-1.9526
1.0171594579210597,-0.0000000000000004,-0.0225069238579259,0.0000000000001913,-0.0306162247747974,0.0000000000000264,2.7607424749163876,3.0020142820,683.126,1967.918,46.1144,-1.9447
1.0172038444309273,-0.0000000000000000,-0.0224557786503946,-0.0000000000002855,-0.0306186966623134,0.0000000000001271,2.7651036789297656,3.0020217870,682.088,1967.557,47.3142,-1.9361
1.0172484698755124,-0.0000000000000004,-0.0224036214183316,-0.0000000000000212,-0.0306204013899774,0.0000000000000090,2.7694648829431436,3.0020294453,681.027,1967.190,48.5515,-1.9269
1.0172933415728531,-0.0000000000000004,-0.0223504261457016,-0.0000000000002146,-0.0306213205613275,0.0000000000000822,2.7738260869565217,3.0020372605,679.942,1966.815,49.8278,-1.9169
1.0173384670785099,-0.0000000000000000,-0.0222961658451193,0.0000000000002410,-0.0306214349716450,-0.0000000000001512,2.7781872909698997,3.0020452362,678.834,1966.432,51.1447,-1.9062
1.0173838541925928,-0.0000000000000000,-0.0222408125085124,0.0000000000000092,-0.0306207245607322,0.0000000000000092,2.7825484949832777,3.0020533765,677.700,1966.041,52.5041,-1.8947
1.0174295109725215,-0.0000000000000004,-0.0221843370572009,0.0000000000000834,-0.0306191683684023,0.0000000000001534,2.7869096989966553,3.0020616852,676.541,1965.642,53.9077,-1.8825
1.0174754457415245,-0.0000000000000000,-0.0221267092862938,-0.0000000000003245,-0.0306167444817508,0.0000000000001745,2.7912709030100333,3.0020701665,675.356,1965.234,55.3574,-1.8696
1.0175216671016205,-0.0000000000000004,-0.0220678978081614,0.0000000000000403,-0.0306134299834217,0.0000000000001899,2.7956321070234114,3.0020788248,674.145,1964.818,56.8554,-1.8558
1.0175681839432094,-0.0000000000000004,-0.0220078699893434,0.0000000000000854,-0.0306092008912387,0.0000000000000900,2.7999933110367894,3.0020876646,672.905,1964.393,58.4038,-1.8412
1.0176150054591568,-0.0000000000000000,-0.0219465918860259,0.0000000000000465,-0.0306040320989790,-0.0000000000000119,2.8043545150501670,3.0020966904,671.637,1963.959,60.0048,-1.8258
1.0176621411568252,-0.0000000000000004,-0.0218840281738503,0.0000000000000366,-0.0305978973092094,0.0000000000002489,2.8087157190635450,3.0021059071,670.340,1963.516,61.6609,-1.8096
1.0177096008718727,-0.0000000000000000,-0.0218201420727188,0.0000000000000088,-0.0305907689625550,0.0000000000000110,2.8130769230769230,3.0021153197,669.013,1963.063,63.3746,-1.7925
1.0177573947821170,-0.0000000000000000,-0.0217548952677855,0.0000000000000643,-0.0305826181620623,-0.0000000000000122,2.8174381270903011,3.0021249334,667.655,1962.601,65.1486,-1.7745
1.0178055334226535,-0.0000000000000000,-0.0216882478235814,0.0000000000001787,-0.0305734145914404,-0.0000000000000531,2.8217993311036791,3.0021347537,666.264,1962.128,66.9857,-1.7557
1.0178540277011938,-0.0000000000000004,-0.0216201580929805,0.0000000000000182,-0.0305631264273857,0.0000000000000028,2.8261605351170567,3.0021447861,664.841,1961.645,68.8891,-1.7359
1.0179028889151427,-0.0000000000000004,-0.0215505826197625,0.0000000000001004,-0.0305517202463172,-0.0000000000000449,2.8305217391304347,3.0021550367,663.383,1961.152,70.8619,-1.7151
1.0179521287678390,-0.0000000000000000,-0.0214794760335536,0.0000000000000835,-0.0305391609218478,-0.0000000000000399,2.8348829431438123,3.0021655114,661.890,1960.647,72.9074,-1.6935
1.0180017593872761,-0.0000000000000000,-0.0214067909375652,-0.0000000000002473,-0.0305254115165063,0.0000000000001321,2.8392441471571903,3.0021762166,660.361,1960.131,75.0294,-1.6708
1.0180517933455810,-0.0000000000000004,-0.0213324777883900,0.0000000000000417,-0.0305104331645820,-0.0000000000000043,2.8436053511705683,3.0021871590,658.794,1959.604,77.2318,-1.6472
1.0181022436773688,-0.0000000000000000,-0.0212564847655117,0.0000000000000533,-0.0304941849434557,-0.0000000000000017,2.8479665551839464,3.0021983455,657.189,1959.065,79.5185,-1.6225
1.0181531239022144,-0.0000000000000004,-0.0211787576324108,-0.0000000000002376,-0.0304766237382283,0.0000000000001050,2.8523277591973244,3.0022097833,655.543,1958.514,81.8939,-1.5968
1.0182044480464634,-0.0000000000000004,-0.0210992395862644,-0.0000000000002329,-0.0304577040931726,0.0000000000001145,2.8566889632107024,3.0022214800,653.856,1957.950,84.3628,-1.5700
1.0182562306658016,-0.0000000000000000,-0.0210178710954528,0.0000000000001195,-0.0304373780508378,0.0000000000000549,2.8610501672240805,3.0022334434,652.126,1957.372,86.9300,-1.5422
1.0183084868692363,-0.0000000000000004,-0.0209345897243135,-0.0000000000003437,-0.0304155949777389,0.0000000000001722,2.8654113712374585,3.0022456818,650.351,1956.782,89.6008,-1.5133
1.0183612323464299,-0.0000000000000004,-0.0208493299451652,-0.0000000000002409,-0.0303923013780801,0.0000000000001270,2.8697725752508361,3.0022582038,648.531,1956.178,92.3809,-1.4832
1.0184144833921756,-0.0000000000000004,-0.0207620229321422,-0.0000000000002898,-0.0303674406863788,0.0000000000001618,2.8741337792642137,3.0022710183,646.662,1955.559,95.2764,-1.4520
1.0184682569359957,-0.0000000000000004,-0.0206725963401999,-0.0000000000003666,-0.0303409530466984,0.0000000000002050,2.8784949832775917,3.0022841348,644.744,1954.925,98.2937,-1.4196
1.0185225705712413,-0.0000000000000004,-0.0205809740641951,-0.0000000000002523,-0.0303127750701119,0.0000000000001307,2.8828561872909697,3.0022975632,642.774,1954.277,101.4396,-1.3861
1.0185774425856691,-0.0000000000000004,-0.0204870759775032,-0.0000000000000300,-0.0302828395706108,0.0000000000001546,2.8872173913043477,3.0023113138,640.750,1953.612,104.7217,-1.3513
1.0186328919939798,-0.0000000000000000,-0.0203908176472428,-0.0000000000001267,-0.0302510752772586,0.0000000000002557,2.8915785953177258,3.0023253974,638.671,1952.931,108.1479,-1.3153
1.0186889385720919,-0.0000000000000004,-0.0202921100248453,-0.0000000000003080,-0.0302174065203759,0.0000000000001764,2.8959397993311038,3.0023398254,636.534,1952.233,111.7267,-1.2781
1.0187456028924615,-0.0000000000000004,-0.0201908591079541,0.0000000000001462,-0.0301817528877012,-0.0000000000000917,2.9003010033444814,3.0023546099,634.337,1951.518,115.4674,-1.2396
1.0188029063598545,-0.0000000000000000,-0.0200869655702415,-0.0000000000000121,-0.0301440288460880,0.0000000000001590,2.9046622073578594,3.0023697632,632.077,1950.785,119.3797,-1.1998
1.0188608712520000,-0.0000000000000000,-0.0199803243577990,-0.0000000000003528,-0.0301041433306325,0.0000000000002595,2.9090234113712374,3.0023852988,629.752,1950.032,123.4744,-1.1586
1.0189195207586297,-0.0000000000000004,-0.0198708242457353,-0.0000000000004736,-0.0300619992900027,0.0000000000003339,2.9133846153846155,3.0024012303,627.358,1949.261,127.7630,-1.1162
1.0189788790231888,-0.0000000000000004,-0.0197583473509859,-0.0000000000005252,-0.0300174931869342,0.0000000000003625,2.9177458193979930,3.0024175725,624.894,1948.469,132.2578,-1.0724
1.0190389711870529,-0.0000000000000004,-0.0196427685970824,0.0000000000005635,-0.0299705144493018,-0.0000000000004621,2.9221070234113711,3.0024343408,622.354,1947.656,136.9722,-1.0271
1.0190998234313362,-0.0000000000000004,-0.0195239551233371,0.0000000000001076,-0.0299209448604410,-0.0000000000000485,2.9264682274247491,3.0024515514,619.737,1946.821,141.9209,-0.9805
1.0191614630277877,-0.0000000000000004,-0.0194017656335152,-0.0000000000004322,-0.0298686578931596,0.0000000000002375,2.9308294314381271,3.0024692215,617.039,1945.964,147.1194,-0.9325
1.0192239183832412,-0.0000000000000004,-0.0192760496743738,0.0000000000003252,-0.0298135179643640,-0.0000000000000947,2.9351906354515052,3.0024873691,614.255,1945.083,152.5849,-0.8830
1.0192872190860862,-0.0000000000000004,-0.0191466468344601,-0.0000000000000110,-0.0297553796093795,0.0000000000000173,2.9395518394648827,3.0025060136,611.382,1944.178,158.3359,-0.8321
1.0193513959590570,-0.0000000000000004,-0.0190133858563248,-0.0000000000000524,-0.0296940865710716,0.0000000000000015,2.9439130434782608,3.0025251750,608.415,1943.247,164.3926,-0.7797
1.0194164811049753,-0.0000000000000004,-0.0188760836447430,-0.0000000000005109,-0.0296294707769379,0.0000000000003286,2.9482742474916384,3.0025448749,605.350,1942.289,170.7768,-0.7258
1.0194825079575409,-0.0000000000000000,-0.0187345441605671,-0.0000000000005765,-0.0295613512046592,0.0000000000003925,2.9526354515050164,3.0025651360,602.181,1941.304,177.5126,-0.6704
1.0195495113276614,-0.0000000000000000,-0.0185885571815681,0.0000000000000456,-0.0294895326097851,0.0000000000000723,2.9569966555183944,3.0025859824,598.903,1940.289,184.6262,-0.6134
1.0196175274483508,-0.0000000000000000,-0.0184378969107419,-0.0000000000004119,-0.0294138041007804,0.0000000000002618,2.9613578595317724,3.0026074397,595.510,1939.245,192.1461,-0.5550
1.0196865940203985,-0.0000000000000004,-0.0182823204109246,0.0000000000001344,-0.0293339375437694,-0.0000000000000333,2.9657190635451505,3.0026295351,591.996,1938.169,200.1037,-0.4950
1.0197567502464029,-0.0000000000000000,-0.0181215658336676,-0.0000000000000266,-0.0292496857584053,0.0000000000000990,2.9700802675585285,3.0026522977,588.353,1937.059,208.5335,-0.4334
1.0198280368659265,-0.0000000000000000,-0.0179553504153389,0.0000000000002411,-0.0291607804912439,-0.0000000000000715,2.9744414715719065,3.0026757581,584.576,1935.915,217.4733,-0.3703
1.0199004961757236,-0.0000000000000000,-0.0177833681964190,-0.0000000000000271,-0.0290669301159596,0.0000000000000407,2.9788026755852846,3.0026999494,580.655,1934.735,226.9648,-0.3056
1.0199741720430735,-0.0000000000000000,-0.0176052874197824,-0.0000000000004344,-0.0289678170302901,0.0000000000002982,2.9831638795986621,3.0027249065,576.581,1933.516,237.0540,-0.2394
1.0200491099011899,-0.0000000000000000,-0.0174207475497566,-0.0000000000000095,-0.0288630946913101,-0.0000000000000145,2.9875250836120397,3.0027506669,572.347,1932.258,247.7917,-0.1717
1.0201253567238824,-0.0000000000000004,-0.0172293558420501,0.0000000000001059,-0.0287523842334040,0.0000000000000251,2.9918862876254178,3.0027772708,567.940,1930.957,259.2343,-0.1024
1.0202029609772520,-0.0000000000000000,-0.0170306833811516,-0.0000000000003502,-0.0286352705991421,0.0000000000001824,2.9962474916387958,3.0028047611,563.351,1929.612,271.4440,-0.0316
1.0202819725367451,-0.0000000000000008,-0.0168242604788174,0.0000000000000500,-0.0285112980960575,-0.0000000000000131,3.0006086956521738,3.0028331837,558.566,1928.221,284.4905,0.0407
1.0203624425589430,-0.0000000000000008,-0.0166095713025853,0.0000000000000581,-0.0283799652724746,-0.0000000000000854,3.0049698996655518,3.0028625881,553.572,1926.780,298.4510,0.1145
1.0204444233024696,-0.0000000000000008,-0.0163860475733618,-0.0000000000003411,-0.0282407189953508,0.0000000000001934,3.0093311036789299,3.0028930274,548.355,1925.287,313.4118,0.1896
1.0205279678769206,-0.0000000000000000,-0.0161530611228463,0.0000000000001452,-0.0280929475695992,-0.0000000000000837,3.0136923076923074,3.0029245588,542.898,1923.740,329.4698,0.2662
1.0206131298997028,-0.0000000000000008,-0.0159099150479164,-0.0000000000000740,-0.0279359727125263,0.0000000000000162,3.0180535117056855,3.0029572438,537.182,1922.135,346.7332,0.3441
1.0206999630425198,-0.0000000000000000,-0.0156558331238543,-0.0000000000000181,-0.0277690401550735,0.0000000000001196,3.0224147157190635,3.0029911490,531.188,1920.469,365.3240,0.4232
1.0207885204257918,-0.0000000000000000,-0.0153899470304559,0.0000000000001187,-0.0275913085724133,-0.0000000000000500,3.0267759197324415,3.0030263463,524.894,1918.737,385.3797,0.5035
1.0208788538251738,-0.0000000000000008,-0.0151112808102204,0.0000000000001156,-0.0274018364878605,-0.0000000000000322,3.0311371237458191,3.0030629133,518.273,1916.937,407.0557,0.5849
1.0209710126327489,-0.0000000000000008,-0.0148187317754778,-0.0000000000000025,-0.0271995666855428,-0.0000000000000227,3.0354983277591971,3.0031009344,511.298,1915.063,430.5280,0.6672
1.0210650425000862,-0.0000000000000000,-0.0145110468064870,0.0000000000000316,-0.0269833075477428,-0.0000000000000249,3.0398595317725752,3.0031405013,503.938,1913.110,455.9967,0.7504
1.0211609835672701,-0.0000000000000008,-0.0141867925806582,-0.0000000000000326,-0.0267517105605570,0.0000000000000076,3.0442207357859532,3.0031817133,496.155,1911.075,483.6902,0.8342
1.0212588681505619,-0.0000000000000007,-0.0138443176843233,-0.0000000000000929,-0.0265032430063033,0.0000000000000626,3.0485819397993312,3.0032246791,487.908,1908.951,513.8692,0.9186
1.0213587177148409,-0.0000000000000000,-0.0134817036746660,-0.0000000000001675,-0.0262361545488852,0.0000000000000739,3.0529431438127088,3.0032695169,479.151,1906.731,546.8333,1.0032
1.0214605388964166,-0.0000000000000007,-0.0130967007986472,-0.0000000000002870,-0.0259484359891598,0.0000000000001470,3.0573043478260868,3.0033163560,469.829,1904.410,582.9270,1.0879
1.0215643182527478,-0.0000000000000003,-0.0126866419227304,-0.0000000000000243,-0.0256377678640543,0.0000000000000078,3.0616655518394644,3.0033653382,459.879,1901.980,622.5484,1.1724
1.0216700152861296,-0.0000000000000000,-0.0122483247102341,0.0000000000000104,-0.0253014556963200,0.0000000000000084,3.0660267558528425,3.0034166186,449.225,1899.432,666.1588,1.2564
1.0217775531044757,-0.0000000000000000,-0.0117778461287743,-0.0000000000003051,-0.0249363474461422,0.0000000000001672,3.0703879598662205,3.0034703681,437.780,1896.758,714.2952,1.3395
1.0218868057961841,-0.0000000000000007,-0.0112703628542412,-0.0000000000002661,-0.0245387268362690,0.0000000000001374,3.0747491638795985,3.0035267744,425.439,1893.947,767.5851,1.4213
1.0219975811667115,-0.0000000000000000,-0.0107197316288746,-0.0000000000002178,-0.0241041733650243,0.0000000000001045,3.0791103678929765,3.0035860449,412.072,1890.990,826.7641,1.5014
1.0221095968092884,-0.0000000000000000,-0.0101179452435037,-0.0000000000007350,-0.0236273753481018,0.0000000000003651,3.0834715719063546,3.0036484087,397.524,1887.873,892.6994,1.5792
1.0222224463828085,-0.0000000000000000,-0.0094541986453008,-0.0000000000004682,-0.0231018751061432,0.0000000000002318,3.0878327759197326,3.0037141193,381.595,1884.583,966.4168,1.6541
1.0223355511307781,-0.0000000000000006,-0.0087132319063210,-0.0000000000009621,-0.0225197133448639,0.0000000000004006,3.0921939799331106,3.0037834581,364.031,1881.105,1049.1360,1.7254
1.0224480884896270,-0.0000000000000000,-0.0078721087252949,-0.0000000000009515,-0.0218709188002743,0.0000000000003478,3.0965551839464882,3.0038567377,344.497,1877.423,1142.3140,1.7925
1.0225588837838153,-0.0000000000000000,-0.0068931019871473,-0.0000000000014715,-0.0211427509449097,0.0000000000005436,3.1009163879598658,3.0039343062,322.533,1873.517,1247.7004,1.8542
1.0226662397707682,-0.0000000000000000,-0.0057046277942717,-0.0000000000015021,-0.0203185297996806,0.0000000000004519,3.1052775919732438,3.0040165520,297.480,1869.367,1367.4066,1.9098
1.0227676555544662,-0.0000000000000000,-0.0041290723685837,-0.0000000000012844,-0.0193757346366842,0.0000000000002864,3.1096387959866219,3.0041039089,268.319,1864.949,1503.9951,1.9581
1.0228593342346135,-0.0000000000000000,-0.0010208925961357,-0.0000000000003363,-0.0182827115098162,0.0000000000000215,3.1139999999999999,3.0041968624,233.322,1860.236,1660.5930,1.9978
