x0_n,y0_n,z0_n,xd0_n,yd0_n,zd0_n,Tp,JC,L2ExcessVelocity_mps,landingVelocity_mps,stabilityIndex1,stabilityIndex2...,error_tol=1e-13
1.0040255524993871,-0.0000000000000000,-0.0000000000001334,0.0000000000000324,-0.0000945657798083,0.0022943904196931,3.2400000000000002,3.0018609246,28.951,191.417,2314.9045,1.9249
1.0040076582450286,-0.0000000000000000,0.0000000000001949,-0.0000000000000565,-0.0001329013684235,0.0027107077445099,3.2492307692307696,3.0018588492,34.193,192.280,2248.0551,1.9157
1.0039901958434796,-0.0000000000000000,-0.0000000000000585,-0.0000000000000202,-0.0001709166557602,-0.0030637146563147,3.2584615384615385,3.0018568213,38.633,193.119,2184.2172,1.9066
1.0039731510984262,-0.0000000000000000,-0.0000000000003090,-0.0000000000001158,-0.0002086189726632,-0.0033735815367301,3.2676923076923079,3.0018548391,42.529,193.936,2123.2145,1.8976
1.0039565104569745,-0.0000000000000000,0.0000000000028665,0.0000000000019848,-0.0002460152980659,-0.0036515155465904,3.2769230769230773,3.0018529008,46.020,194.731,2064.8838,1.8889
1.0039402609700705,0.0000000000000000,-0.0000000000000052,0.0000000000000022,-0.0002831122767183,0.0039045268478758,3.2861538461538462,3.0018510048,49.195,195.506,2009.0731,1.8802
1.0039243902614281,0.0000000000000000,-0.0000000000000268,0.0000000000000122,-0.0003199162439068,0.0041373565211676,3.2953846153846156,3.0018491495,52.116,196.261,1955.6409,1.8718
1.0039088864917789,-0.0000000000000000,0.0000000000002771,0.0000000000002116,-0.0003564332392881,-0.0043533944755695,3.3046153846153850,3.0018473334,54.824,196.998,1904.4558,1.8634
1.0038937383305337,-0.0000000000000000,0.0000000000013029,0.0000000000011271,-0.0003926690261662,-0.0045551678143825,3.3138461538461539,3.0018455549,57.353,197.716,1855.3949,1.8553
1.0038789349267789,-0.0000000000000000,0.0000000000019248,0.0000000000017830,-0.0004286291060661,-0.0047446226558108,3.3230769230769233,3.0018438129,59.726,198.418,1808.3437,1.8472
1.0038644658834566,-0.0000000000000000,0.0000000000000173,-0.0000000000000091,-0.0004643187341058,0.0049232972146051,3.3323076923076926,3.0018421059,61.963,199.102,1763.1953,1.8394
1.0038503212341694,-0.0000000000000000,0.0000000000018158,0.0000000000018365,-0.0004997429340534,-0.0050924334834488,3.3415384615384616,3.0018404327,64.080,199.771,1719.8498,1.8317
1.0038364914175377,-0.0000000000000000,0.0000000000028175,0.0000000000028776,-0.0005349065081932,-0.0052530522556887,3.3507692307692309,3.0018387921,66.090,200.425,1678.2134,1.8241
1.0038229672574468,0.0000000000000000,-0.0000000000000134,0.0000000000000057,-0.0005698140507007,0.0054060052292480,3.3600000000000003,3.0018371830,68.004,201.064,1638.1988,1.8167
1.0038097399448076,-0.0000000000000000,0.0000000000016472,0.0000000000017854,-0.0006044699618119,-0.0055520122342368,3.3692307692307693,3.0018356043,69.831,201.690,1599.7238,1.8095
1.0037968010144700,-0.0000000000000000,0.0000000000009971,0.0000000000011049,-0.0006388784526309,-0.0056916884782526,3.3784615384615386,3.0018340550,71.578,202.301,1562.7114,1.8024
1.0037841423315064,0.0000000000000000,0.0000000000000135,-0.0000000000000096,-0.0006730435597605,0.0058255649083069,3.3876923076923080,3.0018325341,73.253,202.900,1527.0893,1.7954
1.0037717560733614,-0.0000000000000000,0.0000000000010132,0.0000000000011694,-0.0007069691528574,-0.0059541037102430,3.3969230769230769,3.0018310406,74.861,203.486,1492.7898,1.7886
1.0037596347132809,-0.0000000000000000,0.0000000000008901,0.0000000000010561,-0.0007406589422220,-0.0060777102994438,3.4061538461538463,3.0018295736,76.408,204.060,1459.7490,1.7820
1.0037477710074605,-0.0000000000000000,0.0000000000007822,0.0000000000009586,-0.0007741164888552,-0.0061967427288214,3.4153846153846157,3.0018281323,77.897,204.622,1427.9070,1.7755
1.0037361579802626,-0.0000000000000000,0.0000000000000065,-0.0000000000000054,-0.0008073452108880,0.0063115191683977,3.4246153846153846,3.0018267159,79.334,205.174,1397.2071,1.7692
1.0037247889120677,-0.0000000000000000,0.0000000000000036,-0.0000000000000028,-0.0008403483914880,0.0064223239191039,3.4338461538461540,3.0018253234,80.721,205.714,1367.5962,1.7630
1.0037136573262782,-0.0000000000000000,0.0000000000000073,-0.0000000000000055,-0.0008731291848994,0.0065294123004553,3.4430769230769234,3.0018239543,82.063,206.244,1339.0242,1.7570
1.0037027569784458,-0.0000000000000000,-0.0000000000000071,0.0000000000000053,-0.0009056906232656,0.0066330146592877,3.4523076923076923,3.0018226076,83.361,206.764,1311.4437,1.7511
1.0036920818453414,-0.0000000000000000,0.0000000000000056,-0.0000000000000049,-0.0009380356225793,0.0067333396874039,3.4615384615384617,3.0018212828,84.619,207.275,1284.8101,1.7454
1.0036816261147592,-0.0000000000000000,0.0000000000000039,-0.0000000000000032,-0.0009701669882489,0.0068305771888254,3.4707692307692311,3.0018199792,85.839,207.775,1259.0811,1.7398
1.0036713841758855,-0.0000000000000000,-0.0000000000000143,0.0000000000000129,-0.0010020874204019,0.0069249004049562,3.4800000000000000,3.0018186960,87.023,208.267,1234.2170,1.7344
1.0036613506102567,-0.0000000000000000,0.0000000000000035,-0.0000000000000015,-0.0010337995190834,0.0070164679814181,3.4892307692307694,3.0018174327,88.172,208.750,1210.1800,1.7292
1.0036515201833256,-0.0000000000000000,0.0000000000008231,0.0000000000012035,-0.0010653057890355,-0.0071054256423319,3.4984615384615387,3.0018161888,89.290,209.225,1186.9344,1.7241
1.0036418878354416,-0.0000000000000000,0.0000000000004392,0.0000000000006462,-0.0010966086432503,-0.0071919076242510,3.5076923076923077,3.0018149634,90.378,209.692,1164.4465,1.7191
1.0036324486761483,-0.0000000000000000,0.0000000000018238,0.0000000000024410,-0.0011277104094461,-0.0072760379090027,3.5169230769230770,3.0018137563,91.437,210.150,1142.6844,1.7144
1.0036231979738115,-0.0000000000000000,0.0000000000004891,0.0000000000007189,-0.0011586133306058,-0.0073579312940061,3.5261538461538464,3.0018125667,92.469,210.601,1121.6175,1.7098
1.0036141311523716,0.0000000000000000,-0.0000000000000002,-0.0000000000000002,-0.0011893195726686,0.0074376943159057,3.5353846153846158,3.0018113942,93.474,211.045,1101.2173,1.7053
1.0036052437821261,-0.0000000000000000,0.0000000000000061,-0.0000000000000047,-0.0012198312253702,0.0075154260647236,3.5446153846153847,3.0018102383,94.455,211.481,1081.4565,1.7010
1.0035965315744664,-0.0000000000000000,0.0000000000007112,0.0000000000009987,-0.0012501503065196,-0.0075912188922889,3.5538461538461541,3.0018090985,95.413,211.910,1062.3091,1.6969
1.0035879903755647,-0.0000000000000000,0.0000000000007831,0.0000000000012375,-0.0012802787651777,-0.0076651590391088,3.5630769230769230,3.0018079744,96.348,212.333,1043.7505,1.6929
1.0035796161612658,-0.0000000000000000,0.0000000000000032,-0.0000000000000043,-0.0013102184843216,0.0077373271837564,3.5723076923076924,3.0018068654,97.261,212.749,1025.7574,1.6891
1.0035714050323361,-0.0000000000000000,0.0000000000006281,0.0000000000010405,-0.0013399712851363,-0.0078077989346633,3.5815384615384618,3.0018057712,98.154,213.159,1008.3075,1.6854
1.0035633532077031,-0.0000000000000000,0.0000000000008999,0.0000000000013030,-0.0013695389279177,-0.0078766452652065,3.5907692307692312,3.0018046914,99.027,213.562,991.3797,1.6819
1.0035554570207363,-0.0000000000000000,-0.0000000000000010,0.0000000000000015,-0.0013989231149795,0.0079439329017758,3.6000000000000001,3.0018036255,99.882,213.960,974.9540,1.6786
1.0035477129158030,-0.0000000000000000,0.0000000000010434,0.0000000000014931,-0.0014281254953532,-0.0080097246698848,3.6092307692307695,3.0018025731,100.719,214.352,959.0110,1.6754
1.0035401174409959,-0.0000000000000000,0.0000000000007182,0.0000000000010566,-0.0014571476636142,-0.0080740798092312,3.6184615384615388,3.0018015339,101.538,214.738,943.5326,1.6724
1.0035326672466767,-0.0000000000000000,-0.0000000000000015,0.0000000000000010,-0.0014859911644242,0.0081370542504035,3.6276923076923078,3.0018005075,102.341,215.119,928.5014,1.6696
1.0035253590809987,-0.0000000000000000,0.0000000000005539,0.0000000000010093,-0.0015146574949782,-0.0081987008693256,3.6369230769230771,3.0017994936,103.128,215.494,913.9009,1.6669
1.0035181897844987,-0.0000000000000000,0.0000000000000013,-0.0000000000000016,-0.0015431481047712,0.0082590697173156,3.6461538461538465,3.0017984917,103.900,215.865,899.7151,1.6644
1.0035111562888714,-0.0000000000000000,-0.0000000000000015,0.0000000000000006,-0.0015714643999019,0.0083182082251325,3.6553846153846155,3.0017975017,104.657,216.230,885.9290,1.6620
1.0035042556118963,-0.0000000000000000,0.0000000000002670,0.0000000000005080,-0.0015996077434175,-0.0083761613933139,3.6646153846153848,3.0017965231,105.400,216.591,872.5283,1.6598
1.0034974848545397,-0.0000000000000000,0.0000000000000031,-0.0000000000000016,-0.0016275794574101,0.0084329719635409,3.6738461538461542,3.0017955557,106.129,216.947,859.4991,1.6578
1.0034908411985288,-0.0000000000000000,0.0000000000002364,0.0000000000004473,-0.0016553808249897,-0.0084886805716849,3.6830769230769231,3.0017945992,106.846,217.298,846.8283,1.6560
1.0034843219023046,-0.0000000000000000,-0.0000000000000006,0.0000000000000018,-0.0016830130913379,0.0085433258947682,3.6923076923076925,3.0017936532,107.549,217.645,834.5033,1.6543
1.0034779242993581,-0.0000000000000000,0.0000000000005759,0.0000000000009498,-0.0017104774658388,-0.0085969447764010,3.7015384615384619,3.0017927174,108.241,217.987,822.5123,1.6528
1.0034716457939505,0.0000000000000000,0.0000000000000033,-0.0000000000000041,-0.0017377751224584,0.0086495723514917,3.7107692307692308,3.0017917917,108.921,218.326,810.8435,1.6515
1.0034654838605515,-0.0000000000000000,0.0000000000001739,0.0000000000003796,-0.0017649072024409,-0.0087012421511374,3.7200000000000002,3.0017908757,109.589,218.660,799.4862,1.6504
1.0034594360396003,-0.0000000000000000,0.0000000000002203,0.0000000000004505,-0.0017918748148180,-0.0087519862069325,3.7292307692307696,3.0017899692,110.247,218.990,788.4296,1.6494
1.0034534999357652,0.0000000000000000,0.0000000000000068,-0.0000000000000074,-0.0018186790370385,0.0088018351430210,3.7384615384615385,3.0017890719,110.894,219.317,777.6639,1.6486
1.0034476732160602,0.0000000000000000,0.0000000000000015,-0.0000000000000024,-0.0018453209177278,0.0088508182612666,3.7476923076923079,3.0017881836,111.531,219.640,767.1793,1.6479
1.0034419536070263,-0.0000000000000000,0.0000000000000873,0.0000000000002222,-0.0018718014764187,-0.0088989636213558,3.7569230769230773,3.0017873041,112.158,219.959,756.9665,1.6475
1.0034363388929575,-0.0000000000000000,0.0000000000000054,-0.0000000000000066,-0.0018981217051174,0.0089462981137401,3.7661538461538462,3.0017864331,112.776,220.274,747.0168,1.6472
1.0034308269139434,-0.0000000000000000,-0.0000000000000012,0.0000000000000027,-0.0019242825695579,0.0089928475275188,3.7753846153846156,3.0017855703,113.384,220.586,737.3216,1.6471
1.0034254155638807,-0.0000000000000000,0.0000000000002699,0.0000000000005786,-0.0019502850098064,-0.0090386366136527,3.7846153846153845,3.0017847157,113.984,220.895,727.8728,1.6472
1.0034201027883356,-0.0000000000000000,0.0000000000000009,-0.0000000000000016,-0.0019761299411108,0.0090836891437730,3.7938461538461539,3.0017838689,114.574,221.201,718.6625,1.6475
1.0034148865835675,-0.0000000000000000,0.0000000000001079,0.0000000000002701,-0.0020018182552275,-0.0091280279634411,3.8030769230769232,3.0017830297,115.157,221.503,709.6833,1.6479
1.0034097649940932,-0.0000000000000000,0.0000000000005064,0.0000000000008456,-0.0020273508212599,-0.0091716750446351,3.8123076923076926,3.0017821980,115.731,221.802,700.9279,1.6486
1.0034047361108274,-0.0000000000000000,-0.0000000000000024,0.0000000000000042,-0.0020527284851117,0.0092146515313046,3.8215384615384620,3.0017813736,116.298,222.098,692.3894,1.6494
1.0033997980710188,-0.0000000000000000,0.0000000000001795,0.0000000000003984,-0.0020779520730270,-0.0092569777844509,3.8307692307692309,3.0017805562,116.857,222.392,684.0612,1.6504
1.0033949490548764,0.0000000000000000,-0.0000000000000031,0.0000000000000034,-0.0021030223894772,0.0092986734229873,3.8400000000000003,3.0017797457,117.409,222.682,675.9368,1.6516
1.0033901872855036,-0.0000000000000000,0.0000000000002219,0.0000000000004871,-0.0021279402195156,-0.0093397573618100,3.8492307692307692,3.0017789419,117.954,222.970,668.0103,1.6530
1.0033855110267227,-0.0000000000000000,0.0000000000004456,0.0000000000008116,-0.0021527063289762,-0.0093802478488373,3.8584615384615386,3.0017781447,118.491,223.255,660.2755,1.6545
1.0033809185817888,-0.0000000000000000,0.0000000000000006,-0.0000000000000000,-0.0021773214645238,0.0094201624975898,3.8676923076923080,3.0017773537,119.022,223.537,652.7269,1.6563
1.0033764082931647,-0.0000000000000000,0.0000000000002770,0.0000000000006214,-0.0022017863561281,-0.0094595183196214,3.8769230769230774,3.0017765690,119.547,223.817,645.3589,1.6583
1.0033719785395550,-0.0000000000000000,0.0000000000000002,-0.0000000000000006,-0.0022261017151754,0.0094983317540085,3.8861538461538463,3.0017757903,120.065,224.094,638.1664,1.6604
1.0033676277363486,-0.0000000000000000,0.0000000000001486,0.0000000000003550,-0.0022502682372207,-0.0095366186949669,3.8953846153846157,3.0017750174,120.578,224.369,631.1443,1.6628
1.0033633543331830,-0.0000000000000000,0.0000000000000004,-0.0000000000000010,-0.0022742866004848,0.0095743945187174,3.9046153846153846,3.0017742503,121.084,224.641,624.2877,1.6653
1.0033591568139497,-0.0000000000000000,0.0000000000001738,0.0000000000003990,-0.0022981574686814,-0.0096116741073304,3.9138461538461540,3.0017734886,121.584,224.911,617.5919,1.6680
1.0033550336947512,-0.0000000000000000,0.0000000000000025,-0.0000000000000032,-0.0023218814891212,0.0096484718728822,3.9230769230769234,3.0017727324,122.079,225.179,611.0523,1.6710
1.0033509835237269,-0.0000000000000000,-0.0000000000000798,0.0000000000001182,-0.0023454592952974,-0.0096848017788354,3.9323076923076923,3.0017719814,122.569,225.445,604.6647,1.6741
1.0033470048794151,0.0000000000000000,-0.0000000000000028,0.0000000000000038,-0.0023688915052127,0.0097206773600310,3.9415384615384617,3.0017712356,123.053,225.709,598.4248,1.6775
1.0033430963703680,-0.0000000000000000,0.0000000000002724,0.0000000000006064,-0.0023921787244230,-0.0097561117442551,3.9507692307692310,3.0017704947,123.532,225.970,592.3285,1.6810
1.0033392566334756,-0.0000000000000000,-0.0000000000000077,0.0000000000000102,-0.0024153215435465,0.0097911176687526,3.9600000000000000,3.0017697586,124.007,226.230,586.3721,1.6848
1.0033354843341733,-0.0000000000000000,0.0000000000001325,0.0000000000003322,-0.0024383205411144,-0.0098257074981656,3.9692307692307693,3.0017690272,124.476,226.488,580.5517,1.6888
1.0033317781644275,0.0000000000000000,0.0000000000000037,-0.0000000000000042,-0.0024611762821912,0.0098598932416006,3.9784615384615387,3.0017683004,124.941,226.743,574.8636,1.6929
1.0033281368429476,-0.0000000000000000,-0.0000000000000309,0.0000000000001679,-0.0024838893203903,-0.0098936865676894,3.9876923076923081,3.0017675780,125.401,226.997,569.3044,1.6973
1.0033245591134397,-0.0000000000000000,0.0000000000000078,-0.0000000000000100,-0.0025064601956663,0.0099270988186918,3.9969230769230770,3.0017668599,125.857,227.249,563.8707,1.7019
1.0033210437447073,-0.0000000000000000,-0.0000000000001956,0.0000000000000758,-0.0025288894382036,-0.0099601410273949,4.0061538461538460,3.0017661460,126.308,227.500,558.5592,1.7067
1.0033175895293951,0.0000000000000000,0.0000000000000025,-0.0000000000000030,-0.0025511775654170,0.0099928239256207,4.0153846153846153,3.0017654361,126.756,227.749,553.3668,1.7118
1.0033141952830531,-0.0000000000000001,-0.0000000000009256,-0.0000000000013300,-0.0025733250840823,-0.0100251579628697,4.0246153846153847,3.0017647302,127.199,227.996,548.2904,1.7170
1.0033108598446794,-0.0000000000000001,-0.0000000000003477,-0.0000000000006211,-0.0025953324899071,-0.0100571533119663,4.0338461538461541,3.0017640281,127.638,228.241,543.3272,1.7225
1.0033075820743496,-0.0000000000000000,0.0000000000000026,-0.0000000000000030,-0.0026172002686616,0.0100888198858189,4.0430769230769235,3.0017633297,128.074,228.485,538.4741,1.7282
1.0033043608533698,-0.0000000000000001,-0.0000000000005009,-0.0000000000007846,-0.0026389288951488,-0.0101201673456927,4.0523076923076928,3.0017626349,128.506,228.727,533.7286,1.7341
1.0033011950843029,-0.0000000000000000,-0.0000000000000039,0.0000000000000047,-0.0026605188336499,0.0101512051108266,4.0615384615384613,3.0017619435,128.934,228.968,529.0879,1.7402
1.0032980836892127,-0.0000000000000000,-0.0000000000006954,-0.0000000000010708,-0.0026819705411958,-0.0101819423705229,4.0707692307692307,3.0017612556,129.359,229.208,524.5494,1.7466
1.0032950256101372,-0.0000000000000000,0.0000000000000077,-0.0000000000000103,-0.0027032844619866,0.0102123880919400,4.0800000000000001,3.0017605709,129.780,229.446,520.1108,1.7532
1.0032920198070996,-0.0000000000000001,-0.0000000000002175,-0.0000000000003183,-0.0027244610325314,-0.0102425510302163,4.0892307692307694,3.0017598893,130.198,229.682,515.7696,1.7601
1.0032890652593274,-0.0000000000000000,0.0000000000000052,-0.0000000000000072,-0.0027455006797592,0.0102724397348099,4.0984615384615388,3.0017592108,130.613,229.918,511.5234,1.7671
1.0032861609634016,0.0000000000000000,-0.0000000000000013,0.0000000000000017,-0.0027664038222284,0.0103020625607191,4.1076923076923082,3.0017585353,131.025,230.152,507.3701,1.7744
1.0032833059332638,-0.0000000000000000,0.0000000000000029,-0.0000000000000042,-0.0027871708688278,0.0103314276739580,4.1169230769230776,3.0017578626,131.434,230.385,503.3074,1.7820
1.0032804991995823,-0.0000000000000000,-0.0000000000005685,-0.0000000000007794,-0.0028078022206131,-0.0103605430599154,4.1261538461538461,3.0017571926,131.840,230.617,499.3333,1.7897
1.0032777398098343,-0.0000000000000001,-0.0000000000000850,-0.0000000000001041,-0.0028282982697034,-0.0103894165295924,4.1353846153846154,3.0017565253,132.243,230.847,495.4457,1.7978
1.0032750268264430,0.0000000000000000,-0.0000000000000038,0.0000000000000045,-0.0028486594000600,0.0104180557286619,4.1446153846153848,3.0017558606,132.643,231.077,491.6426,1.8060
1.0032723593278521,0.0000000000000000,0.0000000000000018,-0.0000000000000027,-0.0028688859876681,0.0104464681410992,4.1538461538461542,3.0017551983,133.041,231.305,487.9222,1.8145
1.0032697364070424,-0.0000000000000000,-0.0000000000004366,-0.0000000000004686,-0.0028889783998903,-0.0104746610979696,4.1630769230769236,3.0017545384,133.436,231.533,484.2826,1.8233
1.0032671571724137,0.0000000000000000,0.0000000000000065,-0.0000000000000082,-0.0029089369984005,0.0105026417798968,4.1723076923076921,3.0017538807,133.828,231.759,480.7220,1.8323
1.0032646207451363,-0.0000000000000000,-0.0000000000000004,0.0000000000000008,-0.0029287621340882,0.0105304172285045,4.1815384615384614,3.0017532252,134.218,231.985,477.2387,1.8416
1.0032621262608528,-0.0000000000000000,-0.0000000000002513,-0.0000000000005611,-0.0029484541521880,-0.0105579943466990,4.1907692307692308,3.0017525718,134.606,232.209,473.8310,1.8511
1.0032596728684453,-0.0000000000000000,-0.0000000000005105,-0.0000000000006619,-0.0029680133898125,-0.0105853799058962,4.2000000000000002,3.0017519204,134.991,232.433,470.4972,1.8609
1.0032572597298379,-0.0000000000000000,0.0000000000000033,-0.0000000000000051,-0.0029874401769949,0.0106125805512661,4.2092307692307696,3.0017512709,135.374,232.655,467.2358,1.8709
1.0032548860188555,-0.0000000000000001,-0.0000000000005603,-0.0000000000007730,-0.0030067348365269,-0.0106396028074613,4.2184615384615389,3.0017506232,135.755,232.877,464.0453,1.8812
1.0032525509224206,-0.0000000000000000,-0.0000000000004995,-0.0000000000006765,-0.0030258976838269,-0.0106664530806103,4.2276923076923083,3.0017499772,136.134,233.098,460.9241,1.8918
1.0032502536387788,-0.0000000000000000,0.0000000000000052,-0.0000000000000071,-0.0030449290272227,0.0106931376657887,4.2369230769230768,3.0017493329,136.511,233.319,457.8709,1.9027
1.0032479933776119,-0.0000000000000000,-0.0000000000000013,0.0000000000000044,-0.0030638291687425,0.0107196627501866,4.2461538461538462,3.0017486901,136.886,233.538,454.8842,1.9138
1.0032457693599937,0.0000000000000000,-0.0000000000000010,0.0000000000000012,-0.0030825984026782,0.0107460344169947,4.2553846153846155,3.0017480488,137.259,233.757,451.9628,1.9251
1.0032435808176297,-0.0000000000000001,-0.0000000000002388,-0.0000000000003952,-0.0031012370165322,-0.0107722586503775,4.2646153846153849,3.0017474089,137.630,233.975,449.1052,1.9368
1.0032414269929817,-0.0000000000000000,0.0000000000000084,-0.0000000000000067,-0.0031197452906005,0.0107983413379026,4.2738461538461543,3.0017467703,138.000,234.193,446.3103,1.9487
1.0032393071391419,0.0000000000000000,0.0000000000000066,-0.0000000000000097,-0.0031381235024431,0.0108242882752054,4.2830769230769228,3.0017461329,138.368,234.410,443.5767,1.9610
1.0032372205179714,-0.0000000000000000,0.0000000000000131,-0.0000000000000199,-0.0031563719163824,0.0108501051715967,4.2923076923076922,3.0017454967,138.734,234.626,440.9033,1.9735
1.0032351664018322,0.0000000000000000,0.0000000000000010,0.0000000000000007,-0.0031744907943429,0.0108757976501694,4.3015384615384615,3.0017448615,139.098,234.842,438.2890,1.9862
1.0032331440779916,-0.0000000000000000,-0.0000000000000562,-0.0000000000000551,-0.0031924804160598,-0.0109013712410557,4.3107692307692309,3.0017442273,139.461,235.057,435.7325,1.9993
1.0032311528206266,-0.0000000000000000,-0.0000000000002112,-0.0000000000004384,-0.0032103409579583,-0.0109268314433137,4.3200000000000003,3.0017435939,139.823,235.272,433.2329,2.0127
1.0032291919449765,-0.0000000000000001,0.0000000000000376,0.0000000000000277,-0.0032280727299292,-0.0109521836130287,4.3292307692307688,3.0017429614,140.183,235.486,430.7890,2.0263
1.0032272607539825,-0.0000000000000000,-0.0000000000005324,-0.0000000000007627,-0.0032456759472523,-0.0109774330792830,4.3384615384615390,3.0017423296,140.542,235.700,428.3999,2.0403
1.0032253585643989,-0.0000000000000001,0.0000000000000412,0.0000000000001057,-0.0032631508383158,-0.0110025850904984,4.3476923076923075,3.0017416985,140.900,235.913,426.0644,2.0546
1.0032234846999801,-0.0000000000000001,-0.0000000000000181,-0.0000000000000038,-0.0032804976256084,-0.0110276448317040,4.3569230769230769,3.0017410680,141.256,236.126,423.7818,2.0691
1.0032216384927373,-0.0000000000000000,-0.0000000000001600,-0.0000000000000665,-0.0032977165243137,-0.0110526174245926,4.3661538461538463,3.0017404379,141.612,236.339,421.5509,2.0840
1.0032198192828876,-0.0000000000000001,-0.0000000000000074,0.0000000000000129,-0.0033148077466454,-0.0110775079293713,4.3753846153846156,3.0017398083,141.966,236.552,419.3709,2.0991
1.0032180264171020,-0.0000000000000001,-0.0000000000001306,0.0000000000000116,-0.0033317714956409,-0.0111023213508797,4.3846153846153850,3.0017391789,142.319,236.764,417.2410,2.1146
1.0032162592494489,-0.0000000000000000,0.0000000000000341,0.0000000000000634,-0.0033486079684025,-0.0111270626387686,4.3938461538461535,3.0017385499,142.671,236.975,415.1602,2.1304
1.0032145171409181,-0.0000000000000000,-0.0000000000000771,-0.0000000000000360,-0.0033653173570572,-0.0111517366905056,4.4030769230769238,3.0017379210,143.022,237.187,413.1277,2.1466
1.0032127994591880,-0.0000000000000001,0.0000000000000839,0.0000000000001070,-0.0033818998465315,-0.0111763483537726,4.4123076923076923,3.0017372922,143.372,237.398,411.1427,2.1630
1.0032111055782111,-0.0000000000000001,0.0000000000000873,0.0000000000001949,-0.0033983556162660,-0.0112009024303678,4.4215384615384616,3.0017366635,143.721,237.609,409.2045,2.1798
1.0032094348783744,-0.0000000000000000,-0.0000000000000689,0.0000000000000668,-0.0034146848394526,-0.0112254036759008,4.4307692307692310,3.0017360347,144.070,237.820,407.3121,2.1968
1.0032077867456441,-0.0000000000000000,-0.0000000000003375,-0.0000000000003193,-0.0034308876814158,-0.0112498568051083,4.4400000000000004,3.0017354057,144.417,238.031,405.4650,2.2143
1.0032061605724192,-0.0000000000000000,-0.0000000000001678,0.0000000000000031,-0.0034469643034086,-0.0112742664918184,4.4492307692307698,3.0017347766,144.764,238.242,403.6624,2.2320
1.0032045557563791,-0.0000000000000000,0.0000000000000095,0.0000000000000462,-0.0034629148602071,-0.0112986373722437,4.4584615384615383,3.0017341471,145.111,238.452,401.9035,2.2501
1.0032029717005611,-0.0000000000000001,0.0000000000001453,0.0000000000002431,-0.0034787394994053,-0.0113229740473018,4.4676923076923076,3.0017335173,145.456,238.663,400.1877,2.2685
1.0032014078132176,-0.0000000000000000,0.0000000000000693,0.0000000000001462,-0.0034944383628429,-0.0113472810846448,4.4769230769230770,3.0017328870,145.801,238.873,398.5144,2.2873
1.0031998635077888,-0.0000000000000001,-0.0000000000000465,0.0000000000000249,-0.0035100115861243,-0.0113715630203891,4.4861538461538464,3.0017322562,146.146,239.084,396.8828,2.3064
1.0031983382025209,-0.0000000000000001,-0.0000000000003479,-0.0000000000002995,-0.0035254592988650,-0.0113958243614339,4.4953846153846158,3.0017316248,146.490,239.294,395.2924,2.3259
1.0031968313204602,-0.0000000000000001,0.0000000000001633,0.0000000000003357,-0.0035407816236456,-0.0114200695877964,4.5046153846153842,3.0017309927,146.834,239.505,393.7426,2.3457
1.0031953422887221,-0.0000000000000000,-0.0000000000001418,0.0000000000000868,-0.0035559786779037,-0.0114443031545875,4.5138461538461545,3.0017303598,147.177,239.715,392.2327,2.3659
1.0031938705387600,-0.0000000000000001,0.0000000000000612,0.0000000000000650,-0.0035710505699201,-0.0114685294944500,4.5230769230769230,3.0017297261,147.520,239.926,390.7622,2.3864
1.0031924155068659,-0.0000000000000001,0.0000000000000860,0.0000000000001735,-0.0035859974062858,-0.0114927530175875,4.5323076923076924,3.0017290914,147.863,240.137,389.3306,2.4073
1.0031909766325349,-0.0000000000000000,-0.0000000000000332,-0.0000000000000967,-0.0036008192834286,-0.0115169781160222,4.5415384615384617,3.0017284558,148.205,240.348,387.9372,2.4286
1.0031895533597375,-0.0000000000000000,0.0000000000000491,0.0000000000001367,-0.0036155162937360,-0.0115412091639397,4.5507692307692311,3.0017278190,148.547,240.559,386.5816,2.4503
1.0031881451349087,-0.0000000000000001,0.0000000000000409,0.0000000000000908,-0.0036300885194664,-0.0115654505222247,4.5600000000000005,3.0017271810,148.890,240.771,385.2633,2.4723
1.0031867514091068,-0.0000000000000000,-0.0000000000000218,0.0000000000000023,-0.0036445360404077,-0.0115897065363584,4.5692307692307690,3.0017265418,149.231,240.982,383.9817,2.4947
1.0031853716362715,-0.0000000000000000,-0.0000000000000211,-0.0000000000000154,-0.0036588589280848,-0.0116139815412697,4.5784615384615384,3.0017259013,149.573,241.194,382.7365,2.5174
1.0031840052733652,-0.0000000000000000,-0.0000000000000109,-0.0000000000000763,-0.0036730572472561,-0.0116382798625132,4.5876923076923077,3.0017252593,149.915,241.406,381.5270,2.5406
1.0031826517804556,-0.0000000000000001,-0.0000000000000093,-0.0000000000000497,-0.0036871310564598,-0.0116626058176987,4.5969230769230771,3.0017246159,150.257,241.619,380.3529,2.5642
1.0031813106202279,-0.0000000000000001,-0.0000000000002387,-0.0000000000002386,-0.0037010804070509,-0.0116869637190906,4.6061538461538465,3.0017239708,150.599,241.831,379.2137,2.5881
1.0031799812583047,-0.0000000000000000,-0.0000000000000663,-0.0000000000001585,-0.0037149053438358,-0.0117113578747503,4.6153846153846150,3.0017233240,150.941,242.045,378.1090,2.6125
1.0031786631624791,-0.0000000000000001,-0.0000000000002336,-0.0000000000002334,-0.0037286059049482,-0.0117357925909114,4.6246153846153844,3.0017226755,151.283,242.258,377.0384,2.6372
1.0031773558032302,-0.0000000000000000,-0.0000000000000060,-0.0000000000000156,-0.0037421821213664,-0.0117602721733480,4.6338461538461537,3.0017220251,151.626,242.472,376.0015,2.6624
1.0031760586528518,-0.0000000000000001,0.0000000000000767,0.0000000000002175,-0.0037556340172021,-0.0117848009301271,4.6430769230769231,3.0017213728,151.968,242.687,374.9979,2.6879
1.0031747711859369,-0.0000000000000000,0.0000000000001949,0.0000000000004389,-0.0037689616096320,-0.0118093831720672,4.6523076923076925,3.0017207184,152.311,242.902,374.0271,2.7139
1.0031734928782954,-0.0000000000000001,-0.0000000000000896,-0.0000000000001900,-0.0037821649074489,-0.0118340232173563,4.6615384615384619,3.0017200619,152.655,243.117,373.0889,2.7403
1.0031722232087141,-0.0000000000000000,-0.0000000000002014,-0.0000000000003070,-0.0037952439149740,-0.0118587253885539,4.6707692307692312,3.0017194032,152.998,243.333,372.1829,2.7671
1.0031709616566238,-0.0000000000000001,-0.0000000000001021,-0.0000000000002399,-0.0038081986270575,-0.0118834940193562,4.6799999999999997,3.0017187421,153.343,243.549,371.3087,2.7943
1.0031697077030022,-0.0000000000000000,-0.0000000000000837,-0.0000000000002035,-0.0038210290318887,-0.0119083334544644,4.6892307692307691,3.0017180787,153.687,243.767,370.4661,2.8220
1.0031684608302089,-0.0000000000000000,-0.0000000000001370,-0.0000000000001672,-0.0038337351103374,-0.0119332480513538,4.6984615384615385,3.0017174128,154.032,243.984,369.6546,2.8501
1.0031672205215076,-0.0000000000000000,-0.0000000000002971,-0.0000000000005012,-0.0038463168350947,-0.0119582421825975,4.7076923076923078,3.0017167442,154.378,244.203,368.8739,2.8786
1.0031659862614708,-0.0000000000000000,-0.0000000000003119,-0.0000000000005402,-0.0038587741721279,-0.0119833202375169,4.7169230769230772,3.0017160730,154.724,244.422,368.1238,2.9076
1.0031647575353313,-0.0000000000000001,-0.0000000000000319,-0.0000000000001206,-0.0038711070791747,-0.0120084866241651,4.7261538461538457,3.0017153990,155.071,244.642,367.4039,2.9370
1.0031635338286824,-0.0000000000000001,-0.0000000000000370,-0.0000000000000984,-0.0038833155063357,-0.0120337457725614,4.7353846153846160,3.0017147221,155.419,244.862,366.7141,2.9669
1.0031623146280406,-0.0000000000000000,-0.0000000000001249,-0.0000000000002419,-0.0038953993958794,-0.0120591021341786,4.7446153846153845,3.0017140422,155.768,245.083,366.0539,2.9972
1.0031610994201725,-0.0000000000000001,0.0000000000000562,0.0000000000000656,-0.0039073586817671,-0.0120845601860479,4.7538461538461538,3.0017133592,156.117,245.306,365.4231,3.0280
1.0031598876917063,-0.0000000000000000,-0.0000000000000944,-0.0000000000001961,-0.0039191932900089,-0.0121101244329485,4.7630769230769232,3.0017126729,156.467,245.529,364.8214,3.0593
1.0031586789298506,-0.0000000000000000,-0.0000000000000913,-0.0000000000002417,-0.0039309031385179,-0.0121357994074779,4.7723076923076926,3.0017119834,156.818,245.752,364.2487,3.0910
1.0031574726213033,-0.0000000000000001,-0.0000000000001924,-0.0000000000003365,-0.0039424881366390,-0.0121615896742824,4.7815384615384620,3.0017112905,157.170,245.977,363.7047,3.1232
1.0031562682527846,-0.0000000000000001,-0.0000000000002349,-0.0000000000003904,-0.0039539481855553,-0.0121874998312904,4.7907692307692304,3.0017105940,157.523,246.203,363.1890,3.1559
1.0031550653100556,-0.0000000000000000,-0.0000000000003617,-0.0000000000004968,-0.0039652831765765,-0.0122135345125412,4.7999999999999998,3.0017098939,157.877,246.429,362.7016,3.1890
1.0031538632792363,-0.0000000000000001,-0.0000000000000646,-0.0000000000001026,-0.0039764929945699,-0.0122396983885263,4.8092307692307692,3.0017091900,158.232,246.657,362.2421,3.2227
1.0031526616448314,-0.0000000000000001,-0.0000000000002181,-0.0000000000003449,-0.0039875775143433,-0.0122659961718894,4.8184615384615386,3.0017084823,158.588,246.886,361.8104,3.2568
1.0031514598906424,-0.0000000000000001,-0.0000000000002286,-0.0000000000004274,-0.0039985366003816,-0.0122924326166328,4.8276923076923079,3.0017077705,158.946,247.116,361.4062,3.2914
1.0031502574997233,-0.0000000000000001,-0.0000000000003745,-0.0000000000004449,-0.0040093701102681,-0.0123190125220243,4.8369230769230773,3.0017070547,159.304,247.347,361.0294,3.3266
1.0031490539537804,-0.0000000000000000,-0.0000000000002162,-0.0000000000003922,-0.0040200778911017,-0.0123457407339900,4.8461538461538467,3.0017063346,159.665,247.579,360.6798,3.3622
1.0031478487328345,-0.0000000000000000,-0.0000000000002906,-0.0000000000003328,-0.0040306597807382,-0.0123726221499881,4.8553846153846152,3.0017056102,160.026,247.812,360.3571,3.3984
1.0031466413157302,-0.0000000000000001,-0.0000000000004118,-0.0000000000004863,-0.0040411156075764,-0.0123996617184584,4.8646153846153846,3.0017048813,160.389,248.046,360.0612,3.4350
1.0031454311794386,-0.0000000000000000,-0.0000000000003188,-0.0000000000003127,-0.0040514451900604,-0.0124268644435361,4.8738461538461539,3.0017041478,160.753,248.282,359.7920,3.4722
1.0031442177989129,-0.0000000000000000,-0.0000000000002727,-0.0000000000003032,-0.0040616483367872,-0.0124542353873394,4.8830769230769233,3.0017034095,161.119,248.519,359.5492,3.5099
1.0031430006471176,-0.0000000000000000,-0.0000000000003360,-0.0000000000003455,-0.0040717248461857,-0.0124817796721966,4.8923076923076927,3.0017026664,161.486,248.757,359.3328,3.5482
1.0031417791948292,-0.0000000000000001,-0.0000000000002834,-0.0000000000002967,-0.0040816745066147,-0.0125095024840505,4.9015384615384612,3.0017019182,161.855,248.997,359.1425,3.5870
1.0031405529102384,-0.0000000000000001,-0.0000000000003722,-0.0000000000004503,-0.0040914970956963,-0.0125374090750299,4.9107692307692306,3.0017011649,162.226,249.238,358.9781,3.6263
1.0031393212591195,-0.0000000000000000,-0.0000000000002707,-0.0000000000001877,-0.0041011923807684,-0.0125655047667895,4.9199999999999999,3.0017004063,162.598,249.481,358.8397,3.6662
1.0031380837041357,-0.0000000000000000,-0.0000000000002646,-0.0000000000001260,-0.0041107601178281,-0.0125937949532672,4.9292307692307693,3.0016996422,162.973,249.725,358.7270,3.7066
1.0031368397048439,-0.0000000000000001,-0.0000000000004056,-0.0000000000004295,-0.0041202000514705,-0.0126222851048656,4.9384615384615387,3.0016988726,163.349,249.970,358.6399,3.7476
1.0031355887184579,-0.0000000000000000,-0.0000000000002533,-0.0000000000002202,-0.0041295119167673,-0.0126509807686099,4.9476923076923081,3.0016980972,163.727,250.218,358.5782,3.7891
1.0031343301978952,-0.0000000000000000,-0.0000000000002061,-0.0000000000000375,-0.0041386954359128,-0.0126798875760515,4.9569230769230774,3.0016973159,164.107,250.467,358.5420,3.8312
1.0031330635925966,-0.0000000000000001,-0.0000000000002641,-0.0000000000002082,-0.0041477503191662,-0.0127090112440435,4.9661538461538459,3.0016965285,164.489,250.717,358.5309,3.8739
1.0031317883485307,-0.0000000000000001,-0.0000000000003157,-0.0000000000003056,-0.0041566762656587,-0.0127383575778219,4.9753846153846153,3.0016957350,164.873,250.969,358.5451,3.9172
1.0031305039075353,-0.0000000000000000,-0.0000000000002194,-0.0000000000001403,-0.0041654729623002,-0.0127679324765641,4.9846153846153847,3.0016949350,165.260,251.223,358.5842,3.9610
1.0031292097069182,-0.0000000000000001,-0.0000000000002545,-0.0000000000002307,-0.0041741400830413,-0.0127977419361904,4.9938461538461540,3.0016941284,165.649,251.479,358.6483,4.0055
1.0031279051798709,-0.0000000000000000,-0.0000000000003401,-0.0000000000005142,-0.0041826772898038,-0.0128277920534369,5.0030769230769234,3.0016933151,166.040,251.737,358.7373,4.0505
1.0031265897547146,-0.0000000000000000,-0.0000000000002348,-0.0000000000002351,-0.0041910842309025,-0.0128580890294175,5.0123076923076919,3.0016924949,166.433,251.997,358.8510,4.0962
1.0031252628548510,-0.0000000000000001,-0.0000000000002598,-0.0000000000002701,-0.0041993605422085,-0.0128886391756062,5.0215384615384613,3.0016916676,166.829,252.258,358.9894,4.1424
1.0031239238984992,-0.0000000000000001,-0.0000000000002221,-0.0000000000001064,-0.0042075058454705,-0.0129194489162909,5.0307692307692307,3.0016908330,167.227,252.522,359.1524,4.1893
1.0031225722984922,-0.0000000000000000,-0.0000000000002453,-0.0000000000002344,-0.0042155197492220,-0.0129505247942757,5.0400000000000000,3.0016899909,167.629,252.788,359.3400,4.2368
1.0031212074619582,-0.0000000000000000,-0.0000000000002964,-0.0000000000003136,-0.0042234018474976,-0.0129818734749381,5.0492307692307694,3.0016891411,168.032,253.056,359.5520,4.2849
1.0031198287901331,-0.0000000000000001,-0.0000000000002132,-0.0000000000001699,-0.0042311517202099,-0.0130135017517796,5.0584615384615379,3.0016882835,168.439,253.326,359.7884,4.3336
1.0031184356778338,-0.0000000000000001,-0.0000000000002199,-0.0000000000001781,-0.0042387689322350,-0.0130454165514360,5.0676923076923073,3.0016874177,168.848,253.598,360.0492,4.3830
1.0031170275137264,-0.0000000000000001,-0.0000000000002483,-0.0000000000002891,-0.0042462530341228,-0.0130776249378158,5.0769230769230766,3.0016865436,169.260,253.873,360.3342,4.4330
1.0031156036795235,-0.0000000000000000,-0.0000000000001860,-0.0000000000001440,-0.0042536035605373,-0.0131101341192882,5.0861538461538469,3.0016856610,169.676,254.150,360.6435,4.4837
1.0031141635499097,-0.0000000000000000,-0.0000000000001597,0.0000000000000040,-0.0042608200307120,-0.0131429514531056,5.0953846153846154,3.0016847697,170.094,254.430,360.9770,4.5350
1.0031127064919767,-0.0000000000000000,-0.0000000000001549,-0.0000000000000174,-0.0042679019471799,-0.0131760844523759,5.1046153846153848,3.0016838693,170.516,254.712,361.3346,4.5870
1.0031112318654438,-0.0000000000000001,-0.0000000000001850,-0.0000000000000979,-0.0042748487968064,-0.0132095407909964,5.1138461538461542,3.0016829597,170.941,254.996,361.7164,4.6397
1.0031097390219204,-0.0000000000000000,-0.0000000000002118,-0.0000000000001655,-0.0042816600493216,-0.0132433283108970,5.1230769230769226,3.0016820407,171.369,255.283,362.1222,4.6930
1.0031082273046210,-0.0000000000000001,-0.0000000000001819,-0.0000000000001562,-0.0042883351571066,-0.0132774550287311,5.1323076923076929,3.0016811119,171.800,255.573,362.5521,4.7471
1.0031066960481096,-0.0000000000000001,-0.0000000000001826,-0.0000000000001433,-0.0042948735550163,-0.0133119291424499,5.1415384615384614,3.0016801731,172.236,255.866,363.0061,4.8018
1.0031051445778005,-0.0000000000000000,-0.0000000000001809,-0.0000000000001570,-0.0043012746595667,-0.0133467590389689,5.1507692307692308,3.0016792241,172.674,256.162,363.4840,4.8572
1.0031035722099626,-0.0000000000000001,-0.0000000000000534,0.0000000000000596,-0.0043075378691896,-0.0133819533009878,5.1600000000000001,3.0016782645,173.117,256.460,363.9859,4.9133
1.0031019782505906,-0.0000000000000000,-0.0000000000002073,-0.0000000000002002,-0.0043136625626799,-0.0134175207160628,5.1692307692307686,3.0016772942,173.563,256.762,364.5118,4.9701
1.0031003619959864,-0.0000000000000000,-0.0000000000002288,-0.0000000000002419,-0.0043196480998588,-0.0134534702836312,5.1784615384615389,3.0016763127,174.014,257.066,365.0616,5.0277
1.0030987227315500,-0.0000000000000001,-0.0000000000001070,0.0000000000000586,-0.0043254938202100,-0.0134898112242444,5.1876923076923074,3.0016753198,174.468,257.374,365.6354,5.0859
1.0030970597316140,-0.0000000000000000,-0.0000000000001439,-0.0000000000001941,-0.0043311990427860,-0.0135265529884113,5.1969230769230776,3.0016743152,174.927,257.685,366.2332,5.1449
1.0030953722590041,-0.0000000000000001,-0.0000000000001235,-0.0000000000002343,-0.0043367630652293,-0.0135637052664717,5.2061538461538461,3.0016732986,175.389,258.000,366.8549,5.2047
1.0030936595649123,-0.0000000000000002,0.0000000000003385,0.0000000000001842,-0.0043421851641299,-0.0136012779967775,5.2153846153846155,3.0016722696,175.857,258.318,367.5005,5.2652
1.0030919208876903,-0.0000000000000000,0.0000000000000288,-0.0000000000001937,-0.0043474645939684,-0.0136392813782253,5.2246153846153849,3.0016712279,176.328,258.639,368.1702,5.3264
1.0030901554531884,-0.0000000000000001,-0.0000000000000355,0.0000000000001729,-0.0043526005860473,-0.0136777258794936,5.2338461538461543,3.0016701731,176.805,258.964,368.8637,5.3884
1.0030883624732652,-0.0000000000000001,-0.0000000000001230,0.0000000000000410,-0.0043575923476425,-0.0137166222507479,5.2430769230769236,3.0016691049,177.286,259.293,369.5813,5.4512
1.0030865411462968,-0.0000000000000001,0.0000000000003378,0.0000000000002619,-0.0043624390624401,-0.0137559815342502,5.2523076923076921,3.0016680230,177.772,259.625,370.3229,5.5147
1.0030846906557076,-0.0000000000000000,-0.0000000000001371,-0.0000000000000010,-0.0043671398901196,-0.0137958150799259,5.2615384615384615,3.0016669268,178.263,259.962,371.0885,5.5790
1.0030828101701681,-0.0000000000000000,-0.0000000000001295,-0.0000000000002121,-0.0043716939635519,-0.0138361345541643,5.2707692307692309,3.0016658161,178.759,260.302,371.8781,5.6441
1.0030808988423989,-0.0000000000000001,0.0000000000000087,0.0000000000002329,-0.0043761003900927,-0.0138769519561090,5.2799999999999994,3.0016646903,179.261,260.647,372.6919,5.7101
1.0030789558086612,-0.0000000000000000,-0.0000000000001090,0.0000000000001078,-0.0043803582500930,-0.0139182796316022,5.2892307692307696,3.0016635492,179.767,260.996,373.5297,5.7768
1.0030769801883832,-0.0000000000000000,0.0000000000000697,0.0000000000003078,-0.0043844665958096,-0.0139601302868861,5.2984615384615381,3.0016623921,180.280,261.349,374.3916,5.8443
1.0030749710830109,-0.0000000000000001,0.0000000000000506,0.0000000000002615,-0.0043884244512046,-0.0140025170061387,5.3076923076923084,3.0016612188,180.798,261.707,375.2777,5.9127
1.0030729275756944,-0.0000000000000001,-0.0000000000000379,0.0000000000002246,-0.0043922308105619,-0.0140454532663639,5.3169230769230769,3.0016600286,181.322,262.069,376.1880,5.9819
1.0030708487303621,-0.0000000000000001,0.0000000000001179,0.0000000000004291,-0.0043958846378411,-0.0140889529558942,5.3261538461538462,3.0016588212,181.853,262.436,377.1225,6.0519
1.0030687335907398,-0.0000000000000001,-0.0000000000000879,0.0000000000000521,-0.0043993848657228,-0.0141330303923586,5.3353846153846156,3.0016575959,182.389,262.808,378.0814,6.1228
1.0030665811800008,-0.0000000000000000,-0.0000000000000661,0.0000000000000871,-0.0044027303944994,-0.0141777003411130,5.3446153846153841,3.0016563524,182.932,263.185,379.0645,6.1945
1.0030643904993826,-0.0000000000000001,0.0000000000000150,0.0000000000002990,-0.0044059200911367,-0.0142229780369496,5.3538461538461544,3.0016550899,183.482,263.568,380.0721,6.2671
1.0030621605275083,-0.0000000000000000,0.0000000000008302,0.0000000000005851,-0.0044089527878873,-0.0142688792050540,5.3630769230769229,3.0016538080,184.038,263.955,381.1040,6.3406
1.0030598902197485,-0.0000000000000000,0.0000000000003344,0.0000000000002491,-0.0044118272835566,-0.0143154200827668,5.3723076923076922,3.0016525061,184.601,264.348,382.1605,6.4150
1.0030575785062004,-0.0000000000000001,-0.0000000000002735,-0.0000000000002442,-0.0044145423372145,-0.0143626174454146,5.3815384615384616,3.0016511835,185.171,264.747,383.2414,6.4903
1.0030552242921253,-0.0000000000000001,-0.0000000000000533,0.0000000000001493,-0.0044170966715362,-0.0144104886278538,5.3907692307692301,3.0016498397,185.749,265.151,384.3470,6.5664
1.0030528264555023,-0.0000000000000001,-0.0000000000001729,-0.0000000000000243,-0.0044194889704296,-0.0144590515549091,5.4000000000000004,3.0016484739,186.335,265.562,385.4772,6.6435
1.0030503838467841,-0.0000000000000001,0.0000000000006281,0.0000000000004237,-0.0044217178764401,-0.0145083247666504,5.4092307692307688,3.0016470855,186.928,265.978,386.6322,6.7215
1.0030478952870749,-0.0000000000000001,-0.0000000000001970,-0.0000000000001887,-0.0044237819924402,-0.0145583274517641,5.4184615384615382,3.0016456737,187.529,266.401,387.8119,6.8004
1.0030453595672340,-0.0000000000000001,-0.0000000000002538,-0.0000000000002629,-0.0044256798748538,-0.0146090794732324,5.4276923076923076,3.0016442379,188.139,266.831,389.0165,6.8803
1.0030427754463698,-0.0000000000000001,-0.0000000000001819,-0.0000000000000955,-0.0044274100374023,-0.0146606014069892,5.4369230769230770,3.0016427771,188.757,267.267,390.2459,6.9611
1.0030401416503929,-0.0000000000000000,0.0000000000001524,0.0000000000000400,-0.0044289709468710,-0.0147129145749108,5.4461538461538463,3.0016412908,189.384,267.710,391.5004,7.0429
1.0030374568707616,-0.0000000000000001,-0.0000000000000519,0.0000000000001384,-0.0044303610225206,-0.0147660410812505,5.4553846153846157,3.0016397779,190.020,268.160,392.7799,7.1257
1.0030347197623724,-0.0000000000000000,-0.0000000000001734,-0.0000000000000937,-0.0044315786330866,-0.0148200038563797,5.4646153846153851,3.0016382376,190.665,268.618,394.0846,7.2094
1.0030319289426914,-0.0000000000000001,-0.0000000000001443,-0.0000000000000709,-0.0044326220961925,-0.0148748266931330,5.4738461538461536,3.0016366690,191.320,269.083,395.4145,7.2942
1.0030290829892257,-0.0000000000000001,-0.0000000000001239,0.0000000000000060,-0.0044334896757986,-0.0149305342966073,5.4830769230769230,3.0016350712,191.985,269.556,396.7696,7.3799
1.0030261804381269,-0.0000000000000000,-0.0000000000003611,-0.0000000000001569,-0.0044341795805678,-0.0149871523294950,5.4923076923076923,3.0016334432,192.660,270.037,398.1501,7.4667
1.0030232197821376,-0.0000000000000000,-0.0000000000002307,-0.0000000000001900,-0.0044346899612054,-0.0150447074630969,5.5015384615384617,3.0016317838,193.345,270.527,399.5561,7.5544
1.0030201994683190,-0.0000000000000001,-0.0000000000004965,-0.0000000000004456,-0.0044350189089941,-0.0151032274322362,5.5107692307692311,3.0016300921,194.042,271.025,400.9876,7.6433
1.0030171178963423,-0.0000000000000000,0.0000000000005644,0.0000000000002950,-0.0044351644523508,-0.0151627410909916,5.5199999999999996,3.0016283669,194.749,271.532,402.4447,7.7331
1.0030139734155390,-0.0000000000000001,-0.0000000000000414,0.0000000000001420,-0.0044351245568411,-0.0152232784759310,5.5292307692307689,3.0016266070,195.469,272.049,403.9274,7.8240
1.0030107643226762,-0.0000000000000000,-0.0000000000002452,-0.0000000000001784,-0.0044348971186907,-0.0152848708723664,5.5384615384615383,3.0016248111,196.200,272.574,405.4360,7.9160
1.0030074888597680,-0.0000000000000000,-0.0000000000003548,-0.0000000000005250,-0.0044344799655743,-0.0153475508805964,5.5476923076923077,3.0016229780,196.944,273.110,406.9704,8.0091
1.0030041452107812,-0.0000000000000001,-0.0000000000001379,-0.0000000000000620,-0.0044338708521362,-0.0154113524941797,5.5569230769230771,3.0016211062,197.700,273.656,408.5308,8.1033
1.0030007314985236,-0.0000000000000001,-0.0000000000003424,-0.0000000000002781,-0.0044330674575072,-0.0154763111806920,5.5661538461538465,3.0016191944,198.470,274.213,410.1172,8.1986
1.0029972457823035,-0.0000000000000000,-0.0000000000001763,0.0000000000000110,-0.0044320673817310,-0.0155424639636753,5.5753846153846158,3.0016172411,199.253,274.780,411.7297,8.2950
1.0029936860537672,-0.0000000000000000,-0.0000000000000763,-0.0000000000000186,-0.0044308681428685,-0.0156098495181521,5.5846153846153843,3.0016152446,200.050,275.359,413.3684,8.3925
1.0029900502336326,-0.0000000000000001,-0.0000000000000924,0.0000000000000744,-0.0044294671731779,-0.0156785082689365,5.5938461538461537,3.0016132033,200.862,275.949,415.0334,8.4912
1.0029863361681541,-0.0000000000000000,-0.0000000000001767,-0.0000000000000367,-0.0044278618156591,-0.0157484824943288,5.6030769230769231,3.0016111155,201.690,276.552,416.7248,8.5911
1.0029825416247065,-0.0000000000000000,-0.0000000000001101,0.0000000000000832,-0.0044260493198548,-0.0158198164426994,5.6123076923076924,3.0016089793,202.532,277.167,418.4427,8.6921
1.0029786642874421,-0.0000000000000000,0.0000000000005754,0.0000000000002234,-0.0044240268375718,-0.0158925564545194,5.6215384615384618,3.0016067927,203.391,277.796,420.1871,8.7943
1.0029747017532353,-0.0000000000000001,-0.0000000000000962,0.0000000000001604,-0.0044217914203788,-0.0159667510921940,5.6307692307692303,3.0016045538,204.267,278.438,421.9582,8.8977
1.0029706515257406,-0.0000000000000000,-0.0000000000000105,-0.0000000000000448,-0.0044193400110217,-0.0160424512871514,5.6400000000000006,3.0016022604,205.161,279.094,423.7560,9.0023
1.0029665110108674,-0.0000000000000000,0.0000000000000378,-0.0000000000001199,-0.0044166694424755,-0.0161197104899821,5.6492307692307691,3.0015999101,206.072,279.764,425.5806,9.1082
1.0029622775110700,-0.0000000000000001,0.0000000000002996,0.0000000000001298,-0.0044137764309511,-0.0161985848364391,5.6584615384615384,3.0015975007,207.002,280.450,427.4321,9.2153
1.0029579482187945,-0.0000000000000000,0.0000000000001690,0.0000000000001221,-0.0044106575707956,-0.0162791333295473,5.6676923076923078,3.0015950296,207.952,281.152,429.3105,9.3236
1.0029535202102151,-0.0000000000000001,-0.0000000000001340,0.0000000000000475,-0.0044073093282777,-0.0163614180329034,5.6769230769230772,3.0015924940,208.922,281.870,431.2160,9.4332
1.0029489904379041,-0.0000000000000000,0.0000000000006818,0.0000000000003604,-0.0044037280352317,-0.0164455042841722,5.6861538461538466,3.0015898911,209.913,282.606,433.1486,9.5441
1.0029443557238091,-0.0000000000000001,0.0000000000007996,0.0000000000005536,-0.0043999098844415,-0.0165314609192790,5.6953846153846150,3.0015872180,210.926,283.359,435.1085,9.6564
1.0029396127503849,-0.0000000000000001,0.0000000000004654,0.0000000000002528,-0.0043958509202243,-0.0166193605271850,5.7046153846153853,3.0015844714,211.962,284.131,437.0955,9.7699
1.0029347580519918,-0.0000000000000001,0.0000000000005332,0.0000000000004168,-0.0043915470317062,-0.0167092797192147,5.7138461538461538,3.0015816479,213.022,284.922,439.1099,9.8848
1.0029297880056549,-0.0000000000000001,0.0000000000002189,-0.0000000000001067,-0.0043869939465943,-0.0168012994241931,5.7230769230769232,3.0015787438,214.106,285.734,441.1517,10.0010
1.0029246988200335,-0.0000000000000001,0.0000000000002303,0.0000000000003154,-0.0043821872201356,-0.0168955052124272,5.7323076923076925,3.0015757555,215.216,286.567,443.2209,10.1186
1.0029194865247506,-0.0000000000000000,0.0000000000004390,0.0000000000006057,-0.0043771222289860,-0.0169919876509846,5.7415384615384610,3.0015726787,216.353,287.421,445.3176,10.2375
1.0029141469581402,-0.0000000000000000,0.0000000000005368,0.0000000000007675,-0.0043717941597120,-0.0170908426831284,5.7507692307692313,3.0015695091,217.518,288.300,447.4418,10.3579
1.0029086757536296,-0.0000000000000000,0.0000000000009336,0.0000000000007308,-0.0043661979999212,-0.0171921720634528,5.7599999999999998,3.0015662421,218.713,289.202,449.5936,10.4797
1.0029030683257976,-0.0000000000000000,0.0000000000001821,-0.0000000000000564,-0.0043603285274034,-0.0172960838134643,5.7692307692307692,3.0015628725,219.938,290.129,451.7730,10.6029
1.0028973198547078,-0.0000000000000001,0.0000000000004623,0.0000000000006021,-0.0043541802976118,-0.0174026927384491,5.7784615384615385,3.0015593952,221.195,291.084,453.9800,10.7276
1.0028914252680865,-0.0000000000000001,0.0000000000003044,0.0000000000002838,-0.0043477476332633,-0.0175121209936617,5.7876923076923079,3.0015558044,222.486,292.066,456.2146,10.8537
1.0028853792234966,-0.0000000000000001,0.0000000000005719,0.0000000000005862,-0.0043410246102140,-0.0176244987050547,5.7969230769230773,3.0015520939,223.812,293.077,458.4768,10.9814
1.0028791760871969,-0.0000000000000000,0.0000000000002196,0.0000000000001611,-0.0043340050441588,-0.0177399646587839,5.8061538461538458,3.0015482572,225.175,294.119,460.7667,11.1105
1.0028728099119133,-0.0000000000000000,0.0000000000004848,0.0000000000001065,-0.0043266824752750,-0.0178586670683639,5.8153846153846160,3.0015442871,226.576,295.193,463.0841,11.2412
1.0028662744119270,-0.0000000000000001,0.0000000000007152,0.0000000000007712,-0.0043190501534244,-0.0179807644214193,5.8246153846153845,3.0015401761,228.018,296.302,465.4290,11.3734
1.0028595629362207,-0.0000000000000000,0.0000000000007311,0.0000000000007766,-0.0043111010210539,-0.0181064264221192,5.8338461538461539,3.0015359159,229.503,297.446,467.8014,11.5072
1.0028526684379353,-0.0000000000000000,0.0000000000003399,0.0000000000003307,-0.0043028276950985,-0.0182358350483627,5.8430769230769233,3.0015314975,231.033,298.628,470.2013,11.6425
1.0028455834414201,-0.0000000000000000,0.0000000000002020,0.0000000000000670,-0.0042942224478107,-0.0183691857265719,5.8523076923076918,3.0015269114,232.611,299.850,472.6284,11.7794
1.0028383000055554,-0.0000000000000000,0.0000000000007611,0.0000000000005983,-0.0042852771872149,-0.0185066886499024,5.8615384615384620,3.0015221471,234.239,301.115,475.0827,11.9180
1.0028308096826042,-0.0000000000000000,0.0000000000001222,-0.0000000000000716,-0.0042759834360470,-0.0186485702612998,5.8707692307692305,3.0015171931,235.919,302.424,477.5640,12.0582
1.0028231034730399,-0.0000000000000001,0.0000000000003005,0.0000000000003565,-0.0042663323068569,-0.0187950749183236,5.8799999999999999,3.0015120372,237.655,303.780,480.0722,12.2001
1.0028151717746647,-0.0000000000000001,0.0000000000003732,0.0000000000004818,-0.0042563144803505,-0.0189464667779553,5.8892307692307693,3.0015066658,239.451,305.187,482.6071,12.3436
1.0028070043259267,-0.0000000000000001,0.0000000000003439,0.0000000000004160,-0.0042459201784257,-0.0191030319269117,5.8984615384615378,3.0015010643,241.309,306.647,485.1684,12.4888
1.0027985901423828,-0.0000000000000000,0.0000000000002639,0.0000000000003359,-0.0042351391376166,-0.0192650808011766,5.9076923076923080,3.0014952164,243.234,308.164,487.7558,12.6358
1.0027899174451957,-0.0000000000000000,0.0000000000006111,0.0000000000007580,-0.0042239605809106,-0.0194329509423720,5.9169230769230765,3.0014891044,245.229,309.742,490.3691,12.7844
1.0027809735805175,-0.0000000000000001,0.0000000000004817,0.0000000000006345,-0.0042123731889877,-0.0196070101465999,5.9261538461538468,3.0014827090,247.300,311.384,493.0078,12.9348
1.0027717449282798,-0.0000000000000000,0.0000000000002575,0.0000000000002060,-0.0042003650689422,-0.0197876600745340,5.9353846153846153,3.0014760085,249.452,313.095,495.6715,13.0870
1.0027622167987689,-0.0000000000000001,0.0000000000006283,0.0000000000003351,-0.0041879237237198,-0.0199753404052682,5.9446153846153846,3.0014689792,251.689,314.880,498.3598,13.2410
1.0027523733147150,-0.0000000000000000,0.0000000000008276,0.0000000000007132,-0.0041750360213211,-0.0201705336345623,5.9538461538461540,3.0014615948,254.017,316.745,501.0720,13.3967
1.0027421972768755,-0.0000000000000000,0.0000000000002412,0.0000000000000723,-0.0041616881635103,-0.0203737706345378,5.9630769230769225,3.0014538259,256.445,318.695,503.8076,13.5543
1.0027316700096074,-0.0000000000000001,0.0000000000004183,0.0000000000004306,-0.0041478656557972,-0.0205856371314940,5.9723076923076928,3.0014456399,258.978,320.736,506.5658,13.7137
1.0027207711829664,-0.0000000000000000,0.0000000000004048,0.0000000000000890,-0.0041335532819024,-0.0208067812810264,5.9815384615384612,3.0014370002,261.624,322.877,509.3458,13.8749
1.0027094786073467,-0.0000000000000001,0.0000000000007297,0.0000000000008483,-0.0041187350802982,-0.0210379225662038,5.9907692307692306,3.0014278656,264.394,325.125,512.1465,14.0380
1.0026977679944256,-0.0000000000000001,0.0000000000003494,0.0000000000003221,-0.0041033943294337,-0.0212798623076758,6.0000000000000000,3.0014181900,267.296,327.490,514.9670,14.2029
