x0_n,y0_n,z0_n,xd0_n,yd0_n,zd0_n,Tp,JC,L2ExcessVelocity_mps,landingVelocity_mps,stabilityIndex1,stabilityIndex2...,error_tol=1e-13
1.0045294131784572,-0.0000000000000000,0.0000000000000000,-0.0000000000000039,-0.0041347276333031,0.0000000000000000,3.1099999999999999,3.0001274212,48.437,193.210,1615.4206,2.0187
1.0045406434828170,0.0000000000000000,0.0000000000000000,-0.0000000000000001,-0.0042377373395152,0.0000000000000000,3.1139464882943142,3.0001266554,49.682,193.526,1597.0644,2.0223
1.0045513883295465,-0.0000000000000000,0.0000000000000000,-0.0000000000000019,-0.0043370863620444,0.0000000000000000,3.1178929765886285,3.0001258977,50.883,193.838,1579.0490,2.0259
1.0045616886465560,0.0000000000000000,0.0000000000000000,-0.0000000000000001,-0.0044330518874934,0.0000000000000000,3.1218394648829428,3.0001251478,52.045,194.146,1561.3660,2.0294
1.0045715803735178,0.0000000000000000,0.0000000000000000,-0.0000000000000005,-0.0045258779807289,0.0000000000000000,3.1257859531772576,3.0001244057,53.170,194.450,1544.0072,2.0330
1.0045810952672762,-0.0000000000000000,0.0000000000000000,-0.0000000000000001,-0.0046157809145041,0.0000000000000000,3.1297324414715719,3.0001236713,54.260,194.751,1526.9647,2.0365
1.0045902615472007,-0.0000000000000000,0.0000000000000000,0.0000000000000015,-0.0047029534404898,0.0000000000000000,3.1336789297658862,3.0001229444,55.318,195.049,1510.2306,2.0400
1.0045991044178229,0.0000000000000000,0.0000000000000000,-0.0000000000000001,-0.0047875682487712,0.0000000000000000,3.1376254180602006,3.0001222248,56.346,195.343,1493.7976,2.0434
1.0046076464960785,0.0000000000000000,0.0000000000000000,-0.0000000000000028,-0.0048697807964873,0.0000000000000000,3.1415719063545149,3.0001215125,57.345,195.633,1477.6583,2.0468
1.0046159081637465,0.0000000000000000,0.0000000000000000,-0.0000000000000001,-0.0049497316416536,0.0000000000000000,3.1455183946488292,3.0001208074,58.317,195.921,1461.8057,2.0502
1.0046239078604093,-0.0000000000000000,0.0000000000000000,-0.0000000000000010,-0.0050275483835893,0.0000000000000000,3.1494648829431435,3.0001201093,59.264,196.205,1446.2330,2.0536
1.0046316623288398,-0.0000000000000000,0.0000000000000000,-0.0000000000000015,-0.0051033472886590,0.0000000000000000,3.1534113712374583,3.0001194181,60.187,196.485,1430.9335,2.0570
1.0046391868219315,-0.0000000000000000,0.0000000000000000,-0.0000000000000000,-0.0051772346615866,0.0000000000000000,3.1573578595317726,3.0001187337,61.087,196.763,1415.9009,2.0603
1.0046464952782765,-0.0000000000000000,0.0000000000000000,0.0000000000000010,-0.0052493080094022,0.0000000000000000,3.1613043478260869,3.0001180560,61.965,197.037,1401.1287,2.0636
1.0046536004720548,0.0000000000000000,0.0000000000000000,0.0000000000000011,-0.0053196570353616,0.0000000000000000,3.1652508361204013,3.0001173850,62.823,197.309,1386.6111,2.0669
1.0046605141416469,0.0000000000000000,0.0000000000000000,-0.0000000000000031,-0.0053883644920674,0.0000000000000000,3.1691973244147156,3.0001167204,63.661,197.577,1372.3420,2.0701
1.0046672471005904,-0.0000000000000000,0.0000000000000000,0.0000000000000007,-0.0054555069178657,0.0000000000000000,3.1731438127090299,3.0001160622,64.480,197.842,1358.3158,2.0734
1.0046738093337411,-0.0000000000000000,0.0000000000000000,0.0000000000000001,-0.0055211552751248,0.0000000000000000,3.1770903010033442,3.0001154103,65.281,198.105,1344.5269,2.0766
1.0046802100809800,-0.0000000000000000,0.0000000000000000,-0.0000000000000002,-0.0055853755062486,0.0000000000000000,3.1810367892976585,3.0001147647,66.065,198.365,1330.9699,2.0797
1.0046864579103905,-0.0000000000000000,0.0000000000000000,0.0000000000000001,-0.0056482290199180,0.0000000000000000,3.1849832775919733,3.0001141251,66.833,198.622,1317.6396,2.0829
1.0046925607816137,-0.0000000000000000,0.0000000000000000,-0.0000000000020528,-0.0057097731169379,0.0000000000000000,3.1889297658862876,3.0001134915,67.585,198.876,1304.5308,2.0860
1.0046985261045760,-0.0000000000000002,0.0000000000000000,-0.0000000000054988,-0.0057700613699822,0.0000000000000000,3.1928762541806019,3.0001128639,68.321,199.127,1291.6386,2.0891
1.0047043607904682,-0.0000000000000000,0.0000000000000000,-0.0000000000035636,-0.0058291439550108,0.0000000000000000,3.1968227424749163,3.0001122421,69.043,199.376,1278.9582,2.0922
1.0047100712889057,-0.0000000000000002,0.0000000000000000,-0.0000000000020992,-0.0058870679416694,0.0000000000000000,3.2007692307692306,3.0001116260,69.751,199.623,1266.4849,2.0953
1.0047156636335075,-0.0000000000000000,0.0000000000000000,-0.0000000000038941,-0.0059438775614327,0.0000000000000000,3.2047157190635449,3.0001110156,70.445,199.866,1254.2141,2.0983
1.0047211434795098,-0.0000000000000000,0.0000000000000000,-0.0000000000030858,-0.0059996144446723,0.0000000000000000,3.2086622073578592,3.0001104108,71.127,200.107,1242.1414,2.1013
1.0047265161285035,-0.0000000000000000,0.0000000000000000,-0.0000000000017277,-0.0060543178245960,0.0000000000000000,3.2126086956521740,3.0001098115,71.796,200.346,1230.2626,2.1043
1.0047317865595540,-0.0000000000000000,0.0000000000000000,-0.0000000000027575,-0.0061080247286206,0.0000000000000000,3.2165551839464883,3.0001092176,72.452,200.582,1218.5733,2.1072
1.0047369594579107,-0.0000000000000000,0.0000000000000000,-0.0000000000020768,-0.0061607701513973,0.0000000000000000,3.2205016722408026,3.0001086290,73.097,200.816,1207.0695,2.1102
1.0047420392298640,-0.0000000000000000,0.0000000000000000,-0.0000000000081018,-0.0062125872009339,0.0000000000000000,3.2244481605351170,3.0001080457,73.731,201.048,1195.7473,2.1131
1.0047470300370067,-0.0000000000000002,0.0000000000000000,-0.0000000000090237,-0.0062635072495106,0.0000000000000000,3.2283946488294313,3.0001074675,74.353,201.277,1184.6027,2.1159
1.0047519358008272,-0.0000000000000000,0.0000000000000000,-0.0000000000073022,-0.0063135600462541,0.0000000000000000,3.2323411371237456,3.0001068945,74.965,201.504,1173.6321,2.1188
1.0047567602241132,-0.0000000000000002,0.0000000000000000,-0.0000000000087612,-0.0063627738361819,0.0000000000000000,3.2362876254180599,3.0001063265,75.567,201.728,1162.8317,2.1216
1.0047615068131939,-0.0000000000000002,0.0000000000000000,-0.0000000000068928,-0.0064111754696888,0.0000000000000000,3.2402341137123747,3.0001057635,76.159,201.951,1152.1980,2.1244
1.0047661788857185,-0.0000000000000002,0.0000000000000000,0.0000000000026434,-0.0064587904924273,0.0000000000000000,3.2441806020066890,3.0001052054,76.741,202.171,1141.7275,2.1272
1.0047707795760474,-0.0000000000000002,0.0000000000000000,0.0000000000035107,-0.0065056432228625,0.0000000000000000,3.2481270903010033,3.0001046521,77.314,202.389,1131.4168,2.1299
1.0047753118701142,-0.0000000000000000,0.0000000000000000,0.0000000000135729,-0.0065517568563642,0.0000000000000000,3.2520735785953176,3.0001041035,77.878,202.605,1121.2626,2.1326
1.0047797785833599,-0.0000000000000000,0.0000000000000000,0.0000000000069862,-0.0065971535065086,0.0000000000000000,3.2560200668896320,3.0001035597,78.433,202.819,1111.2617,2.1353
1.0047841824080090,-0.0000000000000000,0.0000000000000000,0.0000000000032469,-0.0066418543038378,0.0000000000000000,3.2599665551839463,3.0001030204,78.979,203.031,1101.4110,2.1380
1.0047885258949854,-0.0000000000000002,0.0000000000000000,0.0000000000017721,-0.0066858794362317,0.0000000000000000,3.2639130434782606,3.0001024858,79.517,203.241,1091.7074,2.1406
1.0047928114716331,-0.0000000000000000,0.0000000000000000,0.0000000000045878,-0.0067292482121449,0.0000000000000000,3.2678595317725749,3.0001019556,80.047,203.449,1082.1480,2.1433
1.0047970414428349,-0.0000000000000002,0.0000000000000000,0.0000000000006541,-0.0067719791072372,0.0000000000000000,3.2718060200668897,3.0001014299,80.569,203.655,1072.7298,2.1458
1.0048012180125654,0.0000000000000000,0.0000000000000000,0.0000000000000104,-0.0068140898258063,0.0000000000000000,3.2757525083612040,3.0001009085,81.083,203.859,1063.4501,2.1484
1.0048053432765560,-0.0000000000000000,0.0000000000000000,0.0000000000000005,-0.0068555973341597,0.0000000000000000,3.2796989966555183,3.0001003915,81.590,204.061,1054.3060,2.1509
1.0048094192341213,-0.0000000000000000,0.0000000000000000,-0.0000000000000001,-0.0068965179055438,0.0000000000000000,3.2836454849498327,3.0000998788,82.090,204.261,1045.2949,2.1535
1.0048134477935646,-0.0000000000000000,0.0000000000000000,-0.0000000000000015,-0.0069368671595501,0.0000000000000000,3.2875919732441470,3.0000993702,82.582,204.460,1036.4141,2.1559
1.0048174307770890,-0.0000000000000000,0.0000000000000000,-0.0000000000000008,-0.0069766600974202,0.0000000000000000,3.2915384615384613,3.0000988658,83.068,204.656,1027.6612,2.1584
1.0048213699256967,0.0000000000000000,0.0000000000000000,0.0000000000000008,-0.0070159111354428,0.0000000000000000,3.2954849498327756,3.0000983655,83.547,204.851,1019.0336,2.1608
1.0048252669037232,0.0000000000000000,0.0000000000000000,0.0000000000000032,-0.0070546341359569,0.0000000000000000,3.2994314381270904,3.0000978692,84.019,205.044,1010.5288,2.1632
1.0048291233030704,0.0000000000000000,0.0000000000000000,0.0000000000000025,-0.0070928424363238,0.0000000000000000,3.3033779264214047,3.0000973769,84.485,205.236,1002.1446,2.1656
1.0048329406471597,-0.0000000000000000,0.0000000000000000,0.0000000000000031,-0.0071305488759850,0.0000000000000000,3.3073244147157190,3.0000968886,84.945,205.425,993.8785,2.1680
1.0048367203945989,-0.0000000000000000,0.0000000000000000,0.0000000000000013,-0.0071677658216030,0.0000000000000000,3.3112709030100334,3.0000964041,85.398,205.613,985.7284,2.1703
1.0048404639426562,0.0000000000000000,0.0000000000000000,0.0000000000000003,-0.0072045051911092,0.0000000000000000,3.3152173913043477,3.0000959235,85.846,205.800,977.6920,2.1726
1.0048441726304282,0.0000000000000000,0.0000000000000000,0.0000000000000027,-0.0072407784753255,0.0000000000000000,3.3191638795986620,3.0000954466,86.288,205.984,969.7671,2.1748
1.0048478477418770,-0.0000000000000000,0.0000000000000000,-0.0000000000000006,-0.0072765967590099,0.0000000000000000,3.3231103678929763,3.0000949735,86.724,206.167,961.9517,2.1771
1.0048514905086428,-0.0000000000000000,0.0000000000000000,0.0000000000000015,-0.0073119707402844,0.0000000000000000,3.3270568561872906,3.0000945041,87.154,206.349,954.2437,2.1793
1.0048551021126857,-0.0000000000000000,0.0000000000000000,0.0000000000000001,-0.0073469107489013,0.0000000000000000,3.3310033444816054,3.0000940383,87.579,206.529,946.6411,2.1815
1.0048586836887659,0.0000000000000000,0.0000000000000000,0.0000000000000001,-0.0073814267634398,0.0000000000000000,3.3349498327759197,3.0000935761,87.999,206.707,939.1419,2.1836
1.0048622363267672,0.0000000000000000,0.0000000000000000,-0.0000000000000008,-0.0074155284274714,0.0000000000000000,3.3388963210702340,3.0000931174,88.414,206.884,931.7443,2.1858
1.0048657610738951,0.0000000000000000,0.0000000000000000,-0.0000000000000027,-0.0074492250648392,0.0000000000000000,3.3428428093645484,3.0000926623,88.823,207.059,924.4463,2.1879
1.0048692589367141,0.0000000000000000,0.0000000000000000,0.0000000000000016,-0.0074825256938181,0.0000000000000000,3.3467892976588627,3.0000922106,89.228,207.233,917.2461,2.1900
1.0048727308831127,0.0000000000000000,0.0000000000000000,0.0000000000000008,-0.0075154390409291,0.0000000000000000,3.3507357859531770,3.0000917624,89.628,207.406,910.1420,2.1920
1.0048761778441078,-0.0000000000000000,0.0000000000000000,0.0000000000000003,-0.0075479735534980,0.0000000000000000,3.3546822742474918,3.0000913175,90.023,207.577,903.1322,2.1940
1.0048796007155729,0.0000000000000000,0.0000000000000000,0.0000000000000041,-0.0075801374117661,0.0000000000000000,3.3586287625418061,3.0000908759,90.413,207.746,896.2149,2.1960
1.0048830003598568,-0.0000000000000000,0.0000000000000000,0.0000000000000015,-0.0076119385403255,0.0000000000000000,3.3625752508361204,3.0000904377,90.799,207.914,889.3886,2.1980
1.0048863776138939,-0.0000000000000002,0.0000000000000000,0.0000000000149453,-0.0076433846248854,0.0000000000000000,3.3665217391304347,3.0000900026,91.180,208.081,882.6516,2.1999
1.0048897332599636,-0.0000000000000002,0.0000000000000000,0.0000000000048340,-0.0076744830945925,0.0000000000000000,3.3704682274247491,3.0000895708,91.557,208.246,876.0023,2.2019
1.0048930680833168,-0.0000000000000000,0.0000000000000000,0.0000000000032034,-0.0077052411824959,0.0000000000000000,3.3744147157190634,3.0000891422,91.929,208.411,869.4392,2.2037
1.0048963828236832,-0.0000000000000000,0.0000000000000000,0.0000000000030460,-0.0077356658899026,0.0000000000000000,3.3783612040133777,3.0000887167,92.298,208.573,862.9606,2.2056
1.0048996781975010,-0.0000000000000000,0.0000000000000000,0.0000000000050429,-0.0077657640139633,0.0000000000000000,3.3823076923076920,3.0000882943,92.662,208.735,856.5652,2.2074
1.0049029548923840,-0.0000000000000000,0.0000000000000000,0.0000000000025084,-0.0077955421502948,0.0000000000000000,3.3862541806020068,3.0000878750,93.022,208.895,850.2515,2.2092
1.0049062135787323,-0.0000000000000002,0.0000000000000000,0.0000000000047034,-0.0078250067102305,0.0000000000000000,3.3902006688963211,3.0000874587,93.378,209.054,844.0181,2.2110
1.0049094548961892,-0.0000000000000002,0.0000000000000000,0.0000000000048605,-0.0078541639129358,0.0000000000000000,3.3941471571906354,3.0000870454,93.731,209.211,837.8635,2.2128
1.0049126794662018,-0.0000000000000002,0.0000000000000000,0.0000000000049132,-0.0078830198068334,0.0000000000000000,3.3980936454849497,3.0000866350,94.079,209.368,831.7864,2.2145
1.0049158878874533,-0.0000000000000000,0.0000000000000000,0.0000000000041106,-0.0079115802682703,0.0000000000000000,3.4020401337792641,3.0000862276,94.424,209.523,825.7855,2.2162
1.0049190807396129,-0.0000000000000000,0.0000000000000000,0.0000000000051207,-0.0079398510117269,0.0000000000000000,3.4059866220735784,3.0000858230,94.765,209.677,819.8594,2.2178
1.0049222585798527,-0.0000000000000002,0.0000000000000000,0.0000000000044048,-0.0079678375917290,0.0000000000000000,3.4099331103678927,3.0000854213,95.102,209.829,814.0070,2.2195
1.0049254219496810,-0.0000000000000002,0.0000000000000000,0.0000000000054093,-0.0079955454143696,0.0000000000000000,3.4138795986622075,3.0000850224,95.436,209.981,808.2268,2.2211
1.0049285713701499,-0.0000000000000002,0.0000000000000000,0.0000000000067553,-0.0080229797372724,0.0000000000000000,3.4178260869565218,3.0000846263,95.767,210.131,802.5178,2.2226
1.0049317073443578,-0.0000000000000000,0.0000000000000000,0.0000000000054293,-0.0080501456773981,0.0000000000000000,3.4217725752508361,3.0000842329,96.094,210.281,796.8788,2.2242
1.0049348303620249,-0.0000000000000000,0.0000000000000000,0.0000000000061784,-0.0080770482185536,0.0000000000000000,3.4257190635451504,3.0000838423,96.417,210.429,791.3084,2.2257
1.0049379408929346,-0.0000000000000000,0.0000000000000000,0.0000000000048286,-0.0081036922105803,0.0000000000000000,3.4296655518394648,3.0000834543,96.737,210.576,785.8057,2.2272
1.0049410393948264,-0.0000000000000000,0.0000000000000000,0.0000000000050097,-0.0081300823794641,0.0000000000000000,3.4336120401337791,3.0000830690,97.055,210.721,780.3694,2.2287
1.0049441263083396,-0.0000000000000000,0.0000000000000000,0.0000000000049585,-0.0081562233281637,0.0000000000000000,3.4375585284280934,3.0000826864,97.368,210.866,774.9986,2.2301
1.0049472020616361,-0.0000000000000002,0.0000000000000000,0.0000000000070290,-0.0081821195428461,0.0000000000000000,3.4415050167224077,3.0000823063,97.679,211.010,769.6920,2.2315
1.0049502670651511,-0.0000000000000002,0.0000000000000000,0.0000000000048607,-0.0082077753922646,0.0000000000000000,3.4454515050167225,3.0000819288,97.987,211.153,764.4487,2.2329
1.0049533217221114,-0.0000000000000000,0.0000000000000000,0.0000000000048575,-0.0082331951416912,0.0000000000000000,3.4493979933110368,3.0000815538,98.292,211.294,759.2675,2.2342
1.0049563664168588,0.0000000000000000,0.0000000000000000,0.0000000000000014,-0.0082583829439243,0.0000000000000000,3.4533444816053511,3.0000811814,98.593,211.435,754.1476,2.2356
1.0049594015290479,-0.0000000000000000,0.0000000000000000,0.0000000000000002,-0.0082833428560938,0.0000000000000000,3.4572909698996654,3.0000808114,98.892,211.574,749.0879,2.2369
1.0049624274200639,-0.0000000000000000,0.0000000000000000,0.0000000000000004,-0.0083080788302636,0.0000000000000000,3.4612374581939798,3.0000804439,99.188,211.713,744.0875,2.2381
1.0049654444421370,0.0000000000000000,0.0000000000000000,0.0000000000000021,-0.0083325947244765,0.0000000000000000,3.4651839464882941,3.0000800789,99.481,211.850,739.1453,2.2394
1.0049684529365817,0.0000000000000000,0.0000000000000000,0.0000000000000007,-0.0083568943038664,0.0000000000000000,3.4691304347826089,3.0000797162,99.771,211.986,734.2605,2.2406
1.0049714532342005,0.0000000000000000,0.0000000000000000,-0.0000000000000006,-0.0083809812436836,0.0000000000000000,3.4730769230769232,3.0000793559,100.059,212.122,729.4321,2.2417
1.0049744456556571,-0.0000000000000000,0.0000000000000000,0.0000000000000016,-0.0084048591320948,0.0000000000000000,3.4770234113712375,3.0000789979,100.344,212.256,724.6593,2.2429
1.0049774305118442,-0.0000000000000000,0.0000000000000000,0.0000000000000021,-0.0084285314729860,0.0000000000000000,3.4809698996655518,3.0000786423,100.626,212.390,719.9412,2.2440
1.0049804081042299,-0.0000000000000000,0.0000000000000000,0.0000000000000024,-0.0084520016885512,0.0000000000000000,3.4849163879598661,3.0000782890,100.906,212.523,715.2768,2.2451
1.0049833787251874,0.0000000000000000,0.0000000000000000,-0.0000000000000002,-0.0084752731218263,0.0000000000000000,3.4888628762541805,3.0000779379,101.183,212.654,710.6655,2.2462
1.0049863426583272,0.0000000000000000,0.0000000000000000,0.0000000000000022,-0.0084983490391970,0.0000000000000000,3.4928093645484948,3.0000775891,101.457,212.785,706.1062,2.2472
1.0049893001787780,-0.0000000000000000,0.0000000000000000,0.0000000000000025,-0.0085212326325527,0.0000000000000000,3.4967558528428091,3.0000772426,101.729,212.915,701.5983,2.2482
1.0049922515535166,-0.0000000000000000,0.0000000000000000,0.0000000000000014,-0.0085439270218040,0.0000000000000000,3.5007023411371239,3.0000768982,101.999,213.044,697.1410,2.2492
1.0049951970416118,-0.0000000000000000,0.0000000000000000,0.0000000000000018,-0.0085664352567753,0.0000000000000000,3.5046488294314382,3.0000765560,102.266,213.172,692.7334,2.2501
1.0049981368945238,-0.0000000000000000,0.0000000000000000,-0.0000000000000004,-0.0085887603194637,0.0000000000000000,3.5085953177257525,3.0000762160,102.531,213.299,688.3747,2.2510
1.0050010713563495,0.0000000000000000,0.0000000000000000,-0.0000000000000012,-0.0086109051259963,0.0000000000000000,3.5125418060200668,3.0000758780,102.793,213.425,684.0644,2.2519
1.0050040006640673,0.0000000000000000,0.0000000000000000,0.0000000000000019,-0.0086328725284897,0.0000000000000000,3.5164882943143811,3.0000755422,103.053,213.551,679.8015,2.2527
1.0050069250477960,0.0000000000000000,0.0000000000000000,-0.0000000000000003,-0.0086546653170351,0.0000000000000000,3.5204347826086955,3.0000752085,103.311,213.675,675.5854,2.2536
1.0050098447310014,-0.0000000000000000,0.0000000000000000,-0.0000000000000017,-0.0086762862213868,0.0000000000000000,3.5243812709030098,3.0000748769,103.567,213.799,671.4155,2.2544
1.0050127599307352,0.0000000000000000,0.0000000000000000,0.0000000000000011,-0.0086977379127223,0.0000000000000000,3.5283277591973246,3.0000745473,103.820,213.922,667.2908,2.2551
1.0050156708578317,0.0000000000000000,0.0000000000000000,-0.0000000000000004,-0.0087190230053080,0.0000000000000000,3.5322742474916389,3.0000742197,104.072,214.044,663.2110,2.2559
1.0050185777171268,-0.0000000000000000,0.0000000000000000,0.0000000000000005,-0.0087401440581087,0.0000000000000000,3.5362207357859532,3.0000738941,104.321,214.165,659.1751,2.2566
1.0050214807095292,-0.0000000000000000,0.0000000000000000,0.0000000000043585,-0.0087611035775440,0.0000000000000000,3.5401672240802675,3.0000735706,104.568,214.286,655.1826,2.2573
1.0050243800247685,-0.0000000000000002,0.0000000000000000,0.0000000000045005,-0.0087819040142623,0.0000000000000000,3.5441137123745818,3.0000732489,104.813,214.405,651.2329,2.2579
1.0050272758521808,-0.0000000000000002,0.0000000000000000,0.0000000000038034,-0.0088025477709184,0.0000000000000000,3.5480602006688962,3.0000729292,105.056,214.524,647.3253,2.2585
1.0050301683759846,-0.0000000000000000,0.0000000000000000,0.0000000000055422,-0.0088230372014999,0.0000000000000000,3.5520066889632105,3.0000726115,105.297,214.642,643.4591,2.2591
1.0050330577709552,-0.0000000000000003,0.0000000000000000,0.0000000000033164,-0.0088433746088297,0.0000000000000000,3.5559531772575252,3.0000722956,105.536,214.760,639.6339,2.2597
1.0050359442140155,-0.0000000000000000,0.0000000000000000,0.0000000000065239,-0.0088635622538287,0.0000000000000000,3.5598996655518396,3.0000719816,105.773,214.876,635.8489,2.2602
1.0050388278690405,-0.0000000000000000,0.0000000000000000,0.0000000000066680,-0.0088836023447308,0.0000000000000000,3.5638461538461539,3.0000716695,106.008,214.992,632.1037,2.2607
1.0050417088992325,-0.0000000000000000,0.0000000000000000,0.0000000000036816,-0.0089034970492738,0.0000000000000000,3.5677926421404682,3.0000713592,106.241,215.107,628.3975,2.2612
1.0050445874657905,-0.0000000000000003,0.0000000000000000,0.0000000000020762,-0.0089232484958059,0.0000000000000000,3.5717391304347825,3.0000710508,106.472,215.221,624.7300,2.2616
1.0050474637236981,-0.0000000000000000,0.0000000000000000,0.0000000000036270,-0.0089428587663960,0.0000000000000000,3.5756856187290968,3.0000707441,106.702,215.335,621.1004,2.2620
1.0050503378213269,-0.0000000000000003,0.0000000000000000,0.0000000000041827,-0.0089623299014659,0.0000000000000000,3.5796321070234112,3.0000704393,106.929,215.448,617.5083,2.2624
1.0050532099054870,-0.0000000000000000,0.0000000000000000,0.0000000000049888,-0.0089816639035983,0.0000000000000000,3.5835785953177259,3.0000701362,107.155,215.560,613.9531,2.2627
1.0050560801167265,-0.0000000000000000,0.0000000000000000,0.0000000000025772,-0.0090008627344124,0.0000000000000000,3.5875250836120403,3.0000698349,107.379,215.671,610.4344,2.2630
1.0050589485967749,-0.0000000000000000,0.0000000000000000,0.0000000000042603,-0.0090199283220892,0.0000000000000000,3.5914715719063546,3.0000695353,107.601,215.782,606.9515,2.2633
1.0050618154762430,-0.0000000000000003,0.0000000000000000,0.0000000000011430,-0.0090388625513478,0.0000000000000000,3.5954180602006689,3.0000692374,107.822,215.892,603.5040,2.2636
1.0050646808901327,-0.0000000000000000,0.0000000000000000,0.0000000000019628,-0.0090576672781810,0.0000000000000000,3.5993645484949832,3.0000689413,108.040,216.002,600.0914,2.2638
1.0050675449650410,-0.0000000000000000,0.0000000000000000,0.0000000000044460,-0.0090763443188433,0.0000000000000000,3.6033110367892975,3.0000686468,108.258,216.110,596.7132,2.2640
1.0050704078224038,-0.0000000000000000,0.0000000000000000,0.0000000000027616,-0.0090948954544689,0.0000000000000000,3.6072575250836119,3.0000683540,108.473,216.218,593.3689,2.2641
1.0050732695866782,-0.0000000000000000,0.0000000000000000,0.0000000000045279,-0.0091133224378997,0.0000000000000000,3.6112040133779262,3.0000680628,108.687,216.326,590.0581,2.2643
1.0050761303714666,-0.0000000000000000,0.0000000000000000,0.0000000000011023,-0.0091316269825267,0.0000000000000000,3.6151505016722405,3.0000677733,108.899,216.432,586.7802,2.2644
1.0050789902962671,-0.0000000000000003,0.0000000000000000,0.0000000000029463,-0.0091498107786036,0.0000000000000000,3.6190969899665553,3.0000674854,109.110,216.538,583.5349,2.2645
1.0050818494679501,-0.0000000000000003,0.0000000000000000,-0.0000000000000641,-0.0091678754765450,0.0000000000000000,3.6230434782608696,3.0000671991,109.319,216.644,580.3216,2.2645
1.0050847079990206,-0.0000000000000000,0.0000000000000000,0.0000000000000011,-0.0091858227045574,0.0000000000000000,3.6269899665551839,3.0000669144,109.526,216.749,577.1400,2.2645
1.0050875659936287,-0.0000000000000000,0.0000000000000000,-0.0000000000000009,-0.0092036540551715,0.0000000000000000,3.6309364548494982,3.0000666313,109.732,216.853,573.9896,2.2645
1.0050904235550051,-0.0000000000000000,0.0000000000000000,0.0000000000000012,-0.0092213710951434,0.0000000000000000,3.6348829431438126,3.0000663498,109.937,216.956,570.8700,2.2644
1.0050932807835766,0.0000000000000000,0.0000000000000000,-0.0000000000000013,-0.0092389753625444,0.0000000000000000,3.6388294314381273,3.0000660697,110.139,217.059,567.7808,2.2643
1.0050961377771763,0.0000000000000000,0.0000000000000000,-0.0000000000000004,-0.0092564683680178,0.0000000000000000,3.6427759197324416,3.0000657913,110.341,217.161,564.7215,2.2642
1.0050989946311188,-0.0000000000000000,0.0000000000000000,-0.0000000000000002,-0.0092738515954057,0.0000000000000000,3.6467224080267560,3.0000655143,110.541,217.263,561.6918,2.2641
1.0051018514382775,-0.0000000000000000,0.0000000000000000,-0.0000000000000012,-0.0092911265023795,0.0000000000000000,3.6506688963210703,3.0000652388,110.739,217.364,558.6912,2.2639
1.0051047082891427,-0.0000000000000000,0.0000000000000000,0.0000000000000004,-0.0093082945210552,0.0000000000000000,3.6546153846153846,3.0000649649,110.937,217.465,555.7194,2.2637
1.0051075652719035,0.0000000000000000,0.0000000000000000,-0.0000000000000003,-0.0093253570585741,0.0000000000000000,3.6585618729096989,3.0000646924,111.132,217.565,552.7760,2.2635
1.0051104224724998,0.0000000000000000,0.0000000000000000,-0.0000000000000012,-0.0093423154976711,0.0000000000000000,3.6625083612040132,3.0000644213,111.327,217.664,549.8606,2.2632
1.0051132799746982,-0.0000000000000000,0.0000000000000000,0.0000000000000018,-0.0093591711972354,0.0000000000000000,3.6664548494983276,3.0000641518,111.519,217.763,546.9729,2.2629
1.0051161378601408,0.0000000000000000,0.0000000000000000,0.0000000000000002,-0.0093759254928476,0.0000000000000000,3.6704013377926419,3.0000638836,111.711,217.861,544.1124,2.2626
1.0051189962084146,-0.0000000000000000,0.0000000000000000,0.0000000000000013,-0.0093925796973038,0.0000000000000000,3.6743478260869562,3.0000636169,111.901,217.958,541.2788,2.2622
1.0051218550971044,-0.0000000000000000,0.0000000000000000,0.0000000000000030,-0.0094091351011249,0.0000000000000000,3.6782943143812710,3.0000633516,112.090,218.055,538.4719,2.2618
1.0051247146018474,0.0000000000000000,0.0000000000000000,0.0000000000000015,-0.0094255929730522,0.0000000000000000,3.6822408026755853,3.0000630876,112.278,218.152,535.6911,2.2614
1.0051275747963913,-0.0000000000000000,0.0000000000000000,0.0000000000000024,-0.0094419545605383,0.0000000000000000,3.6861872909698996,3.0000628251,112.464,218.248,532.9362,2.2609
1.0051304357526403,0.0000000000000000,0.0000000000000000,0.0000000000000006,-0.0094582210901897,0.0000000000000000,3.6901337792642139,3.0000625639,112.649,218.343,530.2069,2.2604
1.0051332975407088,0.0000000000000000,0.0000000000000000,0.0000000000000014,-0.0094743937682153,0.0000000000000000,3.6940802675585283,3.0000623041,112.833,218.438,527.5028,2.2599
1.0051361602289794,-0.0000000000000000,0.0000000000000000,0.0000000000000009,-0.0094904737809966,0.0000000000000000,3.6980267558528430,3.0000620456,113.015,218.532,524.8236,2.2594
1.0051390238841367,-0.0000000000000000,0.0000000000000000,0.0000000000000007,-0.0095064622953193,0.0000000000000000,3.7019732441471573,3.0000617885,113.197,218.626,522.1690,2.2588
1.0051418885712173,-0.0000000000000000,0.0000000000000000,0.0000000000000005,-0.0095223604589179,0.0000000000000000,3.7059197324414717,3.0000615327,113.377,218.720,519.5386,2.2582
1.0051447543536567,0.0000000000000000,0.0000000000000000,0.0000000000000023,-0.0095381694008589,0.0000000000000000,3.7098662207357860,3.0000612782,113.556,218.812,516.9322,2.2575
1.0051476212938746,-0.0000000000000003,0.0000000000000000,0.0000000000012507,-0.0095538902321265,0.0000000000000000,3.7138127090301003,3.0000610249,113.733,218.905,514.3494,2.2568
1.0051504894503560,-0.0000000000000000,0.0000000000000000,-0.0000000000004382,-0.0095695240445647,0.0000000000000000,3.7177591973244146,3.0000607730,113.910,218.996,511.7900,2.2561
1.0051533588836135,-0.0000000000000003,0.0000000000000000,-0.0000000000013710,-0.0095850719145422,0.0000000000000000,3.7217056856187289,3.0000605224,114.085,219.088,509.2536,2.2554
1.0051562296520851,-0.0000000000000000,0.0000000000000000,0.0000000000001162,-0.0096005349017083,0.0000000000000000,3.7256521739130433,3.0000602730,114.259,219.178,506.7400,2.2546
1.0051591018094364,-0.0000000000000000,0.0000000000000000,-0.0000000000005777,-0.0096159140447533,0.0000000000000000,3.7295986622073576,3.0000600248,114.432,219.269,504.2489,2.2538
1.0051619754107579,-0.0000000000000003,0.0000000000000000,-0.0000000000027087,-0.0096312103693180,0.0000000000000000,3.7335451505016723,3.0000597779,114.604,219.358,501.7800,2.2530
1.0051648505118929,-0.0000000000000003,0.0000000000000000,-0.0000000000013537,-0.0096464248869941,0.0000000000000000,3.7374916387959867,3.0000595323,114.775,219.448,499.3331,2.2521
1.0051677271648860,-0.0000000000000003,0.0000000000000000,0.0000000000036877,-0.0096615585904950,0.0000000000000000,3.7414381270903010,3.0000592878,114.945,219.536,496.9078,2.2512
1.0051706054172298,-0.0000000000000000,0.0000000000000000,0.0000000000052250,-0.0096766124548862,0.0000000000000000,3.7453846153846153,3.0000590446,115.113,219.625,494.5038,2.2503
1.0051734853169341,-0.0000000000000003,0.0000000000000000,0.0000000000004568,-0.0096915874401085,0.0000000000000000,3.7493311036789296,3.0000588026,115.281,219.713,492.1210,2.2493
1.0051763669172304,-0.0000000000000003,0.0000000000000000,-0.0000000000012214,-0.0097064844998589,0.0000000000000000,3.7532775919732444,3.0000585617,115.447,219.800,489.7591,2.2483
1.0051792502661150,-0.0000000000000003,0.0000000000000000,0.0000000000020939,-0.0097213045674445,0.0000000000000000,3.7572240802675587,3.0000583220,115.613,219.887,487.4178,2.2473
1.0051821354057286,-0.0000000000000003,0.0000000000000000,0.0000000000018427,-0.0097360485584621,0.0000000000000000,3.7611705685618730,3.0000580835,115.777,219.973,485.0969,2.2462
1.0051850223823644,-0.0000000000000000,0.0000000000000000,0.0000000000009535,-0.0097507173788416,0.0000000000000000,3.7651170568561874,3.0000578462,115.941,220.059,482.7961,2.2451
1.0051879112395512,-0.0000000000000000,0.0000000000000000,-0.0000000000015479,-0.0097653119194934,0.0000000000000000,3.7690635451505017,3.0000576100,116.103,220.145,480.5151,2.2440
1.0051908020235647,-0.0000000000000000,0.0000000000000000,0.0000000000009722,-0.0097798330623373,0.0000000000000000,3.7730100334448160,3.0000573749,116.264,220.230,478.2538,2.2429
1.0051936947735129,-0.0000000000000000,0.0000000000000000,0.0000000000030907,-0.0097942816689234,0.0000000000000000,3.7769565217391303,3.0000571409,116.425,220.315,476.0119,2.2417
1.0051965895278903,-0.0000000000000000,0.0000000000000000,-0.0000000000003858,-0.0098086585892278,0.0000000000000000,3.7809030100334446,3.0000569081,116.584,220.399,473.7891,2.2405
1.0051994863316711,-0.0000000000000003,0.0000000000000000,0.0000000000011241,-0.0098229646671187,0.0000000000000000,3.7848494983277590,3.0000566764,116.742,220.483,471.5853,2.2392
1.0052023852190066,-0.0000000000000000,0.0000000000000000,-0.0000000000024698,-0.0098372007249072,0.0000000000000000,3.7887959866220737,3.0000564458,116.900,220.566,469.4002,2.2379
1.0052052862313123,-0.0000000000000000,0.0000000000000000,-0.0000000000046623,-0.0098513675812641,0.0000000000000000,3.7927424749163881,3.0000562163,117.056,220.649,467.2336,2.2366
1.0052081894098521,-0.0000000000000000,0.0000000000000000,0.0000000000029790,-0.0098654660427107,0.0000000000000000,3.7966889632107024,3.0000559878,117.212,220.732,465.0853,2.2352
1.0052110947805297,-0.0000000000000003,0.0000000000000000,-0.0000000000004601,-0.0098794968897405,0.0000000000000000,3.8006354515050167,3.0000557605,117.366,220.814,462.9550,2.2339
1.0052140023864529,0.0000000000000000,0.0000000000000000,0.0000000000000012,-0.0098934609104715,0.0000000000000000,3.8045819397993310,3.0000555341,117.520,220.896,460.8426,2.2324
1.0052169122599997,-0.0000000000000000,0.0000000000000000,0.0000000000000006,-0.0099073588705598,0.0000000000000000,3.8085284280936453,3.0000553089,117.673,220.977,458.7478,2.2310
1.0052198244353101,-0.0000000000000000,0.0000000000000000,0.0000000000000016,-0.0099211915279838,0.0000000000000000,3.8124749163879597,3.0000550847,117.825,221.058,456.6704,2.2295
1.0052227389454718,-0.0000000000000000,0.0000000000000000,0.0000000000000014,-0.0099349596294235,0.0000000000000000,3.8164214046822744,3.0000548615,117.976,221.138,454.6103,2.2280
1.0052256558228077,-0.0000000000000000,0.0000000000000000,-0.0000000000000014,-0.0099486639109307,0.0000000000000000,3.8203678929765887,3.0000546393,118.126,221.218,452.5672,2.2265
1.0052285750989001,-0.0000000000000000,0.0000000000000000,0.0000000000000023,-0.0099623050981393,0.0000000000000000,3.8243143812709031,3.0000544182,118.275,221.298,450.5409,2.2249
1.0052314968046023,0.0000000000000000,0.0000000000000000,-0.0000000000000013,-0.0099758839064474,0.0000000000000000,3.8282608695652174,3.0000541981,118.423,221.377,448.5313,2.2233
1.0052344209700645,0.0000000000000000,0.0000000000000000,0.0000000000000004,-0.0099894010412028,0.0000000000000000,3.8322073578595317,3.0000539790,118.571,221.456,446.5381,2.2216
1.0052373476247503,0.0000000000000000,0.0000000000000000,0.0000000000000007,-0.0100028571979116,0.0000000000000000,3.8361538461538460,3.0000537608,118.717,221.535,444.5612,2.2199
1.0052402767974464,0.0000000000000000,0.0000000000000000,0.0000000000000013,-0.0100162530623900,0.0000000000000000,3.8401003344481603,3.0000535437,118.863,221.613,442.6004,2.2182
1.0052432085162897,-0.0000000000000000,0.0000000000000000,0.0000000000000002,-0.0100295893109573,0.0000000000000000,3.8440468227424747,3.0000533275,119.008,221.691,440.6554,2.2165
1.0052461428087760,-0.0000000000000000,0.0000000000000000,0.0000000000000009,-0.0100428666106061,0.0000000000000000,3.8479933110367890,3.0000531124,119.152,221.768,438.7262,2.2147
1.0052490797017830,0.0000000000000000,0.0000000000000000,0.0000000000000030,-0.0100560856191614,0.0000000000000000,3.8519397993311038,3.0000528981,119.295,221.845,436.8125,2.2129
1.0052520192215790,0.0000000000000000,0.0000000000000000,-0.0000000000000005,-0.0100692469854539,0.0000000000000000,3.8558862876254181,3.0000526848,119.438,221.922,434.9142,2.2111
1.0052549613938404,-0.0000000000000000,0.0000000000000000,-0.0000000000000003,-0.0100823513494848,0.0000000000000000,3.8598327759197324,3.0000524725,119.579,221.998,433.0310,2.2092
1.0052579062436706,0.0000000000000000,0.0000000000000000,0.0000000000000021,-0.0100953993425745,0.0000000000000000,3.8637792642140467,3.0000522611,119.720,222.074,431.1629,2.2073
1.0052608537956069,-0.0000000000000000,0.0000000000000000,0.0000000000000030,-0.0101083915875177,0.0000000000000000,3.8677257525083610,3.0000520507,119.860,222.150,429.3096,2.2054
1.0052638040736395,-0.0000000000000000,0.0000000000000000,0.0000000000000014,-0.0101213286987208,0.0000000000000000,3.8716722408026758,3.0000518411,120.000,222.225,427.4710,2.2034
1.0052667571012306,-0.0000000000000000,0.0000000000000000,0.0000000000000017,-0.0101342112824189,0.0000000000000000,3.8756187290969901,3.0000516325,120.138,222.300,425.6470,2.2014
1.0052697129013124,-0.0000000000000000,0.0000000000000000,0.0000000000000015,-0.0101470399367131,0.0000000000000000,3.8795652173913044,3.0000514248,120.276,222.374,423.8373,2.1993
1.0052726714963112,-0.0000000000000000,0.0000000000000000,0.0000000000000015,-0.0101598152517761,0.0000000000000000,3.8835117056856188,3.0000512180,120.413,222.448,422.0418,2.1973
1.0052756329081622,-0.0000000000000000,0.0000000000000000,0.0000000000000009,-0.0101725378100114,0.0000000000000000,3.8874581939799331,3.0000510121,120.549,222.522,420.2603,2.1952
1.0052785971586966,-0.0000000000000003,0.0000000000000000,0.0000000000008665,-0.0101852081863587,0.0000000000000000,3.8914046822742474,3.0000508070,120.685,222.596,418.4928,2.1930
1.0052815642644810,-0.0000000000000003,0.0000000000000000,-0.0000000000063364,-0.0101978269436531,0.0000000000000000,3.8953511705685617,3.0000506029,120.820,222.669,416.7390,2.1909
1.0052845342575187,-0.0000000000000003,0.0000000000000000,0.0000000000011802,-0.0102103946536881,0.0000000000000000,3.8992976588628760,3.0000503996,120.954,222.742,414.9987,2.1886
1.0052875071441207,-0.0000000000000003,0.0000000000000000,-0.0000000000038193,-0.0102229118544838,0.0000000000000000,3.9032441471571904,3.0000501972,121.087,222.814,413.2720,2.1864
1.0052904829549647,-0.0000000000000000,0.0000000000000000,0.0000000000007168,-0.0102353791027382,0.0000000000000000,3.9071906354515051,3.0000499957,121.220,222.886,411.5585,2.1841
1.0052934616982601,-0.0000000000000003,0.0000000000000000,-0.0000000000071177,-0.0102477969252469,0.0000000000000000,3.9111371237458195,3.0000497950,121.352,222.958,409.8582,2.1818
1.0052964434065652,-0.0000000000000000,0.0000000000000000,-0.0000000000002181,-0.0102601658684447,0.0000000000000000,3.9150836120401338,3.0000495951,121.483,223.029,408.1709,2.1795
1.0052994280873673,-0.0000000000000003,0.0000000000000000,-0.0000000000000677,-0.0102724864450054,0.0000000000000000,3.9190301003344481,3.0000493961,121.614,223.100,406.4965,2.1771
1.0053024157614556,-0.0000000000000000,0.0000000000000000,-0.0000000000011679,-0.0102847591760400,0.0000000000000000,3.9229765886287624,3.0000491980,121.744,223.171,404.8349,2.1747
1.0053054064452547,-0.0000000000000003,0.0000000000000000,-0.0000000000053621,-0.0102969845707842,0.0000000000000000,3.9269230769230767,3.0000490006,121.873,223.242,403.1858,2.1723
1.0053084001630779,-0.0000000000000003,0.0000000000000000,0.0000000000009220,-0.0103091631425274,0.0000000000000000,3.9308695652173915,3.0000488041,122.001,223.312,401.5492,2.1698
1.0053113969201790,-0.0000000000000000,0.0000000000000000,-0.0000000000055124,-0.0103212953776613,0.0000000000000000,3.9348160535117058,3.0000486084,122.129,223.382,399.9250,2.1673
1.0053143967456477,-0.0000000000000000,0.0000000000000000,0.0000000000008015,-0.0103333817809591,0.0000000000000000,3.9387625418060201,3.0000484135,122.256,223.451,398.3129,2.1648
1.0053173996460716,-0.0000000000000003,0.0000000000000000,0.0000000000004682,-0.0103454228291752,0.0000000000000000,3.9427090301003345,3.0000482194,122.383,223.521,396.7130,2.1622
1.0053204056430094,-0.0000000000000000,0.0000000000000000,0.0000000000051828,-0.0103574190080372,0.0000000000000000,3.9466555183946488,3.0000480260,122.509,223.590,395.1250,2.1596
1.0053234147446288,-0.0000000000000003,0.0000000000000000,-0.0000000000000331,-0.0103693707846112,0.0000000000000000,3.9506020066889631,3.0000478335,122.634,223.658,393.5488,2.1570
1.0053264269732896,-0.0000000000000003,0.0000000000000000,-0.0000000000006149,-0.0103812786344165,0.0000000000000000,3.9545484949832774,3.0000476418,122.759,223.727,391.9844,2.1543
1.0053294423423846,-0.0000000000000003,0.0000000000000000,0.0000000000012068,-0.0103931430175635,0.0000000000000000,3.9584949832775917,3.0000474508,122.883,223.795,390.4315,2.1516
1.0053324608658569,-0.0000000000000003,0.0000000000000000,0.0000000000034429,-0.0104049643915949,0.0000000000000000,3.9624414715719061,3.0000472606,123.006,223.862,388.8901,2.1488
1.0053354825567928,-0.0000000000000000,0.0000000000000000,0.0000000000037596,-0.0104167432062866,0.0000000000000000,3.9663879598662208,3.0000470712,123.129,223.930,387.3600,2.1461
1.0053385074255445,-0.0000000000000003,0.0000000000000000,-0.0000000000046810,-0.0104284799037995,0.0000000000000000,3.9703344481605352,3.0000468826,123.251,223.997,385.8412,2.1433
1.0053415354973836,-0.0000000000000003,0.0000000000000000,0.0000000000009696,-0.0104401749366724,0.0000000000000000,3.9742809364548495,3.0000466946,123.372,224.064,384.3334,2.1404
1.0053445667749081,-0.0000000000000000,0.0000000000000000,0.0000000000000006,-0.0104518287280303,0.0000000000000000,3.9782274247491638,3.0000465075,123.493,224.131,382.8367,2.1376
1.0053476012754385,-0.0000000000000000,0.0000000000000000,0.0000000000000023,-0.0104634417131790,0.0000000000000000,3.9821739130434781,3.0000463211,123.613,224.197,381.3509,2.1346
1.0053506390112044,0.0000000000000000,0.0000000000000000,0.0000000000000035,-0.0104750143159260,0.0000000000000000,3.9861204013377929,3.0000461354,123.733,224.263,379.8759,2.1317
1.0053536799947880,-0.0000000000000000,0.0000000000000000,0.0000000000000009,-0.0104865469559797,0.0000000000000000,3.9900668896321072,3.0000459504,123.852,224.329,378.4115,2.1287
1.0053567242385271,0.0000000000000000,0.0000000000000000,0.0000000000000006,-0.0104980400481047,0.0000000000000000,3.9940133779264215,3.0000457662,123.971,224.394,376.9577,2.1257
1.0053597717545106,0.0000000000000000,0.0000000000000000,0.0000000000000012,-0.0105094940021402,0.0000000000000000,3.9979598662207358,3.0000455827,124.089,224.459,375.5143,2.1227
1.0053628225545876,-0.0000000000000000,0.0000000000000000,-0.0000000000000007,-0.0105209092231133,0.0000000000000000,4.0019063545150502,3.0000453999,124.206,224.524,374.0813,2.1196
1.0053658766503766,0.0000000000000000,0.0000000000000000,0.0000000000000008,-0.0105322861112972,0.0000000000000000,4.0058528428093645,3.0000452179,124.323,224.589,372.6585,2.1165
1.0053689340532677,0.0000000000000000,0.0000000000000000,0.0000000000000008,-0.0105436250622876,0.0000000000000000,4.0097993311036788,3.0000450365,124.439,224.653,371.2459,2.1134
1.0053719947744264,-0.0000000000000000,0.0000000000000000,0.0000000000000023,-0.0105549264670825,0.0000000000000000,4.0137458193979931,3.0000448558,124.555,224.717,369.8433,2.1102
1.0053750588248080,-0.0000000000000000,0.0000000000000000,0.0000000000000012,-0.0105661907121513,0.0000000000000000,4.0176923076923075,3.0000446758,124.670,224.781,368.4507,2.1070
1.0053781262151540,-0.0000000000000000,0.0000000000000000,0.0000000000000007,-0.0105774181794883,0.0000000000000000,4.0216387959866218,3.0000444965,124.785,224.845,367.0679,2.1037
1.0053811969559998,-0.0000000000000000,0.0000000000000000,0.0000000000000011,-0.0105886092467092,0.0000000000000000,4.0255852842809361,3.0000443179,124.899,224.908,365.6949,2.1004
1.0053842710576855,-0.0000000000000000,0.0000000000000000,0.0000000000000022,-0.0105997642870902,0.0000000000000000,4.0295317725752504,3.0000441400,125.013,224.971,364.3315,2.0971
1.0053873485303504,-0.0000000000000000,0.0000000000000000,0.0000000000000017,-0.0106108836696489,0.0000000000000000,4.0334782608695656,3.0000439628,125.126,225.034,362.9776,2.0938
1.0053904293839477,0.0000000000000000,0.0000000000000000,0.0000000000000001,-0.0106219677592122,0.0000000000000000,4.0374247491638791,3.0000437862,125.238,225.097,361.6333,2.0904
1.0053935136282444,0.0000000000000000,0.0000000000000000,0.0000000000000020,-0.0106330169164633,0.0000000000000000,4.0413712374581943,3.0000436103,125.350,225.159,360.2983,2.0870
1.0053966012728293,0.0000000000000000,0.0000000000000000,0.0000000000000003,-0.0106440314980292,0.0000000000000000,4.0453177257525086,3.0000434350,125.461,225.221,358.9725,2.0835
1.0053996923271113,-0.0000000000000000,0.0000000000000000,0.0000000000000007,-0.0106550118565067,0.0000000000000000,4.0492642140468229,3.0000432604,125.572,225.283,357.6560,2.0801
1.0054027868003317,0.0000000000000000,0.0000000000000000,-0.0000000000000001,-0.0106659583405536,0.0000000000000000,4.0532107023411372,3.0000430864,125.683,225.344,356.3486,2.0765
1.0054058847015623,0.0000000000000000,0.0000000000000000,-0.0000000000000002,-0.0106768712949383,0.0000000000000000,4.0571571906354515,3.0000429131,125.793,225.406,355.0502,2.0730
1.0054089860397193,0.0000000000000000,0.0000000000000000,0.0000000000000016,-0.0106877510606016,0.0000000000000000,4.0611036789297659,3.0000427405,125.902,225.467,353.7607,2.0694
1.0054120908253861,-0.0000000000000000,0.0000000000000000,0.0000000000036534,-0.0106985979764646,0.0000000000000000,4.0650501672240802,3.0000425684,126.011,225.528,352.4801,2.0658
1.0054151990588105,-0.0000000000000000,0.0000000000000000,-0.0000000000059465,-0.0107094123680518,0.0000000000000000,4.0689966555183945,3.0000423970,126.119,225.588,351.2082,2.0621
1.0054183107612777,-0.0000000000000000,0.0000000000000000,-0.0000000000028330,-0.0107201945774777,0.0000000000000000,4.0729431438127088,3.0000422263,126.227,225.649,349.9450,2.0584
1.0054214259305601,-0.0000000000000006,0.0000000000000000,-0.0000000000075068,-0.0107309449197172,0.0000000000000000,4.0768896321070232,3.0000420561,126.335,225.709,348.6903,2.0547
1.0054245445829570,-0.0000000000000006,0.0000000000000000,-0.0000000000051298,-0.0107416637271679,0.0000000000000000,4.0808361204013375,3.0000418866,126.442,225.769,347.4442,2.0510
1.0054276667257860,-0.0000000000000006,0.0000000000000000,0.0000000000040093,-0.0107523513168849,0.0000000000000000,4.0847826086956518,3.0000417177,126.548,225.828,346.2066,2.0472
1.0054307923573573,-0.0000000000000000,0.0000000000000000,0.0000000000006207,-0.0107630079951555,0.0000000000000000,4.0887290969899670,3.0000415494,126.654,225.888,344.9772,2.0433
1.0054339214913151,-0.0000000000000000,0.0000000000000000,-0.0000000000041897,-0.0107736340809197,0.0000000000000000,4.0926755852842813,3.0000413817,126.760,225.947,343.7562,2.0395
1.0054370541371456,-0.0000000000000000,0.0000000000000000,-0.0000000000058346,-0.0107842298837501,0.0000000000000000,4.0966220735785956,3.0000412146,126.865,226.006,342.5433,2.0356
1.0054401903050934,-0.0000000000000000,0.0000000000000000,0.0000000000007740,-0.0107947957124361,0.0000000000000000,4.1005685618729100,3.0000410480,126.970,226.065,341.3386,2.0317
1.0054433299902936,-0.0000000000000006,0.0000000000000000,-0.0000000000091789,-0.0108053318574244,0.0000000000000000,4.1045150501672243,3.0000408821,127.074,226.123,340.1419,2.0277
1.0054464732131805,-0.0000000000000006,0.0000000000000000,-0.0000000000087755,-0.0108158386302476,0.0000000000000000,4.1084615384615386,3.0000407168,127.177,226.181,338.9531,2.0237
1.0054496199802325,-0.0000000000000000,0.0000000000000000,0.0000000000003632,-0.0108263163265106,0.0000000000000000,4.1124080267558529,3.0000405521,127.281,226.240,337.7723,2.0197
1.0054527702894216,0.0000000000000000,0.0000000000000000,-0.0000000000000001,-0.0108367652299716,0.0000000000000000,4.1163545150501673,3.0000403879,127.383,226.297,336.5993,2.0156
1.0054559241520107,-0.0000000000000000,0.0000000000000000,-0.0000000000012409,-0.0108471856347598,0.0000000000000000,4.1203010033444816,3.0000402243,127.486,226.355,335.4340,2.0115
1.0054590815744642,-0.0000000000000006,0.0000000000000000,-0.0000000000037258,-0.0108575778267549,0.0000000000000000,4.1242474916387959,3.0000400613,127.588,226.412,334.2764,2.0074
1.0054622425655944,-0.0000000000000006,0.0000000000000000,-0.0000000000039806,-0.0108679420924969,0.0000000000000000,4.1281939799331102,3.0000398988,127.689,226.470,333.1264,2.0032
1.0054654071291149,-0.0000000000000006,0.0000000000000000,-0.0000000000070072,-0.0108782787089029,0.0000000000000000,4.1321404682274245,3.0000397370,127.790,226.527,331.9840,1.9990
1.0054685752784256,-0.0000000000000006,0.0000000000000000,0.0000000000007504,-0.0108885879608397,0.0000000000000000,4.1360869565217389,3.0000395756,127.891,226.583,330.8490,1.9948
1.0054717470081942,-0.0000000000000006,0.0000000000000000,-0.0000000000048322,-0.0108988701121203,0.0000000000000000,4.1400334448160532,3.0000394149,127.991,226.640,329.7214,1.9905
1.0054749223328132,-0.0000000000000006,0.0000000000000000,-0.0000000000072075,-0.0109091254422290,0.0000000000000000,4.1439799331103675,3.0000392546,128.091,226.696,328.6012,1.9862
1.0054781012622469,-0.0000000000000000,0.0000000000000000,0.0000000000013354,-0.0109193542243976,0.0000000000000000,4.1479264214046818,3.0000390950,128.190,226.752,327.4882,1.9819
1.0054812837926290,0.0000000000000000,0.0000000000000000,0.0000000000000022,-0.0109295567154415,0.0000000000000000,4.1518729096989961,3.0000389359,128.289,226.808,326.3824,1.9775
1.0054844699354655,-0.0000000000000000,0.0000000000000000,-0.0000000000000008,-0.0109397331843927,0.0000000000000000,4.1558193979933113,3.0000387773,128.388,226.864,325.2838,1.9731
1.0054876596961229,-0.0000000000000000,0.0000000000000000,-0.0000000000000060,-0.0109498838918470,0.0000000000000000,4.1597658862876257,3.0000386192,128.486,226.920,324.1923,1.9686
1.0054908530805340,-0.0000000000000000,0.0000000000000000,0.0000000000000016,-0.0109600090963551,0.0000000000000000,4.1637123745819400,3.0000384617,128.584,226.975,323.1077,1.9642
1.0054940500945535,-0.0000000000000000,0.0000000000000000,-0.0000000000000041,-0.0109701090538579,0.0000000000000000,4.1676588628762543,3.0000383047,128.681,227.030,322.0301,1.9596
1.0054972507394373,-0.0000000000000005,0.0000000000000000,-0.0000000000090586,-0.0109801840132403,0.0000000000000000,4.1716053511705686,3.0000381483,128.778,227.085,320.9594,1.9551
1.0055004550344913,-0.0000000000000000,0.0000000000000000,-0.0000000000000004,-0.0109902342388957,0.0000000000000000,4.1755518394648830,3.0000379923,128.874,227.140,319.8956,1.9505
1.0055036629717651,0.0000000000000000,0.0000000000000000,-0.0000000000000003,-0.0110002599656323,0.0000000000000000,4.1794983277591973,3.0000378369,128.970,227.194,318.8384,1.9459
1.0055068745613664,0.0000000000000000,0.0000000000000000,-0.0000000000000009,-0.0110102614438519,0.0000000000000000,4.1834448160535116,3.0000376820,129.066,227.249,317.7880,1.9413
1.0055100898088101,0.0000000000000000,0.0000000000000000,-0.0000000000000009,-0.0110202389170215,0.0000000000000000,4.1873913043478259,3.0000375276,129.162,227.303,316.7443,1.9366
1.0055133087195465,-0.0000000000000000,0.0000000000000000,0.0000000000000011,-0.0110301926262091,0.0000000000000000,4.1913377926421402,3.0000373737,129.257,227.357,315.7071,1.9319
1.0055165312989618,0.0000000000000000,0.0000000000000000,-0.0000000000000009,-0.0110401228100995,0.0000000000000000,4.1952842809364554,3.0000372204,129.351,227.411,314.6765,1.9271
1.0055197575523915,-0.0000000000000000,0.0000000000000000,-0.0000000000000018,-0.0110500297050677,0.0000000000000000,4.1992307692307698,3.0000370675,129.445,227.464,313.6523,1.9223
1.0055229874851104,-0.0000000000000000,0.0000000000000000,-0.0000000000000008,-0.0110599135451765,0.0000000000000000,4.2031772575250841,3.0000369151,129.539,227.518,312.6346,1.9175
1.0055262211023375,-0.0000000000000000,0.0000000000000000,-0.0000000000000007,-0.0110697745622115,0.0000000000000000,4.2071237458193984,3.0000367632,129.633,227.571,311.6232,1.9126
1.0055294584092411,0.0000000000000000,0.0000000000000000,0.0000000000000000,-0.0110796129857284,0.0000000000000000,4.2110702341137127,3.0000366118,129.726,227.624,310.6182,1.9077
1.0055326994109395,0.0000000000000000,0.0000000000000000,0.0000000000000002,-0.0110894290430601,0.0000000000000000,4.2150167224080271,3.0000364609,129.818,227.677,309.6194,1.9028
1.0055359441124980,0.0000000000000000,0.0000000000000000,-0.0000000000000010,-0.0110992229593632,0.0000000000000000,4.2189632107023414,3.0000363105,129.911,227.730,308.6268,1.8979
1.0055391925189401,-0.0000000000000000,0.0000000000000000,0.0000000000000009,-0.0111089949576431,0.0000000000000000,4.2229096989966557,3.0000361606,130.003,227.782,307.6403,1.8929
1.0055424446352401,-0.0000000000000000,0.0000000000000000,-0.0000000000000011,-0.0111187452587728,0.0000000000000000,4.2268561872909700,3.0000360111,130.094,227.834,306.6600,1.8878
1.0055457004663293,-0.0000000000000000,0.0000000000000000,-0.0000000000000012,-0.0111284740815370,0.0000000000000000,4.2308026755852843,3.0000358621,130.186,227.887,305.6857,1.8828
1.0055489600170990,-0.0000000000000000,0.0000000000000000,-0.0000000000000011,-0.0111381816426504,0.0000000000000000,4.2347491638795987,3.0000357136,130.277,227.939,304.7174,1.8777
1.0055522232958987,-0.0000000000000006,0.0000000000000000,0.0000000000068749,-0.0111478681603383,0.0000000000000000,4.2386956521739130,3.0000355656,130.367,227.990,303.7550,1.8725
1.0055554902970347,-0.0000000000000006,0.0000000000000000,0.0000000000004703,-0.0111575338361039,0.0000000000000000,4.2426421404682273,3.0000354180,130.458,228.042,302.7985,1.8674
1.0055587610360410,-0.0000000000000006,0.0000000000000000,0.0000000000008327,-0.0111671788924284,0.0000000000000000,4.2465886287625416,3.0000352709,130.547,228.093,301.8479,1.8622
1.0055620355154886,-0.0000000000000006,0.0000000000000000,0.0000000000043767,-0.0111768035356657,0.0000000000000000,4.2505351170568559,3.0000351242,130.637,228.145,300.9030,1.8569
1.0055653137359819,-0.0000000000000000,0.0000000000000000,0.0000000000028564,-0.0111864079682740,0.0000000000000000,4.2544816053511703,3.0000349780,130.726,228.196,299.9639,1.8517
1.0055685957055023,-0.0000000000000000,0.0000000000000000,0.0000000000032436,-0.0111959923978966,0.0000000000000000,4.2584280936454846,3.0000348322,130.815,228.247,299.0305,1.8464
1.0055718814230652,-0.0000000000000006,0.0000000000000000,-0.0000000000061462,-0.0112055570224872,0.0000000000000000,4.2623745819397989,3.0000346869,130.904,228.297,298.1028,1.8410
1.0055751709068488,-0.0000000000000000,0.0000000000000000,0.0000000000020518,-0.0112151020564287,0.0000000000000000,4.2663210702341141,3.0000345421,130.992,228.348,297.1807,1.8356
1.0055784641478012,-0.0000000000000000,0.0000000000000000,0.0000000000005082,-0.0112246276854872,0.0000000000000000,4.2702675585284284,3.0000343977,131.080,228.398,296.2641,1.8302
1.0055817611569335,-0.0000000000000006,0.0000000000000000,0.0000000000020244,-0.0112341341136309,0.0000000000000000,4.2742140468227428,3.0000342537,131.167,228.449,295.3530,1.8248
1.0055850619349720,-0.0000000000000006,0.0000000000000000,-0.0000000000002126,-0.0112436215316665,0.0000000000000000,4.2781605351170571,3.0000341102,131.254,228.499,294.4474,1.8193
1.0055883664939382,-0.0000000000000006,0.0000000000000000,0.0000000000070685,-0.0112530901433869,0.0000000000000000,4.2821070234113714,3.0000339671,131.341,228.549,293.5472,1.8138
1.0055916748276033,-0.0000000000000000,0.0000000000000000,0.0000000000040145,-0.0112625401280655,0.0000000000000000,4.2860535117056857,3.0000338244,131.428,228.598,292.6524,1.8082
1.0055949869463110,-0.0000000000000006,0.0000000000000000,0.0000000000022159,-0.0112719716821792,0.0000000000000000,4.2900000000000000,3.0000336822,131.514,228.648,291.7629,1.8027
