x0_n,y0_n,z0_n,xd0_n,yd0_n,zd0_n,Tp,JC,L2ExcessVelocity_mps,landingVelocity_mps,stabilityIndex1,stabilityIndex2...,error_tol=1e-13
1.0042523768677813,-0.0000000000000000,0.0000000000000000,0.0000000000000787,-0.0011971668317617,0.0000000000000000,3.1099999999999999,3.0018650225,13.586,189.702,1861.9228,1.9567
1.0043055280473210,-0.0000000000000000,0.0000000000000000,0.0000000000013327,-0.0015665908243485,0.0000000000000000,3.1139464882943142,3.0018641832,17.845,190.055,1839.4938,1.9605
1.0043466045986145,-0.0000000000000000,0.0000000000000000,0.0000000000006161,-0.0018587266072555,0.0000000000000000,3.1178929765886285,3.0018633529,21.233,190.403,1817.4993,1.9642
1.0043807929226984,-0.0000000000000000,0.0000000000000000,0.0000000000003601,-0.0021065596443871,0.0000000000000000,3.1218394648829428,3.0018625316,24.121,190.746,1795.9280,1.9679
1.0044103800031174,-0.0000000000000000,0.0000000000000000,0.0000000000002894,-0.0023246411896180,0.0000000000000000,3.1257859531772576,3.0018617192,26.672,191.086,1774.7692,1.9716
1.0044366163066314,-0.0000000000000000,0.0000000000000000,0.0000000000003259,-0.0025209317008019,0.0000000000000000,3.1297324414715719,3.0018609153,28.976,191.421,1754.0124,1.9753
1.0044602745631248,-0.0000000000000000,0.0000000000000000,0.0000000000002925,-0.0027003535442470,0.0000000000000000,3.1336789297658862,3.0018601200,31.088,191.752,1733.6473,1.9789
1.0044818721095941,-0.0000000000000000,0.0000000000000000,0.0000000000004939,-0.0028662047454796,0.0000000000000000,3.1376254180602006,3.0018593331,33.045,192.079,1713.6641,1.9826
1.0045017755512344,-0.0000000000000000,0.0000000000000000,0.0000000000002706,-0.0030208245153544,0.0000000000000000,3.1415719063545149,3.0018585544,34.873,192.402,1694.0534,1.9862
1.0045202559622723,-0.0000000000000000,0.0000000000000000,0.0000000000001307,-0.0031659442823324,0.0000000000000000,3.1455183946488292,3.0018577838,36.593,192.721,1674.8057,1.9897
1.0045375205138261,-0.0000000000000000,0.0000000000000000,0.0000000000000615,-0.0033028888408709,0.0000000000000000,3.1494648829431435,3.0018570212,38.219,193.036,1655.9123,1.9933
1.0045537317808957,-0.0000000000000000,0.0000000000000000,0.0000000000003100,-0.0034326991459175,0.0000000000000000,3.1534113712374583,3.0018562663,39.762,193.348,1637.3643,1.9968
1.0045690201328625,-0.0000000000000000,0.0000000000000000,0.0000000000005574,-0.0035562111265475,0.0000000000000000,3.1573578595317726,3.0018555192,41.234,193.656,1619.1535,2.0004
1.0045834920166559,-0.0000000000000001,0.0000000000000000,-0.0000000000003039,-0.0036741083780338,0.0000000000000000,3.1613043478260869,3.0018547797,42.640,193.960,1601.2715,2.0039
1.0045972356852593,-0.0000000000000001,0.0000000000000000,0.0000000000004704,-0.0037869585947913,0.0000000000000000,3.1652508361204013,3.0018540476,43.988,194.261,1583.7104,2.0073
1.0046103252685057,-0.0000000000000000,0.0000000000000000,0.0000000000002328,-0.0038952394901974,0.0000000000000000,3.1691973244147156,3.0018533229,45.282,194.558,1566.4627,2.0108
1.0046228237461368,-0.0000000000000001,0.0000000000000000,-0.0000000000006167,-0.0039993576960510,0.0000000000000000,3.1731438127090299,3.0018526054,46.529,194.852,1549.5208,2.0142
1.0046347851583983,-0.0000000000000001,0.0000000000000000,-0.0000000000000044,-0.0040996628331690,0.0000000000000000,3.1770903010033442,3.0018518950,47.731,195.142,1532.8775,2.0176
1.0046462562804159,-0.0000000000000000,0.0000000000000000,0.0000000000002340,-0.0041964581795438,0.0000000000000000,3.1810367892976585,3.0018511916,48.892,195.430,1516.5257,2.0210
1.0046572779170067,-0.0000000000000001,0.0000000000000000,0.0000000000005288,-0.0042900088991675,0.0000000000000000,3.1849832775919733,3.0018504951,50.015,195.714,1500.4586,2.0244
1.0046678859120239,-0.0000000000000001,0.0000000000000000,0.0000000000005744,-0.0043805484738782,0.0000000000000000,3.1889297658862876,3.0018498053,51.103,195.995,1484.6697,2.0277
1.0046781119492374,-0.0000000000000001,0.0000000000000000,0.0000000000005181,-0.0044682838000827,0.0000000000000000,3.1928762541806019,3.0018491222,52.158,196.272,1469.1524,2.0311
1.0046879841939313,-0.0000000000000001,0.0000000000000000,0.0000000000008878,-0.0045533992748405,0.0000000000000000,3.1968227424749163,3.0018484457,53.182,196.547,1453.9005,2.0344
1.0046975278114616,-0.0000000000000001,0.0000000000000000,0.0000000000005283,-0.0046360601028650,0.0000000000000000,3.2007692307692306,3.0018477757,54.177,196.819,1438.9080,2.0376
1.0047067653937627,-0.0000000000000000,0.0000000000000000,0.0000000000005192,-0.0047164150053471,0.0000000000000000,3.2047157190635449,3.0018471121,55.145,197.087,1424.1689,2.0409
1.0047157173082166,-0.0000000000000001,0.0000000000000000,0.0000000000007667,-0.0047945984500087,0.0000000000000000,3.2086622073578592,3.0018464547,56.088,197.353,1409.6776,2.0441
1.0047244019892845,-0.0000000000000001,0.0000000000000000,0.0000000000008744,-0.0048707325077407,0.0000000000000000,3.2126086956521740,3.0018458035,57.006,197.616,1395.4284,2.0473
1.0047328361829058,-0.0000000000000000,0.0000000000000000,0.0000000000005899,-0.0049449284101314,0.0000000000000000,3.2165551839464883,3.0018451584,57.902,197.876,1381.4159,2.0505
1.0047410351522299,-0.0000000000000000,0.0000000000000000,0.0000000000004756,-0.0050172878591101,0.0000000000000000,3.2205016722408026,3.0018445193,58.775,198.134,1367.6349,2.0537
1.0047490128519936,-0.0000000000000001,0.0000000000000000,0.0000000000006038,-0.0050879041423465,0.0000000000000000,3.2244481605351170,3.0018438861,59.628,198.388,1354.0802,2.0568
1.0047567820773191,-0.0000000000000001,0.0000000000000000,0.0000000000006123,-0.0051568630825590,0.0000000000000000,3.2283946488294313,3.0018432587,60.461,198.640,1340.7468,2.0599
1.0047643545921490,-0.0000000000000001,0.0000000000000000,0.0000000000006372,-0.0052242438550509,0.0000000000000000,3.2323411371237456,3.0018426370,61.276,198.890,1327.6300,2.0630
1.0047717412394279,-0.0000000000000000,0.0000000000000000,0.0000000000008305,-0.0052901196917726,0.0000000000000000,3.2362876254180599,3.0018420210,62.072,199.136,1314.7250,2.0661
1.0047789520363777,-0.0000000000000000,0.0000000000000000,0.0000000000005006,-0.0053545584918948,0.0000000000000000,3.2402341137123747,3.0018414106,62.851,199.381,1302.0272,2.0691
1.0047859962584134,-0.0000000000000001,0.0000000000000000,0.0000000000006844,-0.0054176233538448,0.0000000000000000,3.2441806020066890,3.0018408057,63.614,199.623,1289.5321,2.0722
1.0047928825113228,-0.0000000000000000,0.0000000000000000,0.0000000000005917,-0.0054793730408573,0.0000000000000000,3.2481270903010033,3.0018402061,64.361,199.862,1277.2355,2.0752
1.0047996187955945,-0.0000000000000001,0.0000000000000000,0.0000000000006256,-0.0055398623889604,0.0000000000000000,3.2520735785953176,3.0018396119,65.093,200.099,1265.1330,2.0781
1.0048062125622261,-0.0000000000000000,0.0000000000000000,0.0000000000004629,-0.0055991426670443,0.0000000000000000,3.2560200668896320,3.0018390230,65.811,200.333,1253.2206,2.0811
1.0048126707630964,-0.0000000000000001,0.0000000000000000,0.0000000000006486,-0.0056572618955362,0.0000000000000000,3.2599665551839463,3.0018384392,66.515,200.566,1241.4942,2.0840
1.0048189998943344,-0.0000000000000000,0.0000000000000000,0.0000000000006478,-0.0057142651286622,0.0000000000000000,3.2639130434782606,3.0018378606,67.205,200.796,1229.9500,2.0869
1.0048252060363219,-0.0000000000000000,0.0000000000000000,0.0000000000008061,-0.0057701947061936,0.0000000000000000,3.2678595317725749,3.0018372870,67.882,201.023,1218.5841,2.0898
1.0048312948881974,-0.0000000000000001,0.0000000000000000,0.0000000000010303,-0.0058250904778015,0.0000000000000000,3.2718060200668897,3.0018367183,68.547,201.249,1207.3929,2.0927
1.0048372717991687,-0.0000000000000000,0.0000000000000000,0.0000000000007758,-0.0058789900038287,0.0000000000000000,3.2757525083612040,3.0018361546,69.199,201.472,1196.3727,2.0955
1.0048431417973449,-0.0000000000000000,0.0000000000000000,0.0000000000003809,-0.0059319287372072,0.0000000000000000,3.2796989966555183,3.0018355957,69.840,201.693,1185.5201,2.0983
1.0048489096147206,-0.0000000000000000,0.0000000000000000,0.0000000000006514,-0.0059839401848775,0.0000000000000000,3.2836454849498327,3.0018350415,70.470,201.912,1174.8315,2.1011
1.0048545797091741,-0.0000000000000001,0.0000000000000000,0.0000000000007984,-0.0060350560540330,0.0000000000000000,3.2875919732441470,3.0018344920,71.089,202.129,1164.3037,2.1038
1.0048601562860426,-0.0000000000000001,0.0000000000000000,0.0000000000006734,-0.0060853063856021,0.0000000000000000,3.2915384615384613,3.0018339472,71.698,202.344,1153.9335,2.1066
1.0048656433166052,-0.0000000000000001,0.0000000000000000,0.0000000000002406,-0.0061347196742922,0.0000000000000000,3.2954849498327756,3.0018334070,72.296,202.556,1143.7175,2.1093
1.0048710445554583,-0.0000000000000000,0.0000000000000000,0.0000000000004281,-0.0061833229787793,0.0000000000000000,3.2994314381270904,3.0018328712,72.885,202.767,1133.6528,2.1120
1.0048763635544200,-0.0000000000000000,0.0000000000000000,-0.0000000000001630,-0.0062311420187352,0.0000000000000000,3.3033779264214047,3.0018323399,73.464,202.976,1123.7364,2.1146
1.0048816036789259,-0.0000000000000001,0.0000000000000000,-0.0000000000000607,-0.0062782012686710,0.0000000000000000,3.3073244147157190,3.0018318130,74.034,203.183,1113.9652,2.1173
1.0048867681185241,-0.0000000000000000,0.0000000000000000,-0.0000000000003676,-0.0063245240379213,0.0000000000000000,3.3112709030100334,3.0018312905,74.594,203.388,1104.3365,2.1199
1.0048918599004872,-0.0000000000000001,0.0000000000000000,-0.0000000000003487,-0.0063701325490426,0.0000000000000000,3.3152173913043477,3.0018307722,75.146,203.591,1094.8474,2.1225
1.0048968818993096,-0.0000000000000000,0.0000000000000000,-0.0000000000003632,-0.0064150480056729,0.0000000000000000,3.3191638795986620,3.0018302581,75.690,203.792,1085.4951,2.1250
1.0049018368472691,-0.0000000000000001,0.0000000000000000,-0.0000000000004390,-0.0064592906574175,0.0000000000000000,3.3231103678929763,3.0018297482,76.225,203.992,1076.2771,2.1276
1.0049067273435117,-0.0000000000000000,0.0000000000000000,-0.0000000000002120,-0.0065028798586572,0.0000000000000000,3.3270568561872906,3.0018292423,76.753,204.189,1067.1908,2.1301
1.0049115558616677,-0.0000000000000001,0.0000000000000000,-0.0000000000005068,-0.0065458341220349,0.0000000000000000,3.3310033444816054,3.0018287406,77.272,204.385,1058.2335,2.1326
1.0049163247591779,-0.0000000000000001,0.0000000000000000,0.0000000000000911,-0.0065881711702416,0.0000000000000000,3.3349498327759197,3.0018282428,77.784,204.579,1049.4029,2.1350
1.0049210362818817,-0.0000000000000001,0.0000000000000000,-0.0000000000003109,-0.0066299079795709,0.0000000000000000,3.3388963210702340,3.0018277490,78.289,204.772,1040.6965,2.1375
1.0049256925736394,-0.0000000000000000,0.0000000000000000,-0.0000000000001380,-0.0066710608260635,0.0000000000000000,3.3428428093645484,3.0018272591,78.786,204.962,1032.1119,2.1399
1.0049302956797475,-0.0000000000000000,0.0000000000000000,-0.0000000000003576,-0.0067116453222977,0.0000000000000000,3.3467892976588627,3.0018267730,79.277,205.152,1023.6469,2.1423
1.0049348475543924,-0.0000000000000000,0.0000000000000000,-0.0000000000004510,-0.0067516764561381,0.0000000000000000,3.3507357859531770,3.0018262908,79.760,205.339,1015.2992,2.1446
1.0049393500653367,-0.0000000000000001,0.0000000000000000,0.0000000000003014,-0.0067911686245315,0.0000000000000000,3.3546822742474918,3.0018258122,80.237,205.525,1007.0666,2.1470
1.0049438049973358,-0.0000000000000001,0.0000000000000000,-0.0000000000003983,-0.0068301356636482,0.0000000000000000,3.3586287625418061,3.0018253374,80.708,205.709,998.9469,2.1493
1.0049482140599653,-0.0000000000000000,0.0000000000000000,-0.0000000000003874,-0.0068685908820848,0.0000000000000000,3.3625752508361204,3.0018248663,81.172,205.891,990.9381,2.1516
1.0049525788890790,-0.0000000000000000,0.0000000000000000,0.0000000000002148,-0.0069065470857820,0.0000000000000000,3.3665217391304347,3.0018243987,81.630,206.072,983.0381,2.1538
1.0049569010505932,-0.0000000000000001,0.0000000000000000,-0.0000000000002938,-0.0069440166033633,0.0000000000000000,3.3704682274247491,3.0018239348,82.082,206.252,975.2450,2.1561
1.0049611820470745,-0.0000000000000001,0.0000000000000000,0.0000000000002913,-0.0069810113136577,0.0000000000000000,3.3744147157190634,3.0018234743,82.528,206.430,967.5567,2.1583
1.0049654233172129,-0.0000000000000000,0.0000000000000000,-0.0000000000002685,-0.0070175426640309,0.0000000000000000,3.3783612040133777,3.0018230173,82.968,206.606,959.9714,2.1605
1.0049696262427468,-0.0000000000000000,0.0000000000000000,-0.0000000000004250,-0.0070536216952656,0.0000000000000000,3.3823076923076920,3.0018225638,83.403,206.781,952.4871,2.1626
1.0049737921488975,-0.0000000000000001,0.0000000000000000,-0.0000000000006430,-0.0070892590589911,0.0000000000000000,3.3862541806020068,3.0018221137,83.832,206.955,945.1022,2.1647
1.0049779223086068,-0.0000000000000001,0.0000000000000000,-0.0000000000002055,-0.0071244650375048,0.0000000000000000,3.3902006688963211,3.0018216669,84.256,207.127,937.8147,2.1669
1.0049820179441924,-0.0000000000000000,0.0000000000000000,0.0000000000006132,-0.0071592495603377,0.0000000000000000,3.3941471571906354,3.0018212234,84.675,207.297,930.6229,2.1689
1.0049860802298753,-0.0000000000000000,0.0000000000000000,0.0000000000006371,-0.0071936222207359,0.0000000000000000,3.3980936454849497,3.0018207832,85.088,207.467,923.5252,2.1710
1.0049901102949113,-0.0000000000000001,0.0000000000000000,-0.0000000000004193,-0.0072275922918963,0.0000000000000000,3.4020401337792641,3.0018203462,85.497,207.635,916.5199,2.1730
1.0049941092265080,-0.0000000000000001,0.0000000000000000,-0.0000000000003542,-0.0072611687422199,0.0000000000000000,3.4059866220735784,3.0018199124,85.901,207.801,909.6053,2.1750
1.0049980780691796,-0.0000000000000000,0.0000000000000000,-0.0000000000004367,-0.0072943602463485,0.0000000000000000,3.4099331103678927,3.0018194818,86.299,207.966,902.7798,2.1770
1.0050020178289258,-0.0000000000000000,0.0000000000000000,-0.0000000000004956,-0.0073271752002425,0.0000000000000000,3.4138795986622075,3.0018190543,86.694,208.130,896.0420,2.1789
1.0050059294747782,-0.0000000000000000,0.0000000000000000,0.0000000000004922,-0.0073596217332455,0.0000000000000000,3.4178260869565218,3.0018186299,87.083,208.293,889.3902,2.1808
1.0050098139387571,-0.0000000000000001,0.0000000000000000,0.0000000000005077,-0.0073917077176289,0.0000000000000000,3.4217725752508361,3.0018182085,87.468,208.454,882.8230,2.1827
1.0050136721202476,-0.0000000000000000,0.0000000000000000,0.0000000000005237,-0.0074234407824935,0.0000000000000000,3.4257190635451504,3.0018177901,87.849,208.614,876.3389,2.1846
1.0050175048857619,-0.0000000000000001,0.0000000000000000,0.0000000000006396,-0.0074548283220378,0.0000000000000000,3.4296655518394648,3.0018173747,88.225,208.773,869.9365,2.1865
1.0050213130705936,-0.0000000000000000,0.0000000000000000,0.0000000000005082,-0.0074858775056573,0.0000000000000000,3.4336120401337791,3.0018169622,88.597,208.930,863.6144,2.1883
1.0050250974804564,-0.0000000000000001,0.0000000000000000,-0.0000000000000993,-0.0075165952874641,0.0000000000000000,3.4375585284280934,3.0018165527,88.965,209.086,857.3712,2.1901
1.0050288588932719,-0.0000000000000001,0.0000000000000000,-0.0000000000001462,-0.0075469884153800,0.0000000000000000,3.4415050167224077,3.0018161460,89.329,209.241,851.2056,2.1918
1.0050325980595083,-0.0000000000000000,0.0000000000000000,0.0000000000006339,-0.0075770634387148,0.0000000000000000,3.4454515050167225,3.0018157422,89.688,209.395,845.1163,2.1935
1.0050363157029563,-0.0000000000000001,0.0000000000000000,0.0000000000008019,-0.0076068267156234,0.0000000000000000,3.4493979933110368,3.0018153411,90.044,209.548,839.1020,2.1953
1.0050400125230610,-0.0000000000000001,0.0000000000000000,0.0000000000005379,-0.0076362844215032,0.0000000000000000,3.4533444816053511,3.0018149428,90.396,209.699,833.1614,2.1969
1.0050436891961312,-0.0000000000000000,0.0000000000000000,0.0000000000007272,-0.0076654425569537,0.0000000000000000,3.4572909698996654,3.0018145473,90.745,209.850,827.2933,2.1986
1.0050473463748117,-0.0000000000000000,0.0000000000000000,0.0000000000007943,-0.0076943069524343,0.0000000000000000,3.4612374581939798,3.0018141545,91.089,209.999,821.4965,2.2002
1.0050509846898388,-0.0000000000000000,0.0000000000000000,0.0000000000003211,-0.0077228832753421,0.0000000000000000,3.4651839464882941,3.0018137644,91.430,210.147,815.7699,2.2018
1.0050546047514575,-0.0000000000000001,0.0000000000000000,-0.0000000000003248,-0.0077511770373377,0.0000000000000000,3.4691304347826089,3.0018133769,91.767,210.294,810.1122,2.2034
1.0050582071501979,-0.0000000000000000,0.0000000000000000,-0.0000000000000817,-0.0077791935997554,0.0000000000000000,3.4730769230769232,3.0018129920,92.101,210.440,804.5224,2.2049
1.0050617924563370,-0.0000000000000001,0.0000000000000000,0.0000000000004073,-0.0078069381775729,0.0000000000000000,3.4770234113712375,3.0018126097,92.431,210.585,798.9993,2.2064
1.0050653612212890,-0.0000000000000000,0.0000000000000000,-0.0000000000002187,-0.0078344158455740,0.0000000000000000,3.4809698996655518,3.0018122300,92.758,210.729,793.5419,2.2079
1.0050689139809592,-0.0000000000000000,0.0000000000000000,0.0000000000013320,-0.0078616315461921,0.0000000000000000,3.4849163879598661,3.0018118528,93.082,210.871,788.1490,2.2094
1.0050724512504876,-0.0000000000000001,0.0000000000000000,0.0000000000009639,-0.0078885900878137,0.0000000000000000,3.4888628762541805,3.0018114782,93.403,211.013,782.8197,2.2108
1.0050759735315808,-0.0000000000000001,0.0000000000000000,0.0000000000006444,-0.0079152961566858,0.0000000000000000,3.4928093645484948,3.0018111060,93.720,211.153,777.5530,2.2122
1.0050794813090997,-0.0000000000000001,0.0000000000000000,0.0000000000007226,-0.0079417543165618,0.0000000000000000,3.4967558528428091,3.0018107362,94.034,211.293,772.3478,2.2136
1.0050829750527881,-0.0000000000000000,0.0000000000000000,0.0000000000009757,-0.0079679690151711,0.0000000000000000,3.5007023411371239,3.0018103689,94.345,211.432,767.2031,2.2149
1.0050864552172705,-0.0000000000000001,0.0000000000000000,0.0000000000005927,-0.0079939445861202,0.0000000000000000,3.5046488294314382,3.0018100040,94.653,211.569,762.1180,2.2163
1.0050899222437888,-0.0000000000000001,0.0000000000000000,0.0000000000004585,-0.0080196852550081,0.0000000000000000,3.5085953177257525,3.0018096414,94.958,211.706,757.0916,2.2175
1.0050933765598220,-0.0000000000000001,0.0000000000000000,0.0000000000004260,-0.0080451951420646,0.0000000000000000,3.5125418060200668,3.0018092812,95.260,211.841,752.1229,2.2188
1.0050968185798550,-0.0000000000000001,0.0000000000000000,0.0000000000007455,-0.0080704782657389,0.0000000000000000,3.5164882943143811,3.0018089234,95.559,211.976,747.2110,2.2200
1.0051002487046841,-0.0000000000000001,0.0000000000000000,-0.0000000000000261,-0.0080955385443512,0.0000000000000000,3.5204347826086955,3.0018085678,95.855,212.110,742.3551,2.2213
1.0051036673256553,-0.0000000000000000,0.0000000000000000,0.0000000000012912,-0.0081203798045190,0.0000000000000000,3.5243812709030098,3.0018082145,96.149,212.243,737.5542,2.2224
1.0051070748185809,-0.0000000000000001,0.0000000000000000,0.0000000000001864,-0.0081450057763600,0.0000000000000000,3.5283277591973246,3.0018078634,96.439,212.374,732.8075,2.2236
1.0051104715519070,-0.0000000000000000,0.0000000000000000,0.0000000000005225,-0.0081694201048418,0.0000000000000000,3.5322742474916389,3.0018075146,96.727,212.505,728.1143,2.2247
1.0051138578806593,-0.0000000000000000,0.0000000000000000,0.0000000000006133,-0.0081936263460098,0.0000000000000000,3.5362207357859532,3.0018071679,97.013,212.635,723.4735,2.2258
1.0051172341500398,-0.0000000000000000,0.0000000000000000,-0.0000000000000875,-0.0082176279731243,0.0000000000000000,3.5401672240802675,3.0018068234,97.295,212.765,718.8846,2.2269
1.0051206006960465,-0.0000000000000000,0.0000000000000000,0.0000000000003134,-0.0082414283792268,0.0000000000000000,3.5441137123745818,3.0018064811,97.576,212.893,714.3466,2.2279
1.0051239578437232,-0.0000000000000001,0.0000000000000000,0.0000000000006188,-0.0082650308778223,0.0000000000000000,3.5480602006688962,3.0018061410,97.853,213.020,709.8588,2.2289
1.0051273059087698,-0.0000000000000000,0.0000000000000000,0.0000000000001731,-0.0082884387063964,0.0000000000000000,3.5520066889632105,3.0018058029,98.128,213.147,705.4205,2.2299
1.0051306451989535,-0.0000000000000000,0.0000000000000000,0.0000000000006718,-0.0083116550299346,0.0000000000000000,3.5559531772575252,3.0018054669,98.401,213.272,701.0308,2.2309
1.0051339760114497,-0.0000000000000000,0.0000000000000000,-0.0000000000001903,-0.0083346829401573,0.0000000000000000,3.5598996655518396,3.0018051330,98.671,213.397,696.6891,2.2318
1.0051372986372678,-0.0000000000000000,0.0000000000000000,0.0000000000004425,-0.0083575254617771,0.0000000000000000,3.5638461538461539,3.0018048011,98.939,213.521,692.3947,2.2327
1.0051406133567033,-0.0000000000000000,0.0000000000000000,-0.0000000000000749,-0.0083801855497280,0.0000000000000000,3.5677926421404682,3.0018044713,99.205,213.644,688.1467,2.2335
1.0051439204442718,-0.0000000000000000,0.0000000000000000,0.0000000000001689,-0.0084026660959235,0.0000000000000000,3.5717391304347825,3.0018041434,99.468,213.767,683.9447,2.2344
1.0051472201651943,-0.0000000000000001,0.0000000000000000,-0.0000000000003038,-0.0084249699271605,0.0000000000000000,3.5756856187290968,3.0018038176,99.729,213.888,679.7878,2.2352
1.0051505127786760,-0.0000000000000001,0.0000000000000000,-0.0000000000001503,-0.0084470998102944,0.0000000000000000,3.5796321070234112,3.0018034937,99.987,214.009,675.6755,2.2360
1.0051537985356280,-0.0000000000000001,0.0000000000000000,-0.0000000000003330,-0.0084690584512268,0.0000000000000000,3.5835785953177259,3.0018031717,100.244,214.129,671.6070,2.2367
1.0051570776805856,-0.0000000000000000,0.0000000000000000,-0.0000000000006696,-0.0084908484984243,0.0000000000000000,3.5875250836120403,3.0018028517,100.498,214.248,667.5817,2.2374
1.0051603504519520,-0.0000000000000000,0.0000000000000000,0.0000000000002235,-0.0085124725446348,0.0000000000000000,3.5914715719063546,3.0018025335,100.750,214.366,663.5990,2.2381
1.0051636170799549,-0.0000000000000001,0.0000000000000000,0.0000000000001040,-0.0085339331261303,0.0000000000000000,3.5954180602006689,3.0018022173,101.000,214.484,659.6583,2.2388
1.0051668777900233,-0.0000000000000000,0.0000000000000000,-0.0000000000000735,-0.0085552327274211,0.0000000000000000,3.5993645484949832,3.0018019029,101.248,214.601,655.7589,2.2394
1.0051701328012641,-0.0000000000000000,0.0000000000000000,0.0000000000000945,-0.0085763737810629,0.0000000000000000,3.6033110367892975,3.0018015904,101.494,214.717,651.9004,2.2400
1.0051733823263331,-0.0000000000000001,0.0000000000000000,-0.0000000000002034,-0.0085973586687182,0.0000000000000000,3.6072575250836119,3.0018012797,101.738,214.832,648.0820,2.2406
1.0051766265732547,-0.0000000000000001,0.0000000000000000,0.0000000000004914,-0.0086181897242289,0.0000000000000000,3.6112040133779262,3.0018009708,101.979,214.947,644.3032,2.2411
1.0051798657430735,-0.0000000000000000,0.0000000000000000,0.0000000000005422,-0.0086388692323640,0.0000000000000000,3.6151505016722405,3.0018006637,102.219,215.061,640.5635,2.2416
1.0051831000324507,-0.0000000000000000,0.0000000000000000,0.0000000000003860,-0.0086593994324593,0.0000000000000000,3.6190969899665553,3.0018003584,102.457,215.174,636.8623,2.2421
1.0051863296328707,-0.0000000000000000,0.0000000000000000,0.0000000000003174,-0.0086797825190336,0.0000000000000000,3.6230434782608696,3.0018000548,102.693,215.286,633.1991,2.2426
1.0051895547302594,-0.0000000000000000,0.0000000000000000,-0.0000000000001691,-0.0087000206417635,0.0000000000000000,3.6269899665551839,3.0017997530,102.927,215.398,629.5732,2.2430
1.0051927755065677,-0.0000000000000000,0.0000000000000000,-0.0000000000001103,-0.0087201159090521,0.0000000000000000,3.6309364548494982,3.0017994529,103.160,215.509,625.9843,2.2434
1.0051959921383014,-0.0000000000000001,0.0000000000000000,0.0000000000001713,-0.0087400703866543,0.0000000000000000,3.6348829431438126,3.0017991545,103.390,215.620,622.4318,2.2438
1.0051992047974470,-0.0000000000000001,0.0000000000000000,0.0000000000004290,-0.0087598860999622,0.0000000000000000,3.6388294314381273,3.0017988577,103.619,215.729,618.9151,2.2441
1.0052024136512037,-0.0000000000000001,0.0000000000000000,-0.0000000000002561,-0.0087795650345719,0.0000000000000000,3.6427759197324416,3.0017985627,103.845,215.838,615.4338,2.2444
1.0052056188639578,-0.0000000000000000,0.0000000000000000,-0.0000000000000027,-0.0087991091392336,0.0000000000000000,3.6467224080267560,3.0017982693,104.070,215.947,611.9875,2.2447
1.0052088205944523,-0.0000000000000001,0.0000000000000000,0.0000000000004940,-0.0088185203235892,0.0000000000000000,3.6506688963210703,3.0017979776,104.294,216.055,608.5755,2.2449
1.0052120189975444,-0.0000000000000002,0.0000000000000000,0.0000000000005334,-0.0088378004611261,0.0000000000000000,3.6546153846153846,3.0017976875,104.515,216.162,605.1975,2.2451
1.0052152142246678,-0.0000000000000001,0.0000000000000000,0.0000000000005654,-0.0088569513902153,0.0000000000000000,3.6585618729096989,3.0017973990,104.735,216.268,601.8529,2.2453
1.0052184064230618,-0.0000000000000000,0.0000000000000000,0.0000000000003157,-0.0088759749141201,0.0000000000000000,3.6625083612040132,3.0017971121,104.953,216.374,598.5414,2.2455
1.0052215957368329,-0.0000000000000000,0.0000000000000000,0.0000000000005655,-0.0088948728029472,0.0000000000000000,3.6664548494983276,3.0017968268,105.170,216.479,595.2624,2.2456
1.0052247823058245,-0.0000000000000001,0.0000000000000000,0.0000000000007989,-0.0089136467930677,0.0000000000000000,3.6704013377926419,3.0017965430,105.385,216.583,592.0156,2.2457
1.0052279662661670,-0.0000000000000001,0.0000000000000000,0.0000000000000346,-0.0089322985885505,0.0000000000000000,3.6743478260869562,3.0017962608,105.598,216.687,588.8005,2.2457
1.0052311477518965,-0.0000000000000000,0.0000000000000000,-0.0000000000000365,-0.0089508298632582,0.0000000000000000,3.6782943143812710,3.0017959802,105.810,216.790,585.6167,2.2458
1.0052343268925463,-0.0000000000000000,0.0000000000000000,-0.0000000000002437,-0.0089692422593414,0.0000000000000000,3.6822408026755853,3.0017957010,106.020,216.893,582.4637,2.2458
1.0052375038150982,-0.0000000000000001,0.0000000000000000,-0.0000000000000693,-0.0089875373896582,0.0000000000000000,3.6861872909698996,3.0017954234,106.229,216.995,579.3412,2.2457
1.0052406786429458,-0.0000000000000000,0.0000000000000000,0.0000000000000230,-0.0090057168374247,0.0000000000000000,3.6901337792642139,3.0017951473,106.436,217.097,576.2487,2.2457
1.0052438514969562,-0.0000000000000001,0.0000000000000000,0.0000000000005505,-0.0090237821579213,0.0000000000000000,3.6940802675585283,3.0017948726,106.641,217.197,573.1859,2.2456
1.0052470224942709,-0.0000000000000000,0.0000000000000000,0.0000000000004380,-0.0090417348777874,0.0000000000000000,3.6980267558528430,3.0017945994,106.845,217.298,570.1523,2.2455
1.0052501917498646,-0.0000000000000001,0.0000000000000000,0.0000000000000322,-0.0090595764972446,0.0000000000000000,3.7019732441471573,3.0017943277,107.048,217.397,567.1476,2.2453
1.0052533593764432,-0.0000000000000001,0.0000000000000000,0.0000000000005855,-0.0090773084904979,0.0000000000000000,3.7059197324414717,3.0017940574,107.249,217.497,564.1714,2.2451
1.0052565254825223,-0.0000000000000000,0.0000000000000000,0.0000000000004737,-0.0090949323043657,0.0000000000000000,3.7098662207357860,3.0017937885,107.449,217.595,561.2234,2.2449
1.0052596901753104,-0.0000000000000001,0.0000000000000000,0.0000000000006370,-0.0091124493617146,0.0000000000000000,3.7138127090301003,3.0017935210,107.647,217.693,558.3030,2.2447
1.0052628535584507,-0.0000000000000001,0.0000000000000000,-0.0000000000000644,-0.0091298610596522,0.0000000000000000,3.7177591973244146,3.0017932550,107.844,217.791,555.4101,2.2444
1.0052660157346622,-0.0000000000000001,0.0000000000000000,0.0000000000004761,-0.0091471687727033,0.0000000000000000,3.7217056856187289,3.0017929903,108.040,217.887,552.5442,2.2441
1.0052691768022928,-0.0000000000000001,0.0000000000000000,0.0000000000002594,-0.0091643738498532,0.0000000000000000,3.7256521739130433,3.0017927270,108.234,217.984,549.7051,2.2438
1.0052723368588881,-0.0000000000000000,0.0000000000000000,0.0000000000005156,-0.0091814776185853,0.0000000000000000,3.7295986622073576,3.0017924651,108.427,218.080,546.8922,2.2434
1.0052754959986716,-0.0000000000000000,0.0000000000000000,0.0000000000002813,-0.0091984813827565,0.0000000000000000,3.7335451505016723,3.0017922045,108.618,218.175,544.1055,2.2430
1.0052786543144618,-0.0000000000000001,0.0000000000000000,0.0000000000003063,-0.0092153864250146,0.0000000000000000,3.7374916387959867,3.0017919452,108.808,218.270,541.3443,2.2426
1.0052818118965088,-0.0000000000000001,0.0000000000000000,0.0000000000004748,-0.0092321940060729,0.0000000000000000,3.7414381270903010,3.0017916873,108.997,218.364,538.6086,2.2421
1.0052849688328886,-0.0000000000000000,0.0000000000000000,0.0000000000005141,-0.0092489053654464,0.0000000000000000,3.7453846153846153,3.0017914307,109.185,218.457,535.8979,2.2416
1.0052881252102122,-0.0000000000000000,0.0000000000000000,0.0000000000013635,-0.0092655217226966,0.0000000000000000,3.7493311036789296,3.0017911754,109.371,218.551,533.2119,2.2411
1.0052912811113239,-0.0000000000000001,0.0000000000000000,0.0000000000002742,-0.0092820442753163,0.0000000000000000,3.7532775919732444,3.0017909214,109.556,218.643,530.5504,2.2405
1.0052944366199073,-0.0000000000000001,0.0000000000000000,0.0000000000002302,-0.0092984742040313,0.0000000000000000,3.7572240802675587,3.0017906687,109.740,218.735,527.9129,2.2399
1.0052975918160636,-0.0000000000000000,0.0000000000000000,0.0000000000007275,-0.0093148126684471,0.0000000000000000,3.7611705685618730,3.0017904172,109.922,218.827,525.2993,2.2393
1.0053007467777035,-0.0000000000000000,0.0000000000000000,0.0000000000004667,-0.0093310608089880,0.0000000000000000,3.7651170568561874,3.0017901670,110.104,218.918,522.7091,2.2386
1.0053039015820882,-0.0000000000000000,0.0000000000000000,0.0000000000006906,-0.0093472197486661,0.0000000000000000,3.7690635451505017,3.0017899181,110.284,219.009,520.1422,2.2380
1.0053070563040032,-0.0000000000000001,0.0000000000000000,0.0000000000008222,-0.0093632905917929,0.0000000000000000,3.7730100334448160,3.0017896704,110.463,219.099,517.5983,2.2372
1.0053102110165328,-0.0000000000000000,0.0000000000000000,0.0000000000004680,-0.0093792744249260,0.0000000000000000,3.7769565217391303,3.0017894239,110.641,219.189,515.0769,2.2365
1.0053133657917681,-0.0000000000000000,0.0000000000000000,0.0000000000006525,-0.0093951723178230,0.0000000000000000,3.7809030100334446,3.0017891786,110.817,219.278,512.5780,2.2357
1.0053165206993202,-0.0000000000000000,0.0000000000000000,0.0000000000003011,-0.0094109853227193,0.0000000000000000,3.7848494983277590,3.0017889345,110.993,219.367,510.1012,2.2349
1.0053196758081802,-0.0000000000000001,0.0000000000000000,0.0000000000007840,-0.0094267144757308,0.0000000000000000,3.7887959866220737,3.0017886916,111.167,219.455,507.6462,2.2341
1.0053228311847233,-0.0000000000000001,0.0000000000000000,0.0000000000006843,-0.0094423607960784,0.0000000000000000,3.7927424749163881,3.0017884499,111.340,219.543,505.2127,2.2332
1.0053259868945235,-0.0000000000000000,0.0000000000000000,0.0000000000003126,-0.0094579252874932,0.0000000000000000,3.7966889632107024,3.0017882094,111.513,219.630,502.8006,2.2323
1.0053291430021274,-0.0000000000000000,0.0000000000000000,0.0000000000008598,-0.0094734089384669,0.0000000000000000,3.8006354515050167,3.0017879701,111.684,219.717,500.4095,2.2313
1.0053322995693197,-0.0000000000000001,0.0000000000000000,0.0000000000004855,-0.0094888127209263,0.0000000000000000,3.8045819397993310,3.0017877319,111.853,219.804,498.0393,2.2304
1.0053354566579795,-0.0000000000000001,0.0000000000000000,0.0000000000007576,-0.0095041375936408,0.0000000000000000,3.8085284280936453,3.0017874948,112.022,219.889,495.6896,2.2294
1.0053386143273175,-0.0000000000000001,0.0000000000000000,0.0000000000002138,-0.0095193844986102,0.0000000000000000,3.8124749163879597,3.0017872589,112.190,219.975,493.3601,2.2283
1.0053417726367126,-0.0000000000000000,0.0000000000000000,0.0000000000004510,-0.0095345543656808,0.0000000000000000,3.8164214046822744,3.0017870241,112.357,220.060,491.0508,2.2273
1.0053449316426766,-0.0000000000000001,0.0000000000000000,-0.0000000000000550,-0.0095496481085542,0.0000000000000000,3.8203678929765887,3.0017867904,112.523,220.145,488.7612,2.2262
1.0053480914022015,-0.0000000000000001,0.0000000000000000,0.0000000000005978,-0.0095646666290127,0.0000000000000000,3.8243143812709031,3.0017865578,112.687,220.229,486.4913,2.2250
1.0053512519692027,-0.0000000000000001,0.0000000000000000,0.0000000000004381,-0.0095796108135036,0.0000000000000000,3.8282608695652174,3.0017863263,112.851,220.313,484.2407,2.2239
1.0053544133979255,-0.0000000000000001,0.0000000000000000,0.0000000000007764,-0.0095944815365257,0.0000000000000000,3.8322073578595317,3.0017860959,113.014,220.396,482.0093,2.2227
1.0053575757402375,-0.0000000000000001,0.0000000000000000,0.0000000000002733,-0.0096092796583832,0.0000000000000000,3.8361538461538460,3.0017858666,113.175,220.479,479.7967,2.2214
1.0053607390483454,-0.0000000000000001,0.0000000000000000,0.0000000000005636,-0.0096240060284406,0.0000000000000000,3.8401003344481603,3.0017856383,113.336,220.562,477.6029,2.2202
1.0053639033718011,-0.0000000000000001,0.0000000000000000,0.0000000000001203,-0.0096386614813862,0.0000000000000000,3.8440468227424747,3.0017854112,113.496,220.644,475.4275,2.2189
1.0053670687606069,-0.0000000000000000,0.0000000000000000,0.0000000000005579,-0.0096532468418095,0.0000000000000000,3.8479933110367890,3.0017851850,113.655,220.726,473.2704,2.2176
1.0053702352621572,-0.0000000000000000,0.0000000000000000,0.0000000000003569,-0.0096677629199633,0.0000000000000000,3.8519397993311038,3.0017849599,113.812,220.807,471.1313,2.2162
1.0053734029241996,-0.0000000000000000,0.0000000000000000,0.0000000000005363,-0.0096822105164067,0.0000000000000000,3.8558862876254181,3.0017847358,113.969,220.888,469.0100,2.2148
1.0053765717926533,-0.0000000000000001,0.0000000000000000,0.0000000000007011,-0.0096965904188668,0.0000000000000000,3.8598327759197324,3.0017845128,114.125,220.968,466.9064,2.2134
1.0053797419126289,-0.0000000000000001,0.0000000000000000,0.0000000000005860,-0.0097109034039334,0.0000000000000000,3.8637792642140467,3.0017842908,114.280,221.048,464.8202,2.2119
1.0053829133284851,-0.0000000000000001,0.0000000000000000,0.0000000000004358,-0.0097251502373328,0.0000000000000000,3.8677257525083610,3.0017840698,114.434,221.128,462.7512,2.2104
1.0053860860837789,-0.0000000000000001,0.0000000000000000,0.0000000000006239,-0.0097393316738827,0.0000000000000000,3.8716722408026758,3.0017838498,114.588,221.207,460.6993,2.2089
1.0053892602206997,-0.0000000000000001,0.0000000000000000,0.0000000000006735,-0.0097534484573156,0.0000000000000000,3.8756187290969901,3.0017836307,114.740,221.286,458.6642,2.2073
1.0053924357808004,-0.0000000000000001,0.0000000000000000,0.0000000000005273,-0.0097675013209965,0.0000000000000000,3.8795652173913044,3.0017834127,114.891,221.365,456.6458,2.2058
1.0053956128049550,-0.0000000000000001,0.0000000000000000,0.0000000000004899,-0.0097814909881475,0.0000000000000000,3.8835117056856188,3.0017831956,115.042,221.443,454.6438,2.2041
1.0053987913329270,-0.0000000000000000,0.0000000000000000,0.0000000000004460,-0.0097954181715800,0.0000000000000000,3.8874581939799331,3.0017829795,115.192,221.521,452.6581,2.2025
1.0054019714040685,-0.0000000000000000,0.0000000000000000,0.0000000000007735,-0.0098092835746795,0.0000000000000000,3.8914046822742474,3.0017827644,115.341,221.598,450.6885,2.2008
1.0054051530560728,-0.0000000000000001,0.0000000000000000,0.0000000000004451,-0.0098230878899846,0.0000000000000000,3.8953511705685617,3.0017825502,115.488,221.675,448.7349,2.1991
1.0054083363270216,-0.0000000000000001,0.0000000000000000,0.0000000000005900,-0.0098368318016500,0.0000000000000000,3.8992976588628760,3.0017823370,115.636,221.752,446.7970,2.1973
1.0054115212533090,0.0000000000000000,0.0000000000000000,0.0000000000006230,-0.0098505159835655,0.0000000000000000,3.9032441471571904,3.0017821247,115.782,221.828,444.8746,2.1955
1.0054147078710602,-0.0000000000000001,0.0000000000000000,0.0000000000006424,-0.0098641411009867,0.0000000000000000,3.9071906354515051,3.0017819133,115.927,221.904,442.9676,2.1937
1.0054178962156224,-0.0000000000000001,0.0000000000000000,0.0000000000007743,-0.0098777078096251,0.0000000000000000,3.9111371237458195,3.0017817029,116.072,221.980,441.0759,2.1919
1.0054210863211317,-0.0000000000000001,0.0000000000000000,0.0000000000004221,-0.0098912167562562,0.0000000000000000,3.9150836120401338,3.0017814934,116.216,222.055,439.1992,2.1900
1.0054242782220022,-0.0000000000000001,0.0000000000000000,0.0000000000003479,-0.0099046685793872,0.0000000000000000,3.9190301003344481,3.0017812847,116.359,222.130,437.3374,2.1880
1.0054274719512371,-0.0000000000000000,0.0000000000000000,0.0000000000002891,-0.0099180639085073,0.0000000000000000,3.9229765886287624,3.0017810770,116.501,222.205,435.4903,2.1861
1.0054306675415665,-0.0000000000000000,0.0000000000000000,0.0000000000004703,-0.0099314033648819,0.0000000000000000,3.9269230769230767,3.0017808702,116.643,222.279,433.6578,2.1841
1.0054338650245920,-0.0000000000000001,0.0000000000000000,0.0000000000003263,-0.0099446875612665,0.0000000000000000,3.9308695652173915,3.0017806643,116.783,222.353,431.8397,2.1821
1.0054370644318027,-0.0000000000000001,0.0000000000000000,0.0000000000004076,-0.0099579171022468,0.0000000000000000,3.9348160535117058,3.0017804592,116.923,222.426,430.0359,2.1800
1.0054402657938610,-0.0000000000000001,0.0000000000000000,0.0000000000003681,-0.0099710925845882,0.0000000000000000,3.9387625418060201,3.0017802550,117.063,222.499,428.2461,2.1779
1.0054434691409635,-0.0000000000000000,0.0000000000000000,0.0000000000005916,-0.0099842145973447,0.0000000000000000,3.9427090301003345,3.0017800517,117.201,222.572,426.4703,2.1758
1.0054466745022548,-0.0000000000000000,0.0000000000000000,0.0000000000004182,-0.0099972837211562,0.0000000000000000,3.9466555183946488,3.0017798492,117.339,222.645,424.7084,2.1737
1.0054498819070352,-0.0000000000000000,0.0000000000000000,0.0000000000005234,-0.0100103005297635,0.0000000000000000,3.9506020066889631,3.0017796476,117.476,222.717,422.9600,2.1715
1.0054530913839637,-0.0000000000000000,0.0000000000000000,0.0000000000012987,-0.0100232655895161,0.0000000000000000,3.9545484949832774,3.0017794469,117.612,222.789,421.2252,2.1693
1.0054563029595505,-0.0000000000000003,0.0000000000000000,0.0000000000005223,-0.0100361794576910,0.0000000000000000,3.9584949832775917,3.0017792470,117.747,222.860,419.5037,2.1670
1.0054595166623350,-0.0000000000000003,0.0000000000000000,0.0000000000001786,-0.0100490426869918,0.0000000000000000,3.9624414715719061,3.0017790479,117.882,222.932,417.7955,2.1647
1.0054627325188454,-0.0000000000000000,0.0000000000000000,-0.0000000000000050,-0.0100618558215355,0.0000000000000000,3.9663879598662208,3.0017788496,118.016,223.003,416.1004,2.1624
1.0054659505554686,-0.0000000000000003,0.0000000000000000,0.0000000000000770,-0.0100746193987006,0.0000000000000000,3.9703344481605352,3.0017786522,118.149,223.073,414.4181,2.1600
1.0054691707978505,-0.0000000000000000,0.0000000000000000,0.0000000000002041,-0.0100873339489175,0.0000000000000000,3.9742809364548495,3.0017784555,118.282,223.143,412.7487,2.1576
1.0054723932712557,-0.0000000000000000,0.0000000000000000,0.0000000000002514,-0.0100999999958435,0.0000000000000000,3.9782274247491638,3.0017782597,118.414,223.213,411.0920,2.1552
1.0054756180004294,-0.0000000000000001,0.0000000000000000,0.0000000000000705,-0.0101126180565075,0.0000000000000000,3.9821739130434781,3.0017780647,118.545,223.283,409.4478,2.1528
1.0054788450099665,-0.0000000000000000,0.0000000000000000,-0.0000000000000011,-0.0101251886417795,0.0000000000000000,3.9861204013377929,3.0017778705,118.676,223.352,407.8161,2.1503
1.0054820743237765,-0.0000000000000000,0.0000000000000000,0.0000000000000936,-0.0101377122558154,0.0000000000000000,3.9900668896321072,3.0017776771,118.806,223.421,406.1966,2.1477
1.0054853059656064,-0.0000000000000000,0.0000000000000000,0.0000000000007337,-0.0101501893967864,0.0000000000000000,3.9940133779264215,3.0017774844,118.935,223.490,404.5893,2.1452
1.0054885399577327,-0.0000000000000000,0.0000000000000000,0.0000000000005777,-0.0101626205555656,0.0000000000000000,3.9979598662207358,3.0017772925,119.063,223.559,402.9940,2.1426
1.0054917763234608,-0.0000000000000003,0.0000000000000000,0.0000000000007010,-0.0101750062184637,0.0000000000000000,4.0019063545150502,3.0017771014,119.191,223.627,401.4106,2.1399
1.0054950150845055,-0.0000000000000000,0.0000000000000000,0.0000000000002243,-0.0101873468644462,0.0000000000000000,4.0058528428093645,3.0017769111,119.319,223.695,399.8390,2.1373
1.0054982562636987,-0.0000000000000003,0.0000000000000000,0.0000000000009993,-0.0101996429683636,0.0000000000000000,4.0097993311036788,3.0017767215,119.445,223.762,398.2791,2.1346
1.0055014998811829,-0.0000000000000000,0.0000000000000000,0.0000000000006662,-0.0102118949966210,0.0000000000000000,4.0137458193979931,3.0017765327,119.571,223.830,396.7307,2.1319
1.0055047459588107,-0.0000000000000003,0.0000000000000000,0.0000000000005732,-0.0102241034122963,0.0000000000000000,4.0176923076923075,3.0017763446,119.697,223.897,395.1938,2.1291
1.0055079945172765,-0.0000000000000000,0.0000000000000000,0.0000000000007871,-0.0102362686719289,0.0000000000000000,4.0216387959866218,3.0017761573,119.821,223.963,393.6681,2.1263
1.0055112455766293,-0.0000000000000003,0.0000000000000000,0.0000000000007790,-0.0102483912262697,0.0000000000000000,4.0255852842809361,3.0017759707,119.945,224.030,392.1537,2.1235
1.0055144991568514,-0.0000000000000003,0.0000000000000000,0.0000000000005291,-0.0102604715208959,0.0000000000000000,4.0295317725752504,3.0017757849,120.069,224.096,390.6504,2.1206
1.0055177552777632,-0.0000000000000003,0.0000000000000000,0.0000000000005095,-0.0102725099962568,0.0000000000000000,4.0334782608695656,3.0017755997,120.192,224.162,389.1580,2.1177
1.0055210139585899,-0.0000000000000000,0.0000000000000000,0.0000000000005619,-0.0102845070872662,0.0000000000000000,4.0374247491638791,3.0017754153,120.314,224.227,387.6765,2.1148
1.0055242752181934,-0.0000000000000003,0.0000000000000000,0.0000000000004609,-0.0102964632235708,0.0000000000000000,4.0413712374581943,3.0017752316,120.436,224.293,386.2058,2.1118
1.0055275390753189,-0.0000000000000003,0.0000000000000000,0.0000000000006347,-0.0103083788300142,0.0000000000000000,4.0453177257525086,3.0017750487,120.557,224.358,384.7457,2.1088
1.0055308055482319,-0.0000000000000000,0.0000000000000000,0.0000000000007630,-0.0103202543261526,0.0000000000000000,4.0492642140468229,3.0017748664,120.677,224.422,383.2962,2.1057
1.0055340746545935,-0.0000000000000003,0.0000000000000000,0.0000000000003024,-0.0103320901263867,0.0000000000000000,4.0532107023411372,3.0017746848,120.797,224.487,381.8571,2.1027
1.0055373464126454,-0.0000000000000003,0.0000000000000000,0.0000000000002558,-0.0103438866410701,0.0000000000000000,4.0571571906354515,3.0017745039,120.917,224.551,380.4283,2.0996
1.0055406208394422,-0.0000000000000003,0.0000000000000000,0.0000000000000158,-0.0103556442749006,0.0000000000000000,4.0611036789297659,3.0017743237,121.035,224.615,379.0098,2.0964
1.0055438979526368,-0.0000000000000000,0.0000000000000000,0.0000000000005750,-0.0103673634287982,0.0000000000000000,4.0650501672240802,3.0017741442,121.154,224.679,377.6014,2.0932
1.0055471777680884,-0.0000000000000003,0.0000000000000000,0.0000000000000749,-0.0103790444973874,0.0000000000000000,4.0689966555183945,3.0017739654,121.271,224.742,376.2031,2.0900
1.0055504603031875,-0.0000000000000000,0.0000000000000000,0.0000000000001483,-0.0103906878726767,0.0000000000000000,4.0729431438127088,3.0017737873,121.388,224.806,374.8147,2.0868
1.0055537455743750,-0.0000000000000000,0.0000000000000000,0.0000000000010569,-0.0104022939414266,0.0000000000000000,4.0768896321070232,3.0017736098,121.505,224.868,373.4361,2.0835
1.0055570335964836,-0.0000000000000000,0.0000000000000000,0.0000000000004483,-0.0104138630845852,0.0000000000000000,4.0808361204013375,3.0017734330,121.621,224.931,372.0674,2.0802
1.0055603243864071,-0.0000000000000003,0.0000000000000000,0.0000000000006249,-0.0104253956810882,0.0000000000000000,4.0847826086956518,3.0017732568,121.736,224.994,370.7082,2.0768
1.0055636179590417,-0.0000000000000003,0.0000000000000000,0.0000000000003073,-0.0104368921038348,0.0000000000000000,4.0887290969899670,3.0017730813,121.851,225.056,369.3587,2.0734
1.0055669143298471,-0.0000000000000000,0.0000000000000000,-0.0000000000001048,-0.0104483527222668,0.0000000000000000,4.0926755852842813,3.0017729065,121.966,225.118,368.0186,2.0700
1.0055702135141540,-0.0000000000000003,0.0000000000000000,-0.0000000000000028,-0.0104597779018316,0.0000000000000000,4.0966220735785956,3.0017727323,122.079,225.179,366.6879,2.0666
1.0055735155263330,-0.0000000000000003,0.0000000000000000,-0.0000000000002876,-0.0104711680030327,0.0000000000000000,4.1005685618729100,3.0017725587,122.193,225.241,365.3664,2.0631
1.0055768203813431,-0.0000000000000003,0.0000000000000000,-0.0000000000000728,-0.0104825233831067,0.0000000000000000,4.1045150501672243,3.0017723858,122.306,225.302,364.0542,2.0596
1.0055801280932735,-0.0000000000000003,0.0000000000000000,-0.0000000000001246,-0.0104938443952158,0.0000000000000000,4.1084615384615386,3.0017722135,122.418,225.363,362.7511,2.0560
1.0055834386764968,-0.0000000000000003,0.0000000000000000,0.0000000000003422,-0.0105051313881483,0.0000000000000000,4.1124080267558529,3.0017720418,122.530,225.424,361.4570,2.0524
1.0055867521444295,-0.0000000000000000,0.0000000000000000,0.0000000000001913,-0.0105163847067166,0.0000000000000000,4.1163545150501673,3.0017718708,122.641,225.484,360.1719,2.0488
1.0055900685108832,-0.0000000000000000,0.0000000000000000,-0.0000000000002923,-0.0105276046923756,0.0000000000000000,4.1203010033444816,3.0017717004,122.752,225.545,358.8957,2.0451
1.0055933877899639,-0.0000000000000003,0.0000000000000000,-0.0000000000000065,-0.0105387916834044,0.0000000000000000,4.1242474916387959,3.0017715306,122.862,225.605,357.6282,2.0414
1.0055967099944347,-0.0000000000000000,0.0000000000000000,0.0000000000000685,-0.0105499460130747,0.0000000000000000,4.1281939799331102,3.0017713614,122.972,225.664,356.3694,2.0377
1.0056000351375123,-0.0000000000000003,0.0000000000000000,0.0000000000000624,-0.0105610680118041,0.0000000000000000,4.1321404682274245,3.0017711928,123.081,225.724,355.1192,2.0339
1.0056033632322101,-0.0000000000000000,0.0000000000000000,0.0000000000002694,-0.0105721580062823,0.0000000000000000,4.1360869565217389,3.0017710248,123.190,225.783,353.8776,2.0301
1.0056066942909530,-0.0000000000000000,0.0000000000000000,-0.0000000000000236,-0.0105832163193783,0.0000000000000000,4.1400334448160532,3.0017708574,123.298,225.842,352.6444,2.0263
1.0056100283270244,-0.0000000000000003,0.0000000000000000,0.0000000000006373,-0.0105942432714560,0.0000000000000000,4.1439799331103675,3.0017706906,123.406,225.901,351.4196,2.0224
1.0056133653515029,-0.0000000000000003,0.0000000000000000,-0.0000000000001763,-0.0106052391772203,0.0000000000000000,4.1479264214046818,3.0017705244,123.513,225.960,350.2031,2.0185
1.0056167053780369,-0.0000000000000000,0.0000000000000000,0.0000000000001336,-0.0106162043513492,0.0000000000000000,4.1518729096989961,3.0017703588,123.620,226.018,348.9948,2.0146
1.0056200484176991,-0.0000000000000000,0.0000000000000000,-0.0000000000000875,-0.0106271391017774,0.0000000000000000,4.1558193979933113,3.0017701938,123.727,226.077,347.7947,2.0106
1.0056233944827979,-0.0000000000000003,0.0000000000000000,-0.0000000000001281,-0.0106380437356206,0.0000000000000000,4.1597658862876257,3.0017700293,123.832,226.135,346.6027,2.0066
1.0056267435850084,-0.0000000000000000,0.0000000000000000,-0.0000000000001393,-0.0106489185556765,0.0000000000000000,4.1637123745819400,3.0017698654,123.938,226.192,345.4186,2.0025
1.0056300957356561,-0.0000000000000003,0.0000000000000000,-0.0000000000004315,-0.0106597638612743,0.0000000000000000,4.1676588628762543,3.0017697021,124.043,226.250,344.2425,1.9984
1.0056334509466003,-0.0000000000000000,0.0000000000000000,-0.0000000000000727,-0.0106705799493911,0.0000000000000000,4.1716053511705686,3.0017695393,124.148,226.307,343.0743,1.9943
1.0056368092289858,-0.0000000000000003,0.0000000000000000,0.0000000000005360,-0.0106813671137199,0.0000000000000000,4.1755518394648830,3.0017693771,124.252,226.364,341.9138,1.9902
1.0056401705933395,-0.0000000000000003,0.0000000000000000,0.0000000000003613,-0.0106921256436655,0.0000000000000000,4.1794983277591973,3.0017692155,124.355,226.421,340.7611,1.9860
1.0056435350509865,-0.0000000000000000,0.0000000000000000,0.0000000000002262,-0.0107028558273542,0.0000000000000000,4.1834448160535116,3.0017690544,124.459,226.478,339.6160,1.9817
1.0056469026126795,-0.0000000000000003,0.0000000000000000,-0.0000000000002097,-0.0107135579488640,0.0000000000000000,4.1873913043478259,3.0017688939,124.561,226.535,338.4785,1.9775
1.0056502732896495,-0.0000000000000003,0.0000000000000000,0.0000000000001709,-0.0107242322902248,0.0000000000000000,4.1913377926421402,3.0017687339,124.664,226.591,337.3485,1.9732
1.0056536470919686,-0.0000000000000000,0.0000000000000000,0.0000000000003510,-0.0107348791298194,0.0000000000000000,4.1952842809364554,3.0017685745,124.766,226.647,336.2259,1.9689
1.0056570240294409,-0.0000000000000003,0.0000000000000000,-0.0000000000005676,-0.0107454987422170,0.0000000000000000,4.1992307692307698,3.0017684156,124.867,226.703,335.1107,1.9645
1.0056604041142321,-0.0000000000000000,0.0000000000000000,0.0000000000002887,-0.0107560914028470,0.0000000000000000,4.2031772575250841,3.0017682572,124.968,226.759,334.0029,1.9601
1.0056637873547318,-0.0000000000000003,0.0000000000000000,0.0000000000001073,-0.0107666573794763,0.0000000000000000,4.2071237458193984,3.0017680993,125.069,226.814,332.9023,1.9557
1.0056671737618710,-0.0000000000000000,0.0000000000000000,0.0000000000003894,-0.0107771969405733,0.0000000000000000,4.2110702341137127,3.0017679420,125.169,226.869,331.8089,1.9512
1.0056705633451544,-0.0000000000000000,0.0000000000000000,0.0000000000000816,-0.0107877103503788,0.0000000000000000,4.2150167224080271,3.0017677852,125.269,226.925,330.7226,1.9467
1.0056739561146526,-0.0000000000000000,0.0000000000000000,0.0000000000000410,-0.0107981978711702,0.0000000000000000,4.2189632107023414,3.0017676290,125.369,226.979,329.6433,1.9422
1.0056773520802089,-0.0000000000000000,0.0000000000000000,0.0000000000001062,-0.0108086597624698,0.0000000000000000,4.2229096989966557,3.0017674732,125.468,227.034,328.5711,1.9376
1.0056807512510468,-0.0000000000000003,0.0000000000000000,-0.0000000000003236,-0.0108190962805844,0.0000000000000000,4.2268561872909700,3.0017673180,125.566,227.089,327.5058,1.9330
1.0056841536371806,-0.0000000000000000,0.0000000000000000,-0.0000000000003412,-0.0108295076804482,0.0000000000000000,4.2308026755852843,3.0017671632,125.665,227.143,326.4474,1.9283
1.0056875592476437,-0.0000000000000000,0.0000000000000000,-0.0000000000006858,-0.0108398942131536,0.0000000000000000,4.2347491638795987,3.0017670090,125.762,227.197,325.3958,1.9236
1.0056909680924295,-0.0000000000000003,0.0000000000000000,0.0000000000001148,-0.0108502561289674,0.0000000000000000,4.2386956521739130,3.0017668553,125.860,227.251,324.3510,1.9189
1.0056943801797440,-0.0000000000000000,0.0000000000000000,-0.0000000000001166,-0.0108605936735662,0.0000000000000000,4.2426421404682273,3.0017667021,125.957,227.305,323.3129,1.9142
1.0056977955190260,-0.0000000000000003,0.0000000000000000,-0.0000000000005732,-0.0108709070917070,0.0000000000000000,4.2465886287625416,3.0017665493,126.053,227.358,322.2814,1.9094
1.0057012141200257,-0.0000000000000000,0.0000000000000000,-0.0000000000000580,-0.0108811966260089,0.0000000000000000,4.2505351170568559,3.0017663971,126.150,227.412,321.2565,1.9046
1.0057046359905999,-0.0000000000000003,0.0000000000000000,-0.0000000000004072,-0.0108914625148591,0.0000000000000000,4.2544816053511703,3.0017662454,126.246,227.465,320.2382,1.8997
1.0057080611400810,-0.0000000000000003,0.0000000000000000,-0.0000000000005226,-0.0109017049960225,0.0000000000000000,4.2584280936454846,3.0017660941,126.341,227.518,319.2263,1.8948
1.0057114895777537,-0.0000000000000000,0.0000000000000000,-0.0000000000003099,-0.0109119243056512,0.0000000000000000,4.2623745819397989,3.0017659433,126.436,227.571,318.2209,1.8899
1.0057149213116920,-0.0000000000000003,0.0000000000000000,-0.0000000000000148,-0.0109221206752518,0.0000000000000000,4.2663210702341141,3.0017657930,126.531,227.624,317.2218,1.8849
1.0057183563502423,-0.0000000000000003,0.0000000000000000,-0.0000000000003944,-0.0109322943352451,0.0000000000000000,4.2702675585284284,3.0017656432,126.625,227.676,316.2291,1.8799
1.0057217947023711,-0.0000000000000003,0.0000000000000000,-0.0000000000007599,-0.0109424455144205,0.0000000000000000,4.2742140468227428,3.0017654939,126.719,227.728,315.2426,1.8749
1.0057252363767404,-0.0000000000000003,0.0000000000000000,-0.0000000000004456,-0.0109525744394057,0.0000000000000000,4.2781605351170571,3.0017653450,126.813,227.780,314.2623,1.8698
1.0057286813813693,-0.0000000000000003,0.0000000000000000,-0.0000000000003071,-0.0109626813334996,0.0000000000000000,4.2821070234113714,3.0017651966,126.906,227.832,313.2881,1.8647
1.0057321297245321,-0.0000000000000000,0.0000000000000000,-0.0000000000003384,-0.0109727664185170,0.0000000000000000,4.2860535117056857,3.0017650486,126.999,227.884,312.3201,1.8595
1.0057355814145363,-0.0000000000000000,0.0000000000000000,-0.0000000000004722,-0.0109828299148088,0.0000000000000000,4.2900000000000000,3.0017649012,127.092,227.936,311.3582,1.8544
