x0_n,y0_n,z0_n,xd0_n,yd0_n,zd0_n,Tp,JC,L2ExcessVelocity_mps,landingVelocity_mps,stabilityIndex1,stabilityIndex2...,error_tol=1e-13
1.0038109764013772,0.0000000000000000,0.0000000000000119,-0.0000000000000073,-0.0003919539546774,0.0045775472489920,3.2400000000000002,3.0001213252,57.605,195.710,1960.8698,1.8578
1.0037946562608728,0.0000000000000000,-0.0000000000000078,0.0000000000000049,-0.0004307609088652,0.0047827986749701,3.2492307692307696,3.0001194299,60.171,196.480,1907.5918,1.8492
1.0037787282140462,-0.0000000000000000,0.0000000000008534,0.0000000000008438,-0.0004692534611570,-0.0049754912480085,3.2584615384615385,3.0001175765,62.579,197.231,1856.6238,1.8409
1.0037631795744701,-0.0000000000000000,0.0000000000000252,-0.0000000000000161,-0.0005074382460953,0.0051571680081202,3.2676923076923079,3.0001157634,64.849,197.963,1807.8355,1.8326
1.0037479982228283,-0.0000000000000000,0.0000000000013055,0.0000000000013896,-0.0005453215841904,-0.0053290802651007,3.2769230769230773,3.0001139891,66.995,198.676,1761.1054,1.8246
1.0037331725719114,-0.0000000000000000,0.0000000000000044,0.0000000000000020,-0.0005829094983261,-0.0054922602263371,3.2861538461538462,3.0001122520,69.032,199.372,1716.3204,1.8167
1.0037186915395235,-0.0000000000000000,-0.0000000000018695,0.0000000000021549,-0.0006202077342283,0.0056475717776182,3.2953846153846156,3.0001105509,70.970,200.052,1673.3752,1.8090
1.0037045445163078,0.0000000000000000,0.0000000000000112,0.0000000000000071,-0.0006572217728056,-0.0057957469807669,3.3046153846153850,3.0001088843,72.818,200.715,1632.1711,1.8015
1.0036907213441622,-0.0000000000000000,-0.0000000000013894,0.0000000000016804,-0.0006939568497852,0.0059374129153112,3.3138461538461539,3.0001072512,74.585,201.363,1592.6164,1.7941
1.0036772122871092,-0.0000000000000000,-0.0000000000013919,0.0000000000017448,-0.0007304179654225,0.0060731118354615,3.3230769230769233,3.0001056502,76.277,201.996,1554.6249,1.7869
1.0036640080113568,-0.0000000000000000,-0.0000000000000101,0.0000000000000074,-0.0007666099001416,0.0062033165685648,3.3323076923076926,3.0001040803,77.901,202.614,1518.1161,1.7799
1.0036510995638646,-0.0000000000000000,0.0000000000011224,0.0000000000014718,-0.0008025372272647,-0.0063284424723300,3.3415384615384616,3.0001025403,79.462,203.220,1483.0148,1.7730
1.0036384783498427,-0.0000000000000000,0.0000000000000014,0.0000000000000009,-0.0008382043216626,-0.0064488568483930,3.3507692307692309,3.0001010292,80.964,203.812,1449.2501,1.7663
1.0036261361175614,-0.0000000000000000,-0.0000000000009630,0.0000000000013029,-0.0008736153738934,0.0065648864441465,3.3600000000000003,3.0000995461,82.412,204.391,1416.7559,1.7597
1.0036140649372767,-0.0000000000000000,-0.0000000000000056,0.0000000000000030,-0.0009087743970628,0.0066768235051792,3.3692307692307693,3.0000980900,83.809,204.958,1385.4697,1.7534
1.0036022571880499,-0.0000000000000000,0.0000000000006442,0.0000000000009083,-0.0009436852390598,-0.0067849307010068,3.3784615384615386,3.0000966600,85.159,205.514,1355.3333,1.7472
1.0035907055395827,-0.0000000000000000,0.0000000000007831,0.0000000000011294,-0.0009783515890246,-0.0068894451789075,3.3876923076923080,3.0000952552,86.464,206.058,1326.2914,1.7411
1.0035794029392122,0.0000000000000000,-0.0000000000000040,-0.0000000000000038,-0.0010127769867366,-0.0069905819223788,3.3969230769230769,3.0000938748,87.728,206.592,1298.2925,1.7353
1.0035683425986948,-0.0000000000000000,-0.0000000000009646,0.0000000000014669,-0.0010469648309510,0.0070885365585578,3.4061538461538463,3.0000925181,88.953,207.115,1271.2876,1.7295
1.0035575179792766,-0.0000000000000000,-0.0000000000000011,-0.0000000000000021,-0.0010809183846981,-0.0071834877230384,3.4153846153846157,3.0000911841,90.141,207.628,1245.2310,1.7240
1.0035469227827560,-0.0000000000000000,-0.0000000000011126,0.0000000000017221,-0.0011146407848291,0.0072755990598047,3.4246153846153846,3.0000898723,91.294,208.131,1220.0793,1.7186
1.0035365509368399,-0.0000000000000000,-0.0000000000014624,0.0000000000021786,-0.0011481350453290,0.0073650209300771,3.4338461538461540,3.0000885819,92.414,208.625,1195.7917,1.7134
1.0035263965865167,-0.0000000000000000,-0.0000000000000006,-0.0000000000000004,-0.0011814040659830,-0.0074518918765933,3.4430769230769234,3.0000873123,93.503,209.110,1172.3294,1.7084
1.0035164540846873,-0.0000000000000000,-0.0000000000009214,0.0000000000014898,-0.0012144506376648,0.0075363398807555,3.4523076923076923,3.0000860628,94.563,209.586,1149.6562,1.7035
1.0035067179797317,-0.0000000000000000,-0.0000000000012994,0.0000000000018721,-0.0012472774457944,0.0076184834604756,3.4615384615384617,3.0000848327,95.594,210.053,1127.7375,1.6988
1.0034971830087536,-0.0000000000000000,-0.0000000000000075,0.0000000000000086,-0.0012798870772800,0.0076984326192352,3.4707692307692311,3.0000836216,96.600,210.512,1106.5408,1.6943
1.0034878440898132,-0.0000000000000000,0.0000000000011180,0.0000000000016863,-0.0013122820256249,-0.0077762896740026,3.4800000000000000,3.0000824287,97.579,210.964,1086.0351,1.6899
1.0034786963105740,-0.0000000000000000,0.0000000000000062,0.0000000000000063,-0.0013444646930923,-0.0078521499906121,3.4892307692307694,3.0000812536,98.535,211.407,1066.1914,1.6857
1.0034697349247628,0.0000000000000000,-0.0000000000000055,-0.0000000000000056,-0.0013764373976780,-0.0079261026197527,3.4984615384615387,3.0000800958,99.467,211.844,1046.9818,1.6817
1.0034609553421050,-0.0000000000000000,-0.0000000000006142,0.0000000000010106,-0.0014082023752706,0.0079982308691957,3.5076923076923077,3.0000789547,100.378,212.273,1028.3801,1.6778
1.0034523531222397,-0.0000000000000000,-0.0000000000003045,0.0000000000004951,-0.0014397617840410,0.0080686128070573,3.5169230769230770,3.0000778298,101.268,212.695,1010.3615,1.6741
1.0034439239691177,-0.0000000000000000,0.0000000000000035,-0.0000000000000045,-0.0014711177083644,0.0081373217082380,3.5261538461538464,3.0000767206,102.137,213.110,992.9023,1.6706
1.0034356637242294,-0.0000000000000000,0.0000000000005542,0.0000000000010474,-0.0015022721618252,-0.0082044264554990,3.5353846153846158,3.0000756268,102.988,213.519,975.9801,1.6672
1.0034275683603169,-0.0000000000000000,0.0000000000006543,0.0000000000011919,-0.0015332270901873,-0.0082699918994177,3.5446153846153847,3.0000745478,103.820,213.922,959.5735,1.6641
1.0034196339767361,-0.0000000000000000,-0.0000000000000037,-0.0000000000000037,-0.0015639843750968,-0.0083340791779658,3.5538461538461541,3.0000734833,104.634,214.318,943.6622,1.6611
1.0034118567943917,-0.0000000000000000,-0.0000000000002801,0.0000000000005462,-0.0015945458367627,0.0083967460060866,3.5630769230769230,3.0000724327,105.432,214.709,928.2271,1.6582
1.0034042331496964,-0.0000000000000000,-0.0000000000006015,0.0000000000010330,-0.0016249132363917,0.0084580469380062,3.5723076923076924,3.0000713958,106.213,215.094,913.2497,1.6555
1.0033967594903188,0.0000000000000000,0.0000000000000053,-0.0000000000000046,-0.0016550882784420,0.0085180336037510,3.5815384615384618,3.0000703722,106.979,215.473,898.7126,1.6530
1.0033894323716985,0.0000000000000000,0.0000000000000024,-0.0000000000000073,-0.0016850726146314,0.0085767549203755,3.5907692307692312,3.0000693614,107.730,215.846,884.5992,1.6507
1.0033822484513892,-0.0000000000000000,0.0000000000005040,0.0000000000010609,-0.0017148678445395,-0.0086342572894436,3.6000000000000001,3.0000683631,108.466,216.215,870.8936,1.6486
1.0033752044852575,-0.0000000000000000,0.0000000000001540,0.0000000000003373,-0.0017444755185191,-0.0086905847737955,3.6092307692307695,3.0000673770,109.189,216.578,857.5807,1.6466
1.0033682973245299,-0.0000000000000000,0.0000000000000010,0.0000000000000015,-0.0017738971397997,-0.0087457792562800,3.6184615384615388,3.0000664027,109.898,216.937,844.6462,1.6448
1.0033615239113265,-0.0000000000000000,-0.0000000000002703,0.0000000000005850,-0.0018031341668883,0.0087998805900726,3.6276923076923078,3.0000654399,110.595,217.290,832.0762,1.6432
1.0033548812750113,-0.0000000000000000,-0.0000000000003025,0.0000000000006485,-0.0018321880143561,0.0088529267326884,3.6369230769230771,3.0000644883,111.279,217.639,819.8577,1.6417
1.0033483665293608,-0.0000000000000000,-0.0000000000000100,-0.0000000000000130,-0.0018610600557268,-0.0089049538694073,3.6461538461538465,3.0000635476,111.951,217.984,807.9782,1.6404
1.0033419768693776,-0.0000000000000000,0.0000000000000036,0.0000000000000056,-0.0018897516248710,-0.0089559965272075,3.6553846153846155,3.0000626175,112.611,218.324,796.4256,1.6393
1.0033357095678319,-0.0000000000000000,-0.0000000000002587,0.0000000000005711,-0.0019182640174004,0.0090060876794327,3.6646153846153848,3.0000616977,113.261,218.659,785.1886,1.6384
1.0033295619724307,-0.0000000000000000,-0.0000000000003061,0.0000000000006398,-0.0019465984922036,0.0090552588421847,3.6738461538461542,3.0000607879,113.899,218.991,774.2562,1.6377
1.0033235315032942,0.0000000000000000,0.0000000000000027,-0.0000000000000030,-0.0019747562731799,0.0091035401630026,3.6830769230769231,3.0000598879,114.528,219.318,763.6179,1.6371
1.0033176156503751,0.0000000000000000,-0.0000000000000133,0.0000000000000228,-0.0020027385507827,0.0091509605028356,3.6923076923076925,3.0000589974,115.146,219.642,753.2639,1.6367
1.0033118119705275,-0.0000000000000000,0.0000000000001825,0.0000000000004464,-0.0020305464828368,-0.0091975475124573,3.7015384615384619,3.0000581161,115.755,219.962,743.1844,1.6366
1.0033061180852800,-0.0000000000000000,0.0000000000004445,0.0000000000009614,-0.0020581811961044,-0.0092433277027183,3.7107692307692308,3.0000572439,116.354,220.278,733.3704,1.6365
1.0033005316783066,0.0000000000000000,0.0000000000000023,0.0000000000000031,-0.0020856437873357,-0.0092883265098142,3.7200000000000002,3.0000563804,116.944,220.590,723.8130,1.6367
1.0032950504940228,-0.0000000000000000,-0.0000000000000080,-0.0000000000000203,-0.0021129353250625,-0.0093325683555303,3.7292307692307696,3.0000555254,117.526,220.899,714.5039,1.6371
1.0032896723343292,-0.0000000000000000,-0.0000000000000928,0.0000000000002291,-0.0021400568495353,0.0093760767044699,3.7384615384615385,3.0000546787,118.099,221.204,705.4350,1.6376
1.0032843950573553,-0.0000000000000000,-0.0000000000001793,0.0000000000004038,-0.0021670093751564,0.0094188741158586,3.7476923076923079,3.0000538401,118.664,221.506,696.5985,1.6383
1.0032792165749451,-0.0000000000000000,0.0000000000000087,-0.0000000000000115,-0.0021937938896094,0.0094609822924606,3.7569230769230773,3.0000530094,119.221,221.805,687.9871,1.6393
1.0032741348515706,-0.0000000000000000,0.0000000000000012,-0.0000000000000006,-0.0022204113573201,0.0095024221271449,3.7661538461538462,3.0000521864,119.770,222.101,679.5937,1.6404
1.0032691479018294,-0.0000000000000000,0.0000000000000113,0.0000000000002224,-0.0022468627184481,-0.0095432137446276,3.7753846153846156,3.0000513708,120.312,222.394,671.4114,1.6417
1.0032642537887881,-0.0000000000000000,0.0000000000001451,0.0000000000003717,-0.0022731488892604,-0.0095833765404768,3.7846153846153845,3.0000505625,120.846,222.683,663.4337,1.6432
1.0032594506227939,-0.0000000000000000,0.0000000000000063,-0.0000000000000068,-0.0022992707657057,0.0096229292214430,3.7938461538461539,3.0000497612,121.374,222.970,655.6542,1.6448
1.0032547365595803,-0.0000000000000000,0.0000000000000117,-0.0000000000000170,-0.0023252292214995,0.0096618898369869,3.8030769230769232,3.0000489669,121.895,223.254,648.0670,1.6467
1.0032501097987532,-0.0000000000000000,0.0000000000001560,0.0000000000003913,-0.0023510251101854,-0.0097002758139896,3.8123076923076926,3.0000481792,122.409,223.535,640.6663,1.6488
1.0032455685823320,-0.0000000000000000,0.0000000000003320,0.0000000000007999,-0.0023766592652988,-0.0097381039869678,3.8215384615384620,3.0000473981,122.917,223.813,633.4464,1.6511
1.0032411111931372,-0.0000000000000000,0.0000000000002470,0.0000000000005987,-0.0024021325008693,-0.0097753906270983,3.8307692307692309,3.0000466234,123.418,224.089,626.4020,1.6535
1.0032367359541665,-0.0000000000000000,0.0000000000000013,0.0000000000000007,-0.0024274456135856,-0.0098121514691618,3.8400000000000003,3.0000458548,123.914,224.363,619.5280,1.6562
1.0032324412266465,-0.0000000000000000,-0.0000000000000019,-0.0000000000000023,-0.0024525993815643,-0.0098484017371425,3.8492307692307692,3.0000450923,124.404,224.634,612.8193,1.6591
1.0032282254089153,-0.0000000000000000,0.0000000000001506,-0.0000000000000051,-0.0024775945661986,0.0098841561687093,3.8584615384615386,3.0000443356,124.888,224.902,606.2712,1.6621
1.0032240869350586,-0.0000000000000000,0.0000000000004966,-0.0000000000005788,-0.0025024319110292,0.0099194290366030,3.8676923076923080,3.0000435846,125.366,225.168,599.8792,1.6654
1.0032200242745948,-0.0000000000000000,-0.0000000000000022,0.0000000000000046,-0.0025271121447981,0.0099542341714594,3.8769230769230774,3.0000428392,125.840,225.432,593.6387,1.6689
1.0032160359300630,0.0000000000000000,-0.0000000000000020,0.0000000000000043,-0.0025516359803599,0.0099885849820980,3.8861538461538463,3.0000420992,126.308,225.694,587.5455,1.6726
1.0032121204370326,-0.0000000000000000,0.0000000000000035,-0.0000000000000051,-0.0025760041151252,0.0100224944729854,3.8953846153846157,3.0000413645,126.771,225.953,581.5956,1.6765
1.0032082763625423,-0.0000000000000000,-0.0000000000003475,-0.0000000000003141,-0.0026002172322004,-0.0100559752638465,3.9046153846153846,3.0000406348,127.229,226.210,575.7849,1.6806
1.0032045023045060,-0.0000000000000000,0.0000000000001500,0.0000000000003856,-0.0026242759998037,-0.0100890396046264,3.9138461538461540,3.0000399102,127.682,226.466,570.1097,1.6849
1.0032007968900685,-0.0000000000000000,0.0000000000000043,-0.0000000000000060,-0.0026481810735205,0.0101216993950520,3.9230769230769234,3.0000391904,128.131,226.719,564.5663,1.6894
1.0031971587755146,-0.0000000000000000,0.0000000000000024,-0.0000000000000053,-0.0026719330947558,0.0101539661966800,3.9323076923076923,3.0000384753,128.575,226.970,559.1511,1.6941
1.0031935866447648,-0.0000000000000000,-0.0000000000004800,-0.0000000000006450,-0.0026955326925267,-0.0101858512488358,3.9415384615384617,3.0000377648,129.015,227.220,553.8607,1.6991
1.0031900792092672,-0.0000000000000000,0.0000000000002398,0.0000000000005669,-0.0027189804827714,-0.0102173654816533,3.9507692307692310,3.0000370587,129.451,227.467,548.6918,1.7043
1.0031866352054595,-0.0000000000000000,-0.0000000000003705,-0.0000000000004381,-0.0027422770691911,-0.0102485195307504,3.9600000000000000,3.0000363569,129.882,227.713,543.6413,1.7096
1.0031832533967013,-0.0000000000000000,0.0000000000000026,0.0000000000000041,-0.0027654230441727,-0.0102793237469182,3.9692307692307693,3.0000356594,130.310,227.957,538.7061,1.7153
1.0031799325698727,-0.0000000000000000,-0.0000000000000001,0.0000000000000000,-0.0027884189882340,-0.0103097882104874,3.9784615384615387,3.0000349659,130.734,228.200,533.8831,1.7211
1.0031766715361154,-0.0000000000000000,0.0000000000003049,-0.0000000000005164,-0.0028112654707164,0.0103399227411567,3.9876923076923081,3.0000342764,131.153,228.441,529.1697,1.7272
1.0031734691298424,-0.0000000000000001,0.0000000000003821,-0.0000000000005250,-0.0028339630496799,0.0103697369083090,3.9969230769230770,3.0000335907,131.570,228.680,524.5629,1.7334
1.0031703242079113,-0.0000000000000001,0.0000000000001257,-0.0000000000002069,-0.0028565122730370,0.0103992400422198,4.0061538461538460,3.0000329088,131.982,228.918,520.0602,1.7400
1.0031672356487511,-0.0000000000000000,0.0000000000000010,-0.0000000000000010,-0.0028789136779540,0.0104284412431803,4.0153846153846153,3.0000322305,132.392,229.154,515.6589,1.7467
1.0031642023521647,-0.0000000000000000,0.0000000000000039,-0.0000000000000046,-0.0029011677917919,0.0104573493909631,4.0246153846153847,3.0000315557,132.797,229.389,511.3566,1.7537
1.0031612232385738,-0.0000000000000000,0.0000000000002381,0.0000000000005448,-0.0029232751318742,-0.0104859731530516,4.0338461538461541,3.0000308843,133.200,229.622,507.1509,1.7609
1.0031582972479427,-0.0000000000000001,0.0000000000000802,0.0000000000002218,-0.0029452362054459,-0.0105143209931834,4.0430769230769235,3.0000302161,133.599,229.854,503.0394,1.7683
1.0031554233400484,-0.0000000000000000,-0.0000000000001713,-0.0000000000000921,-0.0029670515109891,-0.0105424011795427,4.0523076923076928,3.0000295512,133.996,230.084,499.0199,1.7760
1.0031526004933256,-0.0000000000000000,0.0000000000000075,-0.0000000000000115,-0.0029887215372091,0.0105702217928712,4.0615384615384613,3.0000288894,134.389,230.314,495.0902,1.7839
1.0031498277043407,0.0000000000000000,-0.0000000000000032,0.0000000000000042,-0.0030102467645287,0.0105977907326209,4.0707692307692307,3.0000282305,134.779,230.542,491.2482,1.7921
1.0031471039874715,-0.0000000000000000,-0.0000000000000005,-0.0000000000000001,-0.0030316276640651,0.0106251157247495,4.0800000000000001,3.0000275745,135.167,230.768,487.4919,1.8005
1.0031444283742261,-0.0000000000000000,0.0000000000001443,0.0000000000003030,-0.0030528646979890,-0.0106522043285882,4.0892307692307694,3.0000269214,135.552,230.994,483.8194,1.8092
1.0031417999126893,-0.0000000000000000,-0.0000000000000633,0.0000000000001358,-0.0030739583203083,-0.0106790639422606,4.0984615384615388,3.0000262709,135.934,231.218,480.2286,1.8181
1.0031392176682230,-0.0000000000000000,-0.0000000000000135,-0.0000000000000182,-0.0030949089801013,-0.0107057018079861,4.1076923076923082,3.0000256230,136.313,231.442,476.7178,1.8273
1.0031366807189623,0.0000000000000000,-0.0000000000000017,-0.0000000000000026,-0.0031157171056530,-0.0107321250260503,4.1169230769230776,3.0000249776,136.690,231.664,473.2852,1.8367
1.0031341881623648,0.0000000000000000,-0.0000000000000019,-0.0000000000000018,-0.0031363831356787,-0.0107583405443071,4.1261538461538461,3.0000243346,137.065,231.885,469.9291,1.8463
1.0031317391083256,-0.0000000000000001,-0.0000000000001779,0.0000000000003644,-0.0031569074893762,0.0107843551790065,4.1353846153846154,3.0000236939,137.437,232.105,466.6478,1.8563
1.0031293326813888,-0.0000000000000000,-0.0000000000001545,0.0000000000003241,-0.0031772905799557,0.0108101756127345,4.1446153846153848,3.0000230555,137.807,232.325,463.4396,1.8664
1.0031269680204764,-0.0000000000000000,0.0000000000000802,0.0000000000000750,-0.0031975328143176,0.0108358084007223,4.1538461538461542,3.0000224192,138.175,232.543,460.3031,1.8769
1.0031246442781467,-0.0000000000000000,-0.0000000000000014,-0.0000000000000009,-0.0032176345910277,-0.0108612599753343,4.1630769230769236,3.0000217850,138.540,232.760,457.2366,1.8876
1.0031223606200543,-0.0000000000000000,-0.0000000000000003,-0.0000000000000007,-0.0032375963021280,-0.0108865366516691,4.1723076923076921,3.0000211527,138.904,232.977,454.2388,1.8986
1.0031201162247478,0.0000000000000000,-0.0000000000000080,-0.0000000000000117,-0.0032574183317613,-0.0109116446307646,4.1815384615384614,3.0000205223,139.265,233.193,451.3082,1.9098
1.0031179102833676,-0.0000000000000000,-0.0000000000001357,0.0000000000003014,-0.0032771010573668,0.0109365900046203,4.1907692307692308,3.0000198937,139.625,233.407,448.4434,1.9214
1.0031157419989070,-0.0000000000000001,-0.0000000000000359,0.0000000000001846,-0.0032966448487286,0.0109613787601551,4.2000000000000002,3.0000192668,139.982,233.621,445.6431,1.9332
1.0031136105863268,-0.0000000000000000,0.0000000000000022,-0.0000000000000028,-0.0033160500685652,0.0109860167829420,4.2092307692307696,3.0000186415,140.338,233.835,442.9060,1.9452
1.0031115152722831,-0.0000000000000000,0.0000000000000053,-0.0000000000000095,-0.0033353170743136,0.0110105098615694,4.2184615384615389,3.0000180177,140.692,234.047,440.2309,1.9576
1.0031094552941278,-0.0000000000000000,0.0000000000000047,-0.0000000000000064,-0.0033544462146487,0.0110348636910479,4.2276923076923083,3.0000173955,141.044,234.259,437.6164,1.9702
1.0031074299000826,-0.0000000000000001,0.0000000000000703,0.0000000000003797,-0.0033734378317063,-0.0110590838768395,4.2369230769230768,3.0000167746,141.395,234.471,435.0615,1.9831
1.0031054383492419,-0.0000000000000000,0.0000000000001215,0.0000000000002674,-0.0033922922627973,-0.0110831759358843,4.2461538461538462,3.0000161550,141.744,234.681,432.5650,1.9964
1.0031034799102754,-0.0000000000000000,-0.0000000000000155,0.0000000000001733,-0.0034110098361658,-0.0111071453046171,4.2553846153846155,3.0000155366,142.091,234.891,430.1257,2.0099
1.0031015538621786,-0.0000000000000000,0.0000000000000018,-0.0000000000000026,-0.0034295908744461,0.0111309973375745,4.2646153846153849,3.0000149194,142.437,235.101,427.7427,2.0236
1.0030996594938377,-0.0000000000000000,0.0000000000000027,-0.0000000000000016,-0.0034480356961145,0.0111547373125987,4.2738461538461543,3.0000143032,142.782,235.310,425.4149,2.0377
1.0030977961028578,-0.0000000000000000,0.0000000000000042,-0.0000000000000093,-0.0034663446099592,0.0111783704344213,4.2830769230769228,3.0000136880,143.125,235.518,423.1412,2.0521
1.0030959629959415,-0.0000000000000000,0.0000000000001088,0.0000000000002371,-0.0034845179185746,-0.0112019018371988,4.2923076923076922,3.0000130737,143.467,235.726,420.9207,2.0668
1.0030941594888230,-0.0000000000000001,0.0000000000001059,0.0000000000002014,-0.0035025559196003,-0.0112253365858807,4.3015384615384615,3.0000124603,143.807,235.933,418.7524,2.0818
1.0030923849058002,-0.0000000000000001,0.0000000000001188,0.0000000000002384,-0.0035204589041026,-0.0112486796807153,4.3107692307692309,3.0000118476,144.147,236.140,416.6354,2.0971
1.0030906385794385,-0.0000000000000000,-0.0000000000000019,-0.0000000000000037,-0.0035382271571608,-0.0112719360588798,4.3200000000000003,3.0000112356,144.485,236.347,414.5688,2.1127
1.0030889198500583,-0.0000000000000000,0.0000000000000005,0.0000000000000005,-0.0035558609559307,-0.0112951105989379,4.3292307692307688,3.0000106241,144.822,236.553,412.5518,2.1287
1.0030872280661371,-0.0000000000000001,-0.0000000000001558,0.0000000000003169,-0.0035733605731582,0.0113182081207287,4.3384615384615390,3.0000100132,145.158,236.759,410.5834,2.1449
1.0030855625833297,-0.0000000000000001,0.0000000000001118,-0.0000000000001141,-0.0035907262745491,0.0113412333896580,4.3476923076923075,3.0000094028,145.493,236.964,408.6630,2.1615
1.0030839227651349,-0.0000000000000000,-0.0000000000001819,0.0000000000004020,-0.0036079583197418,0.0113641911177090,4.3569230769230769,3.0000087927,145.827,237.170,406.7896,2.1784
1.0030823079813540,-0.0000000000000000,0.0000000000000017,0.0000000000000032,-0.0036250569616187,-0.0113870859685323,4.3661538461538463,3.0000081829,146.160,237.375,404.9625,2.1956
1.0030807176095085,-0.0000000000000000,0.0000000000000009,0.0000000000000008,-0.0036420224481567,-0.0114099225563828,4.3753846153846156,3.0000075734,146.492,237.579,403.1810,2.2131
1.0030791510333301,-0.0000000000000000,0.0000000000000001,-0.0000000000000004,-0.0036588550203524,-0.0114327054502538,4.3846153846153850,3.0000069640,146.823,237.784,401.4444,2.2310
1.0030776076430339,-0.0000000000000000,-0.0000000000001036,0.0000000000001884,-0.0036755549128647,0.0114554391760482,4.3938461538461535,3.0000063546,147.154,237.988,399.7519,2.2492
1.0030760868350719,-0.0000000000000000,-0.0000000000000710,0.0000000000001189,-0.0036921223544932,0.0114781282177771,4.4030769230769238,3.0000057453,147.484,238.192,398.1028,2.2678
1.0030745880120979,-0.0000000000000001,-0.0000000000000088,0.0000000000001645,-0.0037085575682772,0.0115007770206172,4.4123076923076923,3.0000051358,147.813,238.396,396.4966,2.2867
1.0030731105823623,-0.0000000000000000,0.0000000000000022,-0.0000000000000033,-0.0037248607697891,0.0115233899923602,4.4215384615384616,3.0000045263,148.141,238.600,394.9325,2.3059
1.0030716539600086,-0.0000000000000000,0.0000000000000013,-0.0000000000000025,-0.0037410321701094,0.0115459715062086,4.4307692307692310,3.0000039165,148.469,238.803,393.4099,2.3255
1.0030702175642916,-0.0000000000000000,0.0000000000000053,-0.0000000000000071,-0.0037570719722963,0.0115685259021383,4.4400000000000004,3.0000033064,148.797,239.007,391.9283,2.3454
1.0030688008204593,-0.0000000000000001,-0.0000000000003726,-0.0000000000005422,-0.0037729803767795,-0.0115910574874768,4.4492307692307698,3.0000026959,149.123,239.211,390.4870,2.3657
1.0030674031579123,-0.0000000000000000,-0.0000000000004210,-0.0000000000006403,-0.0037887575724850,-0.0116135705424012,4.4584615384615383,3.0000020849,149.450,239.414,389.0854,2.3864
1.0030660240115723,-0.0000000000000001,-0.0000000000002408,-0.0000000000004244,-0.0038044037457812,-0.0116360693184564,4.4676923076923076,3.0000014735,149.776,239.618,387.7231,2.4074
1.0030646628208697,0.0000000000000000,-0.0000000000000012,0.0000000000000013,-0.0038199190758083,0.0116585580416953,4.4769230769230770,3.0000008614,150.101,239.821,386.3995,2.4288
1.0030633190297231,-0.0000000000000000,0.0000000000000024,-0.0000000000000032,-0.0038353037356555,0.0116810409151933,4.4861538461538464,3.0000002487,150.426,240.025,385.1141,2.4506
1.0030619920866433,-0.0000000000000000,0.0000000000000009,-0.0000000000000008,-0.0038505578920320,0.0117035221192284,4.4953846153846158,2.9999996352,150.751,240.229,383.8663,2.4727
1.0030606814441057,-0.0000000000000000,-0.0000000000003891,-0.0000000000005963,-0.0038656817052211,-0.0117260058146259,4.5046153846153842,2.9999990208,151.076,240.433,382.6557,2.4952
1.0030593865589195,-0.0000000000000001,-0.0000000000004022,-0.0000000000006309,-0.0038806753287638,-0.0117484961432226,4.5138461538461545,2.9999984056,151.400,240.637,381.4818,2.5181
1.0030581068916111,-0.0000000000000000,0.0000000000000006,0.0000000000000007,-0.0038955389101024,-0.0117709972305460,4.5230769230769230,2.9999977893,151.725,240.841,380.3441,2.5414
1.0030568419062744,-0.0000000000000000,-0.0000000000000028,-0.0000000000000032,-0.0039102725909086,-0.0117935131876472,4.5323076923076924,2.9999971720,152.049,241.045,379.2422,2.5650
1.0030555910707395,-0.0000000000000000,0.0000000000000008,0.0000000000000004,-0.0039248765053508,-0.0118160481120013,4.5415384615384617,2.9999965536,152.373,241.250,378.1757,2.5891
1.0030543538562158,-0.0000000000000001,0.0000000000003594,-0.0000000000004980,-0.0039393507820281,0.0118386060896463,4.5507692307692311,2.9999959339,152.697,241.454,377.1442,2.6136
1.0030531297369683,-0.0000000000000001,0.0000000000004036,-0.0000000000005965,-0.0039536955410699,0.0118611911974401,4.5600000000000005,2.9999953130,153.020,241.659,376.1472,2.6384
1.0030519181907680,-0.0000000000000001,0.0000000000002972,-0.0000000000005212,-0.0039679108984763,0.0118838075029924,4.5692307692307690,2.9999946906,153.344,241.865,375.1843,2.6637
1.0030507186979745,-0.0000000000000000,0.0000000000000004,0.0000000000000030,-0.0039819969619830,-0.0119064590683851,4.5784615384615384,2.9999940668,153.669,242.070,374.2552,2.6893
1.0030495307417584,-0.0000000000000000,-0.0000000000000505,-0.0000000000001322,-0.0039959538336601,-0.0119291499511695,4.5876923076923077,2.9999934415,153.993,242.276,373.3596,2.7154
1.0030483538077679,-0.0000000000000000,0.0000000000000114,0.0000000000000180,-0.0040097816071555,-0.0119518842059290,4.5969230769230771,2.9999928145,154.317,242.482,372.4969,2.7419
1.0030471873845357,-0.0000000000000000,0.0000000000002559,-0.0000000000004258,-0.0040234803713423,0.0119746658852501,4.6061538461538465,2.9999921858,154.642,242.689,371.6670,2.7688
1.0030460309627143,-0.0000000000000001,0.0000000000003544,-0.0000000000005195,-0.0040370502064669,0.0119974990421180,4.6153846153846150,2.9999915554,154.966,242.896,370.8695,2.7962
1.0030448840351929,-0.0000000000000000,-0.0000000000000031,-0.0000000000000048,-0.0040504911864820,-0.0120203877319887,4.6246153846153844,2.9999909230,155.291,243.104,370.1039,2.8240
1.0030437460966688,-0.0000000000000000,-0.0000000000000038,-0.0000000000000043,-0.0040638033786356,-0.0120433360141311,4.6338461538461537,2.9999902887,155.617,243.312,369.3702,2.8522
1.0030426166439832,0.0000000000000000,-0.0000000000000032,-0.0000000000000046,-0.0040769868425393,-0.0120663479527496,4.6430769230769231,2.9999896524,155.942,243.520,368.6678,2.8808
1.0030414951756093,-0.0000000000000000,0.0000000000004102,-0.0000000000006024,-0.0040900416311904,0.0120894276194370,4.6523076923076925,2.9999890139,156.269,243.729,367.9966,2.9099
1.0030403811917521,-0.0000000000000001,0.0000000000003285,-0.0000000000005928,-0.0041029677891268,0.0121125790942032,4.6615384615384619,2.9999883732,156.595,243.939,367.3563,2.9395
1.0030392741940048,-0.0000000000000000,0.0000000000003242,-0.0000000000004361,-0.0041157653549678,0.0121358064677180,4.6707692307692312,2.9999877302,156.922,244.149,366.7465,2.9694
1.0030381736852767,-0.0000000000000000,0.0000000000000012,-0.0000000000000020,-0.0041284343589978,0.0121591138429244,4.6799999999999997,2.9999870848,157.250,244.359,366.1671,2.9999
1.0030370791695420,0.0000000000000000,0.0000000000000019,-0.0000000000000033,-0.0041409748246929,0.0121825053371203,4.6892307692307691,2.9999864369,157.578,244.571,365.6177,3.0308
1.0030359901519625,-0.0000000000000000,-0.0000000000000001,0.0000000000000000,-0.0041533867672900,0.0122059850828120,4.6984615384615385,2.9999857864,157.907,244.783,365.0982,3.0622
1.0030349061385158,-0.0000000000000001,-0.0000000000002192,-0.0000000000003758,-0.0041656701948344,-0.0122295572303236,4.7076923076923078,2.9999851332,158.236,244.995,364.6083,3.0940
1.0030338266360213,-0.0000000000000000,-0.0000000000003803,-0.0000000000005831,-0.0041778251070357,-0.0122532259487556,4.7169230769230772,2.9999844773,158.567,245.209,364.1477,3.1263
1.0030327511519532,-0.0000000000000000,0.0000000000000038,-0.0000000000000087,-0.0041898514960517,0.0122769954287967,4.7261538461538457,2.9999838185,158.898,245.423,363.7163,3.1591
1.0030316791939404,-0.0000000000000000,0.0000000000000052,-0.0000000000000074,-0.0042017493463989,0.0123008698843311,4.7353846153846160,2.9999831568,159.229,245.638,363.3138,3.1924
1.0030306102701276,0.0000000000000000,0.0000000000000227,-0.0000000000000310,-0.0042135186336359,0.0123248535538673,4.7446153846153845,2.9999824919,159.562,245.854,362.9400,3.2261
1.0030295438890169,-0.0000000000000001,-0.0000000000003757,-0.0000000000005320,-0.0042251593268428,-0.0123489507022081,4.7538461538461538,2.9999818239,159.895,246.070,362.5948,3.2604
1.0030284795589184,-0.0000000000000001,-0.0000000000003111,-0.0000000000003732,-0.0042366713843026,-0.0123731656233658,4.7630769230769232,2.9999811527,160.230,246.288,362.2780,3.2952
1.0030274167881026,-0.0000000000000000,-0.0000000000000044,-0.0000000000000055,-0.0042480547575421,-0.0123975026416418,4.7723076923076926,2.9999804781,160.565,246.506,361.9893,3.3304
1.0030263550844667,-0.0000000000000000,-0.0000000000000022,-0.0000000000000029,-0.0042593093895595,-0.0124219661146238,4.7815384615384620,2.9999797999,160.902,246.725,361.7286,3.3662
1.0030252939556603,-0.0000000000000000,0.0000000000000005,0.0000000000000040,-0.0042704352141604,-0.0124465604339171,4.7907692307692304,2.9999791183,161.239,246.945,361.4958,3.4025
1.0030242329087193,-0.0000000000000001,0.0000000000002392,-0.0000000000005565,-0.0042814321568074,0.0124712900281323,4.7999999999999998,2.9999784329,161.578,247.167,361.2907,3.4393
1.0030231714499256,-0.0000000000000001,0.0000000000002931,-0.0000000000005130,-0.0042923001332122,0.0124961593647770,4.8092307692307692,2.9999777437,161.918,247.389,361.1131,3.4766
1.0030221090849258,-0.0000000000000001,0.0000000000003606,-0.0000000000005203,-0.0043030390511406,0.0125211729519263,4.8184615384615386,2.9999770506,162.259,247.612,360.9629,3.5144
1.0030210453181951,-0.0000000000000000,0.0000000000000006,0.0000000000000023,-0.0043136488083187,-0.0125463353413527,4.8276923076923079,2.9999763535,162.601,247.837,360.8400,3.5528
1.0030199796528982,-0.0000000000000000,-0.0000000000000001,0.0000000000000002,-0.0043241292938096,-0.0125716511306075,4.8369230769230773,2.9999756522,162.944,248.062,360.7442,3.5917
1.0030189115910593,-0.0000000000000001,0.0000000000002983,-0.0000000000004897,-0.0043344803868843,0.0125971249647088,4.8461538461538467,2.9999749467,163.289,248.289,360.6754,3.6312
1.0030178406333650,-0.0000000000000000,0.0000000000003699,-0.0000000000005016,-0.0043447019569008,0.0126227615383345,4.8553846153846152,2.9999742367,163.636,248.517,360.6335,3.6712
1.0030167662787552,-0.0000000000000000,-0.0000000000000025,-0.0000000000000032,-0.0043547938636384,-0.0126485655992735,4.8646153846153846,2.9999735223,163.983,248.746,360.6184,3.7118
1.0030156880241716,-0.0000000000000000,-0.0000000000000069,-0.0000000000000089,-0.0043647559573678,-0.0126745419508230,4.8738461538461539,2.9999728032,164.333,248.976,360.6299,3.7529
1.0030146053648088,-0.0000000000000000,-0.0000000000000114,-0.0000000000000143,-0.0043745880774988,-0.0127006954533675,4.8830769230769233,2.9999720793,164.684,249.208,360.6681,3.7946
1.0030135177938142,-0.0000000000000000,0.0000000000003102,-0.0000000000005238,-0.0043842900543811,0.0127270310274907,4.8923076923076927,2.9999713506,165.036,249.441,360.7327,3.8369
1.0030124248018961,-0.0000000000000001,0.0000000000003457,-0.0000000000004662,-0.0043938617060189,0.0127535536568234,4.9015384615384612,2.9999706168,165.390,249.676,360.8238,3.8797
1.0030113258774043,-0.0000000000000000,-0.0000000000000033,-0.0000000000000037,-0.0044033028410918,-0.0127802683907715,4.9107692307692306,2.9999698779,165.746,249.911,360.9412,3.9232
1.0030102205058269,-0.0000000000000000,-0.0000000000000034,-0.0000000000000027,-0.0044126132574492,-0.0128071803477108,4.9199999999999999,2.9999691336,166.104,250.149,361.0849,3.9672
1.0030091081700820,-0.0000000000000000,-0.0000000000000034,-0.0000000000000046,-0.0044217927415570,-0.0128342947169297,4.9292307692307693,2.9999683839,166.463,250.388,361.2547,4.0118
1.0030079883498488,-0.0000000000000000,0.0000000000004822,-0.0000000000009516,-0.0044308410688236,0.0128616167627582,4.9384615384615387,2.9999676286,166.825,250.628,361.4507,4.0570
1.0030068605220785,-0.0000000000000000,0.0000000000003263,-0.0000000000006542,-0.0044397580029070,0.0128891518264757,4.9476923076923081,2.9999668676,167.188,250.870,361.6728,4.1028
1.0030057241598349,-0.0000000000000000,0.0000000000000106,-0.0000000000000157,-0.0044485432959207,0.0129169053306182,4.9569230769230774,2.9999661006,167.553,251.114,361.9209,4.1493
1.0030045787327533,0.0000000000000000,0.0000000000000068,-0.0000000000000085,-0.0044571966886973,0.0129448827824131,4.9661538461538459,2.9999653276,167.921,251.359,362.1949,4.1963
1.0030034237068730,-0.0000000000000000,0.0000000000000807,-0.0000000000000657,-0.0044657179093844,-0.0129730897754577,4.9753846153846153,2.9999645484,168.291,251.606,362.4949,4.2440
1.0030022585438434,-0.0000000000000000,-0.0000000000004005,-0.0000000000005673,-0.0044741066739308,-0.0130015319970387,4.9846153846153847,2.9999637628,168.662,251.855,362.8209,4.2923
1.0030010827019058,-0.0000000000000000,0.0000000000000036,-0.0000000000000058,-0.0044823626854566,0.0130302152252788,4.9938461538461540,2.9999629707,169.037,252.106,363.1727,4.3413
1.0029998956340782,-0.0000000000000000,0.0000000000000010,0.0000000000000036,-0.0044904856349127,0.0130591453401467,5.0030769230769234,2.9999621718,169.413,252.358,363.5503,4.3908
1.0029986967891593,-0.0000000000000001,-0.0000000000003234,-0.0000000000005275,-0.0044984751999075,-0.0130883283229908,5.0123076923076919,2.9999613661,169.792,252.613,363.9538,4.4411
1.0029974856112085,-0.0000000000000000,-0.0000000000003759,-0.0000000000005873,-0.0045063310442484,-0.0131177702611377,5.0215384615384613,2.9999605532,170.173,252.869,364.3831,4.4920
1.0029962615390284,-0.0000000000000001,-0.0000000000003784,-0.0000000000005077,-0.0045140528186275,-0.0131474773535071,5.0307692307692307,2.9999597332,170.557,253.128,364.8383,4.5436
1.0029950240062451,-0.0000000000000000,0.0000000000000080,-0.0000000000000127,-0.0045216401596063,0.0131774559134961,5.0400000000000000,2.9999589057,170.943,253.388,365.3192,4.5958
1.0029937724407203,-0.0000000000000000,0.0000000000000067,-0.0000000000000093,-0.0045290926899335,0.0132077123746660,5.0492307692307694,2.9999580705,171.333,253.651,365.8260,4.6487
1.0029925062647684,-0.0000000000000000,0.0000000000001540,-0.0000000000000701,-0.0045364100172772,-0.0132382532938466,5.0584615384615379,2.9999572275,171.724,253.916,366.3586,4.7023
1.0029912248945836,-0.0000000000000000,0.0000000000001682,-0.0000000000000463,-0.0045435917351996,-0.0132690853582441,5.0676923076923073,2.9999563765,172.119,254.183,366.9170,4.7566
1.0029899277400409,-0.0000000000000000,0.0000000000000025,-0.0000000000000014,-0.0045506374218098,0.0133002153883820,5.0769230769230766,2.9999555172,172.517,254.452,367.5012,4.8116
1.0029886142043951,-0.0000000000000000,0.0000000000000052,-0.0000000000000069,-0.0045575466391647,0.0133316503434922,5.0861538461538469,2.9999546495,172.917,254.724,368.1113,4.8673
1.0029872836840055,-0.0000000000000001,0.0000000000001067,-0.0000000000002523,-0.0045643189340121,-0.0133633973281604,5.0953846153846154,2.9999537731,173.321,254.998,368.7474,4.9237
1.0029859355683257,-0.0000000000000001,-0.0000000000001819,-0.0000000000004976,-0.0045709538378266,-0.0133954635981267,5.1046153846153848,2.9999528878,173.728,255.275,369.4093,4.9808
1.0029845692392201,-0.0000000000000000,-0.0000000000000003,0.0000000000000017,-0.0045774508641541,-0.0134278565644167,5.1138461538461542,2.9999519933,174.138,255.554,370.0972,5.0386
1.0029831840705015,0.0000000000000000,-0.0000000000000069,-0.0000000000000078,-0.0045838095099347,-0.0134605838002188,5.1230769230769226,2.9999510895,174.551,255.836,370.8111,5.0972
1.0029817794282643,-0.0000000000000001,-0.0000000000002751,0.0000000000000732,-0.0045900292548854,0.0134936530477232,5.1323076923076929,2.9999501760,174.968,256.121,371.5511,5.1565
1.0029803546700968,-0.0000000000000000,-0.0000000000002477,0.0000000000000899,-0.0045961095617106,0.0135270722251591,5.1415384615384614,2.9999492527,175.389,256.408,372.3171,5.2166
1.0029789091449046,-0.0000000000000000,-0.0000000000000050,-0.0000000000000077,-0.0046020498745303,-0.0135608494325958,5.1507692307692308,2.9999483192,175.812,256.698,373.1093,5.2774
1.0029774421922601,-0.0000000000000001,0.0000000000003846,-0.0000000000004680,-0.0046078496180789,0.0135949929585229,5.1600000000000001,2.9999473753,176.240,256.991,373.9276,5.3390
1.0029759531426441,-0.0000000000000000,0.0000000000000361,-0.0000000000004186,-0.0046135081984946,0.0136295112887937,5.1692307692307686,2.9999464207,176.671,257.287,374.7723,5.4014
1.0029744413164297,-0.0000000000000000,-0.0000000000000027,-0.0000000000000040,-0.0046190250033319,-0.0136644131151951,5.1784615384615389,2.9999454552,177.107,257.586,375.6433,5.4645
1.0029729060237460,-0.0000000000000000,-0.0000000000000059,-0.0000000000000073,-0.0046243993989549,-0.0136997073408391,5.1876923076923074,2.9999444784,177.546,257.889,376.5406,5.5285
1.0029713465641255,-0.0000000000000001,0.0000000000000487,-0.0000000000001884,-0.0046296307314211,0.0137354030906141,5.1969230769230776,2.9999434900,177.989,258.194,377.4645,5.5932
1.0029697622262557,-0.0000000000000000,-0.0000000000002571,-0.0000000000000847,-0.0046347183263712,0.0137715097206788,5.2061538461538461,2.9999424898,178.437,258.503,378.4149,5.6587
1.0029681522870606,-0.0000000000000000,-0.0000000000000053,-0.0000000000000073,-0.0046396614877404,-0.0138080368259397,5.2153846153846155,2.9999414773,178.889,258.815,379.3920,5.7251
1.0029665160114600,-0.0000000000000001,-0.0000000000004372,0.0000000000000686,-0.0046444594956515,0.0138449942498789,5.2246153846153849,2.9999404524,179.345,259.130,380.3958,5.7922
1.0029648526522961,-0.0000000000000000,-0.0000000000003229,-0.0000000000001004,-0.0046491116102605,0.0138823920968820,5.2338461538461543,2.9999394146,179.806,259.450,381.4264,5.8602
1.0029631614493582,-0.0000000000000000,-0.0000000000000012,-0.0000000000000004,-0.0046536170669145,-0.0139202407413638,5.2430769230769236,2.9999383635,180.271,259.772,382.4839,5.9291
1.0029614416286898,-0.0000000000000000,-0.0000000000000045,-0.0000000000000055,-0.0046579750758330,-0.0139585508379002,5.2523076923076921,2.9999372989,180.742,260.099,383.5685,5.9988
1.0029596924027224,-0.0000000000000001,-0.0000000000002357,-0.0000000000001590,-0.0046621848239756,0.0139973333347658,5.2615384615384615,2.9999362203,181.217,260.430,384.6802,6.0693
1.0029579129693362,-0.0000000000000000,-0.0000000000002474,0.0000000000000158,-0.0046662454732259,0.0140365994862206,5.2707692307692309,2.9999351274,181.697,260.764,385.8191,6.1407
1.0029561025113238,-0.0000000000000000,-0.0000000000004382,0.0000000000000936,-0.0046701561586562,0.0140763608637080,5.2799999999999994,2.9999340197,182.183,261.102,386.9855,6.2130
1.0029542601956465,-0.0000000000000000,-0.0000000000002892,-0.0000000000000090,-0.0046739159889214,0.0141166293707123,5.2892307692307696,2.9999328969,182.674,261.445,388.1792,6.2862
1.0029523851731268,-0.0000000000000001,-0.0000000000002350,0.0000000000001050,-0.0046775240445048,0.0141574172552384,5.2984615384615381,2.9999317585,183.170,261.792,389.4006,6.3602
1.0029504765773642,-0.0000000000000001,-0.0000000000003627,0.0000000000000933,-0.0046809793778688,0.0141987371279858,5.3076923076923084,2.9999306041,183.672,262.144,390.6498,6.4352
1.0029485335246808,-0.0000000000000001,-0.0000000000000820,-0.0000000000003372,-0.0046842810130746,0.0142406019746187,5.3169230769230769,2.9999294331,184.179,262.500,391.9267,6.5111
1.0029465551127761,-0.0000000000000000,-0.0000000000000177,-0.0000000000002319,-0.0046874279427637,0.0142830251731899,5.3261538461538462,2.9999282452,184.693,262.860,393.2317,6.5879
1.0029445404202204,-0.0000000000000000,0.0000000000003765,-0.0000000000004642,-0.0046904191292652,0.0143260205117167,5.3353846153846156,2.9999270399,185.213,263.226,394.5649,6.6657
1.0029424885058560,-0.0000000000000001,-0.0000000000004871,0.0000000000001910,-0.0046932535021477,0.0143696022063957,5.3446153846153841,2.9999258165,185.739,263.596,395.9263,6.7443
1.0029403984075136,-0.0000000000000001,-0.0000000000000699,-0.0000000000003138,-0.0046959299602177,0.0144137849217777,5.3538461538461544,2.9999245747,186.271,263.971,397.3162,6.8240
1.0029382691417839,-0.0000000000000000,-0.0000000000000387,-0.0000000000002446,-0.0046984473658310,0.0144585837875132,5.3630769230769229,2.9999233138,186.810,264.352,398.7347,6.9046
1.0029360997026746,-0.0000000000000000,-0.0000000000002049,-0.0000000000001620,-0.0047008045476068,0.0145040144229915,5.3723076923076922,2.9999220333,187.356,264.738,400.1820,6.9862
1.0029338890607116,-0.0000000000000000,-0.0000000000006012,0.0000000000005138,-0.0047030002975457,0.0145500929580742,5.3815384615384616,2.9999207326,187.909,265.129,401.6581,7.0688
1.0029316361620775,-0.0000000000000001,-0.0000000000001434,-0.0000000000002221,-0.0047050333716067,0.0145968360587440,5.3907692307692301,2.9999194111,188.469,265.527,403.1634,7.1523
1.0029293399275614,-0.0000000000000000,-0.0000000000001343,0.0000000000000050,-0.0047069024848799,0.0146442609473872,5.4000000000000004,2.9999180681,189.036,265.930,404.6979,7.2369
1.0029269992514096,-0.0000000000000000,-0.0000000000001939,-0.0000000000001383,-0.0047086063147246,0.0146923854359043,5.4092307692307688,2.9999167030,189.611,266.339,406.2619,7.3225
1.0029246130002794,-0.0000000000000000,-0.0000000000004403,0.0000000000001675,-0.0047101434960260,0.0147412279460125,5.4184615384615382,2.9999153150,190.194,266.754,407.8556,7.4092
1.0029221800118653,-0.0000000000000000,0.0000000000000042,-0.0000000000000089,-0.0047115126226412,0.0147908075465751,5.4276923076923076,2.9999139036,190.785,267.175,409.4790,7.4968
1.0029196990938263,-0.0000000000000000,0.0000000000000011,-0.0000000000000022,-0.0047127122424467,0.0148411439773666,5.4369230769230770,2.9999124679,191.384,267.604,411.1325,7.5856
1.0029171690224008,-0.0000000000000000,0.0000000000000032,-0.0000000000000055,-0.0047137408592789,0.0148922576874106,5.4461538461538463,2.9999110071,191.991,268.039,412.8161,7.6754
1.0029145885409707,-0.0000000000000000,0.0000000000000054,-0.0000000000000083,-0.0047145969294174,0.0149441698676342,5.4553846153846157,2.9999095205,192.608,268.480,414.5302,7.7663
1.0029119563586195,-0.0000000000000000,0.0000000000000002,-0.0000000000000007,-0.0047152788603851,0.0149969024884067,5.4646153846153851,2.9999080072,193.233,268.930,416.2749,7.8583
1.0029092711485739,-0.0000000000000000,-0.0000000000000011,-0.0000000000000009,-0.0047157850091761,0.0150504783389050,5.4738461538461536,2.9999064663,193.868,269.386,418.0505,7.9514
1.0029065315465671,-0.0000000000000000,0.0000000000000085,-0.0000000000000130,-0.0047161136804014,0.0151049210689370,5.4830769230769230,2.9999048969,194.513,269.850,419.8571,8.0456
1.0029037361491249,-0.0000000000000000,0.0000000000000038,-0.0000000000000053,-0.0047162631244285,0.0151602552332996,5.4923076923076923,2.9999032981,195.167,270.322,421.6949,8.1410
1.0029008835117008,-0.0000000000000000,0.0000000000000019,-0.0000000000000035,-0.0047162315352447,0.0152165063390738,5.5015384615384617,2.9999016688,195.832,270.802,423.5643,8.2375
1.0028979721467945,-0.0000000000000000,0.0000000000000039,-0.0000000000000059,-0.0047160170484741,0.0152737008957834,5.5107692307692311,2.9999000080,196.507,271.291,425.4654,8.3351
1.0028950005218962,-0.0000000000000000,-0.0000000000000001,0.0000000000000126,-0.0047156177391332,0.0153318664688788,5.5199999999999996,2.9998983147,197.193,271.788,427.3985,8.4340
1.0028919670572496,-0.0000000000000000,-0.0000000000000042,0.0000000000000098,-0.0047150316190105,0.0153910317370168,5.5292307692307689,2.9998965877,197.890,272.295,429.3638,8.5340
1.0028888701237004,-0.0000000000000000,0.0000000000000001,0.0000000000000007,-0.0047142566347140,0.0154512265523521,5.5384615384615383,2.9998948258,198.599,272.810,431.3615,8.6353
1.0028857080401816,-0.0000000000000000,0.0000000000000019,-0.0000000000000021,-0.0047132906647598,0.0155124820057907,5.5476923076923077,2.9998930277,199.319,273.335,433.3920,8.7378
1.0028824790711357,-0.0000000000000000,0.0000000000000018,-0.0000000000000016,-0.0047121315168744,0.0155748304962030,5.5569230769230771,2.9998911922,200.052,273.870,435.4555,8.8415
1.0028791814238009,-0.0000000000000000,0.0000000000000001,-0.0000000000000012,-0.0047107769251830,0.0156383058044798,5.5661538461538465,2.9998893179,200.798,274.415,437.5522,8.9465
1.0028758132453082,-0.0000000000000000,0.0000000000000021,-0.0000000000000034,-0.0047092245472197,0.0157029431727813,5.5753846153846158,2.9998874033,201.557,274.971,439.6824,9.0527
1.0028723726195063,-0.0000000000000000,0.0000000000000393,-0.0000000000003544,-0.0047074719605587,-0.0157687793894785,5.5846153846153843,2.9998854469,202.329,275.538,441.8464,9.1602
1.0028688575639588,-0.0000000000000001,0.0000000000001219,-0.0000000000000094,-0.0047055166600273,-0.0158358528799931,5.5938461538461537,2.9998834472,203.116,276.116,444.0445,9.2691
1.0028652660260686,-0.0000000000000001,0.0000000000002195,0.0000000000000323,-0.0047033560534850,-0.0159042038041222,5.6030769230769231,2.9998814025,203.917,276.706,446.2770,9.3792
1.0028615958795026,-0.0000000000000000,0.0000000000002259,-0.0000000000000349,-0.0047009874585904,-0.0159738741621161,5.6123076923076924,2.9998793111,204.733,277.308,448.5441,9.4907
1.0028578449202223,-0.0000000000000000,0.0000000000003738,0.0000000000001104,-0.0046984080983239,-0.0160449079052513,5.6215384615384618,2.9998771710,205.565,277.923,450.8462,9.6036
1.0028540108623956,-0.0000000000000000,0.0000000000001609,-0.0000000000000029,-0.0046956150978859,-0.0161173510578253,5.6307692307692303,2.9998749805,206.413,278.550,453.1836,9.7178
1.0028500913333804,-0.0000000000000002,0.0000000000000956,-0.0000000000002503,-0.0046926054788587,-0.0161912518494139,5.6400000000000006,2.9998727373,207.278,279.192,455.5565,9.8334
1.0028460838692934,-0.0000000000000000,-0.0000000000000965,-0.0000000000007893,-0.0046893761556725,-0.0162666608523492,5.6492307692307691,2.9998704395,208.160,279.847,457.9654,9.9505
1.0028419859099236,-0.0000000000000000,0.0000000000001140,-0.0000000000000377,-0.0046859239306864,-0.0163436311357275,5.6584615384615384,2.9998680846,209.060,280.518,460.4105,10.0689
1.0028377947922960,-0.0000000000000000,-0.0000000000000932,-0.0000000000003363,-0.0046822454881211,-0.0164222184287512,5.6676923076923078,2.9998656704,209.979,281.203,462.8921,10.1889
1.0028335077457800,-0.0000000000000000,0.0000000000000040,-0.0000000000000063,-0.0046783373894072,0.0165024812979914,5.6769230769230772,2.9998631942,210.917,281.904,465.4107,10.3103
1.0028291218847354,-0.0000000000000000,0.0000000000000039,-0.0000000000000052,-0.0046741960668692,0.0165844813397458,5.6861538461538466,2.9998606534,211.876,282.622,467.9665,10.4332
1.0028246342022207,-0.0000000000000000,-0.0000000000000022,0.0000000000000021,-0.0046698178179612,0.0166682833878454,5.6953846153846150,2.9998580452,212.855,283.357,470.5600,10.5576
1.0028200415622008,-0.0000000000000000,0.0000000000000022,-0.0000000000000041,-0.0046651987983652,0.0167539557400009,5.7046153846153853,2.9998553665,213.856,284.110,473.1914,10.6836
1.0028153406915847,-0.0000000000000000,0.0000000000000057,0.0000000000000054,-0.0046603350151803,0.0168415704032929,5.7138461538461538,2.9998526141,214.880,284.881,475.8612,10.8111
1.0028105281715254,-0.0000000000000000,0.0000000000000010,0.0000000000000026,-0.0046552223193962,0.0169312033618420,5.7230769230769232,2.9998497848,215.928,285.672,478.5697,10.9402
1.0028056004280872,-0.0000000000000000,-0.0000000000000027,0.0000000000000046,-0.0046498563982746,0.0170229348675411,5.7323076923076925,2.9998468747,217.000,286.483,481.3174,11.0710
1.0028005537220672,-0.0000000000000000,0.0000000000000075,-0.0000000000000094,-0.0046442327668124,0.0171168497585129,5.7415384615384610,2.9998438802,218.097,287.316,484.1046,11.2033
1.0027953841380024,-0.0000000000000000,0.0000000000000044,-0.0000000000000043,-0.0046383467589115,0.0172130378063724,5.7507692307692313,2.9998407971,219.222,288.170,486.9318,11.3373
1.0027900875722626,-0.0000000000000000,0.0000000000000050,-0.0000000000000063,-0.0046321935179607,0.0173115940964985,5.7599999999999998,2.9998376211,220.374,289.048,489.7993,11.4731
1.0027846597200507,-0.0000000000000000,-0.0000000000003023,-0.0000000000006427,-0.0046257679868567,-0.0174126194448469,5.7692307692307692,2.9998343475,221.555,289.949,492.7075,11.6105
1.0027790960614726,-0.0000000000000000,-0.0000000000001387,-0.0000000000002940,-0.0046190648969169,-0.0175162208559481,5.7784615384615385,2.9998309714,222.767,290.876,495.6570,11.7496
1.0027733918460522,-0.0000000000000000,-0.0000000000001400,-0.0000000000003967,-0.0046120787573277,-0.0176225120250321,5.7876923076923079,2.9998274875,224.011,291.830,498.6482,11.8906
1.0027675420757927,-0.0000000000000000,-0.0000000000001235,-0.0000000000002545,-0.0046048038418337,-0.0177316138949018,5.7969230769230773,2.9998238900,225.288,292.811,501.6815,12.0333
1.0027615414873610,-0.0000000000000000,-0.0000000000000620,-0.0000000000000150,-0.0045972341768854,-0.0178436552648086,5.8061538461538458,2.9998201728,226.599,293.822,504.7574,12.1779
1.0027553845317123,-0.0000000000000001,0.0000000000001115,0.0000000000001687,-0.0045893635271328,-0.0179587734683813,5.8153846153846160,2.9998163295,227.948,294.863,507.8764,12.3243
1.0027490653521272,-0.0000000000000000,-0.0000000000000658,-0.0000000000003325,-0.0045811853812576,-0.0180771151237338,5.8246153846153845,2.9998123529,229.335,295.937,511.0389,12.4726
1.0027425777600498,-0.0000000000000000,0.0000000000000091,-0.0000000000000118,-0.0045726929352711,0.0181988369643182,5.8338461538461539,2.9998082355,230.762,297.044,514.2456,12.6228
1.0027359152088249,-0.0000000000000000,0.0000000000000090,-0.0000000000000081,-0.0045638790772767,0.0183241067627023,5.8430769230769233,2.9998039690,232.232,298.187,517.4968,12.7750
1.0027290707640912,-0.0000000000000000,0.0000000000000041,-0.0000000000000031,-0.0045547363685669,0.0184531043633911,5.8523076923076918,2.9997995447,233.746,299.368,520.7931,12.9292
1.0027220370715406,-0.0000000000000000,0.0000000000000055,-0.0000000000000073,-0.0045452570250446,0.0185860228332307,5.8615384615384620,2.9997949528,235.307,300.589,524.1352,13.0854
1.0027148063210805,-0.0000000000000000,0.0000000000000160,-0.0000000000000210,-0.0045354328970127,0.0187230697511397,5.8707692307692305,2.9997901832,236.918,301.851,527.5235,13.2437
1.0027073702070750,-0.0000000000000000,-0.0000000000000009,0.0000000000000017,-0.0045252554477338,0.0188644686550978,5.8799999999999999,2.9997852244,238.581,303.158,530.9586,13.4040
1.0026997198840732,-0.0000000000000000,0.0000000000000702,0.0000000000000017,-0.0045147157305512,-0.0190104606705381,5.8892307692307693,2.9997800642,240.300,304.513,534.4411,13.5665
1.0026918459177514,-0.0000000000000001,0.0000000000001638,0.0000000000001277,-0.0045038043652333,-0.0191613063468310,5.8984615384615378,2.9997746893,242.077,305.917,537.9717,13.7312
1.0026837382293901,-0.0000000000000001,-0.0000000000000162,-0.0000000000001020,-0.0044925115118420,-0.0193172877364105,5.9076923076923080,2.9997690851,243.916,307.374,541.5510,13.8981
1.0026753860344730,-0.0000000000000001,0.0000000000008759,0.0000000000008432,-0.0044808268437853,-0.0194787107523867,5.9169230769230765,2.9997632355,245.821,308.888,545.1796,14.0672
1.0026667777735450,0.0000000000000000,0.0000000000000115,-0.0000000000000113,-0.0044687395218894,0.0196459078491737,5.9261538461538468,2.9997571231,247.796,310.462,548.8582,14.2387
1.0026579010332355,-0.0000000000000000,0.0000000000000070,-0.0000000000000094,-0.0044562381607294,0.0198192410922325,5.9353846153846153,2.9997507285,249.845,312.100,552.5875,14.4124
1.0026487424588610,-0.0000000000000000,0.0000000000000003,0.0000000000000005,-0.0044433108024942,0.0199991056605325,5.9446153846153846,2.9997440306,251.974,313.807,556.3682,14.5886
1.0026392876537999,0.0000000000000000,0.0000000000000005,0.0000000000000002,-0.0044299448837497,0.0201859338838339,5.9538461538461540,2.9997370059,254.187,315.587,560.2011,14.7673
1.0026295210656653,-0.0000000000000000,0.0000000000004979,0.0000000000006178,-0.0044161272042046,-0.0203801998961341,5.9630769230769225,2.9997296283,256.491,317.446,564.0869,14.9484
1.0026194258563679,-0.0000000000000000,0.0000000000003461,0.0000000000003608,-0.0044018438964643,-0.0205824250260937,5.9723076923076928,2.9997218690,258.892,319.389,568.0265,15.1321
1.0026089837530499,0.0000000000000000,0.0000000000007999,0.0000000000011615,-0.0043870803945332,-0.0207931840677284,5.9815384615384612,2.9997136958,261.398,321.423,572.0206,15.3184
1.0025981748766684,-0.0000000000000000,-0.0000000000000033,-0.0000000000000023,-0.0043718214081088,-0.0210131126048733,5.9907692307692306,2.9997050726,264.015,323.555,576.0702,15.5073
1.0025869775440996,-0.0000000000000000,-0.0000000000000028,-0.0000000000000016,-0.0043560508967354,-0.0212429156071445,6.0000000000000000,2.9996959590,266.754,325.793,580.1762,15.6990
