x0_n,y0_n,z0_n,xd0_n,yd0_n,zd0_n,Tp,JC,L2ExcessVelocity_mps,landingVelocity_mps,stabilityIndex1,stabilityIndex2...,error_tol=1e-13
1.0026005593412446,-0.0000000000000000,-0.0048776947876697,0.0000000000000017,-0.0054716230529182,-0.0000000000000048,2.2999999999999998,3.0000347099,130.890,228.289,2.1491,-1.0441
1.0026051252522556,-0.0000000000000000,-0.0048768093084088,0.0000000000000013,-0.0054772468605914,-0.0000000000000050,2.3026387959866219,3.0000347113,130.889,228.289,2.2143,-1.0471
1.0026096882691884,0.0000000000000000,-0.0048759117480254,0.0000000000000013,-0.0054828469813484,-0.0000000000000059,2.3052775919732440,3.0000347133,130.888,228.288,2.2806,-1.0504
1.0026142484359133,0.0000000000000000,-0.0048750020206051,0.0000000000000012,-0.0054884234324387,-0.0000000000000004,2.3079163879598661,3.0000347157,130.886,228.287,2.3480,-1.0540
1.0026188057963750,-0.0000000000000000,-0.0048740800392996,0.0000000000000006,-0.0054939762299605,-0.0000000000000017,2.3105551839464882,3.0000347186,130.884,228.286,2.4164,-1.0579
1.0026233603946249,0.0000000000000000,-0.0048731457162539,0.0000000000000019,-0.0054995053889365,-0.0000000000000082,2.3131939799331103,3.0000347221,130.882,228.285,2.4859,-1.0620
1.0026279122748170,0.0000000000000000,-0.0048721989626228,0.0000000000000014,-0.0055050109232702,-0.0000000000000047,2.3158327759197324,3.0000347261,130.880,228.284,2.5565,-1.0663
1.0026324614812123,-0.0000000000000000,-0.0048712396885550,-0.0000000000000016,-0.0055104928457520,0.0000000000000076,2.3184715719063544,3.0000347305,130.877,228.282,2.6280,-1.0709
1.0026370080581908,-0.0000000000000000,-0.0048702678031717,0.0000000000000008,-0.0055159511680578,-0.0000000000000026,2.3211103678929765,3.0000347355,130.874,228.280,2.7007,-1.0757
1.0026415520502467,-0.0000000000000000,-0.0048692832145611,-0.0000000000000006,-0.0055213859007457,0.0000000000000046,2.3237491638795986,3.0000347411,130.871,228.279,2.7744,-1.0807
1.0026460935020043,-0.0000000000000000,-0.0048682858297608,-0.0000000000000019,-0.0055267970532456,0.0000000000000064,2.3263879598662207,3.0000347471,130.867,228.276,2.8491,-1.0859
1.0026506324582216,-0.0000000000000000,-0.0048672755547405,-0.0000000000000010,-0.0055321846338744,0.0000000000000039,2.3290267558528428,3.0000347537,130.863,228.274,2.9249,-1.0913
1.0026551689637944,-0.0000000000000000,-0.0048662522943950,0.0000000000000007,-0.0055375486498039,-0.0000000000000031,2.3316655518394649,3.0000347608,130.859,228.272,3.0017,-1.0969
1.0026597030637621,0.0000000000000000,-0.0048652159525203,0.0000000000000006,-0.0055428891070847,0.0000000000000017,2.3343043478260870,3.0000347684,130.854,228.269,3.0796,-1.1026
1.0026642347995247,-0.0000000000000000,-0.0048641664316748,-0.0000000000046429,-0.0055482060061586,0.0000000000030694,2.3369431438127091,3.0000347766,130.849,228.266,3.1585,-1.1085
1.0026687642240302,-0.0000000000000002,-0.0048631036336936,-0.0000000000046224,-0.0055534993597335,0.0000000000030465,2.3395819397993307,3.0000347853,130.844,228.263,3.2385,-1.1146
1.0026732913787026,-0.0000000000000002,-0.0048620274588517,-0.0000000000049372,-0.0055587691656187,0.0000000000032594,2.3422207357859528,3.0000347945,130.838,228.260,3.3195,-1.1208
1.0026778163097596,-0.0000000000000002,-0.0048609378064236,-0.0000000000049619,-0.0055640154259146,0.0000000000032751,2.3448595317725749,3.0000348043,130.832,228.256,3.4017,-1.1272
1.0026823390627229,-0.0000000000000002,-0.0048598345745007,-0.0000000000050832,-0.0055692381405339,0.0000000000033714,2.3474983277591970,3.0000348146,130.826,228.253,3.4848,-1.1337
1.0026868596838270,-0.0000000000000002,-0.0048587176600430,-0.0000000000050302,-0.0055744373088269,0.0000000000033405,2.3501371237458191,3.0000348255,130.819,228.249,3.5691,-1.1403
1.0026913782191451,-0.0000000000000002,-0.0048575869586938,-0.0000000000050391,-0.0055796129286059,0.0000000000033409,2.3527759197324412,3.0000348369,130.812,228.245,3.6544,-1.1470
1.0026958947151552,-0.0000000000000000,-0.0048564423649794,-0.0000000000050050,-0.0055847649967182,0.0000000000033152,2.3554147157190632,3.0000348489,130.805,228.241,3.7408,-1.1539
1.0027004092181278,-0.0000000000000000,-0.0048552837721438,-0.0000000000053662,-0.0055898935083265,0.0000000000033846,2.3580535117056853,3.0000348614,130.797,228.236,3.8283,-1.1608
1.0027049217759101,-0.0000000000000002,-0.0048541110721024,-0.0000000000049375,-0.0055949984591797,0.0000000000033149,2.3606923076923074,3.0000348745,130.789,228.232,3.9169,-1.1679
1.0027094324365589,-0.0000000000000000,-0.0048529241560017,-0.0000000000020964,-0.0056000798433794,0.0000000000015675,2.3633311036789295,3.0000348881,130.781,228.227,4.0067,-1.1750
1.0027139412436070,-0.0000000000000002,-0.0048517229125218,-0.0000000000021113,-0.0056051376489615,0.0000000000015611,2.3659698996655516,3.0000349023,130.772,228.222,4.0975,-1.1823
1.0027184482444635,-0.0000000000000002,-0.0048505072297443,-0.0000000000050647,-0.0056101718666053,0.0000000000034266,2.3686086956521737,3.0000349171,130.763,228.217,4.1894,-1.1896
1.0027229534912436,-0.0000000000000000,-0.0048492769951866,-0.0000000000049721,-0.0056151824907562,0.0000000000033986,2.3712474916387958,3.0000349324,130.754,228.212,4.2825,-1.1971
1.0027274570292175,-0.0000000000000000,-0.0048480320938387,-0.0000000000055279,-0.0056201695067358,0.0000000000035064,2.3738862876254179,3.0000349484,130.744,228.206,4.3767,-1.2046
1.0027319589078465,-0.0000000000000002,-0.0048467724099527,-0.0000000000050755,-0.0056251329031729,0.0000000000034530,2.3765250836120400,3.0000349649,130.734,228.200,4.4721,-1.2122
1.0027364591763341,-0.0000000000000002,-0.0048454978263521,-0.0000000000025587,-0.0056300726666003,0.0000000000018628,2.3791638795986620,3.0000349819,130.724,228.194,4.5686,-1.2198
1.0027409578781683,-0.0000000000000000,-0.0048442082233762,-0.0000000000053076,-0.0056349887759551,0.0000000000036376,2.3818026755852841,3.0000349996,130.713,228.188,4.6662,-1.2276
1.0027454550681967,-0.0000000000000002,-0.0048429034817865,-0.0000000000053157,-0.0056398812210154,0.0000000000036273,2.3844414715719062,3.0000350179,130.702,228.182,4.7651,-1.2353
1.0027499507933488,-0.0000000000000000,-0.0048415834796270,-0.0000000000057991,-0.0056447499812180,0.0000000000037562,2.3870802675585283,3.0000350367,130.690,228.175,4.8652,-1.2432
1.0027544451044210,-0.0000000000000000,-0.0048402480940202,-0.0000000000051365,-0.0056495950388443,0.0000000000035608,2.3897190635451504,3.0000350561,130.679,228.168,4.9664,-1.2511
1.0027589380540554,0.0000000000000000,-0.0048388972002807,0.0000000000000004,-0.0056544163765924,-0.0000000000000016,2.3923578595317725,3.0000350762,130.666,228.161,5.0688,-1.2591
1.0027634296847854,-0.0000000000000000,-0.0048375306720475,0.0000000000000008,-0.0056592139638089,-0.0000000000000006,2.3949966555183946,3.0000350968,130.654,228.154,5.1725,-1.2671
1.0027679200511872,-0.0000000000000000,-0.0048361483818552,0.0000000000000006,-0.0056639877821552,-0.0000000000000042,2.3976354515050167,3.0000351180,130.641,228.147,5.2774,-1.2751
1.0027724092040893,0.0000000000000000,-0.0048347502004946,0.0000000000000020,-0.0056687378072357,-0.0000000000000089,2.4002742474916388,3.0000351399,130.627,228.139,5.3836,-1.2832
1.0027768971946427,0.0000000000000000,-0.0048333359971726,0.0000000000000007,-0.0056734640133190,-0.0000000000000041,2.4029130434782608,3.0000351623,130.614,228.131,5.4910,-1.2914
1.0027813840743354,0.0000000000000000,-0.0048319056394846,-0.0000000000000004,-0.0056781663733282,0.0000000000000001,2.4055518394648829,3.0000351854,130.600,228.123,5.5997,-1.2996
1.0027858698949990,0.0000000000000000,-0.0048304589933961,-0.0000000000000001,-0.0056828448588151,0.0000000000000015,2.4081906354515050,3.0000352091,130.585,228.115,5.7097,-1.3078
1.0027903547088168,-0.0000000000000000,-0.0048289959232071,-0.0000000000000008,-0.0056874994399787,-0.0000000000000000,2.4108294314381271,3.0000352334,130.570,228.106,5.8210,-1.3161
1.0027948385677745,-0.0000000000000000,-0.0048275162917835,-0.0000000000004409,-0.0056921300848619,0.0000000000008000,2.4134682274247492,3.0000352583,130.555,228.098,5.9336,-1.3243
1.0027993215264763,-0.0000000000000000,-0.0048260199592909,0.0000000000000013,-0.0056967367631253,0.0000000000000006,2.4161070234113713,3.0000352838,130.539,228.089,6.0475,-1.3327
1.0028038036365254,-0.0000000000000000,-0.0048245067856437,-0.0000000000000003,-0.0057013194385068,0.0000000000000008,2.4187458193979934,3.0000353100,130.523,228.080,6.1628,-1.3410
1.0028082849521722,0.0000000000000000,-0.0048229766279947,-0.0000000000000007,-0.0057058780763216,0.0000000000000042,2.4213846153846150,3.0000353369,130.507,228.070,6.2794,-1.3494
1.0028127655274874,0.0000000000000000,-0.0048214293419741,-0.0000000000000017,-0.0057104126396773,0.0000000000000104,2.4240234113712371,3.0000353643,130.490,228.061,6.3974,-1.3577
1.0028172454169615,0.0000000000000000,-0.0048198647813684,-0.0000000000000008,-0.0057149230902493,0.0000000000000044,2.4266622073578592,3.0000353925,130.473,228.051,6.5168,-1.3661
1.0028217246754960,0.0000000000000000,-0.0048182827981302,0.0000000000000006,-0.0057194093882199,-0.0000000000000011,2.4293010033444813,3.0000354212,130.456,228.041,6.6376,-1.3746
1.0028262033584172,-0.0000000000000000,-0.0048166832423297,0.0000000000000008,-0.0057238714922979,-0.0000000000000010,2.4319397993311034,3.0000354506,130.438,228.030,6.7599,-1.3830
1.0028306815214849,-0.0000000000000000,-0.0048150659621356,0.0000000000000002,-0.0057283093596722,-0.0000000000000009,2.4345785953177255,3.0000354807,130.419,228.020,6.8835,-1.3914
1.0028351592209068,0.0000000000000000,-0.0048134308037775,0.0000000000000014,-0.0057327229460168,-0.0000000000000045,2.4372173913043476,3.0000355114,130.400,228.009,7.0087,-1.3999
1.0028396365133434,-0.0000000000000000,-0.0048117776115182,0.0000000000000013,-0.0057371122054634,0.0000000000000052,2.4398561872909696,3.0000355429,130.381,227.998,7.1353,-1.4084
1.0028441134559176,0.0000000000000000,-0.0048101062276240,0.0000000000000007,-0.0057414770905868,-0.0000000000000034,2.4424949832775917,3.0000355749,130.362,227.987,7.2634,-1.4168
1.0028485901062358,0.0000000000000000,-0.0048084164923258,-0.0000000000000001,-0.0057458175523833,0.0000000000000046,2.4451337792642138,3.0000356077,130.342,227.976,7.3931,-1.4253
1.0028530665185362,-0.0000000000000002,-0.0048067082435892,-0.0000000000049894,-0.0057501335358498,0.0000000000037002,2.4477725752508359,3.0000356411,130.321,227.964,7.5243,-1.4338
1.0028575427591042,-0.0000000000000002,-0.0048049813178967,-0.0000000000050011,-0.0057544249976047,0.0000000000036758,2.4504113712374580,3.0000356752,130.300,227.952,7.6570,-1.4423
1.0028620188832817,-0.0000000000000002,-0.0048032355490302,-0.0000000000048335,-0.0057586918794732,0.0000000000035811,2.4530501672240801,3.0000357100,130.279,227.940,7.7913,-1.4507
1.0028664949504624,-0.0000000000000002,-0.0048014707686560,-0.0000000000048452,-0.0057629341257337,0.0000000000036146,2.4556889632107022,3.0000357455,130.257,227.927,7.9272,-1.4592
1.0028709710209567,-0.0000000000000000,-0.0047996868065054,-0.0000000000047511,-0.0057671516793972,0.0000000000035199,2.4583277591973243,3.0000357817,130.235,227.915,8.0647,-1.4677
1.0028754471571890,-0.0000000000000000,-0.0047978834901369,-0.0000000000020780,-0.0057713444834745,0.0000000000020079,2.4609665551839464,3.0000358186,130.212,227.902,8.2039,-1.4761
1.0028799234146752,-0.0000000000000002,-0.0047960606435801,-0.0000000000050171,-0.0057755124711092,0.0000000000037023,2.4636053511705684,3.0000358562,130.189,227.889,8.3447,-1.4846
1.0028843998612178,-0.0000000000000002,-0.0047942180906915,-0.0000000000049840,-0.0057796555865463,0.0000000000036629,2.4662441471571905,3.0000358945,130.166,227.875,8.4873,-1.4930
1.0028888765570674,-0.0000000000000000,-0.0047923556515216,-0.0000000000049797,-0.0057837737633230,0.0000000000036670,2.4688829431438126,3.0000359335,130.142,227.862,8.6315,-1.5015
1.0028933535650824,-0.0000000000000002,-0.0047904731440044,-0.0000000000052036,-0.0057878669354431,0.0000000000038271,2.4715217391304347,3.0000359733,130.118,227.848,8.7774,-1.5099
1.0028978309491996,-0.0000000000000000,-0.0047885703838858,-0.0000000000050848,-0.0057919350355843,0.0000000000037470,2.4741605351170568,3.0000360138,130.093,227.833,8.9252,-1.5183
1.0029023087730453,-0.0000000000000000,-0.0047866471840968,-0.0000000000054215,-0.0057959779935533,0.0000000000039792,2.4767993311036789,3.0000360550,130.068,227.819,9.0746,-1.5267
1.0029067871020583,-0.0000000000000002,-0.0047847033554078,-0.0000000000053489,-0.0057999957386627,0.0000000000039087,2.4794381270903010,3.0000360970,130.042,227.804,9.2259,-1.5350
1.0029112660014017,-0.0000000000000000,-0.0047827387057491,-0.0000000000052395,-0.0058039881972217,0.0000000000039121,2.4820769230769231,3.0000361397,130.016,227.789,9.3791,-1.5434
1.0029157455371009,-0.0000000000000002,-0.0047807530406400,-0.0000000000052100,-0.0058079552939347,0.0000000000038561,2.4847157190635452,3.0000361831,129.989,227.774,9.5341,-1.5517
1.0029202257759848,-0.0000000000000000,-0.0047787461628051,-0.0000000000051874,-0.0058118969516653,0.0000000000038835,2.4873545150501672,3.0000362273,129.962,227.759,9.6909,-1.5600
1.0029247067856149,-0.0000000000000000,-0.0047767178725038,-0.0000000000049827,-0.0058158130913194,0.0000000000037520,2.4899933110367893,3.0000362723,129.934,227.743,9.8497,-1.5683
1.0029291886333063,-0.0000000000000002,-0.0047746679669779,-0.0000000000057102,-0.0058197036307195,0.0000000000039846,2.4926321070234114,3.0000363180,129.906,227.727,10.0104,-1.5765
1.0029336713892802,-0.0000000000000002,-0.0047725962408195,-0.0000000000056822,-0.0058235684883681,0.0000000000039255,2.4952709030100335,3.0000363645,129.878,227.711,10.1731,-1.5847
1.0029381551228356,-0.0000000000000002,-0.0047705024859126,-0.0000000000051272,-0.0058274075785814,0.0000000000038641,2.4979096989966552,3.0000364118,129.849,227.694,10.3378,-1.5929
1.0029426399035946,-0.0000000000000000,-0.0047683864910943,-0.0000000000050094,-0.0058312208130370,0.0000000000037763,2.5005484949832777,3.0000364598,129.819,227.677,10.5045,-1.6011
1.0029471258028950,-0.0000000000000002,-0.0047662480422734,-0.0000000000050224,-0.0058350081025712,0.0000000000037618,2.5031872909698993,3.0000365087,129.789,227.660,10.6732,-1.6092
1.0029516128963780,0.0000000000000000,-0.0047640869227491,-0.0000000000000001,-0.0058387693597035,0.0000000000000024,2.5058260869565214,3.0000365583,129.759,227.643,10.8440,-1.6173
1.0029561012492392,-0.0000000000000000,-0.0047619029118984,-0.0000000000000005,-0.0058425044821826,-0.0000000000000008,2.5084648829431435,3.0000366088,129.728,227.625,11.0170,-1.6254
1.0029605909386408,0.0000000000000000,-0.0047596957868423,-0.0000000000000001,-0.0058462133780100,-0.0000000000000013,2.5111036789297656,3.0000366600,129.696,227.607,11.1921,-1.6334
1.0029650820388405,-0.0000000000000000,-0.0047574653212789,-0.0000000000000009,-0.0058498959487437,0.0000000000000052,2.5137424749163877,3.0000367121,129.664,227.589,11.3693,-1.6414
1.0029695746249263,-0.0000000000000000,-0.0047552112857106,0.0000000000000017,-0.0058535520936199,-0.0000000000000041,2.5163812709030098,3.0000367650,129.632,227.570,11.5488,-1.6493
1.0029740687728497,-0.0000000000000000,-0.0047529334473752,0.0000000000000014,-0.0058571817095097,-0.0000000000000062,2.5190200668896319,3.0000368187,129.599,227.552,11.7306,-1.6572
1.0029785645594278,-0.0000000000000000,-0.0047506315701878,-0.0000000000000003,-0.0058607846909066,0.0000000000000017,2.5216588628762540,3.0000368732,129.565,227.532,11.9146,-1.6650
1.0029830620623683,-0.0000000000000000,-0.0047483054146865,-0.0000000000000020,-0.0058643609298556,0.0000000000000059,2.5242976588628760,3.0000369286,129.531,227.513,12.1009,-1.6728
1.0029875613602826,-0.0000000000000000,-0.0047459547379778,-0.0000000000000022,-0.0058679103159043,0.0000000000000096,2.5269364548494981,3.0000369848,129.496,227.493,12.2896,-1.6806
1.0029920625327102,-0.0000000000000000,-0.0047435792936493,-0.0000000000000000,-0.0058714327361003,0.0000000000000012,2.5295752508361202,3.0000370419,129.461,227.473,12.4807,-1.6883
1.0029965656601374,0.0000000000000000,-0.0047411788317207,-0.0000000000000006,-0.0058749280749168,0.0000000000000049,2.5322140468227423,3.0000370999,129.425,227.453,12.6742,-1.6959
1.0030010708240145,0.0000000000000000,-0.0047387530985788,0.0000000000000003,-0.0058783962142111,-0.0000000000000020,2.5348528428093644,3.0000371587,129.389,227.432,12.8701,-1.7035
1.0030055781067759,-0.0000000000000000,-0.0047363018369015,0.0000000000000000,-0.0058818370331811,0.0000000000000013,2.5374916387959865,3.0000372184,129.352,227.411,13.0686,-1.7111
1.0030100875918562,0.0000000000000000,-0.0047338247855994,-0.0000000000000006,-0.0058852504083093,-0.0000000000000001,2.5401304347826086,3.0000372789,129.315,227.390,13.2696,-1.7186
1.0030145993637229,-0.0000000000000000,-0.0047313216797308,-0.0000000000000003,-0.0058886362133295,0.0000000000000039,2.5427692307692307,3.0000373404,129.277,227.369,13.4732,-1.7260
1.0030191135078828,-0.0000000000000000,-0.0047287922504404,0.0000000000000000,-0.0058919943191601,0.0000000000000042,2.5454080267558528,3.0000374028,129.239,227.347,13.6794,-1.7334
1.0030236301109128,-0.0000000000000000,-0.0047262362248825,0.0000000000000002,-0.0058953245938484,0.0000000000000005,2.5480468227424748,3.0000374660,129.200,227.325,13.8883,-1.7407
1.0030281492604811,-0.0000000000000000,-0.0047236533261374,-0.0000000000000014,-0.0058986269025408,0.0000000000000071,2.5506856187290969,3.0000375302,129.160,227.302,14.0999,-1.7480
1.0030326710453652,-0.0000000000000000,-0.0047210432731436,-0.0000000000000012,-0.0059019011074024,-0.0000000000000026,2.5533244147157190,3.0000375953,129.120,227.279,14.3143,-1.7552
1.0030371955554822,0.0000000000000000,-0.0047184057806069,0.0000000000000001,-0.0059051470675743,-0.0000000000000076,2.5559632107023411,3.0000376613,129.079,227.256,14.5315,-1.7623
1.0030417228819082,-0.0000000000000000,-0.0047157405589234,0.0000000000000000,-0.0059083646391115,-0.0000000000000004,2.5586020066889632,3.0000377283,129.038,227.233,14.7515,-1.7694
1.0030462531133617,-0.0000000000000000,-0.0047130473138400,-0.0000000000048429,-0.0059115536710041,0.0000000000038147,2.5612408026755853,3.0000377962,128.996,227.209,14.9744,-1.7764
1.0030507863503839,-0.0000000000000002,-0.0047103257474150,-0.0000000000048577,-0.0059147140207915,0.0000000000037798,2.5638795986622074,3.0000378651,128.953,227.185,15.2003,-1.7833
1.0030553226842489,-0.0000000000000000,-0.0047075755563618,-0.0000000000046666,-0.0059178455310887,0.0000000000036877,2.5665183946488295,3.0000379349,128.910,227.160,15.4292,-1.7901
1.0030598622092857,-0.0000000000000000,-0.0047047964328511,-0.0000000000065542,-0.0059209480430910,0.0000000000047912,2.5691571906354511,3.0000380057,128.866,227.135,15.6611,-1.7969
1.0030644050256179,-0.0000000000000000,-0.0047019880646251,-0.0000000000065604,-0.0059240213998928,0.0000000000047933,2.5717959866220736,3.0000380775,128.822,227.110,15.8961,-1.8036
1.0030689512309365,-0.0000000000000000,-0.0046991501343577,-0.0000000000058643,-0.0059270654367233,0.0000000000045455,2.5744347826086953,3.0000381502,128.777,227.084,16.1343,-1.8102
1.0030735009241005,-0.0000000000000000,-0.0046962823197370,-0.0000000000058446,-0.0059300799849293,0.0000000000045397,2.5770735785953178,3.0000382240,128.731,227.059,16.3756,-1.8168
1.0030780542073312,-0.0000000000000000,-0.0046933842935649,-0.0000000000051811,-0.0059330648747198,0.0000000000040589,2.5797123745819395,3.0000382988,128.685,227.032,16.6203,-1.8233
1.0030826111819897,-0.0000000000000000,-0.0046904557233141,-0.0000000000056691,-0.0059360199299934,0.0000000000044324,2.5823511705685616,3.0000383745,128.638,227.006,16.8682,-1.8296
1.0030871719533370,-0.0000000000000000,-0.0046874962713698,-0.0000000000056936,-0.0059389449736863,0.0000000000044169,2.5849899665551836,3.0000384513,128.590,226.979,17.1195,-1.8359
1.0030917366266001,-0.0000000000000000,-0.0046845055947220,-0.0000000000056310,-0.0059418398231827,0.0000000000043756,2.5876287625418057,3.0000385292,128.542,226.951,17.3743,-1.8422
1.0030963053087207,-0.0000000000000000,-0.0046814833448545,-0.0000000000055748,-0.0059447042921733,0.0000000000043553,2.5902675585284278,3.0000386081,128.493,226.924,17.6326,-1.8483
1.0031008781083053,-0.0000000000000002,-0.0046784291677387,-0.0000000000054351,-0.0059475381905526,0.0000000000042580,2.5929063545150499,3.0000386880,128.443,226.896,17.8944,-1.8543
1.0031054551352601,-0.0000000000000000,-0.0046753427035077,-0.0000000000054655,-0.0059503413237941,0.0000000000042684,2.5955451505016720,3.0000387690,128.393,226.867,18.1598,-1.8603
1.0031100365014023,-0.0000000000000002,-0.0046722235865966,-0.0000000000054717,-0.0059531134935761,0.0000000000042557,2.5981839464882941,3.0000388511,128.342,226.838,18.4290,-1.8661
1.0031146223200986,-0.0000000000000000,-0.0046690714455229,-0.0000000000052835,-0.0059558544971982,0.0000000000041661,2.6008227424749162,3.0000389343,128.290,226.809,18.7019,-1.8719
1.0031192127060289,-0.0000000000000000,-0.0046658859026704,-0.0000000000052826,-0.0059585641271955,0.0000000000041121,2.6034615384615383,3.0000390185,128.238,226.779,18.9786,-1.8775
1.0031238077757465,-0.0000000000000000,-0.0046626665742039,-0.0000000000055231,-0.0059612421718773,0.0000000000042888,2.6061003344481604,3.0000391039,128.185,226.749,19.2592,-1.8831
1.0031284076479901,-0.0000000000000002,-0.0046594130701190,-0.0000000000054192,-0.0059638884154222,0.0000000000042249,2.6087391304347824,3.0000391904,128.131,226.719,19.5437,-1.8886
1.0031330124426734,-0.0000000000000002,-0.0046561249937878,-0.0000000000052436,-0.0059665026367670,0.0000000000041201,2.6113779264214045,3.0000392780,128.076,226.688,19.8323,-1.8939
1.0031376222815418,-0.0000000000000002,-0.0046528019420278,-0.0000000000051908,-0.0059690846100323,0.0000000000041114,2.6140167224080266,3.0000393667,128.021,226.657,20.1250,-1.8992
1.0031422372883785,-0.0000000000000002,-0.0046494435048992,-0.0000000000052085,-0.0059716341047028,0.0000000000041054,2.6166555183946487,3.0000394566,127.965,226.625,20.4220,-1.9043
1.0031468575924873,-0.0000000000000000,-0.0046460492659846,0.0000000000000018,-0.0059741508892150,-0.0000000000000060,2.6192943143812708,3.0000395477,127.908,226.593,20.7231,-1.9094
1.0031514833140440,-0.0000000000000000,-0.0046426188007104,0.0000000000000006,-0.0059766347148623,-0.0000000000000029,2.6219331103678929,3.0000396400,127.851,226.561,21.0286,-1.9143
1.0031561145861878,-0.0000000000000000,-0.0046391516783742,0.0000000000000008,-0.0059790853396667,-0.0000000000000002,2.6245719063545150,3.0000397334,127.793,226.528,21.3386,-1.9191
1.0031607515403931,-0.0000000000000000,-0.0046356474605692,-0.0000000000000002,-0.0059815025122838,0.0000000000000005,2.6272107023411371,3.0000398280,127.733,226.495,21.6531,-1.9238
1.0031653943101744,0.0000000000000000,-0.0046321057013622,0.0000000000000006,-0.0059838859758842,-0.0000000000000016,2.6298494983277592,3.0000399239,127.674,226.461,21.9721,-1.9284
1.0031700430311412,-0.0000000000000000,-0.0046285259471259,-0.0000000000000006,-0.0059862354679933,0.0000000000000011,2.6324882943143812,3.0000400209,127.613,226.427,22.2959,-1.9329
1.0031746978410359,0.0000000000000000,-0.0046249077363665,-0.0000000000000009,-0.0059885507204076,0.0000000000000049,2.6351270903010033,3.0000401192,127.552,226.392,22.6244,-1.9372
1.0031793588797813,-0.0000000000000000,-0.0046212505995530,-0.0000000000000019,-0.0059908314589659,0.0000000000000076,2.6377658862876254,3.0000402188,127.489,226.357,22.9578,-1.9414
1.0031840262895373,-0.0000000000000000,-0.0046175540589189,-0.0000000000000026,-0.0059930774035095,0.0000000000000096,2.6404046822742475,3.0000403196,127.426,226.321,23.2962,-1.9455
1.0031887002147408,-0.0000000000000000,-0.0046138176282863,-0.0000000000000014,-0.0059952882676484,0.0000000000000037,2.6430434782608696,3.0000404217,127.362,226.285,23.6396,-1.9495
1.0031933808021642,-0.0000000000000000,-0.0046100408128590,-0.0000000000000015,-0.0059974637586715,0.0000000000000053,2.6456822742474917,3.0000405251,127.298,226.249,23.9882,-1.9534
1.0031980682009638,0.0000000000000000,-0.0046062231090350,-0.0000000000000007,-0.0059996035773384,0.0000000000000022,2.6483210702341138,3.0000406298,127.232,226.212,24.3421,-1.9571
1.0032027625627311,0.0000000000000000,-0.0046023640041928,0.0000000000000002,-0.0060017074177419,0.0000000000000005,2.6509598662207359,3.0000407358,127.165,226.175,24.7014,-1.9606
1.0032074640415580,0.0000000000000000,-0.0045984629764791,0.0000000000000006,-0.0060037749671369,0.0000000000000013,2.6535986622073580,3.0000408432,127.098,226.137,25.0661,-1.9641
1.0032121727940797,-0.0000000000000000,-0.0045945194945991,0.0000000000000009,-0.0060058059057541,-0.0000000000000031,2.6562374581939796,3.0000409519,127.030,226.099,25.4364,-1.9674
1.0032168889795459,0.0000000000000000,-0.0045905330175755,0.0000000000000005,-0.0060077999066445,-0.0000000000000032,2.6588762541806017,3.0000410620,126.961,226.060,25.8124,-1.9705
1.0032216127598712,0.0000000000000000,-0.0045865029945332,0.0000000000000000,-0.0060097566354582,0.0000000000000010,2.6615150501672238,3.0000411734,126.891,226.020,26.1943,-1.9735
1.0032263442997020,-0.0000000000000000,-0.0045824288644541,-0.0000000000000010,-0.0060116757502870,0.0000000000000018,2.6641538461538459,3.0000412863,126.820,225.981,26.5821,-1.9764
1.0032310837664760,-0.0000000000000000,-0.0045783100559282,0.0000000000000020,-0.0060135569014437,-0.0000000000000050,2.6667926421404680,3.0000414005,126.748,225.940,26.9760,-1.9791
1.0032358313304854,-0.0000000000000000,-0.0045741459869066,-0.0000000000000001,-0.0060153997312700,0.0000000000000040,2.6694314381270901,3.0000415162,126.675,225.899,27.3760,-1.9817
1.0032405871649497,-0.0000000000000000,-0.0045699360644379,-0.0000000000000003,-0.0060172038739120,-0.0000000000000007,2.6720702341137121,3.0000416333,126.601,225.858,27.7824,-1.9841
1.0032453514426904,-0.0000000000000002,-0.0045656796839768,-0.0000000000050100,-0.0060189689515036,0.0000000000038142,2.6747090301003342,3.0000417519,126.527,225.816,28.1953,-1.9863
1.0032501243499854,-0.0000000000000002,-0.0045613762308401,-0.0000000000046571,-0.0060206945886346,0.0000000000036500,2.6773478260869563,3.0000418720,126.451,225.774,28.6147,-1.9884
1.0032549060654603,-0.0000000000000002,-0.0045570250772141,-0.0000000000045568,-0.0060223803894847,0.0000000000035779,2.6799866220735784,3.0000419936,126.374,225.731,29.0409,-1.9904
1.0032596967748726,-0.0000000000000000,-0.0045526255837694,-0.0000000000045017,-0.0060240259533681,0.0000000000035444,2.6826254180602005,3.0000421167,126.297,225.687,29.4739,-1.9921
1.0032644966666853,-0.0000000000000002,-0.0045481770988459,-0.0000000000050822,-0.0060256308694951,0.0000000000039058,2.6852642140468226,3.0000422413,126.218,225.643,29.9140,-1.9937
1.0032693059340332,-0.0000000000000000,-0.0045436789581773,-0.0000000000050417,-0.0060271947190746,0.0000000000038598,2.6879030100334447,3.0000423674,126.138,225.599,30.3613,-1.9952
1.0032741247721721,-0.0000000000000002,-0.0045391304844300,-0.0000000000050273,-0.0060287170718533,0.0000000000038516,2.6905418060200668,3.0000424952,126.057,225.554,30.8159,-1.9964
1.0032789533804345,-0.0000000000000000,-0.0045345309870125,-0.0000000000048842,-0.0060301974880443,0.0000000000037622,2.6931806020066889,3.0000426245,125.976,225.508,31.2779,-1.9975
1.0032837919613800,-0.0000000000000002,-0.0045298797616683,-0.0000000000050004,-0.0060316355169537,0.0000000000038459,2.6958193979933109,3.0000427555,125.893,225.462,31.7477,-1.9984
1.0032886407214747,-0.0000000000000002,-0.0045251760901255,-0.0000000000054755,-0.0060330306974117,0.0000000000041866,2.6984581939799330,3.0000428880,125.809,225.415,32.2253,-1.9991
1.0032934998716663,-0.0000000000000000,-0.0045204192397847,-0.0000000000054084,-0.0060343825579753,0.0000000000041403,2.7010969899665551,3.0000430222,125.724,225.367,32.7108,-1.9997
1.0032983696259037,-0.0000000000000002,-0.0045156084632825,-0.0000000000051218,-0.0060356906147780,0.0000000000039569,2.7037357859531772,3.0000431581,125.637,225.319,33.2046,-2.0000
1.0033032502020049,-0.0000000000000002,-0.0045107429979966,-0.0000000000051718,-0.0060369543721899,0.0000000000039751,2.7063745819397993,3.0000432957,125.550,225.270,33.7067,-2.0002
1.0033081418225103,-0.0000000000000002,-0.0045058220658805,-0.0000000000051100,-0.0060381733232190,0.0000000000039097,2.7090133779264214,3.0000434350,125.461,225.221,34.2174,-2.0002
1.0033130447137606,-0.0000000000000000,-0.0045008448728458,-0.0000000000050620,-0.0060393469480724,0.0000000000038726,2.7116521739130435,3.0000435760,125.372,225.171,34.7369,-1.9999
1.0033179591064139,-0.0000000000000002,-0.0044958106084122,-0.0000000000050659,-0.0060404747142196,0.0000000000038506,2.7142909698996656,3.0000437188,125.281,225.121,35.2653,-1.9995
1.0033228852356249,-0.0000000000000002,-0.0044907184452703,-0.0000000000050009,-0.0060415560760913,0.0000000000038108,2.7169297658862877,3.0000438634,125.189,225.069,35.8029,-1.9989
1.0033278233410456,-0.0000000000000002,-0.0044855675387626,-0.0000000000047454,-0.0060425904745754,0.0000000000036740,2.7195685618729097,3.0000440098,125.096,225.017,36.3499,-1.9981
1.0033327736666062,-0.0000000000000000,-0.0044803570263561,-0.0000000000047084,-0.0060435773362185,0.0000000000036312,2.7222073578595318,3.0000441580,125.001,224.965,36.9064,-1.9970
1.0033377364613010,-0.0000000000000002,-0.0044750860273115,-0.0000000000047396,-0.0060445160735909,0.0000000000036123,2.7248461538461539,3.0000443081,124.905,224.912,37.4728,-1.9958
1.0033427119789311,-0.0000000000000002,-0.0044697536420998,-0.0000000000047232,-0.0060454060843209,0.0000000000036000,2.7274849498327760,3.0000444600,124.808,224.858,38.0493,-1.9943
1.0033477004782718,-0.0000000000000000,-0.0044643589517644,-0.0000000000045982,-0.0060462467508182,0.0000000000035152,2.7301237458193981,3.0000446138,124.710,224.803,38.6360,-1.9926
1.0033527022260074,-0.0000000000000000,-0.0044589010178475,-0.0000000000000014,-0.0060470374425888,0.0000000000000025,2.7327625418060197,3.0000447696,124.610,224.748,39.2333,-1.9907
1.0033577174851902,-0.0000000000000000,-0.0044533788803015,0.0000000000000016,-0.0060477775037044,-0.0000000000000028,2.7354013377926423,3.0000449273,124.509,224.692,39.8414,-1.9886
1.0033627465332560,0.0000000000000000,-0.0044477915591538,-0.0000000000000010,-0.0060484662708169,-0.0000000000000031,2.7380401337792639,3.0000450871,124.407,224.635,40.4606,-1.9863
1.0033677896501116,0.0000000000000000,-0.0044421380523627,0.0000000000000004,-0.0060491030601204,0.0000000000000023,2.7406789297658865,3.0000452488,124.303,224.578,41.0911,-1.9837
1.0033728471213026,0.0000000000000000,-0.0044364173355941,0.0000000000000007,-0.0060496871699161,-0.0000000000000052,2.7433177257525081,3.0000454126,124.198,224.520,41.7332,-1.9808
1.0033779192381787,-0.0000000000000000,-0.0044306283615233,0.0000000000000006,-0.0060502178800784,-0.0000000000000008,2.7459565217391306,3.0000455784,124.092,224.461,42.3873,-1.9778
1.0033830062980322,-0.0000000000000000,-0.0044247700591848,0.0000000000000017,-0.0060506944514165,-0.0000000000000053,2.7485953177257523,3.0000457463,123.984,224.401,43.0535,-1.9745
1.0033881086042684,-0.0000000000000000,-0.0044188413332379,0.0000000000000007,-0.0060511161250718,-0.0000000000000045,2.7512341137123744,3.0000459164,123.874,224.341,43.7323,-1.9709
1.0033932264665568,0.0000000000000000,-0.0044128410632531,-0.0000000000000004,-0.0060514821218542,-0.0000000000000011,2.7538729096989965,3.0000460886,123.763,224.280,44.4239,-1.9671
1.0033983602010137,-0.0000000000000000,-0.0044067681029288,-0.0000000000000019,-0.0060517916415776,0.0000000000000055,2.7565117056856185,3.0000462630,123.651,224.218,45.1286,-1.9631
1.0034035101303644,0.0000000000000000,-0.0044006212792990,0.0000000000000004,-0.0060520438623377,0.0000000000000000,2.7591505016722406,3.0000464397,123.537,224.155,45.8469,-1.9588
1.0034086765841268,0.0000000000000000,-0.0043943993919309,-0.0000000000000008,-0.0060522379397918,0.0000000000000025,2.7617892976588627,3.0000466186,123.421,224.091,46.5790,-1.9542
1.0034138598987992,0.0000000000000000,-0.0043881012120436,-0.0000000000000017,-0.0060523730063954,0.0000000000000049,2.7644280936454848,3.0000467998,123.304,224.027,47.3253,-1.9493
1.0034190604180502,-0.0000000000000000,-0.0043817254816328,-0.0000000000000003,-0.0060524481706013,-0.0000000000000031,2.7670668896321069,3.0000469833,123.186,223.961,48.0862,-1.9442
1.0034242784929142,-0.0000000000000000,-0.0043752709125409,-0.0000000000000013,-0.0060524625160249,0.0000000000000073,2.7697056856187290,3.0000471692,123.065,223.895,48.8621,-1.9389
1.0034295144819987,-0.0000000000000000,-0.0043687361855014,0.0000000000000012,-0.0060524151005758,-0.0000000000000030,2.7723444816053511,3.0000473575,122.943,223.828,49.6533,-1.9332
1.0034347687516987,-0.0000000000000000,-0.0043621199491275,-0.0000000000000005,-0.0060523049555780,-0.0000000000000066,2.7749832775919732,3.0000475482,122.819,223.760,50.4603,-1.9273
1.0034400416764055,-0.0000000000000000,-0.0043554208188923,0.0000000000000010,-0.0060521310847994,-0.0000000000000029,2.7776220735785953,3.0000477414,122.694,223.691,51.2835,-1.9210
1.0034453336387430,-0.0000000000000000,-0.0043486373760205,0.0000000000000010,-0.0060518924634931,-0.0000000000000022,2.7802608695652173,3.0000479371,122.567,223.621,52.1233,-1.9145
1.0034506450297946,-0.0000000000000000,-0.0043417681663850,0.0000000000000008,-0.0060515880373469,-0.0000000000000016,2.7828996655518394,3.0000481353,122.438,223.551,52.9803,-1.9077
1.0034559762493420,0.0000000000000000,-0.0043348116993240,-0.0000000000000007,-0.0060512167214440,-0.0000000000000010,2.7855384615384615,3.0000483362,122.307,223.479,53.8548,-1.9006
1.0034613277037210,-0.0000000000000002,-0.0043277664460508,-0.0000000000038026,-0.0060507773966583,0.0000000000027282,2.7881772575250836,3.0000485397,122.174,223.406,54.7474,-1.8932
1.0034666998156867,-0.0000000000000002,-0.0043206308398303,-0.0000000000038179,-0.0060502689183348,0.0000000000027098,2.7908160535117057,3.0000487458,122.039,223.333,55.6586,-1.8854
1.0034720930102985,-0.0000000000000000,-0.0043134032725278,-0.0000000000037595,-0.0060496901003488,0.0000000000026830,2.7934548494983278,3.0000489547,121.903,223.258,56.5888,-1.8774
1.0034775077247020,-0.0000000000000000,-0.0043060820945676,-0.0000000000036926,-0.0060490397235757,0.0000000000026305,2.7960936454849499,3.0000491664,121.764,223.183,57.5387,-1.8691
1.0034829444059983,-0.0000000000000000,-0.0042986656131959,-0.0000000000037989,-0.0060483165320357,0.0000000000027047,2.7987324414715720,3.0000493808,121.624,223.106,58.5088,-1.8604
1.0034884035121265,-0.0000000000000002,-0.0042911520910089,-0.0000000000035075,-0.0060475192321850,0.0000000000024616,2.8013712374581941,3.0000495982,121.481,223.028,59.4997,-1.8514
1.0034938855107558,-0.0000000000000002,-0.0042835397442894,-0.0000000000035908,-0.0060466464898448,0.0000000000024761,2.8040100334448161,3.0000498184,121.336,222.950,60.5119,-1.8420
1.0034993908814489,-0.0000000000000002,-0.0042758267414588,-0.0000000000034385,-0.0060456969307493,0.0000000000023165,2.8066488294314382,3.0000500416,121.190,222.870,61.5462,-1.8324
1.0035049201142872,-0.0000000000000002,-0.0042680112013223,-0.0000000000035571,-0.0060446691371079,0.0000000000024482,2.8092876254180599,3.0000502678,121.041,222.789,62.6031,-1.8224
1.0035104737116742,-0.0000000000000002,-0.0042600911912180,-0.0000000000034900,-0.0060435616474000,0.0000000000023846,2.8119264214046824,3.0000504971,120.890,222.707,63.6834,-1.8120
1.0035160521877324,-0.0000000000000000,-0.0042520647252699,-0.0000000000030918,-0.0060423729536978,0.0000000000021460,2.8145652173913041,3.0000507294,120.736,222.623,64.7877,-1.8013
1.0035216560683857,-0.0000000000000000,-0.0042439297622053,-0.0000000000031481,-0.0060411014994511,0.0000000000021967,2.8172040133779266,3.0000509650,120.581,222.539,65.9167,-1.7902
1.0035272858931799,-0.0000000000000002,-0.0042356842036132,-0.0000000000029978,-0.0060397456791005,0.0000000000020349,2.8198428093645482,3.0000512038,120.423,222.453,67.0713,-1.7788
1.0035329422141255,-0.0000000000000002,-0.0042273258915880,-0.0000000000029762,-0.0060383038344767,0.0000000000020161,2.8224816053511708,3.0000514458,120.262,222.367,68.2522,-1.7670
1.0035386255971375,-0.0000000000000002,-0.0042188526065112,-0.0000000000028930,-0.0060367742536547,0.0000000000019639,2.8251204013377924,3.0000516913,120.099,222.279,69.4602,-1.7549
1.0035443366218555,-0.0000000000000000,-0.0042102620647416,-0.0000000000028714,-0.0060351551681007,0.0000000000019059,2.8277591973244149,3.0000519401,119.934,222.189,70.6962,-1.7423
1.0035500758823330,-0.0000000000000000,-0.0042015519161195,-0.0000000000030001,-0.0060334447506399,0.0000000000020094,2.8303979933110366,3.0000521924,119.766,222.099,71.9610,-1.7294
1.0035558439876089,-0.0000000000000000,-0.0041927197413720,-0.0000000000031730,-0.0060316411130728,0.0000000000021030,2.8330367892976587,3.0000524482,119.596,222.007,73.2556,-1.7161
1.0035616415622168,-0.0000000000000000,-0.0041837630494934,-0.0000000000029632,-0.0060297423036210,0.0000000000019358,2.8356755852842808,3.0000527076,119.423,221.914,74.5810,-1.7024
1.0035674692458640,-0.0000000000000002,-0.0041746792747540,-0.0000000000029260,-0.0060277463033131,0.0000000000018987,2.8383143812709029,3.0000529708,119.247,221.819,75.9380,-1.6883
1.0035733276951069,-0.0000000000000002,-0.0041654657737877,-0.0000000000028351,-0.0060256510243757,0.0000000000018280,2.8409531772575249,3.0000532376,119.068,221.723,77.3278,-1.6738
1.0035792175832055,-0.0000000000000002,-0.0041561198224531,-0.0000000000026594,-0.0060234543065091,0.0000000000016933,2.8435919732441470,3.0000535083,118.887,221.626,78.7514,-1.6588
1.0035851396021918,-0.0000000000000000,-0.0041466386128391,-0.0000000000000001,-0.0060211539150995,0.0000000000000027,2.8462307692307691,3.0000537828,118.702,221.527,80.2100,-1.6435
1.0035910944576019,0.0000000000000000,-0.0041370192485944,0.0000000000000021,-0.0060187475322484,-0.0000000000000012,2.8488695652173912,3.0000540613,118.515,221.427,81.7046,-1.6277
1.0035970828781540,0.0000000000000000,-0.0041272587430939,0.0000000000000002,-0.0060162327620902,0.0000000000000036,2.8515083612040133,3.0000543439,118.325,221.325,83.2366,-1.6116
1.0036031056101606,0.0000000000000000,-0.0041173540143658,0.0000000000000002,-0.0060136071209670,-0.0000000000000006,2.8541471571906354,3.0000546306,118.132,221.222,84.8073,-1.5949
1.0036091634197351,0.0000000000000000,-0.0041073018813781,0.0000000000000001,-0.0060108680350289,0.0000000000000009,2.8567859531772575,3.0000549215,117.935,221.117,86.4178,-1.5779
1.0036152570934620,-0.0000000000000000,-0.0040970990597791,-0.0000000000000006,-0.0060080128360649,0.0000000000000023,2.8594247491638796,3.0000552167,117.735,221.010,88.0697,-1.5603
1.0036213874390922,-0.0000000000000000,-0.0040867421574055,-0.0000000000000010,-0.0060050387571088,0.0000000000000016,2.8620635451505017,3.0000555163,117.532,220.902,89.7643,-1.5424
1.0036275552862484,-0.0000000000000000,-0.0040762276695629,0.0000000000000005,-0.0060019429277843,-0.0000000000000000,2.8647023411371237,3.0000558204,117.326,220.792,91.5032,-1.5239
1.0036337614871891,-0.0000000000000000,-0.0040655519740087,-0.0000000000000005,-0.0059987223693920,0.0000000000000023,2.8673411371237458,3.0000561290,117.116,220.681,93.2880,-1.5050
1.0036400069175762,-0.0000000000000000,-0.0040547113257043,0.0000000000000008,-0.0059953739896910,-0.0000000000000009,2.8699799331103679,3.0000564423,116.902,220.568,95.1203,-1.4857
1.0036462924772698,-0.0000000000000000,-0.0040437018512554,-0.0000000000000003,-0.0059918945773828,0.0000000000000012,2.8726187290969900,3.0000567604,116.685,220.453,97.0018,-1.4658
1.0036526190912010,-0.0000000000000000,-0.0040325195429791,-0.0000000000000000,-0.0059882807963089,-0.0000000000000017,2.8752575250836121,3.0000570834,116.464,220.336,98.9343,-1.4455
1.0036589877102176,0.0000000000000000,-0.0040211602527258,0.0000000000000007,-0.0059845291792204,0.0000000000000035,2.8778963210702342,3.0000574114,116.239,220.217,100.9198,-1.4246
1.0036653993120077,-0.0000000000000000,-0.0040096196852553,-0.0000000000000009,-0.0059806361212231,0.0000000000000046,2.8805351170568563,3.0000577444,116.011,220.096,102.9602,-1.4033
1.0036718549020440,-0.0000000000000000,-0.0039978933912869,-0.0000000000000018,-0.0059765978728283,0.0000000000000032,2.8831739130434784,3.0000580827,115.778,219.974,105.0575,-1.3815
1.0036783555145687,-0.0000000000000000,-0.0039859767600814,-0.0000000000000012,-0.0059724105325622,0.0000000000000011,2.8858127090301005,3.0000584263,115.541,219.849,107.2141,-1.3591
1.0036849022136223,0.0000000000000000,-0.0039738650116035,-0.0000000000000002,-0.0059680700390827,-0.0000000000000016,2.8884515050167225,3.0000587753,115.300,219.723,109.4320,-1.3363
1.0036914960941141,-0.0000000000000000,-0.0039615531881923,0.0000000000000000,-0.0059635721628383,0.0000000000000061,2.8910903010033442,3.0000591299,115.054,219.594,111.7138,-1.3129
1.0036981382829253,-0.0000000000000000,-0.0039490361457390,-0.0000000000000000,-0.0059589124971797,-0.0000000000000011,2.8937290969899667,3.0000594903,114.804,219.463,114.0620,-1.2889
1.0037048299400830,-0.0000000000000000,-0.0039363085442601,0.0000000000000002,-0.0059540864489052,-0.0000000000000013,2.8963678929765884,3.0000598565,114.550,219.330,116.4791,-1.2644
1.0037115722599523,-0.0000000000000000,-0.0039233648379404,-0.0000000000000006,-0.0059490892281638,-0.0000000000000033,2.8990066889632109,3.0000602287,114.290,219.194,118.9680,-1.2394
1.0037183664721805,-0.0000000000000002,-0.0039101992643428,-0.0000000000006704,-0.0059439158374513,0.0000000000000346,2.9016454849498325,3.0000606070,114.026,219.057,121.5316,-1.2138
1.0037252138442629,-0.0000000000000000,-0.0038968058336266,-0.0000000000006796,-0.0059385610612069,0.0000000000000583,2.9042842809364551,3.0000609916,113.757,218.917,124.1729,-1.1877
1.0037321156811994,-0.0000000000000002,-0.0038831783156729,-0.0000000000004214,-0.0059330194521667,-0.0000000000001079,2.9069230769230767,3.0000613826,113.482,218.774,126.8951,-1.1610
1.0037390733275753,-0.0000000000000002,-0.0038693102276866,-0.0000000000002908,-0.0059272853187352,-0.0000000000002514,2.9095618729096988,3.0000617802,113.203,218.629,129.7017,-1.1337
1.0037460881693219,-0.0000000000000002,-0.0038551948203733,-0.0000000000003669,-0.0059213527113947,-0.0000000000002005,2.9122006688963209,3.0000621846,112.917,218.482,132.5962,-1.1058
1.0037531616355928,-0.0000000000000002,-0.0038408250632758,0.0000000000001474,-0.0059152154079755,-0.0000000000005436,2.9148394648829430,3.0000625960,112.626,218.332,135.5825,-1.0773
1.0037602951988243,-0.0000000000000000,-0.0038261936288540,0.0000000000003403,-0.0059088668962036,-0.0000000000006914,2.9174782608695651,3.0000630145,112.330,218.179,138.6644,-1.0483
1.0037674903781704,-0.0000000000000002,-0.0038112928758561,0.0000000000006098,-0.0059023003582144,-0.0000000000008627,2.9201170568561872,3.0000634403,112.027,218.023,141.8462,-1.0186
1.0037747487399638,-0.0000000000000000,-0.0037961148311463,0.0000000000004732,-0.0058955086509480,-0.0000000000007810,2.9227558528428093,3.0000638736,111.718,217.864,145.1323,-0.9883
1.0037820719008126,-0.0000000000000000,-0.0037806511705081,0.0000000000008581,-0.0058884842875613,-0.0000000000010093,2.9253946488294313,3.0000643146,111.403,217.703,148.5274,-0.9574
1.0037894615275818,-0.0000000000000000,-0.0037648931975700,0.0000000000007993,-0.0058812194143319,-0.0000000000009366,2.9280334448160534,3.0000647636,111.081,217.538,152.0365,-0.9258
1.0037969193413856,-0.0000000000000000,-0.0037488318217404,0.0000000000009501,-0.0058737057898712,-0.0000000000010956,2.9306722408026755,3.0000652207,110.752,217.371,155.6647,-0.8937
1.0038044471182652,-0.0000000000000002,-0.0037324575340596,0.0000000000013959,-0.0058659347591318,-0.0000000000014891,2.9333110367892976,3.0000656862,110.417,217.200,159.4177,-0.8608
1.0038120466910596,-0.0000000000000002,-0.0037157603812229,0.0000000000012467,-0.0058578972266750,-0.0000000000013813,2.9359498327759197,3.0000661602,110.074,217.026,163.3013,-0.8274
1.0038197199518195,-0.0000000000000002,-0.0036987299375980,-0.0000000000010183,-0.0058495836282620,0.0000000000004740,2.9385886287625418,3.0000666432,109.723,216.848,167.3218,-0.7933
1.0038274688591597,-0.0000000000000002,-0.0036813552758698,0.0000000000011775,-0.0058409839052542,-0.0000000000014209,2.9412274247491639,3.0000671352,109.365,216.667,171.4857,-0.7585
1.0038352954281615,-0.0000000000000000,-0.0036636249328047,0.0000000000016423,-0.0058320874582760,-0.0000000000017768,2.9438662207357860,3.0000676367,108.999,216.483,175.8001,-0.7230
1.0038432017428940,-0.0000000000000002,-0.0036455268751561,-0.0000000000017258,-0.0058228831216946,0.0000000000009941,2.9465050167224081,3.0000681478,108.624,216.294,180.2724,-0.6869
1.0038511899621620,-0.0000000000000002,-0.0036270484618621,-0.0000000000012449,-0.0058133591277344,0.0000000000006378,2.9491438127090301,3.0000686689,108.241,216.102,184.9106,-0.6500
1.0038592623095841,-0.0000000000000000,-0.0036081764011111,-0.0000000000004230,-0.0058035030511834,0.0000000000000605,2.9517826086956522,3.0000692002,107.849,215.906,189.7231,-0.6125
1.0038674210843370,-0.0000000000000002,-0.0035888967061440,-0.0000000000002957,-0.0057933017715483,-0.0000000000000160,2.9544214046822743,3.0000697422,107.448,215.706,194.7189,-0.5743
1.0038756686634793,0.0000000000000000,-0.0035691946460293,0.0000000000000016,-0.0057827414226904,0.0000000000000042,2.9570602006688964,3.0000702950,107.037,215.501,199.9076,-0.5354
1.0038840075027948,-0.0000000000000000,-0.0035490546920059,0.0000000000000007,-0.0057718073359865,-0.0000000000000031,2.9596989966555185,3.0000708592,106.615,215.292,205.2994,-0.4958
1.0038924401406737,-0.0000000000000000,-0.0035284604593028,0.0000000000000009,-0.0057604839824020,0.0000000000000002,2.9623377926421406,3.0000714350,106.184,215.079,210.9052,-0.4555
1.0039009692003986,0.0000000000000000,-0.0035073946430488,0.0000000000000014,-0.0057487549066954,-0.0000000000000022,2.9649765886287627,3.0000720228,105.742,214.861,216.7367,-0.4144
1.0039095973930889,0.0000000000000000,-0.0034858389484292,0.0000000000000002,-0.0057366026566013,0.0000000000000012,2.9676153846153843,3.0000726230,105.288,214.638,222.8063,-0.3727
1.0039183275205346,0.0000000000000000,-0.0034637740138882,0.0000000000000011,-0.0057240087051598,-0.0000000000000020,2.9702541806020069,3.0000732361,104.823,214.410,229.1274,-0.3302
1.0039271624779798,-0.0000000000000000,-0.0034411793267745,0.0000000000000001,-0.0057109533654931,0.0000000000000023,2.9728929765886285,3.0000738625,104.345,214.177,235.7144,-0.2870
1.0039361052568592,-0.0000000000000000,-0.0034180331304596,0.0000000000000003,-0.0056974156973068,-0.0000000000000030,2.9755317725752510,3.0000745026,103.855,213.939,242.5826,-0.2430
1.0039451589474551,-0.0000000000000000,-0.0033943123217955,-0.0000000000000007,-0.0056833734040192,-0.0000000000000009,2.9781705685618727,3.0000751570,103.351,213.695,249.7484,-0.1984
1.0039543267413999,-0.0000000000000000,-0.0033699923377755,0.0000000000000020,-0.0056688027195379,0.0000000000000007,2.9808093645484952,3.0000758261,102.833,213.445,257.2296,-0.1530
1.0039636119340123,0.0000000000000000,-0.0033450470299069,-0.0000000000000007,-0.0056536782832851,0.0000000000000057,2.9834481605351169,3.0000765106,102.301,213.189,265.0453,-0.1068
1.0039730179263435,0.0000000000000000,-0.0033194485247222,0.0000000000000011,-0.0056379730020919,-0.0000000000000036,2.9860869565217389,3.0000772110,101.754,212.927,273.2161,-0.0600
1.0039825482269247,0.0000000000000000,-0.0032931670684248,0.0000000000000009,-0.0056216578972669,-0.0000000000000013,2.9887257525083610,3.0000779278,101.191,212.658,281.7641,-0.0124
1.0039922064530440,0.0000000000000000,-0.0032661708535464,-0.0000000000000002,-0.0056047019349712,-0.0000000000000000,2.9913645484949831,3.0000786617,100.611,212.383,290.7133,0.0360
1.0040019963314823,0.0000000000000000,-0.0032384258249254,0.0000000000000018,-0.0055870718376378,0.0000000000000007,2.9940033444816052,3.0000794135,100.013,212.100,300.0895,0.0850
1.0040119216985226,-0.0000000000000000,-0.0032098954620142,-0.0000000000000001,-0.0055687318738922,-0.0000000000000024,2.9966421404682273,3.0000801837,99.397,211.811,309.9208,0.1348
1.0040219864990840,-0.0000000000000000,-0.0031805405338347,0.0000000000000002,-0.0055496436240715,-0.0000000000000006,2.9992809364548494,3.0000809732,98.762,211.513,320.2377,0.1853
1.0040321947847390,-0.0000000000000000,-0.0031503188223285,0.0000000000000013,-0.0055297657178666,0.0000000000000007,3.0019197324414715,3.0000817827,98.106,211.208,331.0730,0.2365
1.0040425507103352,0.0000000000000000,-0.0031191848090317,0.0000000000000028,-0.0055090535400370,-0.0000000000000008,3.0045585284280936,3.0000826131,97.428,210.894,342.4627,0.2883
1.0040530585289205,-0.0000000000000000,-0.0030870893188667,0.0000000000000006,-0.0054874588996078,-0.0000000000000007,3.0071973244147157,3.0000834653,96.728,210.571,354.4457,0.3409
1.0040637225845319,-0.0000000000000000,-0.0030539791138114,0.0000000000000010,-0.0054649296569605,-0.0000000000000041,3.0098361204013377,3.0000843402,96.004,210.240,367.0647,0.3941
1.0040745473023556,-0.0000000000000000,-0.0030197964274582,-0.0000000000000002,-0.0054414093022879,-0.0000000000000025,3.0124749163879598,3.0000852388,95.255,209.899,380.3662,0.4480
1.0040855371771833,-0.0000000000000002,-0.0029844784299156,0.0000000000028647,-0.0054168364794136,-0.0000000000022708,3.0151137123745819,3.0000861623,94.479,209.548,394.4009,0.5025
1.0040966967508007,-0.0000000000000002,-0.0029479566082725,0.0000000000038821,-0.0053911444366915,-0.0000000000028252,3.0177525083612040,3.0000871117,93.674,209.186,409.2245,0.5576
1.0041080305972996,-0.0000000000000000,-0.0029101560497934,0.0000000000046023,-0.0053642604148961,-0.0000000000030080,3.0203913043478261,3.0000880883,92.839,208.813,424.8982,0.6133
1.0041195432900722,-0.0000000000000000,-0.0028709946031253,0.0000000000033987,-0.0053361049341934,-0.0000000000024180,3.0230301003344482,3.0000890933,91.972,208.429,441.4892,0.6695
1.0041312393692263,-0.0000000000000001,-0.0028303818948914,0.0000000000020913,-0.0053065909805865,-0.0000000000015624,3.0256688963210703,3.0000901282,91.070,208.033,459.0713,0.7263
1.0041431232956741,-0.0000000000000000,-0.0027882181686669,0.0000000000040486,-0.0052756230678849,-0.0000000000026495,3.0283076923076924,3.0000911945,90.132,207.624,477.7263,0.7835
1.0041551993899553,-0.0000000000000001,-0.0027443929043373,0.0000000000056512,-0.0052430961472955,-0.0000000000034942,3.0309464882943145,3.0000922938,89.154,207.201,497.5444,0.8411
1.0041674717653220,-0.0000000000000001,-0.0026987831667891,0.0000000000055332,-0.0052088943469428,-0.0000000000034273,3.0335852842809365,3.0000934277,88.134,206.764,518.6257,0.8991
1.0041799442378134,-0.0000000000000001,-0.0026512516137353,0.0000000000045562,-0.0051728894976804,-0.0000000000028722,3.0362240802675586,3.0000945982,87.068,206.312,541.0812,0.9575
1.0041926202128690,-0.0000000000000001,-0.0026016440716646,0.0000000000048435,-0.0051349394020154,-0.0000000000029399,3.0388628762541807,3.0000958072,85.954,205.845,565.0345,1.0161
1.0042055025411172,-0.0000000000000000,-0.0025497865593849,0.0000000000057043,-0.0050948857901366,-0.0000000000033927,3.0415016722408028,3.0000970569,84.786,205.360,590.6235,1.0748
1.0042185933401240,-0.0000000000000000,-0.0024954815952421,0.0000000000053649,-0.0050525519000194,-0.0000000000031267,3.0441404682274245,3.0000983496,83.562,204.857,618.0024,1.1337
1.0042318937699479,-0.0000000000000000,-0.0024385035629599,0.0000000000055834,-0.0050077395893376,-0.0000000000031351,3.0467792642140470,3.0000996877,82.275,204.336,647.3441,1.1926
1.0042454037369226,-0.0000000000000000,-0.0023785928188016,-0.0000000000073844,-0.0049602258572168,0.0000000000035280,3.0494180602006686,3.0001010741,80.920,203.794,678.8430,1.2513
1.0042591215534062,-0.0000000000000001,-0.0023154480977608,-0.0000000000070007,-0.0049097586693907,0.0000000000032793,3.0520568561872912,3.0001025117,79.491,203.231,712.7180,1.3099
1.0042730434305442,-0.0000000000000001,-0.0022487165497533,-0.0000000000086870,-0.0048560518052821,0.0000000000041000,3.0546956521739128,3.0001040037,77.980,202.645,749.2170,1.3681
1.0042871629016530,-0.0000000000000000,-0.0021779804474637,-0.0000000000110845,-0.0047987785908007,0.0000000000051560,3.0573344481605353,3.0001055536,76.378,202.034,788.6209,1.4258
1.0043014700308375,-0.0000000000000001,-0.0021027390523044,-0.0000000000123009,-0.0047375640826881,0.0000000000055390,3.0599732441471570,3.0001071652,74.677,201.397,831.2493,1.4828
1.0043159504016519,-0.0000000000000000,-0.0020223832705724,0.0000000000202035,-0.0046719752917582,-0.0000000000091631,3.0626120401337791,3.0001088428,72.863,200.731,877.4672,1.5390
1.0043305836951895,-0.0000000000000000,-0.0019361591821701,-0.0000000000049693,-0.0046015086975010,0.0000000000022057,3.0652508361204012,3.0001105910,70.924,200.036,927.6929,1.5942
1.0043453420195152,-0.0000000000000001,-0.0018431137745218,-0.0000000000039608,-0.0045255744293545,0.0000000000016402,3.0678896321070233,3.0001124148,68.843,199.307,982.4073,1.6480
1.0043601873462935,-0.0000000000000000,-0.0017420107027303,-0.0000000000000013,-0.0044434753536126,0.0000000000000014,3.0705284280936453,3.0001143199,66.600,198.544,1042.1657,1.7003
1.0043750682283032,0.0000000000000000,-0.0016311927903664,-0.0000000000000029,-0.0043543795870732,-0.0000000000000102,3.0731672240802674,3.0001163124,64.170,197.742,1107.6123,1.7506
1.0043899151481450,-0.0000000000000000,-0.0015083426029181,-0.0000000000000005,-0.0042572833169327,0.0000000000000059,3.0758060200668895,3.0001183993,61.522,196.898,1179.4973,1.7988
1.0044046339122075,-0.0000000000000000,-0.0013700289056430,-0.0000000000000026,-0.0041509595118044,-0.0000000000000001,3.0784448160535116,3.0001205883,58.616,196.010,1258.6984,1.8444
1.0044190960647261,-0.0000000000000000,-0.0012107421109162,-0.0000000000000006,-0.0040338853740756,0.0000000000000002,3.0810836120401337,3.0001228878,55.400,195.072,1346.2482,1.8870
1.0044331245748692,-0.0000000000000001,-0.0010204597175172,0.0000000000074486,-0.0039041365836479,-0.0000000000018092,3.0837224080267558,3.0001253074,51.800,194.080,1443.3676,1.9261
1.0044464717197501,-0.0000000000000000,-0.0007764384883499,-0.0000000000000006,-0.0037592274824932,-0.0000000000000030,3.0863612040133779,3.0001278581,47.712,193.030,1551.5083,1.9610
1.0044587835542338,0.0000000000000000,-0.0003874660398275,-0.0000000000000006,-0.0035958588069730,-0.0000000000000012,3.0890000000000000,3.0001305518,42.975,191.913,1672.4071,1.9913
